"prolificID","expName","session","t","pair","choice","outcome1","outcome2","choseLeft","op1IsLeft","moveTime","fireTime","leftCount","rightCount","ev1","ev2","p1","p2","m1","m2","name1","name2","destroyed","score","datetime"
"6543f7e306c0fc611aafc81d",,"0","0","6","2","5","5","0","1","1347","1698","2","2","1","2","0.22","0.37","0","0",,,"0","0","2024-02-07 15:38:14"
"6543f7e306c0fc611aafc81d",,"0","1","1","1","5","5","1","1","1048","1315","1","0","1","4","0.12","0.71","0","0",,,"0","0","2024-02-07 15:38:17"
"6543f7e306c0fc611aafc81d",,"0","2","8","2","5","5","0","1","498","848","0","1","1","4","0.29","0.71","0","0",,,"1","5","2024-02-07 15:38:19"
"6543f7e306c0fc611aafc81d",,"0","3","6","2","5","5","0","1","649","932","0","1","1","2","0.22","0.37","0","0",,,"1","10","2024-02-07 15:38:21"
"6543f7e306c0fc611aafc81d",,"0","4","5","2","5","5","1","0","632","932","1","0","1","3","0.16","0.63","0","0",,,"1","15","2024-02-07 15:38:24"
"6543f7e306c0fc611aafc81d",,"0","5","6","2","5","5","1","0","632","1132","1","0","1","2","0.22","0.37","0","0",,,"1","20","2024-02-07 15:38:26"
"6543f7e306c0fc611aafc81d",,"0","6","12","2","5","5","1","0","682","982","1","0","3","4","0.55","0.88","0","0",,,"1","25","2024-02-07 15:38:29"
"6543f7e306c0fc611aafc81d",,"0","7","15","2","5","5","1","0","715","1015","1","0","4","4","0.78","0.88","0","0",,,"1","30","2024-02-07 15:38:31"
"6543f7e306c0fc611aafc81d",,"0","8","4","2","5","5","0","1","631","948","0","1","1","4","0.16","0.84","0","0",,,"1","35","2024-02-07 15:38:34"
"6543f7e306c0fc611aafc81d",,"0","9","13","2","5","5","1","0","1081","1348","1","0","3","3","0.55","0.63","0","0",,,"1","40","2024-02-07 15:38:37"
"6543f7e306c0fc611aafc81d",,"0","10","2","2","5","5","1","0","632","865","1","0","1","2","0.12","0.45","0","0",,,"0","40","2024-02-07 15:38:39"
"6543f7e306c0fc611aafc81d",,"0","11","0","2","5","5","0","1","515","832","0","1","1","4","0.12","0.88","0","0",,,"1","45","2024-02-07 15:38:42"
"6543f7e306c0fc611aafc81d",,"0","12","10","2","5","5","0","1","598","882","0","1","2","3","0.37","0.63","0","0",,,"0","45","2024-02-07 15:38:44"
"6543f7e306c0fc611aafc81d",,"0","13","4","2","5","5","0","1","465","732","0","1","1","4","0.16","0.84","0","0",,,"1","50","2024-02-07 15:38:46"
"6543f7e306c0fc611aafc81d",,"0","14","11","2","5","5","1","0","698","982","1","0","2","2","0.37","0.45","0","0",,,"1","55","2024-02-07 15:38:49"
"6543f7e306c0fc611aafc81d",,"0","15","10","2","5","5","1","0","498","765","1","0","2","3","0.37","0.63","0","0",,,"1","60","2024-02-07 15:38:51"
"6543f7e306c0fc611aafc81d",,"0","16","11","2","5","5","0","1","948","1232","0","1","2","2","0.37","0.45","0","0",,,"1","65","2024-02-07 15:38:54"
"6543f7e306c0fc611aafc81d",,"0","17","15","2","5","5","0","1","1115","1365","0","1","4","4","0.78","0.88","0","0",,,"1","70","2024-02-07 15:38:57"
"6543f7e306c0fc611aafc81d",,"0","18","9","2","5","5","0","1","515","715","0","1","2","4","0.37","0.84","0","0",,,"1","75","2024-02-07 15:38:59"
"6543f7e306c0fc611aafc81d",,"0","19","7","2","5","5","1","0","566","799","1","0","1","4","0.29","0.88","0","0",,,"1","80","2024-02-07 15:39:01"
"6543f7e306c0fc611aafc81d",,"0","20","11","2","5","5","0","1","748","932","0","1","2","2","0.37","0.45","0","0",,,"0","80","2024-02-07 15:39:04"
"6543f7e306c0fc611aafc81d",,"0","21","3","2","5","5","1","0","698","1015","1","0","1","1","0.12","0.22","0","0",,,"0","80","2024-02-07 15:39:06"
"6543f7e306c0fc611aafc81d",,"0","22","1","2","5","5","1","0","548","782","1","0","1","4","0.12","0.71","0","0",,,"1","85","2024-02-07 15:39:09"
"6543f7e306c0fc611aafc81d",,"0","23","12","2","5","5","0","1","582","749","0","1","3","4","0.55","0.88","0","0",,,"1","90","2024-02-07 15:39:11"
"6543f7e306c0fc611aafc81d",,"0","24","14","2","5","5","1","0","882","1065","1","0","3","4","0.63","0.78","0","0",,,"1","95","2024-02-07 15:39:14"
"6543f7e306c0fc611aafc81d",,"0","25","2","2","5","5","1","0","531","715","1","0","1","2","0.12","0.45","0","0",,,"1","100","2024-02-07 15:39:16"
"6543f7e306c0fc611aafc81d",,"0","26","5","2","5","5","0","1","598","849","0","1","1","3","0.16","0.63","0","0",,,"0","100","2024-02-07 15:39:18"
"6543f7e306c0fc611aafc81d",,"0","27","2","2","5","5","0","1","532","700","0","1","1","2","0.12","0.45","0","0",,,"1","105","2024-02-07 15:39:21"
"6543f7e306c0fc611aafc81d",,"0","28","0","2","5","5","1","0","499","666","1","0","1","4","0.12","0.88","0","0",,,"1","110","2024-02-07 15:39:23"
"6543f7e306c0fc611aafc81d",,"0","29","4","2","5","5","0","1","631","732","0","1","1","4","0.16","0.84","0","0",,,"1","115","2024-02-07 15:39:25"
"6543f7e306c0fc611aafc81d",,"0","30","11","2","5","5","1","0","799","999","1","0","2","2","0.37","0.45","0","0",,,"0","115","2024-02-07 15:39:28"
"6543f7e306c0fc611aafc81d",,"0","31","2","2","5","5","1","0","582","765","1","0","1","2","0.12","0.45","0","0",,,"1","120","2024-02-07 15:39:30"
"6543f7e306c0fc611aafc81d",,"0","32","13","2","5","5","0","1","1132","1465","0","1","3","3","0.55","0.63","0","0",,,"0","120","2024-02-07 15:39:33"
"6543f7e306c0fc611aafc81d",,"0","33","13","2","5","5","1","0","948","1198","1","0","3","3","0.55","0.63","0","0",,,"1","125","2024-02-07 15:39:36"
"6543f7e306c0fc611aafc81d",,"0","34","4","2","5","5","0","1","515","733","0","1","1","4","0.16","0.84","0","0",,,"1","130","2024-02-07 15:39:38"
"6543f7e306c0fc611aafc81d",,"0","35","12","2","5","5","0","1","632","949","0","1","3","4","0.55","0.88","0","0",,,"1","135","2024-02-07 15:39:41"
"6543f7e306c0fc611aafc81d",,"0","36","12","2","5","5","1","0","548","782","1","0","3","4","0.55","0.88","0","0",,,"1","140","2024-02-07 15:39:43"
"6543f7e306c0fc611aafc81d",,"0","37","7","2","5","5","0","1","515","716","0","1","1","4","0.29","0.88","0","0",,,"1","145","2024-02-07 15:39:45"
"6543f7e306c0fc611aafc81d",,"0","38","10","2","5","5","0","1","481","682","0","1","2","3","0.37","0.63","0","0",,,"0","145","2024-02-07 15:39:47"
"6543f7e306c0fc611aafc81d",,"0","39","15","2","5","5","0","1","997","1182","0","1","4","4","0.78","0.88","0","0",,,"1","150","2024-02-07 15:39:50"
"6543f7e306c0fc611aafc81d",,"0","40","0","2","5","5","0","1","532","715","0","1","1","4","0.12","0.88","0","0",,,"1","155","2024-02-07 15:39:52"
"6543f7e306c0fc611aafc81d",,"0","41","8","2","5","5","1","0","566","732","1","0","1","4","0.29","0.71","0","0",,,"0","155","2024-02-07 15:39:55"
"6543f7e306c0fc611aafc81d",,"0","42","9","2","5","5","1","0","498","749","1","0","2","4","0.37","0.84","0","0",,,"1","160","2024-02-07 15:39:57"
"6543f7e306c0fc611aafc81d",,"0","43","8","2","5","5","1","0","482","699","1","0","1","4","0.29","0.71","0","0",,,"1","165","2024-02-07 15:39:59"
"6543f7e306c0fc611aafc81d",,"0","44","7","2","5","5","0","1","566","766","0","1","1","4","0.29","0.88","0","0",,,"1","170","2024-02-07 15:40:02"
"6543f7e306c0fc611aafc81d",,"0","45","1","2","5","5","0","1","515","699","0","1","1","4","0.12","0.71","0","0",,,"1","175","2024-02-07 15:40:04"
"6543f7e306c0fc611aafc81d",,"0","46","9","2","5","5","0","1","465","632","0","1","2","4","0.37","0.84","0","0",,,"1","180","2024-02-07 15:40:06"
"6543f7e306c0fc611aafc81d",,"0","47","5","2","5","5","1","0","498","683","1","0","1","3","0.16","0.63","0","0",,,"1","185","2024-02-07 15:40:08"
"6543f7e306c0fc611aafc81d",,"0","48","7","2","5","5","0","1","515","699","0","1","1","4","0.29","0.88","0","0",,,"1","190","2024-02-07 15:40:11"
"6543f7e306c0fc611aafc81d",,"0","49","0","2","5","5","0","1","498","699","0","1","1","4","0.12","0.88","0","0",,,"1","195","2024-02-07 15:40:13"
"6543f7e306c0fc611aafc81d",,"0","50","13","2","5","5","0","1","898","1115","0","1","3","3","0.55","0.63","0","0",,,"0","195","2024-02-07 15:40:15"
"6543f7e306c0fc611aafc81d",,"0","51","14","2","5","5","1","0","649","849","1","0","3","4","0.63","0.78","0","0",,,"1","200","2024-02-07 15:40:18"
"6543f7e306c0fc611aafc81d",,"0","52","14","2","5","5","0","1","598","765","0","1","3","4","0.63","0.78","0","0",,,"1","205","2024-02-07 15:40:20"
"6543f7e306c0fc611aafc81d",,"0","53","5","2","5","5","0","1","565","716","0","1","1","3","0.16","0.63","0","0",,,"1","210","2024-02-07 15:40:22"
"6543f7e306c0fc611aafc81d",,"0","54","10","2","5","5","1","0","549","766","1","0","2","3","0.37","0.63","0","0",,,"1","215","2024-02-07 15:40:25"
"6543f7e306c0fc611aafc81d",,"0","55","9","2","5","5","0","1","548","732","0","1","2","4","0.37","0.84","0","0",,,"0","215","2024-02-07 15:40:27"
"6543f7e306c0fc611aafc81d",,"0","56","3","2","5","5","1","0","1031","1281","1","0","1","1","0.12","0.22","0","0",,,"0","215","2024-02-07 15:40:30"
"6543f7e306c0fc611aafc81d",,"0","57","14","2","5","5","1","0","848","1032","1","0","3","4","0.63","0.78","0","0",,,"0","215","2024-02-07 15:40:33"
"6543f7e306c0fc611aafc81d",,"0","58","3","2","5","5","1","0","1281","1565","1","0","1","1","0.12","0.22","0","0",,,"0","215","2024-02-07 15:40:36"
"6543f7e306c0fc611aafc81d",,"0","59","3","2","5","5","1","0","682","915","1","0","1","1","0.12","0.22","0","0",,,"0","215","2024-02-07 15:40:38"
"6543f7e306c0fc611aafc81d",,"0","60","8","2","5","5","1","0","549","1432","1","1","1","4","0.29","0.71","0","0",,,"0","215","2024-02-07 15:40:41"
"6543f7e306c0fc611aafc81d",,"0","61","1","2","5","5","0","1","598","782","0","1","1","4","0.12","0.71","0","0",,,"0","215","2024-02-07 15:40:44"
"6543f7e306c0fc611aafc81d",,"0","62","15","2","5","5","1","0","931","1315","1","0","4","4","0.78","0.88","0","0",,,"1","220","2024-02-07 15:40:47"
"6543f7e306c0fc611aafc81d",,"0","63","6","2","5","5","0","1","799","982","0","1","1","2","0.22","0.37","0","0",,,"0","220","2024-02-07 15:40:49"
"6543f7e306c0fc611aafc81d",,"1","0","7","2","5","5","0","1","99","998","2","1","1","4","0.29","0.88","0","0",,,"1","5","2024-02-07 15:41:05"
"6543f7e306c0fc611aafc81d",,"1","1","4","2","5","5","0","1","449","599","0","1","1","4","0.16","0.84","0","0",,,"1","10","2024-02-07 15:41:07"
"6543f7e306c0fc611aafc81d",,"1","2","14","2","5","5","0","1","799","949","0","1","3","4","0.63","0.78","0","0",,,"1","15","2024-02-07 15:41:10"
"6543f7e306c0fc611aafc81d",,"1","3","11","2","5","5","0","1","898","1198","0","1","2","2","0.37","0.45","0","0",,,"0","15","2024-02-07 15:41:13"
"6543f7e306c0fc611aafc81d",,"1","4","8","2","5","5","0","1","715","866","0","1","1","4","0.29","0.71","0","0",,,"1","20","2024-02-07 15:41:15"
"6543f7e306c0fc611aafc81d",,"1","5","7","2","5","5","1","0","549","715","1","0","1","4","0.29","0.88","0","0",,,"1","25","2024-02-07 15:41:17"
"6543f7e306c0fc611aafc81d",,"1","6","12","2","5","5","0","1","482","649","0","1","3","4","0.55","0.88","0","0",,,"0","25","2024-02-07 15:41:20"
"6543f7e306c0fc611aafc81d",,"1","7","15","2","5","5","0","1","898","1065","0","1","4","4","0.78","0.88","0","0",,,"1","30","2024-02-07 15:41:22"
"6543f7e306c0fc611aafc81d",,"1","8","0","2","5","5","1","0","515","699","1","0","1","4","0.12","0.88","0","0",,,"1","35","2024-02-07 15:41:25"
"6543f7e306c0fc611aafc81d",,"1","9","5","2","5","5","1","0","615","782","1","0","1","3","0.16","0.63","0","0",,,"1","40","2024-02-07 15:41:27"
"6543f7e306c0fc611aafc81d",,"1","10","10","2","5","5","1","0","482","632","1","0","2","3","0.37","0.63","0","0",,,"1","45","2024-02-07 15:41:29"
"6543f7e306c0fc611aafc81d",,"1","11","3","2","5","5","1","0","948","1099","1","0","1","1","0.12","0.22","0","0",,,"1","50","2024-02-07 15:41:32"
"6543f7e306c0fc611aafc81d",,"1","12","12","2","5","5","1","0","598","749","1","0","3","4","0.55","0.88","0","0",,,"1","55","2024-02-07 15:41:34"
"6543f7e306c0fc611aafc81d",,"1","13","0","2","5","5","1","0","482","715","1","0","1","4","0.12","0.88","0","0",,,"1","60","2024-02-07 15:41:36"
"6543f7e306c0fc611aafc81d",,"1","14","6","2","5","5","1","0","714","848","1","0","1","2","0.22","0.37","0","0",,,"1","65","2024-02-07 15:41:38"
"6543f7e306c0fc611aafc81d",,"1","15","12","2","5","5","0","1","599","899","0","1","3","4","0.55","0.88","0","0",,,"1","70","2024-02-07 15:41:41"
"6543f7e306c0fc611aafc81d",,"1","16","6","2","5","5","0","1","648","815","0","1","1","2","0.22","0.37","0","0",,,"1","75","2024-02-07 15:41:43"
"6543f7e306c0fc611aafc81d",,"1","17","8","2","5","5","1","0","532","682","1","0","1","4","0.29","0.71","0","0",,,"1","80","2024-02-07 15:41:45"
"6543f7e306c0fc611aafc81d",,"1","18","10","2","5","5","1","0","499","699","1","0","2","3","0.37","0.63","0","0",,,"0","80","2024-02-07 15:41:48"
"6543f7e306c0fc611aafc81d",,"1","19","14","2","5","5","1","0","782","949","1","0","3","4","0.63","0.78","0","0",,,"0","80","2024-02-07 15:41:50"
"6543f7e306c0fc611aafc81d",,"1","20","5","2","5","5","0","1","482","732","0","1","1","3","0.16","0.63","0","0",,,"0","80","2024-02-07 15:41:53"
"6543f7e306c0fc611aafc81d",,"1","21","2","2","5","5","1","0","482","699","1","0","1","2","0.12","0.45","0","0",,,"0","80","2024-02-07 15:41:55"
"6543f7e306c0fc611aafc81d",,"1","22","13","2","5","5","0","1","915","1182","0","1","3","3","0.55","0.63","0","0",,,"0","80","2024-02-07 15:41:58"
"6543f7e306c0fc611aafc81d",,"1","23","4","2","5","5","1","0","448","632","1","0","1","4","0.16","0.84","0","0",,,"0","80","2024-02-07 15:42:00"
"6543f7e306c0fc611aafc81d",,"1","24","1","2","5","5","0","1","448","649","0","1","1","4","0.12","0.71","0","0",,,"1","85","2024-02-07 15:42:03"
"6543f7e306c0fc611aafc81d",,"1","25","11","2","5","5","1","0","581","864","1","0","2","2","0.37","0.45","0","0",,,"1","90","2024-02-07 15:42:05"
"6543f7e306c0fc611aafc81d",,"1","26","1","2","5","5","1","0","482","665","1","0","1","4","0.12","0.71","0","0",,,"0","90","2024-02-07 15:42:07"
"6543f7e306c0fc611aafc81d",,"1","27","12","2","5","5","0","1","515","666","0","1","3","4","0.55","0.88","0","0",,,"1","95","2024-02-07 15:42:10"
"6543f7e306c0fc611aafc81d",,"1","28","10","2","5","5","0","1","465","632","0","1","2","3","0.37","0.63","0","0",,,"1","100","2024-02-07 15:42:12"
"6543f7e306c0fc611aafc81d",,"1","29","15","2","5","5","1","0","765","915","1","0","4","4","0.78","0.88","0","0",,,"1","105","2024-02-07 15:42:14"
"6543f7e306c0fc611aafc81d",,"1","30","0","2","5","5","0","1","465","632","0","1","1","4","0.12","0.88","0","0",,,"1","110","2024-02-07 15:42:16"
"6543f7e306c0fc611aafc81d",,"1","31","7","2","5","5","0","1","1281","1448","0","1","1","4","0.29","0.88","0","0",,,"1","115","2024-02-07 15:42:19"
"6543f7e306c0fc611aafc81d",,"1","32","6","2","5","5","0","1","748","949","0","1","1","2","0.22","0.37","0","0",,,"1","120","2024-02-07 15:42:22"
"6543f7e306c0fc611aafc81d",,"1","33","15","2","5","5","1","0","882","1165","1","0","4","4","0.78","0.88","0","0",,,"1","125","2024-02-07 15:42:24"
"6543f7e306c0fc611aafc81d",,"1","34","9","2","5","5","0","1","565","749","0","1","2","4","0.37","0.84","0","0",,,"1","130","2024-02-07 15:42:27"
"6543f7e306c0fc611aafc81d",,"1","35","5","2","5","5","1","0","615","882","1","0","1","3","0.16","0.63","0","0",,,"1","135","2024-02-07 15:42:29"
"6543f7e306c0fc611aafc81d",,"1","36","7","2","5","5","1","0","549","766","1","0","1","4","0.29","0.88","0","0",,,"1","140","2024-02-07 15:42:31"
"6543f7e306c0fc611aafc81d",,"1","37","8","2","5","5","1","0","482","649","1","0","1","4","0.29","0.71","0","0",,,"1","145","2024-02-07 15:42:34"
"6543f7e306c0fc611aafc81d",,"1","38","6","2","5","5","0","1","582","782","0","1","1","2","0.22","0.37","0","0",,,"1","150","2024-02-07 15:42:36"
"6543f7e306c0fc611aafc81d",,"1","39","9","2","5","5","1","0","432","599","1","0","2","4","0.37","0.84","0","0",,,"1","155","2024-02-07 15:42:38"
"6543f7e306c0fc611aafc81d",,"1","40","1","2","5","5","1","0","482","682","1","0","1","4","0.12","0.71","0","0",,,"0","155","2024-02-07 15:42:40"
"6543f7e306c0fc611aafc81d",,"1","41","14","2","5","5","1","0","748","931","1","0","3","4","0.63","0.78","0","0",,,"1","160","2024-02-07 15:42:43"
"6543f7e306c0fc611aafc81d",,"1","42","9","2","5","5","1","0","448","583","1","0","2","4","0.37","0.84","0","0",,,"1","165","2024-02-07 15:42:45"
"6543f7e306c0fc611aafc81d",,"1","43","4","2","5","5","1","0","448","583","1","0","1","4","0.16","0.84","0","0",,,"1","170","2024-02-07 15:42:47"
"6543f7e306c0fc611aafc81d",,"1","44","4","2","5","5","0","1","532","666","0","1","1","4","0.16","0.84","0","0",,,"1","175","2024-02-07 15:42:49"
"6543f7e306c0fc611aafc81d",,"1","45","3","2","5","5","0","1","865","965","0","1","1","1","0.12","0.22","0","0",,,"0","175","2024-02-07 15:42:52"
"6543f7e306c0fc611aafc81d",,"1","46","5","2","5","5","1","0","465","566","1","0","1","3","0.16","0.63","0","0",,,"1","180","2024-02-07 15:42:54"
"6543f7e306c0fc611aafc81d",,"1","47","11","2","5","5","0","1","799","1082","0","1","2","2","0.37","0.45","0","0",,,"0","180","2024-02-07 15:42:57"
"6543f7e306c0fc611aafc81d",,"1","48","3","2","5","5","0","1","732","865","0","1","1","1","0.12","0.22","0","0",,,"0","180","2024-02-07 15:42:59"
"6543f7e306c0fc611aafc81d",,"1","49","10","2","5","5","1","0","498","749","1","0","2","3","0.37","0.63","0","0",,,"0","180","2024-02-07 15:43:02"
"6543f7e306c0fc611aafc81d",,"1","50","1","2","5","5","0","1","549","699","0","1","1","4","0.12","0.71","0","0",,,"1","185","2024-02-07 15:43:04"
"6543f7e306c0fc611aafc81d",,"1","51","2","2","5","5","0","1","598","732","0","1","1","2","0.12","0.45","0","0",,,"1","190","2024-02-07 15:43:06"
"6543f7e306c0fc611aafc81d",,"1","52","13","2","5","5","0","1","848","1015","0","1","3","3","0.55","0.63","0","0",,,"0","190","2024-02-07 15:43:09"
"6543f7e306c0fc611aafc81d",,"1","53","3","2","5","5","0","1","632","799","0","1","1","1","0.12","0.22","0","0",,,"1","195","2024-02-07 15:43:11"
"6543f7e306c0fc611aafc81d",,"1","54","14","2","5","5","1","0","665","849","1","0","3","4","0.63","0.78","0","0",,,"1","200","2024-02-07 15:43:14"
"6543f7e306c0fc611aafc81d",,"1","55","13","2","5","5","1","0","981","1215","1","0","3","3","0.55","0.63","0","0",,,"0","200","2024-02-07 15:43:17"
"6543f7e306c0fc611aafc81d",,"1","56","0","2","5","5","0","1","465","649","0","1","1","4","0.12","0.88","0","0",,,"1","205","2024-02-07 15:43:19"
"6543f7e306c0fc611aafc81d",,"1","57","2","2","5","5","1","0","482","649","1","0","1","2","0.12","0.45","0","0",,,"0","205","2024-02-07 15:43:21"
"6543f7e306c0fc611aafc81d",,"1","58","9","2","5","5","1","0","432","599","1","0","2","4","0.37","0.84","0","0",,,"1","210","2024-02-07 15:43:23"
"6543f7e306c0fc611aafc81d",,"1","59","11","2","5","5","1","0","532","699","1","0","2","2","0.37","0.45","0","0",,,"0","210","2024-02-07 15:43:26"
"6543f7e306c0fc611aafc81d",,"1","60","2","2","5","5","0","1","432","616","0","1","1","2","0.12","0.45","0","0",,,"0","210","2024-02-07 15:43:28"
"6543f7e306c0fc611aafc81d",,"1","61","8","2","5","5","0","1","432","566","0","1","1","4","0.29","0.71","0","0",,,"1","215","2024-02-07 15:43:30"
"6543f7e306c0fc611aafc81d",,"1","62","15","2","5","5","1","0","849","965","1","0","4","4","0.78","0.88","0","0",,,"1","220","2024-02-07 15:43:33"
"6543f7e306c0fc611aafc81d",,"1","63","13","2","5","5","0","1","615","749","0","1","3","3","0.55","0.63","0","0",,,"1","225","2024-02-07 15:43:35"
"6543f7e306c0fc611aafc81d",,"2","0","12","2","5","5","0","1","1964","2298","0","1","3","4","0.55","0.88","0","0",,,"1","5","2024-02-07 15:44:14"
"6543f7e306c0fc611aafc81d",,"2","1","13","2","5","5","1","0","1164","1298","1","0","3","3","0.55","0.63","0","0",,,"0","5","2024-02-07 15:44:17"
"6543f7e306c0fc611aafc81d",,"2","2","12","2","5","5","1","0","564","715","1","0","3","4","0.55","0.88","0","0",,,"1","10","2024-02-07 15:44:20"
"6543f7e306c0fc611aafc81d",,"2","3","2","2","5","5","1","0","666","782","1","0","1","2","0.12","0.45","0","0",,,"1","15","2024-02-07 15:44:22"
"6543f7e306c0fc611aafc81d",,"2","4","14","2","5","5","1","0","598","749","1","0","3","4","0.63","0.78","0","0",,,"0","15","2024-02-07 15:44:24"
"6543f7e306c0fc611aafc81d",,"2","5","11","2","5","5","0","1","949","1082","0","1","2","2","0.37","0.45","0","0",,,"0","15","2024-02-07 15:44:27"
"6543f7e306c0fc611aafc81d",,"2","6","8","2","5","5","1","0","499","699","1","0","1","4","0.29","0.71","0","0",,,"1","20","2024-02-07 15:44:29"
"6543f7e306c0fc611aafc81d",,"2","7","14","2","5","5","1","0","665","815","1","0","3","4","0.63","0.78","0","0",,,"1","25","2024-02-07 15:44:32"
"6543f7e306c0fc611aafc81d",,"2","8","7","2","5","5","1","0","1132","1266","1","0","1","4","0.29","0.88","0","0",,,"1","30","2024-02-07 15:44:35"
"6543f7e306c0fc611aafc81d",,"2","9","3","2","5","5","0","1","765","966","0","1","1","1","0.12","0.22","0","0",,,"0","30","2024-02-07 15:44:37"
"6543f7e306c0fc611aafc81d",,"2","10","9","2","5","5","1","0","533","699","1","0","2","4","0.37","0.84","0","0",,,"1","35","2024-02-07 15:44:40"
"6543f7e306c0fc611aafc81d",,"2","11","0","2","5","5","1","0","499","632","1","0","1","4","0.12","0.88","0","0",,,"1","40","2024-02-07 15:44:42"
"6543f7e306c0fc611aafc81d",,"2","12","9","2","5","5","1","0","448","632","1","0","2","4","0.37","0.84","0","0",,,"1","45","2024-02-07 15:44:44"
"6543f7e306c0fc611aafc81d",,"2","13","15","2","5","5","1","0","682","949","1","0","4","4","0.78","0.88","0","0",,,"1","50","2024-02-07 15:44:46"
"6543f7e306c0fc611aafc81d",,"2","14","5","2","5","5","1","0","466","599","1","0","1","3","0.16","0.63","0","0",,,"1","55","2024-02-07 15:44:49"
"6543f7e306c0fc611aafc81d",,"2","15","1","2","5","5","1","0","549","699","1","0","1","4","0.12","0.71","0","0",,,"1","60","2024-02-07 15:44:51"
"6543f7e306c0fc611aafc81d",,"2","16","7","2","5","5","1","0","582","765","1","0","1","4","0.29","0.88","0","0",,,"1","65","2024-02-07 15:44:53"
"6543f7e306c0fc611aafc81d",,"2","17","8","2","5","5","1","0","549","883","1","0","1","4","0.29","0.71","0","0",,,"1","70","2024-02-07 15:44:56"
"6543f7e306c0fc611aafc81d",,"2","18","15","2","5","5","0","1","648","899","0","1","4","4","0.78","0.88","0","0",,,"1","75","2024-02-07 15:44:58"
"6543f7e306c0fc611aafc81d",,"2","19","12","2","5","5","0","1","566","766","0","1","3","4","0.55","0.88","0","0",,,"1","80","2024-02-07 15:45:01"
"6543f7e306c0fc611aafc81d",,"2","20","3","2","5","5","0","1","849","1015","0","1","1","1","0.12","0.22","0","0",,,"0","80","2024-02-07 15:45:03"
"6543f7e306c0fc611aafc81d",,"2","21","5","2","5","5","1","0","499","666","1","0","1","3","0.16","0.63","0","0",,,"1","85","2024-02-07 15:45:06"
"6543f7e306c0fc611aafc81d",,"2","22","1","2","5","5","0","1","582","716","0","1","1","4","0.12","0.71","0","0",,,"1","90","2024-02-07 15:45:08"
"6543f7e306c0fc611aafc81d",,"2","23","5","2","5","5","1","0","732","866","1","0","1","3","0.16","0.63","0","0",,,"0","90","2024-02-07 15:45:10"
"6543f7e306c0fc611aafc81d",,"2","24","8","2","5","5","1","0","432","599","1","0","1","4","0.29","0.71","0","0",,,"0","90","2024-02-07 15:45:13"
"6543f7e306c0fc611aafc81d",,"2","25","15","2","5","5","1","0","782","932","1","0","4","4","0.78","0.88","0","0",,,"0","90","2024-02-07 15:45:15"
"6543f7e306c0fc611aafc81d",,"2","26","12","2","5","5","0","1","565","715","0","1","3","4","0.55","0.88","0","0",,,"1","95","2024-02-07 15:45:18"
"6543f7e306c0fc611aafc81d",,"2","27","10","2","5","5","0","1","481","682","0","1","2","3","0.37","0.63","0","0",,,"1","100","2024-02-07 15:45:20"
"6543f7e306c0fc611aafc81d",,"2","28","13","2","5","5","0","1","1298","1515","0","1","3","3","0.55","0.63","0","0",,,"0","100","2024-02-07 15:45:23"
"6543f7e306c0fc611aafc81d",,"2","29","15","2","5","5","1","0","749","916","1","0","4","4","0.78","0.88","0","0",,,"1","105","2024-02-07 15:45:26"
"6543f7e306c0fc611aafc81d",,"2","30","0","2","5","5","1","0","549","749","1","0","1","4","0.12","0.88","0","0",,,"1","110","2024-02-07 15:45:28"
"6543f7e306c0fc611aafc81d",,"2","31","14","2","5","5","1","0","948","1082","1","0","3","4","0.63","0.78","0","0",,,"1","115","2024-02-07 15:45:30"
"6543f7e306c0fc611aafc81d",,"2","32","8","2","5","5","1","0","565","716","1","0","1","4","0.29","0.71","0","0",,,"1","120","2024-02-07 15:45:33"
"6543f7e306c0fc611aafc81d",,"2","33","11","2","5","5","0","1","749","898","0","1","2","2","0.37","0.45","0","0",,,"0","120","2024-02-07 15:45:35"
"6543f7e306c0fc611aafc81d",,"2","34","4","2","5","5","0","1","615","766","0","1","1","4","0.16","0.84","0","0",,,"1","125","2024-02-07 15:45:38"
"6543f7e306c0fc611aafc81d",,"2","35","6","2","5","5","0","1","665","783","0","1","1","2","0.22","0.37","0","0",,,"0","125","2024-02-07 15:45:40"
"6543f7e306c0fc611aafc81d",,"2","36","7","2","5","5","1","0","581","749","1","0","1","4","0.29","0.88","0","0",,,"1","130","2024-02-07 15:45:43"
"6543f7e306c0fc611aafc81d",,"2","37","11","2","5","5","1","0","765","916","1","0","2","2","0.37","0.45","0","0",,,"1","135","2024-02-07 15:45:45"
"6543f7e306c0fc611aafc81d",,"2","38","3","2","5","5","1","0","915","1215","1","0","1","1","0.12","0.22","0","0",,,"1","140","2024-02-07 15:45:48"
"6543f7e306c0fc611aafc81d",,"2","39","4","2","5","5","1","0","699","915","1","0","1","4","0.16","0.84","0","0",,,"1","145","2024-02-07 15:45:50"
"6543f7e306c0fc611aafc81d",,"2","40","2","2","5","5","1","0","566","716","1","0","1","2","0.12","0.45","0","0",,,"1","150","2024-02-07 15:45:52"
"6543f7e306c0fc611aafc81d",,"2","41","1","2","5","5","1","0","598","749","1","0","1","4","0.12","0.71","0","0",,,"1","155","2024-02-07 15:45:55"
"6543f7e306c0fc611aafc81d",,"2","42","6","2","5","5","0","1","598","748","0","1","1","2","0.22","0.37","0","0",,,"1","160","2024-02-07 15:45:57"
"6543f7e306c0fc611aafc81d",,"2","43","4","2","5","5","1","0","465","682","1","0","1","4","0.16","0.84","0","0",,,"0","160","2024-02-07 15:45:59"
"6543f7e306c0fc611aafc81d",,"2","44","10","2","5","5","1","0","566","749","1","0","2","3","0.37","0.63","0","0",,,"1","165","2024-02-07 15:46:02"
"6543f7e306c0fc611aafc81d",,"2","45","5","2","5","5","1","0","515","648","1","0","1","3","0.16","0.63","0","0",,,"0","165","2024-02-07 15:46:04"
"6543f7e306c0fc611aafc81d",,"2","46","13","2","5","5","0","1","1382","1599","0","1","3","3","0.55","0.63","0","0",,,"1","170","2024-02-07 15:46:07"
"6543f7e306c0fc611aafc81d",,"2","47","9","2","5","5","1","0","648","849","1","0","2","4","0.37","0.84","0","0",,,"1","175","2024-02-07 15:46:10"
"6543f7e306c0fc611aafc81d",,"2","48","4","2","5","5","0","1","615","782","0","1","1","4","0.16","0.84","0","0",,,"1","180","2024-02-07 15:46:12"
"6543f7e306c0fc611aafc81d",,"2","49","0","2","5","5","0","1","532","699","0","1","1","4","0.12","0.88","0","0",,,"1","185","2024-02-07 15:46:14"
"6543f7e306c0fc611aafc81d",,"2","50","7","2","5","5","0","1","498","649","0","1","1","4","0.29","0.88","0","0",,,"1","190","2024-02-07 15:46:16"
"6543f7e306c0fc611aafc81d",,"2","51","1","2","5","5","1","0","548","665","1","0","1","4","0.12","0.71","0","0",,,"1","195","2024-02-07 15:46:19"
"6543f7e306c0fc611aafc81d",,"2","52","6","2","5","5","0","1","599","782","0","1","1","2","0.22","0.37","0","0",,,"1","200","2024-02-07 15:46:21"
"6543f7e306c0fc611aafc81d",,"2","53","13","2","5","5","1","0","732","866","1","0","3","3","0.55","0.63","0","0",,,"1","205","2024-02-07 15:46:23"
"6543f7e306c0fc611aafc81d",,"2","54","10","2","5","5","1","0","515","665","1","0","2","3","0.37","0.63","0","0",,,"1","210","2024-02-07 15:46:26"
"6543f7e306c0fc611aafc81d",,"2","55","10","2","5","5","1","0","515","649","1","0","2","3","0.37","0.63","0","0",,,"0","210","2024-02-07 15:46:28"
"6543f7e306c0fc611aafc81d",,"2","56","0","2","5","5","0","1","581","731","0","1","1","4","0.12","0.88","0","0",,,"1","215","2024-02-07 15:46:30"
"6543f7e306c0fc611aafc81d",,"2","57","2","2","5","5","0","1","565","682","0","1","1","2","0.12","0.45","0","0",,,"0","215","2024-02-07 15:46:33"
"6543f7e306c0fc611aafc81d",,"2","58","11","2","5","5","0","1","1198","1383","0","1","2","2","0.37","0.45","0","0",,,"0","215","2024-02-07 15:46:36"
"6543f7e306c0fc611aafc81d",,"2","59","6","2","5","5","0","1","531","665","0","1","1","2","0.22","0.37","0","0",,,"1","220","2024-02-07 15:46:38"
"6543f7e306c0fc611aafc81d",,"2","60","14","2","5","5","0","1","948","1098","0","1","3","4","0.63","0.78","0","0",,,"0","220","2024-02-07 15:46:41"
"6543f7e306c0fc611aafc81d",,"2","61","3","2","5","5","0","1","732","866","0","1","1","1","0.12","0.22","0","0",,,"0","220","2024-02-07 15:46:43"
"6543f7e306c0fc611aafc81d",,"2","62","2","2","5","5","0","1","565","699","0","1","1","2","0.12","0.45","0","0",,,"1","225","2024-02-07 15:46:46"
"6543f7e306c0fc611aafc81d",,"2","63","9","2","5","5","1","0","483","1432","1","1","2","4","0.37","0.84","0","0",,,"1","230","2024-02-07 15:46:49"
"6543f7e306c0fc611aafc81d",,"3","0","3","2","5","5","1","0","16","1315","3","1","1","1","0.12","0.22","0","0",,,"0","0","2024-02-07 15:48:05"
"6543f7e306c0fc611aafc81d",,"3","1","8","2","5","5","1","0","631","798","1","0","1","4","0.29","0.71","0","0",,,"0","0","2024-02-07 15:48:08"
"6543f7e306c0fc611aafc81d",,"3","2","8","2","5","5","0","1","665","849","0","1","1","4","0.29","0.71","0","0",,,"1","5","2024-02-07 15:48:10"
"6543f7e306c0fc611aafc81d",,"3","3","9","2","5","5","1","0","582","766","1","0","2","4","0.37","0.84","0","0",,,"1","10","2024-02-07 15:48:12"
"6543f7e306c0fc611aafc81d",,"3","4","15","2","5","5","1","0","598","733","1","0","4","4","0.78","0.88","0","0",,,"1","15","2024-02-07 15:48:15"
"6543f7e306c0fc611aafc81d",,"3","5","13","2","5","5","1","0","848","1049","1","0","3","3","0.55","0.63","0","0",,,"0","15","2024-02-07 15:48:17"
"6543f7e306c0fc611aafc81d",,"3","6","3","2","5","5","0","1","865","1048","0","1","1","1","0.12","0.22","0","0",,,"1","20","2024-02-07 15:48:20"
"6543f7e306c0fc611aafc81d",,"3","7","11","2","5","5","1","0","582","765","1","0","2","2","0.37","0.45","0","0",,,"1","25","2024-02-07 15:48:22"
"6543f7e306c0fc611aafc81d",,"3","8","7","2","5","5","0","1","733","1049","0","1","1","4","0.29","0.88","0","0",,,"1","30","2024-02-07 15:48:25"
"6543f7e306c0fc611aafc81d",,"3","9","1","2","5","5","1","0","498","632","1","0","1","4","0.12","0.71","0","0",,,"0","30","2024-02-07 15:48:27"
"6543f7e306c0fc611aafc81d",,"3","10","4","2","5","5","1","0","432","583","1","0","1","4","0.16","0.84","0","0",,,"1","35","2024-02-07 15:48:30"
"6543f7e306c0fc611aafc81d",,"3","11","13","2","5","5","1","0","1114","1248","1","0","3","3","0.55","0.63","0","0",,,"1","40","2024-02-07 15:48:32"
"6543f7e306c0fc611aafc81d",,"3","12","11","2","5","5","0","1","698","849","0","1","2","2","0.37","0.45","0","0",,,"0","40","2024-02-07 15:48:35"
"6543f7e306c0fc611aafc81d",,"3","13","12","2","5","5","1","0","598","732","1","0","3","4","0.55","0.88","0","0",,,"1","45","2024-02-07 15:48:37"
"6543f7e306c0fc611aafc81d",,"3","14","0","2","5","5","1","0","449","599","1","0","1","4","0.12","0.88","0","0",,,"1","50","2024-02-07 15:48:40"
"6543f7e306c0fc611aafc81d",,"3","15","10","2","5","5","0","1","465","632","0","1","2","3","0.37","0.63","0","0",,,"1","55","2024-02-07 15:48:42"
"6543f7e306c0fc611aafc81d",,"3","16","9","2","5","5","1","0","565","699","1","0","2","4","0.37","0.84","0","0",,,"1","60","2024-02-07 15:48:44"
"6543f7e306c0fc611aafc81d",,"3","17","13","2","5","5","0","1","548","665","0","1","3","3","0.55","0.63","0","0",,,"1","65","2024-02-07 15:48:46"
"6543f7e306c0fc611aafc81d",,"3","18","8","2","5","5","0","1","465","615","0","1","1","4","0.29","0.71","0","0",,,"1","70","2024-02-07 15:48:49"
"6543f7e306c0fc611aafc81d",,"3","19","6","2","5","5","1","0","565","682","1","0","1","2","0.22","0.37","0","0",,,"0","70","2024-02-07 15:48:51"
"6543f7e306c0fc611aafc81d",,"3","20","1","2","5","5","1","0","632","783","1","0","1","4","0.12","0.71","0","0",,,"1","75","2024-02-07 15:48:53"
"6543f7e306c0fc611aafc81d",,"3","21","12","2","5","5","0","1","632","782","0","1","3","4","0.55","0.88","0","0",,,"1","80","2024-02-07 15:48:56"
"6543f7e306c0fc611aafc81d",,"3","22","2","2","5","5","0","1","482","600","0","1","1","2","0.12","0.45","0","0",,,"0","80","2024-02-07 15:48:58"
"6543f7e306c0fc611aafc81d",,"3","23","10","2","5","5","1","0","482","599","1","0","2","3","0.37","0.63","0","0",,,"0","80","2024-02-07 15:49:00"
"6543f7e306c0fc611aafc81d",,"3","24","14","2","5","5","1","0","716","966","1","0","3","4","0.63","0.78","0","0",,,"0","80","2024-02-07 15:49:03"
"6543f7e306c0fc611aafc81d",,"3","25","15","2","5","5","1","0","815","965","1","0","4","4","0.78","0.88","0","0",,,"0","80","2024-02-07 15:49:06"
"6543f7e306c0fc611aafc81d",,"3","26","11","2","5","5","0","1","649","765","0","1","2","2","0.37","0.45","0","0",,,"0","80","2024-02-07 15:49:08"
"6543f7e306c0fc611aafc81d",,"3","27","5","2","5","5","0","1","498","599","0","1","1","3","0.16","0.63","0","0",,,"1","85","2024-02-07 15:49:10"
"6543f7e306c0fc611aafc81d",,"3","28","9","2","5","5","1","0","498","865","1","0","2","4","0.37","0.84","0","0",,,"1","90","2024-02-07 15:49:13"
"6543f7e306c0fc611aafc81d",,"3","29","2","2","5","5","0","1","482","599","0","1","1","2","0.12","0.45","0","0",,,"0","90","2024-02-07 15:49:15"
"6543f7e306c0fc611aafc81d",,"3","30","0","2","5","5","1","0","465","566","1","0","1","4","0.12","0.88","0","0",,,"1","95","2024-02-07 15:49:18"
"6543f7e306c0fc611aafc81d",,"3","31","3","2","5","5","0","1","665","766","0","1","1","1","0.12","0.22","0","0",,,"0","95","2024-02-07 15:49:20"
"6543f7e306c0fc611aafc81d",,"3","32","5","2","5","5","1","0","432","583","1","0","1","3","0.16","0.63","0","0",,,"1","100","2024-02-07 15:49:22"
"6543f7e306c0fc611aafc81d",,"3","33","6","2","5","5","0","1","582","666","0","1","1","2","0.22","0.37","0","0",,,"1","105","2024-02-07 15:49:24"
"6543f7e306c0fc611aafc81d",,"3","34","2","2","5","5","0","1","482","599","0","1","1","2","0.12","0.45","0","0",,,"1","110","2024-02-07 15:49:27"
"6543f7e306c0fc611aafc81d",,"3","35","11","2","5","5","0","1","482","665","0","1","2","2","0.37","0.45","0","0",,,"1","115","2024-02-07 15:49:29"
"6543f7e306c0fc611aafc81d",,"3","36","8","2","5","5","0","1","465","583","0","1","1","4","0.29","0.71","0","0",,,"1","120","2024-02-07 15:49:31"
"6543f7e306c0fc611aafc81d",,"3","37","5","2","5","5","1","0","465","615","1","0","1","3","0.16","0.63","0","0",,,"1","125","2024-02-07 15:49:33"
"6543f7e306c0fc611aafc81d",,"3","38","6","2","5","5","0","1","515","615","0","1","1","2","0.22","0.37","0","0",,,"0","125","2024-02-07 15:49:36"
"6543f7e306c0fc611aafc81d",,"3","39","4","2","5","5","1","0","499","666","1","0","1","4","0.16","0.84","0","0",,,"1","130","2024-02-07 15:49:38"
"6543f7e306c0fc611aafc81d",,"3","40","0","2","5","5","0","1","499","633","0","1","1","4","0.12","0.88","0","0",,,"1","135","2024-02-07 15:49:40"
"6543f7e306c0fc611aafc81d",,"3","41","14","2","5","5","0","1","897","964","0","1","3","4","0.63","0.78","0","0",,,"0","135","2024-02-07 15:49:43"
"6543f7e306c0fc611aafc81d",,"3","42","15","1","5","5","1","1","615","782","1","0","4","4","0.78","0.88","0","0",,,"1","140","2024-02-07 15:49:45"
"6543f7e306c0fc611aafc81d",,"3","43","4","2","5","5","0","1","582","665","0","1","1","4","0.16","0.84","0","0",,,"1","145","2024-02-07 15:49:48"
"6543f7e306c0fc611aafc81d",,"3","44","1","2","5","5","0","1","649","766","0","1","1","4","0.12","0.71","0","0",,,"1","150","2024-02-07 15:49:50"
"6543f7e306c0fc611aafc81d",,"3","45","3","2","5","5","0","1","815","915","0","1","1","1","0.12","0.22","0","0",,,"1","155","2024-02-07 15:49:52"
"6543f7e306c0fc611aafc81d",,"3","46","14","1","5","5","1","1","698","832","1","0","3","4","0.63","0.78","0","0",,,"1","160","2024-02-07 15:49:55"
"6543f7e306c0fc611aafc81d",,"3","47","12","1","5","5","1","1","532","649","1","0","3","4","0.55","0.88","0","0",,,"1","165","2024-02-07 15:49:57"
"6543f7e306c0fc611aafc81d",,"3","48","0","2","5","5","1","0","615","749","1","0","1","4","0.12","0.88","0","0",,,"1","170","2024-02-07 15:50:00"
"6543f7e306c0fc611aafc81d",,"3","49","14","1","5","5","1","1","565","699","1","0","3","4","0.63","0.78","0","0",,,"0","170","2024-02-07 15:50:02"
"6543f7e306c0fc611aafc81d",,"3","50","12","2","5","5","1","0","1264","1466","1","0","3","4","0.55","0.88","0","0",,,"1","175","2024-02-07 15:50:05"
"6543f7e306c0fc611aafc81d",,"3","51","1","2","5","5","1","0","515","666","1","0","1","4","0.12","0.71","0","0",,,"0","175","2024-02-07 15:50:07"
"6543f7e306c0fc611aafc81d",,"3","52","4","2","5","5","1","0","465","599","1","0","1","4","0.16","0.84","0","0",,,"1","180","2024-02-07 15:50:09"
"6543f7e306c0fc611aafc81d",,"3","53","10","2","5","5","1","0","432","582","1","0","2","3","0.37","0.63","0","0",,,"1","185","2024-02-07 15:50:12"
"6543f7e306c0fc611aafc81d",,"3","54","15","2","5","5","0","1","1281","1431","0","1","4","4","0.78","0.88","0","0",,,"1","190","2024-02-07 15:50:14"
"6543f7e306c0fc611aafc81d",,"3","55","6","2","5","5","0","1","632","765","0","1","1","2","0.22","0.37","0","0",,,"0","190","2024-02-07 15:50:17"
"6543f7e306c0fc611aafc81d",,"3","56","13","1","5","5","1","1","598","699","1","0","3","3","0.55","0.63","0","0",,,"1","195","2024-02-07 15:50:19"
"6543f7e306c0fc611aafc81d",,"3","57","7","2","5","5","1","0","483","582","1","0","1","4","0.29","0.88","0","0",,,"1","200","2024-02-07 15:50:21"
"6543f7e306c0fc611aafc81d",,"3","58","2","2","5","5","0","1","565","715","0","1","1","2","0.12","0.45","0","0",,,"1","205","2024-02-07 15:50:24"
"6543f7e306c0fc611aafc81d",,"3","59","7","2","5","5","1","0","465","782","1","0","1","4","0.29","0.88","0","0",,,"1","210","2024-02-07 15:50:26"
"6543f7e306c0fc611aafc81d",,"3","60","10","2","5","5","0","1","448","583","0","1","2","3","0.37","0.63","0","0",,,"1","215","2024-02-07 15:50:28"
"6543f7e306c0fc611aafc81d",,"3","61","5","2","5","5","0","1","482","599","0","1","1","3","0.16","0.63","0","0",,,"1","220","2024-02-07 15:50:31"
"6543f7e306c0fc611aafc81d",,"3","62","7","2","5","5","0","1","465","699","0","1","1","4","0.29","0.88","0","0",,,"1","225","2024-02-07 15:50:33"
"6543f7e306c0fc611aafc81d",,"3","63","9","2","5","5","0","1","448","532","0","1","2","4","0.37","0.84","0","0",,,"1","230","2024-02-07 15:50:35"
"6543f7e306c0fc611aafc81d",,"4","0","3","2","5","5","0","1","1065","1182","0","1","1","1","0.12","0.22","0","0",,,"1","5","2024-02-07 15:51:24"
"6543f7e306c0fc611aafc81d",,"4","1","5","2","5","5","1","0","598","699","1","0","1","3","0.16","0.63","0","0",,,"1","10","2024-02-07 15:51:27"
"6543f7e306c0fc611aafc81d",,"4","2","9","2","5","5","0","1","681","832","0","1","2","4","0.37","0.84","0","0",,,"1","15","2024-02-07 15:51:29"
"6543f7e306c0fc611aafc81d",,"4","3","1","2","5","5","1","0","466","566","1","0","1","4","0.12","0.71","0","0",,,"1","20","2024-02-07 15:51:31"
"6543f7e306c0fc611aafc81d",,"4","4","0","2","5","5","0","1","416","582","0","1","1","4","0.12","0.88","0","0",,,"1","25","2024-02-07 15:51:33"
"6543f7e306c0fc611aafc81d",,"4","5","1","2","5","5","0","1","532","633","0","1","1","4","0.12","0.71","0","0",,,"0","25","2024-02-07 15:51:35"
"6543f7e306c0fc611aafc81d",,"4","6","15","1","5","5","1","1","599","715","1","0","4","4","0.78","0.88","0","0",,,"1","30","2024-02-07 15:51:38"
"6543f7e306c0fc611aafc81d",,"4","7","13","1","5","5","1","1","682","883","1","0","3","3","0.55","0.63","0","0",,,"1","35","2024-02-07 15:51:40"
"6543f7e306c0fc611aafc81d",,"4","8","4","2","5","5","0","1","798","899","0","1","1","4","0.16","0.84","0","0",,,"1","40","2024-02-07 15:51:43"
"6543f7e306c0fc611aafc81d",,"4","9","6","2","5","5","0","1","748","915","0","1","1","2","0.22","0.37","0","0",,,"1","45","2024-02-07 15:51:45"
"6543f7e306c0fc611aafc81d",,"4","10","4","2","5","5","0","1","749","865","0","1","1","4","0.16","0.84","0","0",,,"1","50","2024-02-07 15:51:48"
"6543f7e306c0fc611aafc81d",,"4","11","8","2","5","5","1","0","498","649","1","0","1","4","0.29","0.71","0","0",,,"0","50","2024-02-07 15:51:50"
"6543f7e306c0fc611aafc81d",,"4","12","11","2","5","5","1","0","566","666","1","0","2","2","0.37","0.45","0","0",,,"1","55","2024-02-07 15:51:52"
"6543f7e306c0fc611aafc81d",,"4","13","14","1","5","5","0","0","914","1015","0","1","3","4","0.63","0.78","0","0",,,"0","55","2024-02-07 15:51:55"
"6543f7e306c0fc611aafc81d",,"4","14","13","2","5","5","1","0","532","665","1","0","3","3","0.55","0.63","0","0",,,"1","60","2024-02-07 15:51:57"
"6543f7e306c0fc611aafc81d",,"4","15","15","1","5","5","1","1","799","932","1","0","4","4","0.78","0.88","0","0",,,"1","65","2024-02-07 15:52:00"
"6543f7e306c0fc611aafc81d",,"4","16","7","2","5","5","1","0","549","699","1","0","1","4","0.29","0.88","0","0",,,"1","70","2024-02-07 15:52:02"
"6543f7e306c0fc611aafc81d",,"4","17","0","2","5","5","1","0","482","632","1","0","1","4","0.12","0.88","0","0",,,"1","75","2024-02-07 15:52:04"
"6543f7e306c0fc611aafc81d",,"4","18","5","2","5","5","1","0","482","582","1","0","1","3","0.16","0.63","0","0",,,"0","75","2024-02-07 15:52:06"
"6543f7e306c0fc611aafc81d",,"4","19","8","2","5","5","0","1","798","982","0","1","1","4","0.29","0.71","0","0",,,"1","80","2024-02-07 15:52:09"
"6543f7e306c0fc611aafc81d",,"4","20","8","2","5","5","0","1","465","600","0","1","1","4","0.29","0.71","0","0",,,"1","85","2024-02-07 15:52:11"
"6543f7e306c0fc611aafc81d",,"4","21","15","2","5","5","1","0","681","765","1","0","4","4","0.78","0.88","0","0",,,"1","90","2024-02-07 15:52:14"
"6543f7e306c0fc611aafc81d",,"4","22","11","2","5","5","1","0","665","765","1","0","2","2","0.37","0.45","0","0",,,"1","95","2024-02-07 15:52:16"
"6543f7e306c0fc611aafc81d",,"4","23","0","2","5","5","1","0","466","617","1","0","1","4","0.12","0.88","0","0",,,"1","100","2024-02-07 15:52:18"
"6543f7e306c0fc611aafc81d",,"4","24","12","2","5","5","0","1","548","632","0","1","3","4","0.55","0.88","0","0",,,"0","100","2024-02-07 15:52:21"
"6543f7e306c0fc611aafc81d",,"4","25","9","2","5","5","0","1","598","732","0","1","2","4","0.37","0.84","0","0",,,"0","100","2024-02-07 15:52:23"
"6543f7e306c0fc611aafc81d",,"4","26","2","2","5","5","0","1","548","666","0","1","1","2","0.12","0.45","0","0",,,"0","100","2024-02-07 15:52:26"
"6543f7e306c0fc611aafc81d",,"4","27","2","2","5","5","1","0","482","649","1","0","1","2","0.12","0.45","0","0",,,"0","100","2024-02-07 15:52:28"
"6543f7e306c0fc611aafc81d",,"4","28","14","1","5","5","1","1","715","766","1","0","3","4","0.63","0.78","0","0",,,"1","105","2024-02-07 15:52:30"
"6543f7e306c0fc611aafc81d",,"4","29","8","2","5","5","0","1","499","616","0","1","1","4","0.29","0.71","0","0",,,"0","105","2024-02-07 15:52:33"
"6543f7e306c0fc611aafc81d",,"4","30","10","2","5","5","1","0","532","632","1","0","2","3","0.37","0.63","0","0",,,"1","110","2024-02-07 15:52:35"
"6543f7e306c0fc611aafc81d",,"4","31","11","1","5","5","1","1","599","716","1","0","2","2","0.37","0.45","0","0",,,"0","110","2024-02-07 15:52:37"
"6543f7e306c0fc611aafc81d",,"4","32","9","1","5","5","1","1","599","732","1","0","2","4","0.37","0.84","0","0",,,"1","115","2024-02-07 15:52:40"
"6543f7e306c0fc611aafc81d",,"4","33","10","1","5","5","1","1","748","882","1","0","2","3","0.37","0.63","0","0",,,"1","120","2024-02-07 15:52:42"
"6543f7e306c0fc611aafc81d",,"4","34","14","2","5","5","0","1","682","866","0","1","3","4","0.63","0.78","0","0",,,"1","125","2024-02-07 15:52:45"
"6543f7e306c0fc611aafc81d",,"4","35","15","2","5","5","0","1","831","964","0","1","4","4","0.78","0.88","0","0",,,"1","130","2024-02-07 15:52:47"
"6543f7e306c0fc611aafc81d",,"4","36","0","2","5","5","0","1","448","599","0","1","1","4","0.12","0.88","0","0",,,"1","135","2024-02-07 15:52:49"
"6543f7e306c0fc611aafc81d",,"4","37","5","2","5","5","1","0","549","682","1","0","1","3","0.16","0.63","0","0",,,"0","135","2024-02-07 15:52:52"
"6543f7e306c0fc611aafc81d",,"4","38","2","2","5","5","1","0","499","616","1","0","1","2","0.12","0.45","0","0",,,"0","135","2024-02-07 15:52:54"
"6543f7e306c0fc611aafc81d",,"4","39","12","2","5","5","0","1","548","632","0","1","3","4","0.55","0.88","0","0",,,"1","140","2024-02-07 15:52:57"
"6543f7e306c0fc611aafc81d",,"4","40","11","2","5","5","1","0","482","533","1","0","2","2","0.37","0.45","0","0",,,"0","140","2024-02-07 15:52:59"
"6543f7e306c0fc611aafc81d",,"4","41","6","2","5","5","1","0","548","649","1","0","1","2","0.22","0.37","0","0",,,"0","140","2024-02-07 15:53:01"
"6543f7e306c0fc611aafc81d",,"4","42","3","2","5","5","0","1","914","1065","0","1","1","1","0.12","0.22","0","0",,,"0","140","2024-02-07 15:53:04"
"6543f7e306c0fc611aafc81d",,"4","43","7","1","5","5","1","1","549","666","1","0","1","4","0.29","0.88","0","0",,,"0","140","2024-02-07 15:53:06"
"6543f7e306c0fc611aafc81d",,"4","44","12","2","5","5","1","0","532","649","1","0","3","4","0.55","0.88","0","0",,,"1","145","2024-02-07 15:53:09"
"6543f7e306c0fc611aafc81d",,"4","45","5","2","5","5","1","0","582","732","1","0","1","3","0.16","0.63","0","0",,,"1","150","2024-02-07 15:53:11"
"6543f7e306c0fc611aafc81d",,"4","46","3","2","5","5","0","1","848","915","0","1","1","1","0.12","0.22","0","0",,,"1","155","2024-02-07 15:53:14"
"6543f7e306c0fc611aafc81d",,"4","47","4","2","5","5","1","0","915","1082","1","0","1","4","0.16","0.84","0","0",,,"0","155","2024-02-07 15:53:16"
"6543f7e306c0fc611aafc81d",,"4","48","2","2","5","5","1","0","498","615","1","0","1","2","0.12","0.45","0","0",,,"0","155","2024-02-07 15:53:19"
"6543f7e306c0fc611aafc81d",,"4","49","13","2","5","5","1","0","715","1398","1","0","3","3","0.55","0.63","0","0",,,"0","155","2024-02-07 15:53:22"
"6543f7e306c0fc611aafc81d",,"4","50","6","2","5","5","0","1","648","748","0","1","1","2","0.22","0.37","0","0",,,"1","160","2024-02-07 15:53:24"
"6543f7e306c0fc611aafc81d",,"4","51","1","2","5","5","1","0","583","716","1","0","1","4","0.12","0.71","0","0",,,"1","165","2024-02-07 15:53:26"
"6543f7e306c0fc611aafc81d",,"4","52","9","2","5","5","1","0","465","599","1","0","2","4","0.37","0.84","0","0",,,"1","170","2024-02-07 15:53:29"
"6543f7e306c0fc611aafc81d",,"4","53","6","2","5","5","1","0","549","632","1","0","1","2","0.22","0.37","0","0",,,"1","175","2024-02-07 15:53:31"
"6543f7e306c0fc611aafc81d",,"4","54","12","1","5","5","1","1","582","665","1","0","3","4","0.55","0.88","0","0",,,"0","175","2024-02-07 15:53:33"
"6543f7e306c0fc611aafc81d",,"4","55","14","1","5","5","0","0","632","815","0","1","3","4","0.63","0.78","0","0",,,"0","175","2024-02-07 15:53:36"
"6543f7e306c0fc611aafc81d",,"4","56","10","2","5","5","1","0","481","631","1","0","2","3","0.37","0.63","0","0",,,"1","180","2024-02-07 15:53:38"
"6543f7e306c0fc611aafc81d",,"4","57","7","2","5","5","0","1","465","582","0","1","1","4","0.29","0.88","0","0",,,"1","185","2024-02-07 15:53:40"
"6543f7e306c0fc611aafc81d",,"4","58","3","2","5","5","0","1","848","1015","0","1","1","1","0.12","0.22","0","0",,,"0","185","2024-02-07 15:53:43"
"6543f7e306c0fc611aafc81d",,"4","59","1","2","5","5","1","0","464","665","1","0","1","4","0.12","0.71","0","0",,,"0","185","2024-02-07 15:53:45"
"6543f7e306c0fc611aafc81d",,"4","60","7","2","5","5","0","1","416","532","0","1","1","4","0.29","0.88","0","0",,,"1","190","2024-02-07 15:53:48"
"6543f7e306c0fc611aafc81d",,"4","61","10","2","5","5","1","0","449","566","1","0","2","3","0.37","0.63","0","0",,,"1","195","2024-02-07 15:53:50"
"6543f7e306c0fc611aafc81d",,"4","62","4","2","5","5","1","0","564","681","1","0","1","4","0.16","0.84","0","0",,,"1","200","2024-02-07 15:53:52"
"6543f7e306c0fc611aafc81d",,"4","63","13","2","5","5","1","0","682","799","1","0","3","3","0.55","0.63","0","0",,,"1","205","2024-02-07 15:53:54"
"6543f7e306c0fc611aafc81d",,"5","0","3","2","5","5","1","0","782","965","1","0","1","1","0.12","0.22","0","0",,,"1","5","2024-02-07 15:54:07"
"6543f7e306c0fc611aafc81d",,"5","1","11","1","5","5","1","1","815","899","1","0","2","2","0.37","0.45","0","0",,,"1","10","2024-02-07 15:54:10"
"6543f7e306c0fc611aafc81d",,"5","2","13","1","5","5","0","0","831","931","0","1","3","3","0.55","0.63","0","0",,,"1","15","2024-02-07 15:54:12"
"6543f7e306c0fc611aafc81d",,"5","3","7","2","5","5","1","0","598","882","1","0","1","4","0.29","0.88","0","0",,,"1","20","2024-02-07 15:54:15"
"6543f7e306c0fc611aafc81d",,"5","4","3","2","5","5","0","1","649","782","0","1","1","1","0.12","0.22","0","0",,,"0","20","2024-02-07 15:54:17"
"6543f7e306c0fc611aafc81d",,"5","5","12","2","5","5","0","1","798","932","0","1","3","4","0.55","0.88","0","0",,,"1","25","2024-02-07 15:54:19"
"6543f7e306c0fc611aafc81d",,"5","6","8","2","5","5","0","1","648","815","0","1","1","4","0.29","0.71","0","0",,,"0","25","2024-02-07 15:54:22"
"6543f7e306c0fc611aafc81d",,"5","7","4","2","5","5","0","1","582","682","0","1","1","4","0.16","0.84","0","0",,,"1","30","2024-02-07 15:54:24"
"6543f7e306c0fc611aafc81d",,"5","8","0","2","5","5","1","0","465","599","1","0","1","4","0.12","0.88","0","0",,,"1","35","2024-02-07 15:54:27"
"6543f7e306c0fc611aafc81d",,"5","9","0","2","5","5","0","1","748","931","0","1","1","4","0.12","0.88","0","0",,,"1","40","2024-02-07 15:54:29"
"6543f7e306c0fc611aafc81d",,"5","10","6","2","5","5","0","1","715","816","0","1","1","2","0.22","0.37","0","0",,,"0","40","2024-02-07 15:54:31"
"6543f7e306c0fc611aafc81d",,"5","11","7","2","5","5","1","0","449","566","1","0","1","4","0.29","0.88","0","0",,,"1","45","2024-02-07 15:54:34"
"6543f7e306c0fc611aafc81d",,"5","12","11","2","5","5","1","0","499","616","1","0","2","2","0.37","0.45","0","0",,,"0","45","2024-02-07 15:54:36"
"6543f7e306c0fc611aafc81d",,"5","13","8","2","5","5","0","1","449","566","0","1","1","4","0.29","0.71","0","0",,,"1","50","2024-02-07 15:54:38"
"6543f7e306c0fc611aafc81d",,"5","14","1","2","5","5","0","1","498","615","0","1","1","4","0.12","0.71","0","0",,,"1","55","2024-02-07 15:54:41"
"6543f7e306c0fc611aafc81d",,"5","15","14","2","5","5","1","0","815","932","1","0","3","4","0.63","0.78","0","0",,,"1","60","2024-02-07 15:54:43"
"6543f7e306c0fc611aafc81d",,"5","16","5","2","5","5","1","0","498","599","1","0","1","3","0.16","0.63","0","0",,,"0","60","2024-02-07 15:54:45"
"6543f7e306c0fc611aafc81d",,"5","17","8","2","5","5","1","0","466","666","1","1","1","4","0.29","0.71","0","0",,,"1","65","2024-02-07 15:54:48"
"6543f7e306c0fc611aafc81d",,"5","18","15","2","5","5","0","1","1082","1232","0","1","4","4","0.78","0.88","0","0",,,"1","70","2024-02-07 15:54:50"
"6543f7e306c0fc611aafc81d",,"5","19","3","2","5","5","1","0","632","748","1","0","1","1","0.12","0.22","0","0",,,"0","70","2024-02-07 15:54:53"
"6543f7e306c0fc611aafc81d",,"5","20","3","2","5","5","0","1","748","832","0","1","1","1","0.12","0.22","0","0",,,"1","75","2024-02-07 15:54:55"
"6543f7e306c0fc611aafc81d",,"5","21","2","2","5","5","1","0","499","599","1","0","1","2","0.12","0.45","0","0",,,"1","80","2024-02-07 15:54:58"
"6543f7e306c0fc611aafc81d",,"5","22","5","2","5","5","1","0","432","549","1","0","1","3","0.16","0.63","0","0",,,"1","85","2024-02-07 15:55:00"
"6543f7e306c0fc611aafc81d",,"5","23","9","2","5","5","1","0","415","499","1","0","2","4","0.37","0.84","0","0",,,"1","90","2024-02-07 15:55:02"
"6543f7e306c0fc611aafc81d",,"5","24","4","2","5","5","0","1","431","532","0","1","1","4","0.16","0.84","0","0",,,"1","95","2024-02-07 15:55:04"
"6543f7e306c0fc611aafc81d",,"5","25","11","2","5","5","0","1","864","1065","0","1","2","2","0.37","0.45","0","0",,,"1","100","2024-02-07 15:55:07"
"6543f7e306c0fc611aafc81d",,"5","26","7","2","5","5","1","0","532","666","1","0","1","4","0.29","0.88","0","0",,,"1","105","2024-02-07 15:55:09"
"6543f7e306c0fc611aafc81d",,"5","27","14","2","5","5","0","1","598","649","0","1","3","4","0.63","0.78","0","0",,,"1","110","2024-02-07 15:55:11"
"6543f7e306c0fc611aafc81d",,"5","28","0","2","5","5","0","1","482","599","0","1","1","4","0.12","0.88","0","0",,,"1","115","2024-02-07 15:55:13"
"6543f7e306c0fc611aafc81d",,"5","29","7","2","5","5","1","0","515","616","1","0","1","4","0.29","0.88","0","0",,,"1","120","2024-02-07 15:55:16"
"6543f7e306c0fc611aafc81d",,"5","30","2","2","5","5","1","0","548","665","1","0","1","2","0.12","0.45","0","0",,,"1","125","2024-02-07 15:55:18"
"6543f7e306c0fc611aafc81d",,"5","31","4","2","5","5","0","1","481","582","0","1","1","4","0.16","0.84","0","0",,,"1","130","2024-02-07 15:55:20"
"6543f7e306c0fc611aafc81d",,"5","32","5","2","5","5","0","1","782","883","0","1","1","3","0.16","0.63","0","0",,,"1","135","2024-02-07 15:55:23"
"6543f7e306c0fc611aafc81d",,"5","33","9","2","5","5","1","0","481","632","1","0","2","4","0.37","0.84","0","0",,,"1","140","2024-02-07 15:55:25"
"6543f7e306c0fc611aafc81d",,"5","34","13","2","5","5","0","1","648","749","0","1","3","3","0.55","0.63","0","0",,,"0","140","2024-02-07 15:55:27"
"6543f7e306c0fc611aafc81d",,"5","35","10","2","5","5","0","1","598","716","0","1","2","3","0.37","0.63","0","0",,,"1","145","2024-02-07 15:55:30"
"6543f7e306c0fc611aafc81d",,"5","36","8","2","5","5","1","0","448","549","1","0","1","4","0.29","0.71","0","0",,,"1","150","2024-02-07 15:55:32"
"6543f7e306c0fc611aafc81d",,"5","37","1","2","5","5","1","0","415","733","1","0","1","4","0.12","0.71","0","0",,,"1","155","2024-02-07 15:55:34"
"6543f7e306c0fc611aafc81d",,"5","38","12","2","5","5","0","1","515","616","0","1","3","4","0.55","0.88","0","0",,,"1","160","2024-02-07 15:55:36"
"6543f7e306c0fc611aafc81d",,"5","39","11","2","5","5","0","1","1298","1465","0","1","2","2","0.37","0.45","0","0",,,"1","165","2024-02-07 15:55:39"
"6543f7e306c0fc611aafc81d",,"5","40","6","2","5","5","1","0","565","699","1","0","1","2","0.22","0.37","0","0",,,"1","170","2024-02-07 15:55:42"
"6543f7e306c0fc611aafc81d",,"5","41","6","2","5","5","1","0","565","648","1","0","1","2","0.22","0.37","0","0",,,"1","175","2024-02-07 15:55:44"
"6543f7e306c0fc611aafc81d",,"5","42","15","2","5","5","0","1","932","1032","0","1","4","4","0.78","0.88","0","0",,,"1","180","2024-02-07 15:55:46"
"6543f7e306c0fc611aafc81d",,"5","43","6","2","5","5","0","1","664","882","0","1","1","2","0.22","0.37","0","0",,,"1","185","2024-02-07 15:55:49"
"6543f7e306c0fc611aafc81d",,"5","44","12","2","5","5","0","1","682","799","0","1","3","4","0.55","0.88","0","0",,,"1","190","2024-02-07 15:55:51"
"6543f7e306c0fc611aafc81d",,"5","45","13","2","5","5","1","0","732","832","1","0","3","3","0.55","0.63","0","0",,,"1","195","2024-02-07 15:55:53"
"6543f7e306c0fc611aafc81d",,"5","46","12","2","5","5","0","1","599","699","0","1","3","4","0.55","0.88","0","0",,,"1","200","2024-02-07 15:55:56"
"6543f7e306c0fc611aafc81d",,"5","47","1","2","5","5","1","0","481","598","1","0","1","4","0.12","0.71","0","0",,,"0","200","2024-02-07 15:55:58"
"6543f7e306c0fc611aafc81d",,"5","48","5","2","5","5","0","1","482","599","0","1","1","3","0.16","0.63","0","0",,,"1","205","2024-02-07 15:56:00"
"6543f7e306c0fc611aafc81d",,"5","49","10","2","5","5","1","0","449","533","1","0","2","3","0.37","0.63","0","0",,,"1","210","2024-02-07 15:56:02"
"6543f7e306c0fc611aafc81d",,"5","50","2","2","5","5","1","0","482","584","1","0","1","2","0.12","0.45","0","0",,,"0","210","2024-02-07 15:56:05"
"6543f7e306c0fc611aafc81d",,"5","51","14","2","5","5","0","1","632","699","0","1","3","4","0.63","0.78","0","0",,,"1","215","2024-02-07 15:56:07"
"6543f7e306c0fc611aafc81d",,"5","52","10","2","5","5","0","1","566","650","0","1","2","3","0.37","0.63","0","0",,,"1","220","2024-02-07 15:56:09"
"6543f7e306c0fc611aafc81d",,"5","53","1","2","5","5","1","0","449","599","1","0","1","4","0.12","0.71","0","0",,,"1","225","2024-02-07 15:56:12"
"6543f7e306c0fc611aafc81d",,"5","54","9","2","5","5","1","0","432","533","1","0","2","4","0.37","0.84","0","0",,,"1","230","2024-02-07 15:56:14"
"6543f7e306c0fc611aafc81d",,"5","55","0","2","5","5","1","0","499","632","1","0","1","4","0.12","0.88","0","0",,,"0","230","2024-02-07 15:56:16"
"6543f7e306c0fc611aafc81d",,"5","56","9","2","5","5","1","0","382","516","1","0","2","4","0.37","0.84","0","0",,,"1","235","2024-02-07 15:56:18"
"6543f7e306c0fc611aafc81d",,"5","57","15","2","5","5","0","1","699","816","0","1","4","4","0.78","0.88","0","0",,,"1","240","2024-02-07 15:56:21"
"6543f7e306c0fc611aafc81d",,"5","58","4","2","5","5","0","1","532","633","0","1","1","4","0.16","0.84","0","0",,,"1","245","2024-02-07 15:56:23"
"6543f7e306c0fc611aafc81d",,"5","59","15","2","5","5","1","0","665","799","1","0","4","4","0.78","0.88","0","0",,,"1","250","2024-02-07 15:56:25"
"6543f7e306c0fc611aafc81d",,"5","60","2","2","5","5","0","1","415","532","0","1","1","2","0.12","0.45","0","0",,,"1","255","2024-02-07 15:56:28"
"6543f7e306c0fc611aafc81d",,"5","61","10","2","5","5","1","0","366","482","1","0","2","3","0.37","0.63","0","0",,,"1","260","2024-02-07 15:56:30"
"6543f7e306c0fc611aafc81d",,"5","62","13","2","5","5","0","1","615","716","0","1","3","3","0.55","0.63","0","0",,,"1","265","2024-02-07 15:56:32"
"6543f7e306c0fc611aafc81d",,"5","63","14","2","5","5","0","1","1215","1365","0","1","3","4","0.63","0.78","0","0",,,"1","270","2024-02-07 15:56:35"
"5b72e0698bca7e000103215c",,"0","0","10","2","5","5","1","0","133","1216","18","17","2","3","0.37","0.63","0","0",,,"1","5","2024-02-07 16:24:15"
"5b72e0698bca7e000103215c",,"0","1","15","2","5","5","0","1","216","916","0","1","4","4","0.78","0.88","0","0",,,"1","10","2024-02-07 16:24:18"
"5b72e0698bca7e000103215c",,"0","2","15","2","5","5","1","0","16","1033","1","2","4","4","0.78","0.88","0","0",,,"1","15","2024-02-07 16:24:20"
"5b72e0698bca7e000103215c",,"0","3","12","2","5","5","1","0","633","867","1","0","3","4","0.55","0.88","0","0",,,"1","20","2024-02-07 16:24:22"
"5b72e0698bca7e000103215c",,"0","4","9","2","5","5","1","0","549","816","1","0","2","4","0.37","0.84","0","0",,,"1","25","2024-02-07 16:24:25"
"5b72e0698bca7e000103215c",,"0","5","9","1","5","5","1","1","766","950","1","0","2","4","0.37","0.84","0","0",,,"0","25","2024-02-07 16:24:27"
"5b72e0698bca7e000103215c",,"0","6","2","1","5","5","0","0","999","1200","0","1","1","2","0.12","0.45","0","0",,,"1","30","2024-02-07 16:24:30"
"5b72e0698bca7e000103215c",,"0","7","2","1","5","5","1","1","599","1583","1","1","1","2","0.12","0.45","0","0",,,"0","30","2024-02-07 16:24:33"
"5b72e0698bca7e000103215c",,"0","8","13","1","5","5","0","0","616","883","0","1","3","3","0.55","0.63","0","0",,,"0","30","2024-02-07 16:24:36"
"5b72e0698bca7e000103215c",,"0","9","9","2","5","5","1","0","566","750","1","0","2","4","0.37","0.84","0","0",,,"1","35","2024-02-07 16:24:38"
"5b72e0698bca7e000103215c",,"0","10","8","2","5","5","0","1","749","950","0","1","1","4","0.29","0.71","0","0",,,"1","40","2024-02-07 16:24:41"
"5b72e0698bca7e000103215c",,"0","11","14","2","5","5","1","0","749","900","1","0","3","4","0.63","0.78","0","0",,,"1","45","2024-02-07 16:24:43"
"5b72e0698bca7e000103215c",,"0","12","5","2","5","5","0","1","699","900","0","1","1","3","0.16","0.63","0","0",,,"0","45","2024-02-07 16:24:46"
"5b72e0698bca7e000103215c",,"0","13","3","1","5","5","0","0","983","1166","0","1","1","1","0.12","0.22","0","0",,,"0","45","2024-02-07 16:24:49"
"5b72e0698bca7e000103215c",,"0","14","0","2","5","5","1","0","700","2367","1","0","1","4","0.12","0.88","0","0",,,"0","45","2024-02-07 16:24:52"
"5b72e0698bca7e000103215c",,"0","15","4","1","5","5","0","0","516","1766","1","1","1","4","0.16","0.84","0","0",,,"0","45","2024-02-07 16:24:56"
"5b72e0698bca7e000103215c",,"0","16","11","2","5","5","1","0","716","2250","1","0","2","2","0.37","0.45","0","0",,,"0","45","2024-02-07 16:25:00"
"5b72e0698bca7e000103215c",,"0","17","0","2","5","5","0","1","649","866","0","1","1","4","0.12","0.88","0","0",,,"1","50","2024-02-07 16:25:02"
"5b72e0698bca7e000103215c",,"0","18","8","2","5","5","0","1","500","766","0","1","1","4","0.29","0.71","0","0",,,"1","55","2024-02-07 16:25:05"
"5b72e0698bca7e000103215c",,"0","19","3","2","5","5","0","1","732","1233","0","1","1","1","0.12","0.22","0","0",,,"0","55","2024-02-07 16:25:07"
"5b72e0698bca7e000103215c",,"0","20","1","2","5","5","1","0","500","700","1","0","1","4","0.12","0.71","0","0",,,"0","55","2024-02-07 16:25:10"
"5b72e0698bca7e000103215c",,"0","21","7","2","5","5","0","1","433","617","0","1","1","4","0.29","0.88","0","0",,,"1","60","2024-02-07 16:25:12"
"5b72e0698bca7e000103215c",,"0","22","6","2","5","5","0","1","482","633","0","1","1","2","0.22","0.37","0","0",,,"1","65","2024-02-07 16:25:14"
"5b72e0698bca7e000103215c",,"0","23","15","1","5","5","0","0","399","550","0","1","4","4","0.78","0.88","0","0",,,"1","70","2024-02-07 16:25:16"
"5b72e0698bca7e000103215c",,"0","24","1","2","5","5","0","1","349","466","0","1","1","4","0.12","0.71","0","0",,,"1","75","2024-02-07 16:25:19"
"5b72e0698bca7e000103215c",,"0","25","6","1","5","5","0","0","283","400","0","1","1","2","0.22","0.37","0","0",,,"1","80","2024-02-07 16:25:21"
"5b72e0698bca7e000103215c",,"0","26","0","2","5","5","0","1","283","400","0","1","1","4","0.12","0.88","0","0",,,"1","85","2024-02-07 16:25:23"
"5b72e0698bca7e000103215c",,"0","27","11","1","5","5","0","0","249","400","0","1","2","2","0.37","0.45","0","0",,,"1","90","2024-02-07 16:25:25"
"5b72e0698bca7e000103215c",,"0","28","9","2","5","5","0","1","300","416","0","1","2","4","0.37","0.84","0","0",,,"1","95","2024-02-07 16:25:27"
"5b72e0698bca7e000103215c",,"0","29","7","2","5","5","0","1","249","399","0","1","1","4","0.29","0.88","0","0",,,"1","100","2024-02-07 16:25:29"
"5b72e0698bca7e000103215c",,"0","30","8","1","5","5","0","0","300","400","0","1","1","4","0.29","0.71","0","0",,,"0","100","2024-02-07 16:25:31"
"5b72e0698bca7e000103215c",,"0","31","11","1","5","5","1","1","349","450","1","0","2","2","0.37","0.45","0","0",,,"0","100","2024-02-07 16:25:33"
"5b72e0698bca7e000103215c",,"0","32","6","2","5","5","0","1","250","566","0","1","1","2","0.22","0.37","0","0",,,"1","105","2024-02-07 16:25:35"
"5b72e0698bca7e000103215c",,"0","33","8","2","5","5","0","1","349","550","0","1","1","4","0.29","0.71","0","0",,,"1","110","2024-02-07 16:25:38"
"5b72e0698bca7e000103215c",,"0","34","1","1","5","5","0","0","249","433","0","1","1","4","0.12","0.71","0","0",,,"0","110","2024-02-07 16:25:40"
"5b72e0698bca7e000103215c",,"0","35","15","1","5","5","0","0","166","383","0","1","4","4","0.78","0.88","0","0",,,"0","110","2024-02-07 16:25:42"
"5b72e0698bca7e000103215c",,"0","36","4","1","5","5","1","1","99","749","1","2","1","4","0.16","0.84","0","0",,,"0","110","2024-02-07 16:25:44"
"5b72e0698bca7e000103215c",,"0","37","3","2","5","5","1","0","249","400","1","0","1","1","0.12","0.22","0","0",,,"1","115","2024-02-07 16:25:47"
"5b72e0698bca7e000103215c",,"0","38","4","1","5","5","1","1","383","549","1","0","1","4","0.16","0.84","0","0",,,"0","115","2024-02-07 16:25:49"
"5b72e0698bca7e000103215c",,"0","39","7","2","5","5","0","1","383","550","0","1","1","4","0.29","0.88","0","0",,,"1","120","2024-02-07 16:25:51"
"5b72e0698bca7e000103215c",,"0","40","12","1","5","5","0","0","383","516","0","1","3","4","0.55","0.88","0","0",,,"1","125","2024-02-07 16:25:53"
"5b72e0698bca7e000103215c",,"0","41","5","2","5","5","0","1","399","533","0","1","1","3","0.16","0.63","0","0",,,"1","130","2024-02-07 16:25:55"
"5b72e0698bca7e000103215c",,"0","42","2","1","5","5","0","0","366","516","0","1","1","2","0.12","0.45","0","0",,,"0","130","2024-02-07 16:25:57"
"5b72e0698bca7e000103215c",,"0","43","12","1","5","5","1","1","349","500","1","0","3","4","0.55","0.88","0","0",,,"0","130","2024-02-07 16:26:00"
"5b72e0698bca7e000103215c",,"0","44","5","1","5","5","0","0","149","350","0","1","1","3","0.16","0.63","0","0",,,"1","135","2024-02-07 16:26:02"
"5b72e0698bca7e000103215c",,"0","45","5","1","5","5","0","0","999","1133","0","1","1","3","0.16","0.63","0","0",,,"1","140","2024-02-07 16:26:05"
"5b72e0698bca7e000103215c",,"0","46","13","2","5","5","0","1","349","500","0","1","3","3","0.55","0.63","0","0",,,"0","140","2024-02-07 16:26:07"
"5b72e0698bca7e000103215c",,"0","47","12","1","5","5","1","1","283","433","1","0","3","4","0.55","0.88","0","0",,,"1","145","2024-02-07 16:26:09"
"5b72e0698bca7e000103215c",,"0","48","10","1","5","5","0","0","366","583","0","1","2","3","0.37","0.63","0","0",,,"1","150","2024-02-07 16:26:11"
"5b72e0698bca7e000103215c",,"0","49","4","1","5","5","0","0","216","399","0","1","1","4","0.16","0.84","0","0",,,"0","150","2024-02-07 16:26:13"
"5b72e0698bca7e000103215c",,"0","50","14","1","5","5","1","1","99","316","2","0","3","4","0.63","0.78","0","0",,,"1","155","2024-02-07 16:26:15"
"5b72e0698bca7e000103215c",,"0","51","0","1","5","5","1","1","399","550","1","0","1","4","0.12","0.88","0","0",,,"1","160","2024-02-07 16:26:17"
"5b72e0698bca7e000103215c",,"0","52","10","2","5","5","1","0","433","583","1","0","2","3","0.37","0.63","0","0",,,"1","165","2024-02-07 16:26:20"
"5b72e0698bca7e000103215c",,"0","53","2","2","5","5","1","0","416","583","1","0","1","2","0.12","0.45","0","0",,,"0","165","2024-02-07 16:26:22"
"5b72e0698bca7e000103215c",,"0","54","14","2","5","5","0","1","333","550","0","1","3","4","0.63","0.78","0","0",,,"1","170","2024-02-07 16:26:24"
"5b72e0698bca7e000103215c",,"0","55","13","2","5","5","0","1","149","483","0","1","3","3","0.55","0.63","0","0",,,"1","175","2024-02-07 16:26:26"
"5b72e0698bca7e000103215c",,"0","56","11","1","5","5","0","0","266","466","0","1","2","2","0.37","0.45","0","0",,,"0","175","2024-02-07 16:26:28"
"5b72e0698bca7e000103215c",,"0","57","3","1","5","5","0","0","16","283","0","2","1","1","0.12","0.22","0","0",,,"0","175","2024-02-07 16:26:30"
"5b72e0698bca7e000103215c",,"0","58","10","1","5","5","0","0","16","50","0","1","2","3","0.37","0.63","0","0",,,"1","180","2024-02-07 16:26:32"
"5b72e0698bca7e000103215c",,"0","59","6","2","5","5","0","1","16","200","0","2","1","2","0.22","0.37","0","0",,,"1","185","2024-02-07 16:26:34"
"5b72e0698bca7e000103215c",,"0","60","13","1","5","5","0","0","16","66","0","1","3","3","0.55","0.63","0","0",,,"0","185","2024-02-07 16:26:36"
"5b72e0698bca7e000103215c",,"0","61","14","2","5","5","0","1","16","50","0","1","3","4","0.63","0.78","0","0",,,"1","190","2024-02-07 16:26:38"
"5b72e0698bca7e000103215c",,"0","62","7","1","5","5","0","0","16","166","0","2","1","4","0.29","0.88","0","0",,,"0","190","2024-02-07 16:26:40"
"5b72e0698bca7e000103215c",,"0","63","1","1","5","5","0","0","16","116","0","1","1","4","0.12","0.71","0","0",,,"0","190","2024-02-07 16:26:42"
"5b72e0698bca7e000103215c",,"1","0","10","1","5","5","1","1","16","816","2","3","2","3","0.37","0.63","0","0",,,"0","0","2024-02-07 16:26:57"
"5b72e0698bca7e000103215c",,"1","1","0","1","5","5","0","0","16","566","0","2","1","4","0.12","0.88","0","0",,,"1","5","2024-02-07 16:27:00"
"5b72e0698bca7e000103215c",,"1","2","11","1","5","5","0","0","16","50","0","1","2","2","0.37","0.45","0","0",,,"1","10","2024-02-07 16:27:01"
"5b72e0698bca7e000103215c",,"1","3","13","2","5","5","0","1","16","50","0","1","3","3","0.55","0.63","0","0",,,"0","10","2024-02-07 16:27:03"
"5b72e0698bca7e000103215c",,"1","4","9","1","5","5","0","0","16","50","0","1","2","4","0.37","0.84","0","0",,,"0","10","2024-02-07 16:27:05"
"5b72e0698bca7e000103215c",,"1","5","4","2","5","5","0","1","16","50","0","1","1","4","0.16","0.84","0","0",,,"1","15","2024-02-07 16:27:07"
"5b72e0698bca7e000103215c",,"1","6","5","2","5","5","0","1","16","50","0","1","1","3","0.16","0.63","0","0",,,"1","20","2024-02-07 16:27:09"
"5b72e0698bca7e000103215c",,"1","7","8","2","5","5","0","1","16","50","0","1","1","4","0.29","0.71","0","0",,,"0","20","2024-02-07 16:27:10"
"5b72e0698bca7e000103215c",,"1","8","13","2","5","5","0","1","16","49","0","1","3","3","0.55","0.63","0","0",,,"1","25","2024-02-07 16:27:12"
"5b72e0698bca7e000103215c",,"1","9","3","2","5","5","0","1","16","50","0","1","1","1","0.12","0.22","0","0",,,"0","25","2024-02-07 16:27:14"
"5b72e0698bca7e000103215c",,"1","10","8","1","5","5","0","0","16","50","0","1","1","4","0.29","0.71","0","0",,,"0","25","2024-02-07 16:27:16"
"5b72e0698bca7e000103215c",,"1","11","4","1","5","5","0","0","16","49","0","1","1","4","0.16","0.84","0","0",,,"0","25","2024-02-07 16:27:18"
"5b72e0698bca7e000103215c",,"1","12","13","2","5","5","0","1","16","50","0","1","3","3","0.55","0.63","0","0",,,"1","30","2024-02-07 16:27:20"
"5b72e0698bca7e000103215c",,"1","13","4","1","5","5","0","0","16","1066","0","2","1","4","0.16","0.84","0","0",,,"1","35","2024-02-07 16:27:22"
"5b72e0698bca7e000103215c",,"1","14","14","1","5","5","0","0","16","416","0","2","3","4","0.63","0.78","0","0",,,"0","35","2024-02-07 16:27:24"
"5b72e0698bca7e000103215c",,"1","15","5","1","5","5","0","0","16","283","0","2","1","3","0.16","0.63","0","0",,,"0","35","2024-02-07 16:27:27"
"5b72e0698bca7e000103215c",,"1","16","7","2","5","5","0","1","16","300","0","2","1","4","0.29","0.88","0","0",,,"1","40","2024-02-07 16:27:29"
"5b72e0698bca7e000103215c",,"1","17","10","1","5","5","0","0","16","316","0","2","2","3","0.37","0.63","0","0",,,"0","40","2024-02-07 16:27:31"
"5b72e0698bca7e000103215c",,"1","18","1","2","5","5","0","1","16","116","0","1","1","4","0.12","0.71","0","0",,,"1","45","2024-02-07 16:27:33"
"5b72e0698bca7e000103215c",,"1","19","4","1","5","5","0","0","16","200","0","2","1","4","0.16","0.84","0","0",,,"0","45","2024-02-07 16:27:34"
"5b72e0698bca7e000103215c",,"1","20","6","1","5","5","0","0","16","49","0","1","1","2","0.22","0.37","0","0",,,"0","45","2024-02-07 16:27:36"
"5b72e0698bca7e000103215c",,"1","21","0","1","5","5","1","1","16","349","1","2","1","4","0.12","0.88","0","0",,,"0","45","2024-02-07 16:27:39"
"5b72e0698bca7e000103215c",,"1","22","10","1","5","5","0","0","16","66","0","1","2","3","0.37","0.63","0","0",,,"1","50","2024-02-07 16:27:40"
"5b72e0698bca7e000103215c",,"1","23","1","2","5","5","0","1","16","216","0","2","1","4","0.12","0.71","0","0",,,"1","55","2024-02-07 16:27:42"
"5b72e0698bca7e000103215c",,"1","24","10","1","5","5","0","0","16","200","0","2","2","3","0.37","0.63","0","0",,,"1","60","2024-02-07 16:27:44"
"5b72e0698bca7e000103215c",,"1","25","14","1","5","5","0","0","16","249","0","2","3","4","0.63","0.78","0","0",,,"1","65","2024-02-07 16:27:46"
"5b72e0698bca7e000103215c",,"1","26","11","2","5","5","0","1","33","116","0","1","2","2","0.37","0.45","0","0",,,"0","65","2024-02-07 16:27:48"
"5b72e0698bca7e000103215c",,"1","27","6","2","5","5","0","1","16","50","0","1","1","2","0.22","0.37","0","0",,,"0","65","2024-02-07 16:27:50"
"5b72e0698bca7e000103215c",,"1","28","1","2","5","5","0","1","16","50","0","1","1","4","0.12","0.71","0","0",,,"0","65","2024-02-07 16:27:52"
"5b72e0698bca7e000103215c",,"1","29","2","2","5","5","0","1","16","100","0","1","1","2","0.12","0.45","0","0",,,"1","70","2024-02-07 16:27:54"
"5b72e0698bca7e000103215c",,"1","30","13","1","5","5","0","0","16","50","0","1","3","3","0.55","0.63","0","0",,,"1","75","2024-02-07 16:27:55"
"5b72e0698bca7e000103215c",,"1","31","6","1","5","5","0","0","33","66","0","1","1","2","0.22","0.37","0","0",,,"0","75","2024-02-07 16:27:57"
"5b72e0698bca7e000103215c",,"1","32","5","2","5","5","0","1","16","116","0","1","1","3","0.16","0.63","0","0",,,"0","75","2024-02-07 16:27:59"
"5b72e0698bca7e000103215c",,"1","33","12","1","5","5","0","0","16","116","0","1","3","4","0.55","0.88","0","0",,,"0","75","2024-02-07 16:28:01"
"5b72e0698bca7e000103215c",,"1","34","6","2","5","5","0","1","33","133","0","1","1","2","0.22","0.37","0","0",,,"0","75","2024-02-07 16:28:03"
"5b72e0698bca7e000103215c",,"1","35","1","1","5","5","0","0","32","66","0","1","1","4","0.12","0.71","0","0",,,"0","75","2024-02-07 16:28:05"
"5b72e0698bca7e000103215c",,"1","36","3","2","5","5","0","1","16","50","0","1","1","1","0.12","0.22","0","0",,,"0","75","2024-02-07 16:28:07"
"5b72e0698bca7e000103215c",,"1","37","2","2","5","5","0","1","16","49","0","1","1","2","0.12","0.45","0","0",,,"1","80","2024-02-07 16:28:09"
"5b72e0698bca7e000103215c",,"1","38","8","1","5","5","0","0","16","50","0","1","1","4","0.29","0.71","0","0",,,"0","80","2024-02-07 16:28:11"
"5b72e0698bca7e000103215c",,"1","39","5","2","5","5","0","1","16","183","0","2","1","3","0.16","0.63","0","0",,,"0","80","2024-02-07 16:28:13"
"5b72e0698bca7e000103215c",,"1","40","3","1","5","5","0","0","16","50","0","1","1","1","0.12","0.22","0","0",,,"1","85","2024-02-07 16:28:15"
"5b72e0698bca7e000103215c",,"1","41","14","1","5","5","0","0","33","116","0","1","3","4","0.63","0.78","0","0",,,"0","85","2024-02-07 16:28:16"
"5b72e0698bca7e000103215c",,"1","42","15","1","5","5","0","0","16","50","0","1","4","4","0.78","0.88","0","0",,,"1","90","2024-02-07 16:28:18"
"5b72e0698bca7e000103215c",,"1","43","11","2","5","5","0","1","16","200","0","2","2","2","0.37","0.45","0","0",,,"1","95","2024-02-07 16:28:20"
"5b72e0698bca7e000103215c",,"1","44","15","2","5","5","0","1","16","217","0","2","4","4","0.78","0.88","0","0",,,"1","100","2024-02-07 16:28:22"
"5b72e0698bca7e000103215c",,"1","45","7","1","5","5","0","0","16","316","0","2","1","4","0.29","0.88","0","0",,,"0","100","2024-02-07 16:28:24"
"5b72e0698bca7e000103215c",,"1","46","7","1","5","5","0","0","16","283","0","2","1","4","0.29","0.88","0","0",,,"0","100","2024-02-07 16:28:26"
"5b72e0698bca7e000103215c",,"1","47","15","1","5","5","0","0","16","200","0","2","4","4","0.78","0.88","0","0",,,"1","105","2024-02-07 16:28:28"
"5b72e0698bca7e000103215c",,"1","48","9","2","5","5","0","1","16","200","0","2","2","4","0.37","0.84","0","0",,,"0","105","2024-02-07 16:28:30"
"5b72e0698bca7e000103215c",,"1","49","11","2","5","5","0","1","16","133","0","1","2","2","0.37","0.45","0","0",,,"1","110","2024-02-07 16:28:32"
"5b72e0698bca7e000103215c",,"1","50","12","1","5","5","0","0","16","50","0","1","3","4","0.55","0.88","0","0",,,"1","115","2024-02-07 16:28:34"
"5b72e0698bca7e000103215c",,"1","51","7","2","5","5","0","1","17","50","0","1","1","4","0.29","0.88","0","0",,,"1","120","2024-02-07 16:28:36"
"5b72e0698bca7e000103215c",,"1","52","8","1","5","5","0","0","18","83","0","1","1","4","0.29","0.71","0","0",,,"0","120","2024-02-07 16:28:37"
"5b72e0698bca7e000103215c",,"1","53","0","1","5","5","0","0","16","133","0","1","1","4","0.12","0.88","0","0",,,"0","120","2024-02-07 16:28:39"
"5b72e0698bca7e000103215c",,"1","54","9","1","5","5","0","0","16","50","0","1","2","4","0.37","0.84","0","0",,,"1","125","2024-02-07 16:28:41"
"5b72e0698bca7e000103215c",,"1","55","15","2","5","5","0","1","16","83","0","1","4","4","0.78","0.88","0","0",,,"1","130","2024-02-07 16:28:43"
"5b72e0698bca7e000103215c",,"1","56","0","2","5","5","0","1","33","200","0","2","1","4","0.12","0.88","0","0",,,"1","135","2024-02-07 16:28:45"
"5b72e0698bca7e000103215c",,"1","57","2","1","5","5","0","0","16","66","0","1","1","2","0.12","0.45","0","0",,,"0","135","2024-02-07 16:28:47"
"5b72e0698bca7e000103215c",,"1","58","14","2","5","5","0","1","16","216","0","2","3","4","0.63","0.78","0","0",,,"1","140","2024-02-07 16:28:49"
"5b72e0698bca7e000103215c",,"1","59","3","1","5","5","0","0","16","183","0","2","1","1","0.12","0.22","0","0",,,"0","140","2024-02-07 16:28:50"
"5b72e0698bca7e000103215c",,"1","60","12","2","5","5","0","1","16","66","0","1","3","4","0.55","0.88","0","0",,,"1","145","2024-02-07 16:28:52"
"5b72e0698bca7e000103215c",,"1","61","12","2","5","5","0","1","16","183","0","2","3","4","0.55","0.88","0","0",,,"1","150","2024-02-07 16:28:54"
"5b72e0698bca7e000103215c",,"1","62","9","1","5","5","0","0","16","99","0","1","2","4","0.37","0.84","0","0",,,"1","155","2024-02-07 16:28:56"
"5b72e0698bca7e000103215c",,"1","63","2","1","5","5","0","0","16","50","0","1","1","2","0.12","0.45","0","0",,,"0","155","2024-02-07 16:28:58"
"5b72e0698bca7e000103215c",,"2","0","13","1","5","5","0","0","16","483","0","2","3","3","0.55","0.63","0","0",,,"1","5","2024-02-07 16:29:09"
"5b72e0698bca7e000103215c",,"2","1","9","1","5","5","0","0","16","333","0","2","2","4","0.37","0.84","0","0",,,"0","5","2024-02-07 16:29:11"
"5b72e0698bca7e000103215c",,"2","2","7","2","5","5","0","1","16","183","0","2","1","4","0.29","0.88","0","0",,,"1","10","2024-02-07 16:29:13"
"5b72e0698bca7e000103215c",,"2","3","14","1","5","5","0","0","33","400","0","2","3","4","0.63","0.78","0","0",,,"0","10","2024-02-07 16:29:15"
"5b72e0698bca7e000103215c",,"2","4","10","2","5","5","0","1","16","183","0","2","2","3","0.37","0.63","0","0",,,"1","15","2024-02-07 16:29:17"
"5b72e0698bca7e000103215c",,"2","5","9","2","5","5","0","1","16","300","0","2","2","4","0.37","0.84","0","0",,,"1","20","2024-02-07 16:29:18"
"5b72e0698bca7e000103215c",,"2","6","5","2","5","5","0","1","16","249","0","2","1","3","0.16","0.63","0","0",,,"0","20","2024-02-07 16:29:20"
"5b72e0698bca7e000103215c",,"2","7","10","2","5","5","0","1","16","50","0","1","2","3","0.37","0.63","0","0",,,"0","20","2024-02-07 16:29:22"
"5b72e0698bca7e000103215c",,"2","8","9","2","5","5","0","1","16","50","0","1","2","4","0.37","0.84","0","0",,,"1","25","2024-02-07 16:29:24"
"5b72e0698bca7e000103215c",,"2","9","6","1","5","5","0","0","16","366","0","2","1","2","0.22","0.37","0","0",,,"0","25","2024-02-07 16:29:26"
"5b72e0698bca7e000103215c",,"2","10","11","1","5","5","0","0","16","299","0","2","2","2","0.37","0.45","0","0",,,"0","25","2024-02-07 16:29:28"
"5b72e0698bca7e000103215c",,"2","11","3","1","5","5","0","0","16","266","0","2","1","1","0.12","0.22","0","0",,,"0","25","2024-02-07 16:29:31"
"5b72e0698bca7e000103215c",,"2","12","3","2","5","5","0","1","33","266","0","2","1","1","0.12","0.22","0","0",,,"0","25","2024-02-07 16:29:33"
"5b72e0698bca7e000103215c",,"2","13","4","2","5","5","0","1","483","633","0","1","1","4","0.16","0.84","0","0",,,"1","30","2024-02-07 16:29:35"
"5b72e0698bca7e000103215c",,"2","14","13","2","5","5","1","0","16","316","2","0","3","3","0.55","0.63","0","0",,,"1","35","2024-02-07 16:29:37"
"5b72e0698bca7e000103215c",,"2","15","10","2","5","5","0","1","16","183","0","2","2","3","0.37","0.63","0","0",,,"1","40","2024-02-07 16:29:39"
"5b72e0698bca7e000103215c",,"2","16","14","1","5","5","0","0","16","66","0","1","3","4","0.63","0.78","0","0",,,"1","45","2024-02-07 16:29:41"
"5b72e0698bca7e000103215c",,"2","17","4","1","5","5","0","0","16","200","0","2","1","4","0.16","0.84","0","0",,,"1","50","2024-02-07 16:29:42"
"5b72e0698bca7e000103215c",,"2","18","0","1","5","5","0","0","16","66","0","1","1","4","0.12","0.88","0","0",,,"0","50","2024-02-07 16:29:44"
"5b72e0698bca7e000103215c",,"2","19","12","2","5","5","1","0","33","66","1","0","3","4","0.55","0.88","0","0",,,"1","55","2024-02-07 16:29:46"
"5b72e0698bca7e000103215c",,"2","20","3","1","5","5","0","0","16","83","0","1","1","1","0.12","0.22","0","0",,,"0","55","2024-02-07 16:29:48"
"5b72e0698bca7e000103215c",,"2","21","11","2","5","5","1","0","16","49","1","0","2","2","0.37","0.45","0","0",,,"1","60","2024-02-07 16:29:50"
"5b72e0698bca7e000103215c",,"2","22","10","1","5","5","0","0","16","200","0","2","2","3","0.37","0.63","0","0",,,"1","65","2024-02-07 16:29:52"
"5b72e0698bca7e000103215c",,"2","23","0","2","5","5","1","0","16","66","1","0","1","4","0.12","0.88","0","0",,,"1","70","2024-02-07 16:29:53"
"5b72e0698bca7e000103215c",,"2","24","13","2","5","5","0","1","16","183","0","2","3","3","0.55","0.63","0","0",,,"1","75","2024-02-07 16:29:55"
"5b72e0698bca7e000103215c",,"2","25","2","2","5","5","1","0","16","250","2","0","1","2","0.12","0.45","0","0",,,"0","75","2024-02-07 16:29:57"
"5b72e0698bca7e000103215c",,"2","26","15","2","5","5","1","0","16","50","1","0","4","4","0.78","0.88","0","0",,,"1","80","2024-02-07 16:29:59"
"5b72e0698bca7e000103215c",,"2","27","7","2","5","5","0","1","16","50","0","1","1","4","0.29","0.88","0","0",,,"1","85","2024-02-07 16:30:01"
"5b72e0698bca7e000103215c",,"2","28","0","1","5","5","0","0","16","216","0","2","1","4","0.12","0.88","0","0",,,"0","85","2024-02-07 16:30:03"
"5b72e0698bca7e000103215c",,"2","29","3","1","5","5","1","1","150","300","1","0","1","1","0.12","0.22","0","0",,,"0","85","2024-02-07 16:30:05"
"5b72e0698bca7e000103215c",,"2","30","5","1","5","5","1","1","99","200","2","0","1","3","0.16","0.63","0","0",,,"0","85","2024-02-07 16:30:07"
"5b72e0698bca7e000103215c",,"2","31","14","1","5","5","0","0","16","50","0","1","3","4","0.63","0.78","0","0",,,"0","85","2024-02-07 16:30:09"
"5b72e0698bca7e000103215c",,"2","32","11","2","5","5","1","0","16","49","1","0","2","2","0.37","0.45","0","0",,,"1","90","2024-02-07 16:30:11"
"5b72e0698bca7e000103215c",,"2","33","6","2","5","5","0","1","16","200","0","2","1","2","0.22","0.37","0","0",,,"1","95","2024-02-07 16:30:12"
"5b72e0698bca7e000103215c",,"2","34","5","2","5","5","1","0","16","49","1","0","1","3","0.16","0.63","0","0",,,"1","100","2024-02-07 16:30:14"
"5b72e0698bca7e000103215c",,"2","35","12","1","5","5","0","0","16","50","0","1","3","4","0.55","0.88","0","0",,,"1","105","2024-02-07 16:30:16"
"5b72e0698bca7e000103215c",,"2","36","6","2","5","5","1","0","16","66","1","0","1","2","0.22","0.37","0","0",,,"0","105","2024-02-07 16:30:18"
"5b72e0698bca7e000103215c",,"2","37","11","2","5","5","0","1","16","216","0","2","2","2","0.37","0.45","0","0",,,"0","105","2024-02-07 16:30:20"
"5b72e0698bca7e000103215c",,"2","38","1","2","5","5","1","0","16","633","2","0","1","4","0.12","0.71","0","0",,,"1","110","2024-02-07 16:30:22"
"5b72e0698bca7e000103215c",,"2","39","5","2","5","5","1","0","16","783","1","2","1","3","0.16","0.63","0","0",,,"1","115","2024-02-07 16:30:24"
"5b72e0698bca7e000103215c",,"2","40","6","1","5","5","0","0","566","800","0","1","1","2","0.22","0.37","0","0",,,"1","120","2024-02-07 16:30:27"
"5b72e0698bca7e000103215c",,"2","41","15","2","5","5","0","1","1149","1316","0","1","4","4","0.78","0.88","0","0",,,"1","125","2024-02-07 16:30:30"
"5b72e0698bca7e000103215c",,"2","42","15","1","5","5","0","0","683","833","0","1","4","4","0.78","0.88","0","0",,,"1","130","2024-02-07 16:30:32"
"5b72e0698bca7e000103215c",,"2","43","14","2","5","5","0","1","533","1533","1","1","3","4","0.63","0.78","0","0",,,"1","135","2024-02-07 16:30:35"
"5b72e0698bca7e000103215c",,"2","44","2","1","5","5","1","1","883","1066","1","0","1","2","0.12","0.45","0","0",,,"1","140","2024-02-07 16:30:38"
"5b72e0698bca7e000103215c",,"2","45","8","2","5","5","0","1","816","983","0","1","1","4","0.29","0.71","0","0",,,"1","145","2024-02-07 16:30:40"
"5b72e0698bca7e000103215c",,"2","46","12","1","5","5","0","0","733","883","0","1","3","4","0.55","0.88","0","0",,,"0","145","2024-02-07 16:30:43"
"5b72e0698bca7e000103215c",,"2","47","7","2","5","5","0","1","483","650","0","1","1","4","0.29","0.88","0","0",,,"1","150","2024-02-07 16:30:45"
"5b72e0698bca7e000103215c",,"2","48","9","2","5","5","0","1","716","933","0","1","2","4","0.37","0.84","0","0",,,"1","155","2024-02-07 16:30:48"
"5b72e0698bca7e000103215c",,"2","49","4","2","5","5","0","1","566","850","0","1","1","4","0.16","0.84","0","0",,,"1","160","2024-02-07 16:30:50"
"5b72e0698bca7e000103215c",,"2","50","1","2","5","5","1","0","533","700","1","0","1","4","0.12","0.71","0","0",,,"1","165","2024-02-07 16:30:52"
"5b72e0698bca7e000103215c",,"2","51","1","2","5","5","1","0","800","1033","1","0","1","4","0.12","0.71","0","0",,,"0","165","2024-02-07 16:30:55"
"5b72e0698bca7e000103215c",,"2","52","15","2","5","5","0","1","566","750","0","1","4","4","0.78","0.88","0","0",,,"1","170","2024-02-07 16:30:57"
"5b72e0698bca7e000103215c",,"2","53","13","2","5","5","1","0","799","966","1","0","3","3","0.55","0.63","0","0",,,"0","170","2024-02-07 16:31:00"
"5b72e0698bca7e000103215c",,"2","54","4","1","5","5","0","0","599","766","0","1","1","4","0.16","0.84","0","0",,,"0","170","2024-02-07 16:31:02"
"5b72e0698bca7e000103215c",,"2","55","8","2","5","5","0","1","416","633","0","1","1","4","0.29","0.71","0","0",,,"1","175","2024-02-07 16:31:05"
"5b72e0698bca7e000103215c",,"2","56","12","2","5","5","0","1","416","566","0","1","3","4","0.55","0.88","0","0",,,"1","180","2024-02-07 16:31:07"
"5b72e0698bca7e000103215c",,"2","57","8","1","5","5","1","1","450","650","1","0","1","4","0.29","0.71","0","0",,,"0","180","2024-02-07 16:31:09"
"5b72e0698bca7e000103215c",,"2","58","7","2","5","5","0","1","283","616","0","1","1","4","0.29","0.88","0","0",,,"0","180","2024-02-07 16:31:12"
"5b72e0698bca7e000103215c",,"2","59","2","2","5","5","0","1","566","733","0","1","1","2","0.12","0.45","0","0",,,"1","185","2024-02-07 16:31:14"
"5b72e0698bca7e000103215c",,"2","60","2","2","5","5","1","0","616","700","1","0","1","2","0.12","0.45","0","0",,,"0","185","2024-02-07 16:31:16"
"5b72e0698bca7e000103215c",,"2","61","8","1","5","5","1","1","16","933","1","2","1","4","0.29","0.71","0","0",,,"1","190","2024-02-07 16:31:19"
"5b72e0698bca7e000103215c",,"2","62","0","2","5","5","0","1","333","549","0","1","1","4","0.12","0.88","0","0",,,"1","195","2024-02-07 16:31:21"
"5b72e0698bca7e000103215c",,"2","63","1","2","5","5","0","1","699","916","0","1","1","4","0.12","0.71","0","0",,,"1","200","2024-02-07 16:31:24"
"5b72e0698bca7e000103215c",,"3","0","4","2","5","5","1","0","16","750","2","1","1","4","0.16","0.84","0","0",,,"1","5","2024-02-07 16:31:38"
"5b72e0698bca7e000103215c",,"3","1","4","2","5","5","0","1","616","783","0","1","1","4","0.16","0.84","0","0",,,"1","10","2024-02-07 16:31:40"
"5b72e0698bca7e000103215c",,"3","2","1","2","5","5","0","1","683","850","0","1","1","4","0.12","0.71","0","0",,,"1","15","2024-02-07 16:31:43"
"5b72e0698bca7e000103215c",,"3","3","13","2","5","5","0","1","1200","1416","0","1","3","3","0.55","0.63","0","0",,,"1","20","2024-02-07 16:31:45"
"5b72e0698bca7e000103215c",,"3","4","1","2","5","5","1","0","649","1049","1","0","1","4","0.12","0.71","0","0",,,"1","25","2024-02-07 16:31:48"
"5b72e0698bca7e000103215c",,"3","5","11","2","5","5","0","1","533","833","0","1","2","2","0.37","0.45","0","0",,,"1","30","2024-02-07 16:31:50"
"5b72e0698bca7e000103215c",,"3","6","7","2","5","5","0","1","583","733","0","1","1","4","0.29","0.88","0","0",,,"1","35","2024-02-07 16:31:53"
"5b72e0698bca7e000103215c",,"3","7","9","2","5","5","1","0","516","649","1","0","2","4","0.37","0.84","0","0",,,"1","40","2024-02-07 16:31:55"
"5b72e0698bca7e000103215c",,"3","8","11","2","5","5","1","0","866","1033","1","0","2","2","0.37","0.45","0","0",,,"1","45","2024-02-07 16:31:58"
"5b72e0698bca7e000103215c",,"3","9","8","2","5","5","1","0","566","716","1","0","1","4","0.29","0.71","0","0",,,"1","50","2024-02-07 16:32:00"
"5b72e0698bca7e000103215c",,"3","10","15","2","5","5","1","0","583","1100","1","1","4","4","0.78","0.88","0","0",,,"1","55","2024-02-07 16:32:02"
"5b72e0698bca7e000103215c",,"3","11","5","2","5","5","0","1","799","1000","0","1","1","3","0.16","0.63","0","0",,,"0","55","2024-02-07 16:32:05"
"5b72e0698bca7e000103215c",,"3","12","14","2","5","5","1","0","566","683","1","0","3","4","0.63","0.78","0","0",,,"1","60","2024-02-07 16:32:07"
"5b72e0698bca7e000103215c",,"3","13","11","1","5","5","0","0","616","1250","1","1","2","2","0.37","0.45","0","0",,,"0","60","2024-02-07 16:32:10"
"5b72e0698bca7e000103215c",,"3","14","4","2","5","5","1","0","616","750","1","0","1","4","0.16","0.84","0","0",,,"1","65","2024-02-07 16:32:13"
"5b72e0698bca7e000103215c",,"3","15","2","2","5","5","1","0","499","617","1","0","1","2","0.12","0.45","0","0",,,"0","65","2024-02-07 16:32:15"
"5b72e0698bca7e000103215c",,"3","16","13","2","5","5","0","1","516","683","0","1","3","3","0.55","0.63","0","0",,,"1","70","2024-02-07 16:32:17"
"5b72e0698bca7e000103215c",,"3","17","14","2","5","5","0","1","683","850","0","1","3","4","0.63","0.78","0","0",,,"0","70","2024-02-07 16:32:20"
"5b72e0698bca7e000103215c",,"3","18","4","2","5","5","0","1","599","766","0","1","1","4","0.16","0.84","0","0",,,"1","75","2024-02-07 16:32:22"
"5b72e0698bca7e000103215c",,"3","19","3","1","5","5","0","0","499","683","0","1","1","1","0.12","0.22","0","0",,,"0","75","2024-02-07 16:32:25"
"5b72e0698bca7e000103215c",,"3","20","8","2","5","5","1","0","533","683","1","0","1","4","0.29","0.71","0","0",,,"1","80","2024-02-07 16:32:27"
"5b72e0698bca7e000103215c",,"3","21","1","2","5","5","0","1","549","700","0","1","1","4","0.12","0.71","0","0",,,"1","85","2024-02-07 16:32:29"
"5b72e0698bca7e000103215c",,"3","22","10","2","5","5","0","1","899","1116","0","1","2","3","0.37","0.63","0","0",,,"1","90","2024-02-07 16:32:32"
"5b72e0698bca7e000103215c",,"3","23","9","2","5","5","1","0","783","883","1","0","2","4","0.37","0.84","0","0",,,"0","90","2024-02-07 16:32:34"
"5b72e0698bca7e000103215c",,"3","24","15","2","5","5","0","1","416","633","0","1","4","4","0.78","0.88","0","0",,,"1","95","2024-02-07 16:32:37"
"5b72e0698bca7e000103215c",,"3","25","10","1","5","5","1","1","583","733","1","0","2","3","0.37","0.63","0","0",,,"0","95","2024-02-07 16:32:39"
"5b72e0698bca7e000103215c",,"3","26","0","2","5","5","1","0","533","666","1","0","1","4","0.12","0.88","0","0",,,"1","100","2024-02-07 16:32:41"
"5b72e0698bca7e000103215c",,"3","27","12","2","5","5","0","1","366","533","0","1","3","4","0.55","0.88","0","0",,,"1","105","2024-02-07 16:32:44"
"5b72e0698bca7e000103215c",,"3","28","8","2","5","5","0","1","449","616","0","1","1","4","0.29","0.71","0","0",,,"0","105","2024-02-07 16:32:46"
"5b72e0698bca7e000103215c",,"3","29","2","1","5","5","0","0","366","983","1","1","1","2","0.12","0.45","0","0",,,"0","105","2024-02-07 16:32:48"
"5b72e0698bca7e000103215c",,"3","30","6","2","5","5","1","0","583","700","1","0","1","2","0.22","0.37","0","0",,,"0","105","2024-02-07 16:32:51"
"5b72e0698bca7e000103215c",,"3","31","13","2","5","5","1","0","1066","1200","1","0","3","3","0.55","0.63","0","0",,,"1","110","2024-02-07 16:32:54"
"5b72e0698bca7e000103215c",,"3","32","11","1","5","5","0","0","883","1066","0","1","2","2","0.37","0.45","0","0",,,"1","115","2024-02-07 16:32:56"
"5b72e0698bca7e000103215c",,"3","33","2","1","5","5","1","1","533","633","1","0","1","2","0.12","0.45","0","0",,,"0","115","2024-02-07 16:32:59"
"5b72e0698bca7e000103215c",,"3","34","0","1","5","5","1","1","666","750","1","0","1","4","0.12","0.88","0","0",,,"0","115","2024-02-07 16:33:01"
"5b72e0698bca7e000103215c",,"3","35","8","2","5","5","0","1","416","600","0","1","1","4","0.29","0.71","0","0",,,"1","120","2024-02-07 16:33:04"
"5b72e0698bca7e000103215c",,"3","36","3","1","5","5","0","0","933","1083","0","1","1","1","0.12","0.22","0","0",,,"0","120","2024-02-07 16:33:06"
"5b72e0698bca7e000103215c",,"3","37","7","1","5","5","0","0","649","750","0","1","1","4","0.29","0.88","0","0",,,"0","120","2024-02-07 16:33:09"
"5b72e0698bca7e000103215c",,"3","38","3","1","5","5","1","1","716","866","1","0","1","1","0.12","0.22","0","0",,,"0","120","2024-02-07 16:33:11"
"5b72e0698bca7e000103215c",,"3","39","0","2","5","5","0","1","583","949","0","1","1","4","0.12","0.88","0","0",,,"1","125","2024-02-07 16:33:14"
"5b72e0698bca7e000103215c",,"3","40","10","2","5","5","0","1","783","950","0","1","2","3","0.37","0.63","0","0",,,"0","125","2024-02-07 16:33:16"
"5b72e0698bca7e000103215c",,"3","41","12","2","5","5","0","1","583","733","0","1","3","4","0.55","0.88","0","0",,,"1","130","2024-02-07 16:33:19"
"5b72e0698bca7e000103215c",,"3","42","3","2","5","5","0","1","1132","1933","1","1","1","1","0.12","0.22","0","0",,,"0","130","2024-02-07 16:33:22"
"5b72e0698bca7e000103215c",,"3","43","14","2","5","5","1","0","566","1166","1","1","3","4","0.63","0.78","0","0",,,"0","130","2024-02-07 16:33:25"
"5b72e0698bca7e000103215c",,"3","44","10","2","5","5","1","0","583","1166","1","1","2","3","0.37","0.63","0","0",,,"1","135","2024-02-07 16:33:28"
"5b72e0698bca7e000103215c",,"3","45","2","1","5","5","1","1","899","1549","1","0","1","2","0.12","0.45","0","0",,,"0","135","2024-02-07 16:33:31"
"5b72e0698bca7e000103215c",,"3","46","7","2","5","5","0","1","566","833","0","1","1","4","0.29","0.88","0","0",,,"0","135","2024-02-07 16:33:34"
"5b72e0698bca7e000103215c",,"3","47","0","2","5","5","1","0","649","766","1","0","1","4","0.12","0.88","0","0",,,"1","140","2024-02-07 16:33:36"
"5b72e0698bca7e000103215c",,"3","48","5","1","5","5","0","0","533","666","0","1","1","3","0.16","0.63","0","0",,,"1","145","2024-02-07 16:33:38"
"5b72e0698bca7e000103215c",,"3","49","13","2","5","5","1","0","583","666","1","0","3","3","0.55","0.63","0","0",,,"0","145","2024-02-07 16:33:40"
"5b72e0698bca7e000103215c",,"3","50","6","2","5","5","0","1","466","749","0","1","1","2","0.22","0.37","0","0",,,"1","150","2024-02-07 16:33:43"
"5b72e0698bca7e000103215c",,"3","51","6","2","5","5","0","1","466","616","0","1","1","2","0.22","0.37","0","0",,,"0","150","2024-02-07 16:33:45"
"5b72e0698bca7e000103215c",,"3","52","9","2","5","5","0","1","633","766","0","1","2","4","0.37","0.84","0","0",,,"1","155","2024-02-07 16:33:48"
"5b72e0698bca7e000103215c",,"3","53","9","2","5","5","1","0","566","650","1","0","2","4","0.37","0.84","0","0",,,"1","160","2024-02-07 16:33:50"
"5b72e0698bca7e000103215c",,"3","54","5","1","5","5","0","0","516","633","0","1","1","3","0.16","0.63","0","0",,,"1","165","2024-02-07 16:33:52"
"5b72e0698bca7e000103215c",,"3","55","7","2","5","5","1","0","533","616","1","0","1","4","0.29","0.88","0","0",,,"1","170","2024-02-07 16:33:54"
"5b72e0698bca7e000103215c",,"3","56","12","1","5","5","0","0","366","950","0","1","3","4","0.55","0.88","0","0",,,"1","175","2024-02-07 16:33:57"
"5b72e0698bca7e000103215c",,"3","57","15","2","5","5","0","1","350","516","0","1","4","4","0.78","0.88","0","0",,,"1","180","2024-02-07 16:33:59"
"5b72e0698bca7e000103215c",,"3","58","5","1","5","5","0","0","433","566","0","1","1","3","0.16","0.63","0","0",,,"0","180","2024-02-07 16:34:01"
"5b72e0698bca7e000103215c",,"3","59","1","2","5","5","0","1","200","566","0","1","1","4","0.12","0.71","0","0",,,"0","180","2024-02-07 16:34:04"
"5b72e0698bca7e000103215c",,"3","60","6","1","5","5","0","0","16","350","0","2","1","2","0.22","0.37","0","0",,,"0","180","2024-02-07 16:34:06"
"5b72e0698bca7e000103215c",,"3","61","14","1","5","5","1","1","16","367","2","0","3","4","0.63","0.78","0","0",,,"1","185","2024-02-07 16:34:08"
"5b72e0698bca7e000103215c",,"3","62","12","1","5","5","0","0","216","500","0","1","3","4","0.55","0.88","0","0",,,"1","190","2024-02-07 16:34:10"
"5b72e0698bca7e000103215c",,"3","63","15","1","5","5","1","1","550","816","1","0","4","4","0.78","0.88","0","0",,,"1","195","2024-02-07 16:34:12"
"5b72e0698bca7e000103215c",,"4","0","4","1","5","5","1","1","616","749","1","0","1","4","0.16","0.84","0","0",,,"0","0","2024-02-07 16:34:24"
"5b72e0698bca7e000103215c",,"4","1","13","2","5","5","1","0","549","650","1","0","3","3","0.55","0.63","0","0",,,"1","5","2024-02-07 16:34:26"
"5b72e0698bca7e000103215c",,"4","2","3","1","5","5","0","0","183","383","0","1","1","1","0.12","0.22","0","0",,,"0","5","2024-02-07 16:34:28"
"5b72e0698bca7e000103215c",,"4","3","3","1","5","5","0","0","116","266","0","2","1","1","0.12","0.22","0","0",,,"0","5","2024-02-07 16:34:30"
"5b72e0698bca7e000103215c",,"4","4","4","1","5","5","1","1","466","616","1","0","1","4","0.16","0.84","0","0",,,"0","5","2024-02-07 16:34:32"
"5b72e0698bca7e000103215c",,"4","5","9","2","5","5","0","1","516","667","0","1","2","4","0.37","0.84","0","0",,,"1","10","2024-02-07 16:34:35"
"5b72e0698bca7e000103215c",,"4","6","6","2","5","5","0","1","749","916","0","1","1","2","0.22","0.37","0","0",,,"1","15","2024-02-07 16:34:37"
"5b72e0698bca7e000103215c",,"4","7","12","2","5","5","1","0","683","833","1","0","3","4","0.55","0.88","0","0",,,"1","20","2024-02-07 16:34:40"
"5b72e0698bca7e000103215c",,"4","8","3","1","5","5","0","0","883","1350","0","1","1","1","0.12","0.22","0","0",,,"1","25","2024-02-07 16:34:42"
"5b72e0698bca7e000103215c",,"4","9","4","2","5","5","1","0","749","899","1","0","1","4","0.16","0.84","0","0",,,"1","30","2024-02-07 16:34:45"
"5b72e0698bca7e000103215c",,"4","10","1","2","5","5","0","1","416","583","0","1","1","4","0.12","0.71","0","0",,,"0","30","2024-02-07 16:34:47"
"5b72e0698bca7e000103215c",,"4","11","0","2","5","5","0","1","399","549","0","1","1","4","0.12","0.88","0","0",,,"1","35","2024-02-07 16:34:49"
"5b72e0698bca7e000103215c",,"4","12","0","2","5","5","0","1","383","516","0","1","1","4","0.12","0.88","0","0",,,"1","40","2024-02-07 16:34:52"
"5b72e0698bca7e000103215c",,"4","13","7","2","5","5","1","0","466","566","1","0","1","4","0.29","0.88","0","0",,,"1","45","2024-02-07 16:34:54"
"5b72e0698bca7e000103215c",,"4","14","0","2","5","5","1","0","533","683","1","0","1","4","0.12","0.88","0","0",,,"1","50","2024-02-07 16:34:56"
"5b72e0698bca7e000103215c",,"4","15","10","2","5","5","1","0","483","633","1","0","2","3","0.37","0.63","0","0",,,"1","55","2024-02-07 16:34:58"
"5b72e0698bca7e000103215c",,"4","16","6","2","5","5","1","0","999","1466","1","0","1","2","0.22","0.37","0","0",,,"1","60","2024-02-07 16:35:01"
"5b72e0698bca7e000103215c",,"4","17","13","2","5","5","1","0","483","633","1","0","3","3","0.55","0.63","0","0",,,"1","65","2024-02-07 16:35:03"
"5b72e0698bca7e000103215c",,"4","18","15","2","5","5","1","0","449","966","1","1","4","4","0.78","0.88","0","0",,,"0","65","2024-02-07 16:35:06"
"5b72e0698bca7e000103215c",,"4","19","7","2","5","5","0","1","499","683","0","1","1","4","0.29","0.88","0","0",,,"1","70","2024-02-07 16:35:08"
"5b72e0698bca7e000103215c",,"4","20","14","2","5","5","1","0","483","549","1","0","3","4","0.63","0.78","0","0",,,"1","75","2024-02-07 16:35:10"
"5b72e0698bca7e000103215c",,"4","21","4","2","5","5","0","1","399","550","0","1","1","4","0.16","0.84","0","0",,,"1","80","2024-02-07 16:35:13"
"5b72e0698bca7e000103215c",,"4","22","8","2","5","5","0","1","433","633","0","1","1","4","0.29","0.71","0","0",,,"1","85","2024-02-07 16:35:15"
"5b72e0698bca7e000103215c",,"4","23","14","2","5","5","0","1","433","567","0","1","3","4","0.63","0.78","0","0",,,"1","90","2024-02-07 16:35:17"
"5b72e0698bca7e000103215c",,"4","24","12","2","5","5","0","1","399","566","0","1","3","4","0.55","0.88","0","0",,,"0","90","2024-02-07 16:35:19"
"5b72e0698bca7e000103215c",,"4","25","0","2","5","5","1","0","1133","1216","1","0","1","4","0.12","0.88","0","0",,,"1","95","2024-02-07 16:35:22"
"5b72e0698bca7e000103215c",,"4","26","8","2","5","5","0","1","433","583","0","1","1","4","0.29","0.71","0","0",,,"1","100","2024-02-07 16:35:24"
"5b72e0698bca7e000103215c",,"4","27","14","2","5","5","0","1","366","500","0","1","3","4","0.63","0.78","0","0",,,"1","105","2024-02-07 16:35:26"
"5b72e0698bca7e000103215c",,"4","28","1","2","5","5","1","0","483","616","1","0","1","4","0.12","0.71","0","0",,,"1","110","2024-02-07 16:35:29"
"5b72e0698bca7e000103215c",,"4","29","1","2","5","5","0","1","449","583","0","1","1","4","0.12","0.71","0","0",,,"0","110","2024-02-07 16:35:31"
"5b72e0698bca7e000103215c",,"4","30","8","2","5","5","1","0","483","583","1","0","1","4","0.29","0.71","0","0",,,"1","115","2024-02-07 16:35:33"
"5b72e0698bca7e000103215c",,"4","31","13","1","5","5","0","0","399","550","0","1","3","3","0.55","0.63","0","0",,,"1","120","2024-02-07 16:35:35"
"5b72e0698bca7e000103215c",,"4","32","7","2","5","5","0","1","366","549","0","1","1","4","0.29","0.88","0","0",,,"1","125","2024-02-07 16:35:38"
"5b72e0698bca7e000103215c",,"4","33","2","2","5","5","0","1","433","599","0","1","1","2","0.12","0.45","0","0",,,"1","130","2024-02-07 16:35:40"
"5b72e0698bca7e000103215c",,"4","34","5","2","5","5","1","0","499","633","1","0","1","3","0.16","0.63","0","0",,,"1","135","2024-02-07 16:35:42"
"5b72e0698bca7e000103215c",,"4","35","5","2","5","5","1","0","583","716","1","0","1","3","0.16","0.63","0","0",,,"0","135","2024-02-07 16:35:44"
"5b72e0698bca7e000103215c",,"4","36","8","1","5","5","0","0","516","683","0","1","1","4","0.29","0.71","0","0",,,"0","135","2024-02-07 16:35:47"
"5b72e0698bca7e000103215c",,"4","37","6","1","5","5","1","1","683","833","1","0","1","2","0.22","0.37","0","0",,,"0","135","2024-02-07 16:35:49"
"5b72e0698bca7e000103215c",,"4","38","5","2","5","5","0","1","449","650","0","1","1","3","0.16","0.63","0","0",,,"1","140","2024-02-07 16:35:52"
"5b72e0698bca7e000103215c",,"4","39","2","2","5","5","0","1","499","633","0","1","1","2","0.12","0.45","0","0",,,"1","145","2024-02-07 16:35:54"
"5b72e0698bca7e000103215c",,"4","40","12","2","5","5","0","1","466","650","0","1","3","4","0.55","0.88","0","0",,,"1","150","2024-02-07 16:35:56"
"5b72e0698bca7e000103215c",,"4","41","9","2","5","5","0","1","450","566","0","1","2","4","0.37","0.84","0","0",,,"1","155","2024-02-07 16:35:58"
"5b72e0698bca7e000103215c",,"4","42","3","1","5","5","0","0","983","1133","0","1","1","1","0.12","0.22","0","0",,,"0","155","2024-02-07 16:36:01"
"5b72e0698bca7e000103215c",,"4","43","10","2","5","5","0","1","483","633","0","1","2","3","0.37","0.63","0","0",,,"1","160","2024-02-07 16:36:03"
"5b72e0698bca7e000103215c",,"4","44","12","2","5","5","0","1","616","866","0","1","3","4","0.55","0.88","0","0",,,"1","165","2024-02-07 16:36:06"
"5b72e0698bca7e000103215c",,"4","45","15","2","5","5","0","1","533","850","0","1","4","4","0.78","0.88","0","0",,,"0","165","2024-02-07 16:36:08"
"5b72e0698bca7e000103215c",,"4","46","1","2","5","5","0","1","383","566","0","1","1","4","0.12","0.71","0","0",,,"1","170","2024-02-07 16:36:10"
"5b72e0698bca7e000103215c",,"4","47","9","2","5","5","1","0","599","750","1","0","2","4","0.37","0.84","0","0",,,"0","170","2024-02-07 16:36:13"
"5b72e0698bca7e000103215c",,"4","48","13","2","5","5","0","1","416","583","0","1","3","3","0.55","0.63","0","0",,,"1","175","2024-02-07 16:36:15"
"5b72e0698bca7e000103215c",,"4","49","5","2","5","5","0","1","416","566","0","1","1","3","0.16","0.63","0","0",,,"1","180","2024-02-07 16:36:17"
"5b72e0698bca7e000103215c",,"4","50","14","2","5","5","0","1","466","616","0","1","3","4","0.63","0.78","0","0",,,"0","180","2024-02-07 16:36:19"
"5b72e0698bca7e000103215c",,"4","51","10","2","5","5","0","1","433","566","0","1","2","3","0.37","0.63","0","0",,,"1","185","2024-02-07 16:36:22"
"5b72e0698bca7e000103215c",,"4","52","11","2","5","5","0","1","450","616","0","1","2","2","0.37","0.45","0","0",,,"0","185","2024-02-07 16:36:24"
"5b72e0698bca7e000103215c",,"4","53","11","2","5","5","1","0","499","633","1","0","2","2","0.37","0.45","0","0",,,"1","190","2024-02-07 16:36:26"
"5b72e0698bca7e000103215c",,"4","54","15","2","5","5","1","0","399","900","1","1","4","4","0.78","0.88","0","0",,,"0","190","2024-02-07 16:36:29"
"5b72e0698bca7e000103215c",,"4","55","2","2","5","5","1","0","349","816","1","1","1","2","0.12","0.45","0","0",,,"1","195","2024-02-07 16:36:31"
"5b72e0698bca7e000103215c",,"4","56","2","2","5","5","1","0","483","649","1","0","1","2","0.12","0.45","0","0",,,"1","200","2024-02-07 16:36:34"
"5b72e0698bca7e000103215c",,"4","57","15","1","5","5","1","1","949","1099","1","0","4","4","0.78","0.88","0","0",,,"1","205","2024-02-07 16:36:36"
"5b72e0698bca7e000103215c",,"4","58","6","2","5","5","0","1","583","750","0","1","1","2","0.22","0.37","0","0",,,"0","205","2024-02-07 16:36:39"
"5b72e0698bca7e000103215c",,"4","59","10","1","5","5","0","0","216","400","0","1","2","3","0.37","0.63","0","0",,,"1","210","2024-02-07 16:36:41"
"5b72e0698bca7e000103215c",,"4","60","7","2","5","5","1","0","499","616","1","0","1","4","0.29","0.88","0","0",,,"1","215","2024-02-07 16:36:43"
"5b72e0698bca7e000103215c",,"4","61","11","1","5","5","0","0","666","850","0","1","2","2","0.37","0.45","0","0",,,"0","215","2024-02-07 16:36:45"
"5b72e0698bca7e000103215c",,"4","62","11","2","5","5","0","1","349","516","0","1","2","2","0.37","0.45","0","0",,,"0","215","2024-02-07 16:36:48"
"5b72e0698bca7e000103215c",,"4","63","9","2","5","5","0","1","399","566","0","1","2","4","0.37","0.84","0","0",,,"1","220","2024-02-07 16:36:50"
"5b72e0698bca7e000103215c",,"5","0","7","2","5","5","0","1","449","616","0","1","1","4","0.29","0.88","0","0",,,"1","5","2024-02-07 16:37:00"
"5b72e0698bca7e000103215c",,"5","1","2","2","5","5","1","0","566","700","1","0","1","2","0.12","0.45","0","0",,,"0","5","2024-02-07 16:37:03"
"5b72e0698bca7e000103215c",,"5","2","4","2","5","5","1","0","583","950","1","0","1","4","0.16","0.84","0","0",,,"0","5","2024-02-07 16:37:05"
"5b72e0698bca7e000103215c",,"5","3","11","1","5","5","0","0","1116","1266","0","1","2","2","0.37","0.45","0","0",,,"0","5","2024-02-07 16:37:08"
"5b72e0698bca7e000103215c",,"5","4","10","2","5","5","1","0","349","499","1","0","2","3","0.37","0.63","0","0",,,"1","10","2024-02-07 16:37:11"
"5b72e0698bca7e000103215c",,"5","5","7","2","5","5","0","1","433","583","0","1","1","4","0.29","0.88","0","0",,,"1","15","2024-02-07 16:37:13"
"5b72e0698bca7e000103215c",,"5","6","5","2","5","5","1","0","533","616","1","0","1","3","0.16","0.63","0","0",,,"1","20","2024-02-07 16:37:15"
"5b72e0698bca7e000103215c",,"5","7","0","2","5","5","1","0","550","683","1","0","1","4","0.12","0.88","0","0",,,"1","25","2024-02-07 16:37:17"
"5b72e0698bca7e000103215c",,"5","8","15","2","5","5","1","0","666","783","1","0","4","4","0.78","0.88","0","0",,,"1","30","2024-02-07 16:37:20"
"5b72e0698bca7e000103215c",,"5","9","14","2","5","5","0","1","566","716","0","1","3","4","0.63","0.78","0","0",,,"1","35","2024-02-07 16:37:22"
"5b72e0698bca7e000103215c",,"5","10","5","2","5","5","1","0","516","600","1","0","1","3","0.16","0.63","0","0",,,"1","40","2024-02-07 16:37:24"
"5b72e0698bca7e000103215c",,"5","11","3","2","5","5","0","1","883","1066","0","1","1","1","0.12","0.22","0","0",,,"0","40","2024-02-07 16:37:27"
"5b72e0698bca7e000103215c",,"5","12","10","1","5","5","1","1","566","649","1","0","2","3","0.37","0.63","0","0",,,"0","40","2024-02-07 16:37:29"
"5b72e0698bca7e000103215c",,"5","13","0","2","5","5","1","0","516","883","1","0","1","4","0.12","0.88","0","0",,,"1","45","2024-02-07 16:37:32"
"5b72e0698bca7e000103215c",,"5","14","8","2","5","5","0","1","499","650","0","1","1","4","0.29","0.71","0","0",,,"0","45","2024-02-07 16:37:34"
"5b72e0698bca7e000103215c",,"5","15","8","2","5","5","0","1","516","649","0","1","1","4","0.29","0.71","0","0",,,"1","50","2024-02-07 16:37:36"
"5b72e0698bca7e000103215c",,"5","16","15","2","5","5","0","1","533","1150","1","1","4","4","0.78","0.88","0","0",,,"1","55","2024-02-07 16:37:39"
"5b72e0698bca7e000103215c",,"5","17","10","2","5","5","1","0","499","549","1","0","2","3","0.37","0.63","0","0",,,"1","60","2024-02-07 16:37:41"
"5b72e0698bca7e000103215c",,"5","18","12","2","5","5","0","1","366","500","0","1","3","4","0.55","0.88","0","0",,,"1","65","2024-02-07 16:37:43"
"5b72e0698bca7e000103215c",,"5","19","9","2","5","5","0","1","399","499","0","1","2","4","0.37","0.84","0","0",,,"0","65","2024-02-07 16:37:45"
"5b72e0698bca7e000103215c",,"5","20","3","2","5","5","1","0","516","600","1","0","1","1","0.12","0.22","0","0",,,"1","70","2024-02-07 16:37:48"
"5b72e0698bca7e000103215c",,"5","21","8","2","5","5","0","1","366","500","0","1","1","4","0.29","0.71","0","0",,,"1","75","2024-02-07 16:37:50"
"5b72e0698bca7e000103215c",,"5","22","11","1","5","5","0","0","366","499","0","1","2","2","0.37","0.45","0","0",,,"0","75","2024-02-07 16:37:52"
"5b72e0698bca7e000103215c",,"5","23","4","2","5","5","0","1","566","766","0","1","1","4","0.16","0.84","0","0",,,"1","80","2024-02-07 16:37:55"
"5b72e0698bca7e000103215c",,"5","24","13","1","5","5","1","1","500","1000","1","1","3","3","0.55","0.63","0","0",,,"0","80","2024-02-07 16:37:57"
"5b72e0698bca7e000103215c",,"5","25","4","2","5","5","0","1","349","483","0","1","1","4","0.16","0.84","0","0",,,"1","85","2024-02-07 16:38:00"
"5b72e0698bca7e000103215c",,"5","26","0","2","5","5","1","0","549","717","1","0","1","4","0.12","0.88","0","0",,,"1","90","2024-02-07 16:38:02"
"5b72e0698bca7e000103215c",,"5","27","1","2","5","5","0","1","449","566","0","1","1","4","0.12","0.71","0","0",,,"1","95","2024-02-07 16:38:04"
"5b72e0698bca7e000103215c",,"5","28","8","2","5","5","1","0","549","666","1","0","1","4","0.29","0.71","0","0",,,"0","95","2024-02-07 16:38:06"
"5b72e0698bca7e000103215c",,"5","29","1","2","5","5","1","0","516","583","1","0","1","4","0.12","0.71","0","0",,,"0","95","2024-02-07 16:38:09"
"5b72e0698bca7e000103215c",,"5","30","2","2","5","5","0","1","116","383","0","1","1","2","0.12","0.45","0","0",,,"0","95","2024-02-07 16:38:11"
"5b72e0698bca7e000103215c",,"5","31","13","2","5","5","0","1","800","933","0","1","3","3","0.55","0.63","0","0",,,"0","95","2024-02-07 16:38:13"
"5b72e0698bca7e000103215c",,"5","32","7","2","5","5","1","0","483","550","1","0","1","4","0.29","0.88","0","0",,,"1","100","2024-02-07 16:38:16"
"5b72e0698bca7e000103215c",,"5","33","15","2","5","5","0","1","650","800","0","1","4","4","0.78","0.88","0","0",,,"1","105","2024-02-07 16:38:18"
"5b72e0698bca7e000103215c",,"5","34","14","2","5","5","0","1","566","716","0","1","3","4","0.63","0.78","0","0",,,"1","110","2024-02-07 16:38:20"
"5b72e0698bca7e000103215c",,"5","35","12","2","5","5","0","1","2016","2216","0","1","3","4","0.55","0.88","0","0",,,"1","115","2024-02-07 16:38:24"
"5b72e0698bca7e000103215c",,"5","36","4","2","5","5","1","0","483","583","1","0","1","4","0.16","0.84","0","0",,,"0","115","2024-02-07 16:38:26"
"5b72e0698bca7e000103215c",,"5","37","9","2","5","5","0","1","433","583","0","1","2","4","0.37","0.84","0","0",,,"0","115","2024-02-07 16:38:28"
"5b72e0698bca7e000103215c",,"5","38","15","2","5","5","1","0","499","649","1","0","4","4","0.78","0.88","0","0",,,"0","115","2024-02-07 16:38:31"
"5b72e0698bca7e000103215c",,"5","39","6","2","5","5","0","1","466","616","0","1","1","2","0.22","0.37","0","0",,,"0","115","2024-02-07 16:38:33"
"5b72e0698bca7e000103215c",,"5","40","11","1","5","5","0","0","400","566","0","1","2","2","0.37","0.45","0","0",,,"0","115","2024-02-07 16:38:36"
"5b72e0698bca7e000103215c",,"5","41","14","2","5","5","0","1","366","483","0","1","3","4","0.63","0.78","0","0",,,"1","120","2024-02-07 16:38:38"
"5b72e0698bca7e000103215c",,"5","42","12","2","5","5","1","0","583","650","1","0","3","4","0.55","0.88","0","0",,,"1","125","2024-02-07 16:38:40"
"5b72e0698bca7e000103215c",,"5","43","2","2","5","5","0","1","483","616","0","1","1","2","0.12","0.45","0","0",,,"1","130","2024-02-07 16:38:42"
"5b72e0698bca7e000103215c",,"5","44","6","2","5","5","0","1","549","716","0","1","1","2","0.22","0.37","0","0",,,"0","130","2024-02-07 16:38:45"
"5b72e0698bca7e000103215c",,"5","45","11","1","5","5","0","0","466","616","0","1","2","2","0.37","0.45","0","0",,,"1","135","2024-02-07 16:38:47"
"5b72e0698bca7e000103215c",,"5","46","6","2","5","5","0","1","466","633","0","1","1","2","0.22","0.37","0","0",,,"0","135","2024-02-07 16:38:49"
"5b72e0698bca7e000103215c",,"5","47","1","1","5","5","0","0","149","416","0","1","1","4","0.12","0.71","0","0",,,"0","135","2024-02-07 16:38:52"
"5b72e0698bca7e000103215c",,"5","48","13","2","5","5","0","1","449","583","0","1","3","3","0.55","0.63","0","0",,,"1","140","2024-02-07 16:38:54"
"5b72e0698bca7e000103215c",,"5","49","12","2","5","5","0","1","466","616","0","1","3","4","0.55","0.88","0","0",,,"1","145","2024-02-07 16:38:56"
"5b72e0698bca7e000103215c",,"5","50","3","2","5","5","0","1","566","716","0","1","1","1","0.12","0.22","0","0",,,"0","145","2024-02-07 16:38:58"
"5b72e0698bca7e000103215c",,"5","51","10","1","5","5","0","0","383","549","0","1","2","3","0.37","0.63","0","0",,,"0","145","2024-02-07 16:39:01"
"5b72e0698bca7e000103215c",,"5","52","6","1","5","5","0","0","400","566","0","1","1","2","0.22","0.37","0","0",,,"1","150","2024-02-07 16:39:03"
"5b72e0698bca7e000103215c",,"5","53","2","1","5","5","0","0","483","649","0","1","1","2","0.12","0.45","0","0",,,"0","150","2024-02-07 16:39:05"
"5b72e0698bca7e000103215c",,"5","54","5","1","5","5","0","0","16","266","0","2","1","3","0.16","0.63","0","0",,,"0","150","2024-02-07 16:39:07"
"5b72e0698bca7e000103215c",,"5","55","9","1","5","5","0","0","133","366","0","1","2","4","0.37","0.84","0","0",,,"1","155","2024-02-07 16:39:10"
"5b72e0698bca7e000103215c",,"5","56","0","1","5","5","0","0","199","433","0","1","1","4","0.12","0.88","0","0",,,"1","160","2024-02-07 16:39:12"
"5b72e0698bca7e000103215c",,"5","57","14","1","5","5","0","0","99","283","0","2","3","4","0.63","0.78","0","0",,,"1","165","2024-02-07 16:39:14"
"5b72e0698bca7e000103215c",,"5","58","7","2","5","5","0","1","16","267","0","2","1","4","0.29","0.88","0","0",,,"1","170","2024-02-07 16:39:16"
"5b72e0698bca7e000103215c",,"5","59","13","2","5","5","0","1","149","366","0","1","3","3","0.55","0.63","0","0",,,"1","175","2024-02-07 16:39:18"
"5b72e0698bca7e000103215c",,"5","60","1","2","5","5","0","1","16","300","0","2","1","4","0.12","0.71","0","0",,,"0","175","2024-02-07 16:39:20"
"5b72e0698bca7e000103215c",,"5","61","5","1","5","5","1","1","383","583","1","0","1","3","0.16","0.63","0","0",,,"0","175","2024-02-07 16:39:22"
"5b72e0698bca7e000103215c",,"5","62","3","2","5","5","0","1","99","266","0","2","1","1","0.12","0.22","0","0",,,"0","175","2024-02-07 16:39:24"
"5b72e0698bca7e000103215c",,"5","63","9","1","5","5","0","0","16","150","0","1","2","4","0.37","0.84","0","0",,,"0","175","2024-02-07 16:39:26"
"6111234ac8cfa49e38acbfb4",,"0","0","0","1","5","5","0","0","865","1280","0","1","1","4","0.12","0.88","0","0",,,"0","0","2024-02-07 16:44:27"
"6111234ac8cfa49e38acbfb4",,"0","1","14","2","5","5","0","1","1267","1717","0","1","3","4","0.63","0.78","0","0",,,"0","0","2024-02-07 16:44:30"
"6111234ac8cfa49e38acbfb4",,"0","2","6","1","5","5","1","1","714","1178","1","0","1","2","0.22","0.37","0","0",,,"0","0","2024-02-07 16:44:33"
"6111234ac8cfa49e38acbfb4",,"0","3","7","2","5","5","1","0","865","1182","1","0","1","4","0.29","0.88","0","0",,,"1","5","2024-02-07 16:44:36"
"6111234ac8cfa49e38acbfb4",,"0","4","10","2","5","5","1","0","864","1198","1","0","2","3","0.37","0.63","0","0",,,"1","10","2024-02-07 16:44:39"
"6111234ac8cfa49e38acbfb4",,"0","5","5","2","5","5","1","0","700","1017","1","0","1","3","0.16","0.63","0","0",,,"1","15","2024-02-07 16:44:41"
"6111234ac8cfa49e38acbfb4",,"0","6","10","2","5","5","1","0","580","897","1","0","2","3","0.37","0.63","0","0",,,"1","20","2024-02-07 16:44:44"
"6111234ac8cfa49e38acbfb4",,"0","7","4","2","5","5","0","1","649","1001","0","1","1","4","0.16","0.84","0","0",,,"1","25","2024-02-07 16:44:46"
"6111234ac8cfa49e38acbfb4",,"0","8","12","1","5","5","0","0","783","1115","0","1","3","4","0.55","0.88","0","0",,,"1","30","2024-02-07 16:44:49"
"6111234ac8cfa49e38acbfb4",,"0","9","14","2","5","5","0","1","617","916","0","1","3","4","0.63","0.78","0","0",,,"1","35","2024-02-07 16:44:51"
"6111234ac8cfa49e38acbfb4",,"0","10","1","2","5","5","0","1","596","880","0","1","1","4","0.12","0.71","0","0",,,"0","35","2024-02-07 16:44:54"
"6111234ac8cfa49e38acbfb4",,"0","11","8","2","5","5","0","1","829","1097","0","1","1","4","0.29","0.71","0","0",,,"1","40","2024-02-07 16:44:56"
"6111234ac8cfa49e38acbfb4",,"0","12","11","2","5","5","1","0","682","999","1","0","2","2","0.37","0.45","0","0",,,"0","40","2024-02-07 16:44:59"
"6111234ac8cfa49e38acbfb4",,"0","13","8","2","5","5","0","1","666","949","0","1","1","4","0.29","0.71","0","0",,,"0","40","2024-02-07 16:45:02"
"6111234ac8cfa49e38acbfb4",,"0","14","3","2","5","5","0","1","933","1184","0","1","1","1","0.12","0.22","0","0",,,"0","40","2024-02-07 16:45:04"
"6111234ac8cfa49e38acbfb4",,"0","15","7","2","5","5","1","0","599","899","1","0","1","4","0.29","0.88","0","0",,,"1","45","2024-02-07 16:45:07"
"6111234ac8cfa49e38acbfb4",,"0","16","3","2","5","5","0","1","1183","1450","0","1","1","1","0.12","0.22","0","0",,,"1","50","2024-02-07 16:45:10"
"6111234ac8cfa49e38acbfb4",,"0","17","9","1","5","5","0","0","699","934","0","1","2","4","0.37","0.84","0","0",,,"1","55","2024-02-07 16:45:12"
"6111234ac8cfa49e38acbfb4",,"0","18","13","1","5","5","1","1","682","932","1","0","3","3","0.55","0.63","0","0",,,"1","60","2024-02-07 16:45:15"
"6111234ac8cfa49e38acbfb4",,"0","19","9","2","5","5","1","0","665","965","1","0","2","4","0.37","0.84","0","0",,,"1","65","2024-02-07 16:45:17"
"6111234ac8cfa49e38acbfb4",,"0","20","2","2","5","5","0","1","783","1016","0","1","1","2","0.12","0.45","0","0",,,"0","65","2024-02-07 16:45:20"
"6111234ac8cfa49e38acbfb4",,"0","21","4","1","5","5","1","1","566","748","1","0","1","4","0.16","0.84","0","0",,,"0","65","2024-02-07 16:45:22"
"6111234ac8cfa49e38acbfb4",,"0","22","15","2","5","5","1","0","650","933","1","0","4","4","0.78","0.88","0","0",,,"1","70","2024-02-07 16:45:25"
"6111234ac8cfa49e38acbfb4",,"0","23","4","2","5","5","1","0","583","882","1","0","1","4","0.16","0.84","0","0",,,"0","70","2024-02-07 16:45:27"
"6111234ac8cfa49e38acbfb4",,"0","24","15","1","5","5","1","1","699","949","1","0","4","4","0.78","0.88","0","0",,,"0","70","2024-02-07 16:45:30"
"6111234ac8cfa49e38acbfb4",,"0","25","1","2","5","5","1","0","598","751","1","0","1","4","0.12","0.71","0","0",,,"1","75","2024-02-07 16:45:32"
"6111234ac8cfa49e38acbfb4",,"0","26","0","2","5","5","0","1","652","868","0","1","1","4","0.12","0.88","0","0",,,"1","80","2024-02-07 16:45:35"
"6111234ac8cfa49e38acbfb4",,"0","27","12","2","5","5","0","1","549","700","0","1","3","4","0.55","0.88","0","0",,,"1","85","2024-02-07 16:45:37"
"6111234ac8cfa49e38acbfb4",,"0","28","0","2","5","5","1","0","548","764","1","0","1","4","0.12","0.88","0","0",,,"1","90","2024-02-07 16:45:39"
"6111234ac8cfa49e38acbfb4",,"0","29","5","2","5","5","1","0","582","733","1","0","1","3","0.16","0.63","0","0",,,"0","90","2024-02-07 16:45:42"
"6111234ac8cfa49e38acbfb4",,"0","30","1","2","5","5","0","1","464","631","0","1","1","4","0.12","0.71","0","0",,,"1","95","2024-02-07 16:45:44"
"6111234ac8cfa49e38acbfb4",,"0","31","6","2","5","5","0","1","615","767","0","1","1","2","0.22","0.37","0","0",,,"0","95","2024-02-07 16:45:46"
"6111234ac8cfa49e38acbfb4",,"0","32","13","1","5","5","1","1","564","783","1","0","3","3","0.55","0.63","0","0",,,"0","95","2024-02-07 16:45:49"
"6111234ac8cfa49e38acbfb4",,"0","33","3","2","5","5","1","0","634","816","1","0","1","1","0.12","0.22","0","0",,,"0","95","2024-02-07 16:45:51"
"6111234ac8cfa49e38acbfb4",,"0","34","13","2","5","5","0","1","833","1031","0","1","3","3","0.55","0.63","0","0",,,"1","100","2024-02-07 16:45:54"
"6111234ac8cfa49e38acbfb4",,"0","35","11","2","5","5","1","0","667","815","1","0","2","2","0.37","0.45","0","0",,,"1","105","2024-02-07 16:45:56"
"6111234ac8cfa49e38acbfb4",,"0","36","13","2","5","5","1","0","649","798","1","0","3","3","0.55","0.63","0","0",,,"0","105","2024-02-07 16:45:59"
"6111234ac8cfa49e38acbfb4",,"0","37","11","2","5","5","0","1","618","735","0","1","2","2","0.37","0.45","0","0",,,"1","110","2024-02-07 16:46:01"
"6111234ac8cfa49e38acbfb4",,"0","38","0","2","5","5","1","0","947","1099","1","0","1","4","0.12","0.88","0","0",,,"1","115","2024-02-07 16:46:04"
"6111234ac8cfa49e38acbfb4",,"0","39","4","2","5","5","0","1","734","1785","1","1","1","4","0.16","0.84","0","0",,,"1","120","2024-02-07 16:46:07"
"6111234ac8cfa49e38acbfb4",,"0","40","2","2","5","5","0","1","1049","1167","0","1","1","2","0.12","0.45","0","0",,,"0","120","2024-02-07 16:46:09"
"6111234ac8cfa49e38acbfb4",,"0","41","9","2","5","5","1","0","982","1147","1","0","2","4","0.37","0.84","0","0",,,"0","120","2024-02-07 16:46:12"
"6111234ac8cfa49e38acbfb4",,"0","42","6","2","5","5","1","0","1001","1183","1","0","1","2","0.22","0.37","0","0",,,"0","120","2024-02-07 16:46:15"
"6111234ac8cfa49e38acbfb4",,"0","43","1","2","5","5","0","1","1066","1300","0","1","1","4","0.12","0.71","0","0",,,"1","125","2024-02-07 16:46:18"
"6111234ac8cfa49e38acbfb4",,"0","44","14","1","5","5","0","0","1249","1436","0","1","3","4","0.63","0.78","0","0",,,"1","130","2024-02-07 16:46:21"
"6111234ac8cfa49e38acbfb4",,"0","45","2","1","5","5","1","1","649","949","1","0","1","2","0.12","0.45","0","0",,,"1","135","2024-02-07 16:46:23"
"6111234ac8cfa49e38acbfb4",,"0","46","15","1","5","5","0","0","849","1065","0","1","4","4","0.78","0.88","0","0",,,"1","140","2024-02-07 16:46:26"
"6111234ac8cfa49e38acbfb4",,"0","47","14","1","5","5","1","1","681","965","1","0","3","4","0.63","0.78","0","0",,,"1","145","2024-02-07 16:46:28"
"6111234ac8cfa49e38acbfb4",,"0","48","12","1","5","5","1","1","599","850","1","0","3","4","0.55","0.88","0","0",,,"0","145","2024-02-07 16:46:31"
"6111234ac8cfa49e38acbfb4",,"0","49","5","1","5","5","1","1","584","832","1","0","1","3","0.16","0.63","0","0",,,"0","145","2024-02-07 16:46:33"
"6111234ac8cfa49e38acbfb4",,"0","50","9","1","5","5","0","0","599","865","0","1","2","4","0.37","0.84","0","0",,,"1","150","2024-02-07 16:46:36"
"6111234ac8cfa49e38acbfb4",,"0","51","2","1","5","5","0","0","764","2064","1","1","1","2","0.12","0.45","0","0",,,"0","150","2024-02-07 16:46:39"
"6111234ac8cfa49e38acbfb4",,"0","52","8","2","5","5","0","1","786","967","0","1","1","4","0.29","0.71","0","0",,,"1","155","2024-02-07 16:46:42"
"6111234ac8cfa49e38acbfb4",,"0","53","11","1","5","5","1","1","749","951","1","0","2","2","0.37","0.45","0","0",,,"0","155","2024-02-07 16:46:45"
"6111234ac8cfa49e38acbfb4",,"0","54","15","1","5","5","1","1","615","801","1","0","4","4","0.78","0.88","0","0",,,"0","155","2024-02-07 16:46:47"
"6111234ac8cfa49e38acbfb4",,"0","55","8","2","5","5","1","0","652","799","1","0","1","4","0.29","0.71","0","0",,,"1","160","2024-02-07 16:46:49"
"6111234ac8cfa49e38acbfb4",,"0","56","6","2","5","5","1","0","763","880","1","0","1","2","0.22","0.37","0","0",,,"1","165","2024-02-07 16:46:52"
"6111234ac8cfa49e38acbfb4",,"0","57","5","2","5","5","0","1","797","917","0","1","1","3","0.16","0.63","0","0",,,"1","170","2024-02-07 16:46:54"
"6111234ac8cfa49e38acbfb4",,"0","58","7","2","5","5","0","1","732","1615","1","1","1","4","0.29","0.88","0","0",,,"1","175","2024-02-07 16:46:57"
"6111234ac8cfa49e38acbfb4",,"0","59","3","2","5","5","0","1","998","1215","0","1","1","1","0.12","0.22","0","0",,,"0","175","2024-02-07 16:47:00"
"6111234ac8cfa49e38acbfb4",,"0","60","10","2","5","5","0","1","881","1768","1","1","2","3","0.37","0.63","0","0",,,"0","175","2024-02-07 16:47:03"
"6111234ac8cfa49e38acbfb4",,"0","61","10","2","5","5","0","1","696","864","0","1","2","3","0.37","0.63","0","0",,,"1","180","2024-02-07 16:47:06"
"6111234ac8cfa49e38acbfb4",,"0","62","12","1","5","5","1","1","765","934","1","0","3","4","0.55","0.88","0","0",,,"1","185","2024-02-07 16:47:08"
"6111234ac8cfa49e38acbfb4",,"0","63","7","2","5","5","1","0","782","2100","1","1","1","4","0.29","0.88","0","0",,,"1","190","2024-02-07 16:47:12"
"6111234ac8cfa49e38acbfb4",,"1","0","2","2","5","5","0","1","1029","1297","0","1","1","2","0.12","0.45","0","0",,,"1","5","2024-02-07 16:47:48"
"6111234ac8cfa49e38acbfb4",,"1","1","5","2","5","5","1","0","699","1433","1","1","1","3","0.16","0.63","0","0",,,"1","10","2024-02-07 16:47:51"
"6111234ac8cfa49e38acbfb4",,"1","2","13","2","5","5","1","0","881","1216","1","0","3","3","0.55","0.63","0","0",,,"0","10","2024-02-07 16:47:54"
"6111234ac8cfa49e38acbfb4",,"1","3","1","2","5","5","0","1","586","818","0","1","1","4","0.12","0.71","0","0",,,"1","15","2024-02-07 16:47:56"
"6111234ac8cfa49e38acbfb4",,"1","4","10","2","5","5","0","1","1331","1615","0","1","2","3","0.37","0.63","0","0",,,"1","20","2024-02-07 16:47:59"
"6111234ac8cfa49e38acbfb4",,"1","5","6","2","5","5","0","1","750","965","0","1","1","2","0.22","0.37","0","0",,,"1","25","2024-02-07 16:48:02"
"6111234ac8cfa49e38acbfb4",,"1","6","15","1","5","5","1","1","897","1029","1","0","4","4","0.78","0.88","0","0",,,"1","30","2024-02-07 16:48:04"
"6111234ac8cfa49e38acbfb4",,"1","7","12","2","5","5","1","0","850","983","1","0","3","4","0.55","0.88","0","0",,,"1","35","2024-02-07 16:48:07"
"6111234ac8cfa49e38acbfb4",,"1","8","9","2","5","5","1","0","616","800","1","0","2","4","0.37","0.84","0","0",,,"1","40","2024-02-07 16:48:09"
"6111234ac8cfa49e38acbfb4",,"1","9","2","2","5","5","0","1","732","948","0","1","1","2","0.12","0.45","0","0",,,"1","45","2024-02-07 16:48:12"
"6111234ac8cfa49e38acbfb4",,"1","10","10","2","5","5","0","1","649","800","0","1","2","3","0.37","0.63","0","0",,,"1","50","2024-02-07 16:48:14"
"6111234ac8cfa49e38acbfb4",,"1","11","10","2","5","5","0","1","600","767","0","1","2","3","0.37","0.63","0","0",,,"1","55","2024-02-07 16:48:16"
"6111234ac8cfa49e38acbfb4",,"1","12","0","2","5","5","1","0","1114","1233","1","0","1","4","0.12","0.88","0","0",,,"1","60","2024-02-07 16:48:19"
"6111234ac8cfa49e38acbfb4",,"1","13","3","2","5","5","1","0","884","1032","1","0","1","1","0.12","0.22","0","0",,,"1","65","2024-02-07 16:48:21"
"6111234ac8cfa49e38acbfb4",,"1","14","0","2","5","5","0","1","933","1052","0","1","1","4","0.12","0.88","0","0",,,"1","70","2024-02-07 16:48:24"
"6111234ac8cfa49e38acbfb4",,"1","15","11","2","5","5","0","1","816","948","0","1","2","2","0.37","0.45","0","0",,,"1","75","2024-02-07 16:48:26"
"6111234ac8cfa49e38acbfb4",,"1","16","14","2","5","5","0","1","1198","1346","0","1","3","4","0.63","0.78","0","0",,,"0","75","2024-02-07 16:48:29"
"6111234ac8cfa49e38acbfb4",,"1","17","4","2","5","5","1","0","649","848","1","0","1","4","0.16","0.84","0","0",,,"1","80","2024-02-07 16:48:32"
"6111234ac8cfa49e38acbfb4",,"1","18","11","2","5","5","1","0","1096","1263","1","0","2","2","0.37","0.45","0","0",,,"0","80","2024-02-07 16:48:34"
"6111234ac8cfa49e38acbfb4",,"1","19","9","2","5","5","1","0","766","901","1","0","2","4","0.37","0.84","0","0",,,"1","85","2024-02-07 16:48:37"
"6111234ac8cfa49e38acbfb4",,"1","20","15","1","5","5","0","0","885","1098","0","1","4","4","0.78","0.88","0","0",,,"1","90","2024-02-07 16:48:40"
"6111234ac8cfa49e38acbfb4",,"1","21","8","2","5","5","0","1","681","848","0","1","1","4","0.29","0.71","0","0",,,"1","95","2024-02-07 16:48:42"
"6111234ac8cfa49e38acbfb4",,"1","22","9","2","5","5","1","0","648","796","1","0","2","4","0.37","0.84","0","0",,,"1","100","2024-02-07 16:48:44"
"6111234ac8cfa49e38acbfb4",,"1","23","4","2","5","5","1","0","882","1084","1","0","1","4","0.16","0.84","0","0",,,"1","105","2024-02-07 16:48:47"
"6111234ac8cfa49e38acbfb4",,"1","24","0","2","5","5","0","1","780","980","0","1","1","4","0.12","0.88","0","0",,,"1","110","2024-02-07 16:48:50"
"6111234ac8cfa49e38acbfb4",,"1","25","12","1","5","5","0","0","614","1447","1","1","3","4","0.55","0.88","0","0",,,"0","110","2024-02-07 16:48:52"
"6111234ac8cfa49e38acbfb4",,"1","26","7","2","5","5","0","1","1000","1168","0","1","1","4","0.29","0.88","0","0",,,"1","115","2024-02-07 16:48:55"
"6111234ac8cfa49e38acbfb4",,"1","27","6","2","5","5","1","0","581","801","1","0","1","2","0.22","0.37","0","0",,,"0","115","2024-02-07 16:48:58"
"6111234ac8cfa49e38acbfb4",,"1","28","3","2","5","5","1","0","632","767","1","0","1","1","0.12","0.22","0","0",,,"0","115","2024-02-07 16:49:00"
"6111234ac8cfa49e38acbfb4",,"1","29","12","1","5","5","1","1","712","815","1","0","3","4","0.55","0.88","0","0",,,"0","115","2024-02-07 16:49:03"
"6111234ac8cfa49e38acbfb4",,"1","30","13","2","5","5","1","0","800","952","1","0","3","3","0.55","0.63","0","0",,,"1","120","2024-02-07 16:49:05"
"6111234ac8cfa49e38acbfb4",,"1","31","13","2","5","5","1","0","730","881","1","0","3","3","0.55","0.63","0","0",,,"0","120","2024-02-07 16:49:08"
"6111234ac8cfa49e38acbfb4",,"1","32","6","2","5","5","1","0","1014","1149","1","0","1","2","0.22","0.37","0","0",,,"0","120","2024-02-07 16:49:10"
"6111234ac8cfa49e38acbfb4",,"1","33","1","2","5","5","0","1","649","784","0","1","1","4","0.12","0.71","0","0",,,"1","125","2024-02-07 16:49:13"
"6111234ac8cfa49e38acbfb4",,"1","34","7","2","5","5","0","1","680","1515","1","1","1","4","0.29","0.88","0","0",,,"1","130","2024-02-07 16:49:16"
"6111234ac8cfa49e38acbfb4",,"1","35","0","2","5","5","1","0","784","866","1","0","1","4","0.12","0.88","0","0",,,"0","130","2024-02-07 16:49:18"
"6111234ac8cfa49e38acbfb4",,"1","36","11","2","5","5","0","1","932","1134","0","1","2","2","0.37","0.45","0","0",,,"0","130","2024-02-07 16:49:21"
"6111234ac8cfa49e38acbfb4",,"1","37","1","2","5","5","0","1","716","868","0","1","1","4","0.12","0.71","0","0",,,"1","135","2024-02-07 16:49:24"
"6111234ac8cfa49e38acbfb4",,"1","38","14","1","5","5","0","0","1050","1150","0","1","3","4","0.63","0.78","0","0",,,"0","135","2024-02-07 16:49:26"
"6111234ac8cfa49e38acbfb4",,"1","39","4","2","5","5","1","0","598","782","1","0","1","4","0.16","0.84","0","0",,,"1","140","2024-02-07 16:49:29"
"6111234ac8cfa49e38acbfb4",,"1","40","9","2","5","5","0","1","884","1031","0","1","2","4","0.37","0.84","0","0",,,"1","145","2024-02-07 16:49:31"
"6111234ac8cfa49e38acbfb4",,"1","41","2","2","5","5","0","1","847","980","0","1","1","2","0.12","0.45","0","0",,,"1","150","2024-02-07 16:49:34"
"6111234ac8cfa49e38acbfb4",,"1","42","12","1","5","5","1","1","997","1114","1","0","3","4","0.55","0.88","0","0",,,"1","155","2024-02-07 16:49:36"
"6111234ac8cfa49e38acbfb4",,"1","43","7","2","5","5","1","0","732","897","1","0","1","4","0.29","0.88","0","0",,,"1","160","2024-02-07 16:49:39"
"6111234ac8cfa49e38acbfb4",,"1","44","15","1","5","5","0","0","681","881","0","1","4","4","0.78","0.88","0","0",,,"1","165","2024-02-07 16:49:41"
"6111234ac8cfa49e38acbfb4",,"1","45","3","2","5","5","1","0","1198","1448","1","0","1","1","0.12","0.22","0","0",,,"1","170","2024-02-07 16:49:44"
"6111234ac8cfa49e38acbfb4",,"1","46","13","2","5","5","0","1","683","1097","0","1","3","3","0.55","0.63","0","0",,,"1","175","2024-02-07 16:49:47"
"6111234ac8cfa49e38acbfb4",,"1","47","15","1","5","5","1","1","634","751","1","0","4","4","0.78","0.88","0","0",,,"1","180","2024-02-07 16:49:49"
"6111234ac8cfa49e38acbfb4",,"1","48","1","2","5","5","1","0","569","701","1","0","1","4","0.12","0.71","0","0",,,"1","185","2024-02-07 16:49:51"
"6111234ac8cfa49e38acbfb4",,"1","49","14","1","5","5","1","1","615","734","1","0","3","4","0.63","0.78","0","0",,,"1","190","2024-02-07 16:49:53"
"6111234ac8cfa49e38acbfb4",,"1","50","10","2","5","5","1","0","698","848","1","0","2","3","0.37","0.63","0","0",,,"1","195","2024-02-07 16:49:56"
"6111234ac8cfa49e38acbfb4",,"1","51","2","2","5","5","0","1","751","1015","0","1","1","2","0.12","0.45","0","0",,,"0","195","2024-02-07 16:49:58"
"6111234ac8cfa49e38acbfb4",,"1","52","8","1","5","5","1","1","482","599","1","0","1","4","0.29","0.71","0","0",,,"0","195","2024-02-07 16:50:01"
"6111234ac8cfa49e38acbfb4",,"1","53","14","2","5","5","0","1","649","832","0","1","3","4","0.63","0.78","0","0",,,"0","195","2024-02-07 16:50:03"
"6111234ac8cfa49e38acbfb4",,"1","54","11","2","5","5","0","1","651","1602","1","1","2","2","0.37","0.45","0","0",,,"0","195","2024-02-07 16:50:06"
"6111234ac8cfa49e38acbfb4",,"1","55","4","2","5","5","0","1","801","969","0","1","1","4","0.16","0.84","0","0",,,"1","200","2024-02-07 16:50:09"
"6111234ac8cfa49e38acbfb4",,"1","56","3","2","5","5","1","0","633","782","1","0","1","1","0.12","0.22","0","0",,,"1","205","2024-02-07 16:50:11"
"6111234ac8cfa49e38acbfb4",,"1","57","8","2","5","5","1","0","649","732","1","0","1","4","0.29","0.71","0","0",,,"1","210","2024-02-07 16:50:14"
"6111234ac8cfa49e38acbfb4",,"1","58","5","2","5","5","1","0","585","700","1","0","1","3","0.16","0.63","0","0",,,"1","215","2024-02-07 16:50:16"
"6111234ac8cfa49e38acbfb4",,"1","59","5","2","5","5","1","0","1201","1467","1","0","1","3","0.16","0.63","0","0",,,"0","215","2024-02-07 16:50:19"
"6111234ac8cfa49e38acbfb4",,"1","60","5","1","5","5","0","0","583","683","0","1","1","3","0.16","0.63","0","0",,,"0","215","2024-02-07 16:50:21"
"6111234ac8cfa49e38acbfb4",,"1","61","7","2","5","5","1","0","531","665","1","0","1","4","0.29","0.88","0","0",,,"1","220","2024-02-07 16:50:24"
"6111234ac8cfa49e38acbfb4",,"1","62","8","2","5","5","1","0","547","713","1","0","1","4","0.29","0.71","0","0",,,"1","225","2024-02-07 16:50:26"
"6111234ac8cfa49e38acbfb4",,"1","63","6","2","5","5","1","0","584","733","1","0","1","2","0.22","0.37","0","0",,,"0","225","2024-02-07 16:50:28"
"6111234ac8cfa49e38acbfb4",,"2","0","2","2","5","5","0","1","866","1150","0","1","1","2","0.12","0.45","0","0",,,"0","0","2024-02-07 16:51:01"
"6111234ac8cfa49e38acbfb4",,"2","1","7","2","5","5","1","0","584","834","1","0","1","4","0.29","0.88","0","0",,,"1","5","2024-02-07 16:51:04"
"6111234ac8cfa49e38acbfb4",,"2","2","12","1","5","5","1","1","583","966","1","0","3","4","0.55","0.88","0","0",,,"0","5","2024-02-07 16:51:06"
"6111234ac8cfa49e38acbfb4",,"2","3","9","2","5","5","1","0","563","730","1","0","2","4","0.37","0.84","0","0",,,"1","10","2024-02-07 16:51:09"
"6111234ac8cfa49e38acbfb4",,"2","4","2","2","5","5","1","0","584","783","1","0","1","2","0.12","0.45","0","0",,,"1","15","2024-02-07 16:51:11"
"6111234ac8cfa49e38acbfb4",,"2","5","1","2","5","5","1","0","566","733","1","0","1","4","0.12","0.71","0","0",,,"0","15","2024-02-07 16:51:13"
"6111234ac8cfa49e38acbfb4",,"2","6","7","2","5","5","1","0","933","1066","1","0","1","4","0.29","0.88","0","0",,,"1","20","2024-02-07 16:51:16"
"6111234ac8cfa49e38acbfb4",,"2","7","8","1","5","5","0","0","715","965","0","1","1","4","0.29","0.71","0","0",,,"0","20","2024-02-07 16:51:19"
"6111234ac8cfa49e38acbfb4",,"2","8","6","1","5","5","1","1","948","1181","1","0","1","2","0.22","0.37","0","0",,,"0","20","2024-02-07 16:51:21"
"6111234ac8cfa49e38acbfb4",,"2","9","13","2","5","5","1","0","836","983","1","0","3","3","0.55","0.63","0","0",,,"1","25","2024-02-07 16:51:24"
"6111234ac8cfa49e38acbfb4",,"2","10","13","2","5","5","1","0","666","866","1","0","3","3","0.55","0.63","0","0",,,"1","30","2024-02-07 16:51:26"
"6111234ac8cfa49e38acbfb4",,"2","11","10","2","5","5","1","0","499","634","1","0","2","3","0.37","0.63","0","0",,,"1","35","2024-02-07 16:51:29"
"6111234ac8cfa49e38acbfb4",,"2","12","14","2","5","5","1","0","783","918","1","0","3","4","0.63","0.78","0","0",,,"1","40","2024-02-07 16:51:31"
"6111234ac8cfa49e38acbfb4",,"2","13","2","2","5","5","1","0","583","751","1","0","1","2","0.12","0.45","0","0",,,"1","45","2024-02-07 16:51:33"
"6111234ac8cfa49e38acbfb4",,"2","14","10","2","5","5","0","1","902","1068","0","1","2","3","0.37","0.63","0","0",,,"0","45","2024-02-07 16:51:36"
"6111234ac8cfa49e38acbfb4",,"2","15","4","2","5","5","1","0","349","600","1","0","1","4","0.16","0.84","0","0",,,"1","50","2024-02-07 16:51:38"
"6111234ac8cfa49e38acbfb4",,"2","16","9","2","5","5","1","0","417","601","1","0","2","4","0.37","0.84","0","0",,,"1","55","2024-02-07 16:51:40"
"6111234ac8cfa49e38acbfb4",,"2","17","11","2","5","5","1","0","432","598","1","0","2","2","0.37","0.45","0","0",,,"0","55","2024-02-07 16:51:43"
"6111234ac8cfa49e38acbfb4",,"2","18","3","1","5","5","0","0","1148","1383","0","1","1","1","0.12","0.22","0","0",,,"0","55","2024-02-07 16:51:46"
"6111234ac8cfa49e38acbfb4",,"2","19","4","2","5","5","1","0","483","617","1","0","1","4","0.16","0.84","0","0",,,"1","60","2024-02-07 16:51:48"
"6111234ac8cfa49e38acbfb4",,"2","20","13","2","5","5","0","1","1033","1217","0","1","3","3","0.55","0.63","0","0",,,"0","60","2024-02-07 16:51:51"
"6111234ac8cfa49e38acbfb4",,"2","21","15","2","5","5","1","0","733","816","1","0","4","4","0.78","0.88","0","0",,,"1","65","2024-02-07 16:51:53"
"6111234ac8cfa49e38acbfb4",,"2","22","14","2","5","5","1","0","531","666","1","0","3","4","0.63","0.78","0","0",,,"1","70","2024-02-07 16:51:55"
"6111234ac8cfa49e38acbfb4",,"2","23","0","2","5","5","1","0","467","683","1","0","1","4","0.12","0.88","0","0",,,"1","75","2024-02-07 16:51:58"
"6111234ac8cfa49e38acbfb4",,"2","24","8","2","5","5","0","1","1066","1300","0","1","1","4","0.29","0.71","0","0",,,"1","80","2024-02-07 16:52:00"
"6111234ac8cfa49e38acbfb4",,"2","25","3","2","5","5","1","0","530","699","1","0","1","1","0.12","0.22","0","0",,,"1","85","2024-02-07 16:52:03"
"6111234ac8cfa49e38acbfb4",,"2","26","9","2","5","5","1","0","516","632","1","0","2","4","0.37","0.84","0","0",,,"1","90","2024-02-07 16:52:05"
"6111234ac8cfa49e38acbfb4",,"2","27","7","2","5","5","0","1","700","866","0","1","1","4","0.29","0.88","0","0",,,"0","90","2024-02-07 16:52:07"
"6111234ac8cfa49e38acbfb4",,"2","28","5","2","5","5","0","1","500","634","0","1","1","3","0.16","0.63","0","0",,,"1","95","2024-02-07 16:52:10"
"6111234ac8cfa49e38acbfb4",,"2","29","4","2","5","5","0","1","548","647","0","1","1","4","0.16","0.84","0","0",,,"0","95","2024-02-07 16:52:12"
"6111234ac8cfa49e38acbfb4",,"2","30","5","2","5","5","1","0","448","547","1","0","1","3","0.16","0.63","0","0",,,"1","100","2024-02-07 16:52:14"
"6111234ac8cfa49e38acbfb4",,"2","31","12","2","5","5","1","0","550","667","1","0","3","4","0.55","0.88","0","0",,,"1","105","2024-02-07 16:52:16"
"6111234ac8cfa49e38acbfb4",,"2","32","9","2","5","5","1","0","447","565","1","0","2","4","0.37","0.84","0","0",,,"1","110","2024-02-07 16:52:18"
"6111234ac8cfa49e38acbfb4",,"2","33","11","2","5","5","1","0","583","765","1","0","2","2","0.37","0.45","0","0",,,"0","110","2024-02-07 16:52:21"
"6111234ac8cfa49e38acbfb4",,"2","34","0","2","5","5","0","1","629","747","0","1","1","4","0.12","0.88","0","0",,,"1","115","2024-02-07 16:52:23"
"6111234ac8cfa49e38acbfb4",,"2","35","0","2","5","5","0","1","631","748","0","1","1","4","0.12","0.88","0","0",,,"0","115","2024-02-07 16:52:26"
"6111234ac8cfa49e38acbfb4",,"2","36","12","2","5","5","1","0","585","699","1","0","3","4","0.55","0.88","0","0",,,"1","120","2024-02-07 16:52:28"
"6111234ac8cfa49e38acbfb4",,"2","37","3","2","5","5","0","1","951","1101","0","1","1","1","0.12","0.22","0","0",,,"1","125","2024-02-07 16:52:31"
"6111234ac8cfa49e38acbfb4",,"2","38","1","2","5","5","1","0","614","715","1","0","1","4","0.12","0.71","0","0",,,"1","130","2024-02-07 16:52:33"
"6111234ac8cfa49e38acbfb4",,"2","39","14","2","5","5","1","0","863","965","1","0","3","4","0.63","0.78","0","0",,,"0","130","2024-02-07 16:52:35"
"6111234ac8cfa49e38acbfb4",,"2","40","11","2","5","5","0","1","649","815","0","1","2","2","0.37","0.45","0","0",,,"0","130","2024-02-07 16:52:38"
"6111234ac8cfa49e38acbfb4",,"2","41","14","2","5","5","0","1","848","981","0","1","3","4","0.63","0.78","0","0",,,"0","130","2024-02-07 16:52:41"
"6111234ac8cfa49e38acbfb4",,"2","42","6","1","5","5","1","1","614","768","1","0","1","2","0.22","0.37","0","0",,,"0","130","2024-02-07 16:52:43"
"6111234ac8cfa49e38acbfb4",,"2","43","4","2","5","5","0","1","612","714","0","1","1","4","0.16","0.84","0","0",,,"1","135","2024-02-07 16:52:46"
"6111234ac8cfa49e38acbfb4",,"2","44","10","2","5","5","1","0","616","717","1","0","2","3","0.37","0.63","0","0",,,"0","135","2024-02-07 16:52:48"
"6111234ac8cfa49e38acbfb4",,"2","45","5","2","5","5","1","0","1185","1283","1","0","1","3","0.16","0.63","0","0",,,"1","140","2024-02-07 16:52:51"
"6111234ac8cfa49e38acbfb4",,"2","46","8","2","5","5","0","1","1081","1215","0","1","1","4","0.29","0.71","0","0",,,"0","140","2024-02-07 16:52:53"
"6111234ac8cfa49e38acbfb4",,"2","47","10","2","5","5","1","0","548","767","1","0","2","3","0.37","0.63","0","0",,,"0","140","2024-02-07 16:52:56"
"6111234ac8cfa49e38acbfb4",,"2","48","13","2","5","5","1","0","1383","1498","1","0","3","3","0.55","0.63","0","0",,,"1","145","2024-02-07 16:52:59"
"6111234ac8cfa49e38acbfb4",,"2","49","5","2","5","5","1","0","766","867","1","0","1","3","0.16","0.63","0","0",,,"1","150","2024-02-07 16:53:01"
"6111234ac8cfa49e38acbfb4",,"2","50","1","2","5","5","0","1","933","1033","0","1","1","4","0.12","0.71","0","0",,,"1","155","2024-02-07 16:53:04"
"6111234ac8cfa49e38acbfb4",,"2","51","6","2","5","5","1","0","565","666","1","0","1","2","0.22","0.37","0","0",,,"1","160","2024-02-07 16:53:06"
"6111234ac8cfa49e38acbfb4",,"2","52","0","1","5","5","1","1","883","1000","1","0","1","4","0.12","0.88","0","0",,,"0","160","2024-02-07 16:53:09"
"6111234ac8cfa49e38acbfb4",,"2","53","15","2","5","5","0","1","651","818","0","1","4","4","0.78","0.88","0","0",,,"1","165","2024-02-07 16:53:11"
"6111234ac8cfa49e38acbfb4",,"2","54","2","2","5","5","1","0","630","714","1","0","1","2","0.12","0.45","0","0",,,"1","170","2024-02-07 16:53:13"
"6111234ac8cfa49e38acbfb4",,"2","55","1","2","5","5","1","0","599","698","1","0","1","4","0.12","0.71","0","0",,,"0","170","2024-02-07 16:53:16"
"6111234ac8cfa49e38acbfb4",,"2","56","12","1","5","5","0","0","865","1050","0","1","3","4","0.55","0.88","0","0",,,"1","175","2024-02-07 16:53:18"
"6111234ac8cfa49e38acbfb4",,"2","57","6","1","5","5","1","1","580","847","1","0","1","2","0.22","0.37","0","0",,,"0","175","2024-02-07 16:53:21"
"6111234ac8cfa49e38acbfb4",,"2","58","8","2","5","5","0","1","516","633","0","1","1","4","0.29","0.71","0","0",,,"0","175","2024-02-07 16:53:23"
"6111234ac8cfa49e38acbfb4",,"2","59","15","1","5","5","0","0","951","1050","0","1","4","4","0.78","0.88","0","0",,,"1","180","2024-02-07 16:53:26"
"6111234ac8cfa49e38acbfb4",,"2","60","11","2","5","5","0","1","615","1530","1","1","2","2","0.37","0.45","0","0",,,"1","185","2024-02-07 16:53:29"
"6111234ac8cfa49e38acbfb4",,"2","61","15","1","5","5","0","0","1332","1618","0","1","4","4","0.78","0.88","0","0",,,"0","185","2024-02-07 16:53:32"
"6111234ac8cfa49e38acbfb4",,"2","62","3","1","5","5","1","1","647","799","1","0","1","1","0.12","0.22","0","0",,,"0","185","2024-02-07 16:53:34"
"6111234ac8cfa49e38acbfb4",,"2","63","7","2","5","5","0","1","514","646","0","1","1","4","0.29","0.88","0","0",,,"1","190","2024-02-07 16:53:37"
"6111234ac8cfa49e38acbfb4",,"3","0","5","2","5","5","1","0","684","785","1","0","1","3","0.16","0.63","0","0",,,"0","0","2024-02-07 16:53:49"
"6111234ac8cfa49e38acbfb4",,"3","1","0","2","5","5","1","0","948","1066","1","0","1","4","0.12","0.88","0","0",,,"1","5","2024-02-07 16:53:52"
"6111234ac8cfa49e38acbfb4",,"3","2","7","2","5","5","1","0","1015","1232","1","0","1","4","0.29","0.88","0","0",,,"1","10","2024-02-07 16:53:54"
"6111234ac8cfa49e38acbfb4",,"3","3","0","2","5","5","0","1","650","816","0","1","1","4","0.12","0.88","0","0",,,"1","15","2024-02-07 16:53:57"
"6111234ac8cfa49e38acbfb4",,"3","4","4","2","5","5","1","0","549","684","1","0","1","4","0.16","0.84","0","0",,,"1","20","2024-02-07 16:53:59"
"6111234ac8cfa49e38acbfb4",,"3","5","4","2","5","5","0","1","534","667","0","1","1","4","0.16","0.84","0","0",,,"1","25","2024-02-07 16:54:01"
"6111234ac8cfa49e38acbfb4",,"3","6","8","2","5","5","0","1","549","648","0","1","1","4","0.29","0.71","0","0",,,"1","30","2024-02-07 16:54:03"
"6111234ac8cfa49e38acbfb4",,"3","7","1","2","5","5","1","0","533","669","1","0","1","4","0.12","0.71","0","0",,,"1","35","2024-02-07 16:54:06"
"6111234ac8cfa49e38acbfb4",,"3","8","3","2","5","5","0","1","882","998","0","1","1","1","0.12","0.22","0","0",,,"0","35","2024-02-07 16:54:08"
"6111234ac8cfa49e38acbfb4",,"3","9","9","2","5","5","1","0","683","767","1","0","2","4","0.37","0.84","0","0",,,"1","40","2024-02-07 16:54:11"
"6111234ac8cfa49e38acbfb4",,"3","10","2","1","5","5","1","1","650","765","1","0","1","2","0.12","0.45","0","0",,,"0","40","2024-02-07 16:54:13"
"6111234ac8cfa49e38acbfb4",,"3","11","14","2","5","5","1","0","698","750","1","0","3","4","0.63","0.78","0","0",,,"0","40","2024-02-07 16:54:15"
"6111234ac8cfa49e38acbfb4",,"3","12","13","1","5","5","1","1","1014","1114","1","0","3","3","0.55","0.63","0","0",,,"1","45","2024-02-07 16:54:18"
"6111234ac8cfa49e38acbfb4",,"3","13","11","1","5","5","1","1","1183","1283","1","0","2","2","0.37","0.45","0","0",,,"1","50","2024-02-07 16:54:21"
"6111234ac8cfa49e38acbfb4",,"3","14","13","2","5","5","0","1","980","1116","0","1","3","3","0.55","0.63","0","0",,,"1","55","2024-02-07 16:54:24"
"6111234ac8cfa49e38acbfb4",,"3","15","4","2","5","5","1","0","568","1016","1","0","1","4","0.16","0.84","0","0",,,"1","60","2024-02-07 16:54:26"
"6111234ac8cfa49e38acbfb4",,"3","16","1","2","5","5","0","1","546","847","0","1","1","4","0.12","0.71","0","0",,,"0","60","2024-02-07 16:54:29"
"6111234ac8cfa49e38acbfb4",,"3","17","2","2","5","5","1","0","1035","1164","1","0","1","2","0.12","0.45","0","0",,,"0","60","2024-02-07 16:54:31"
"6111234ac8cfa49e38acbfb4",,"3","18","12","1","5","5","1","1","664","781","1","0","3","4","0.55","0.88","0","0",,,"1","65","2024-02-07 16:54:34"
"6111234ac8cfa49e38acbfb4",,"3","19","10","2","5","5","0","1","1167","1317","0","1","2","3","0.37","0.63","0","0",,,"0","65","2024-02-07 16:54:37"
"6111234ac8cfa49e38acbfb4",,"3","20","5","2","5","5","0","1","1215","1350","0","1","1","3","0.16","0.63","0","0",,,"1","70","2024-02-07 16:54:40"
"6111234ac8cfa49e38acbfb4",,"3","21","11","2","5","5","1","0","597","748","1","0","2","2","0.37","0.45","0","0",,,"1","75","2024-02-07 16:54:42"
"6111234ac8cfa49e38acbfb4",,"3","22","14","1","5","5","0","0","766","883","0","1","3","4","0.63","0.78","0","0",,,"1","80","2024-02-07 16:54:44"
"6111234ac8cfa49e38acbfb4",,"3","23","1","2","5","5","1","0","551","668","1","0","1","4","0.12","0.71","0","0",,,"0","80","2024-02-07 16:54:47"
"6111234ac8cfa49e38acbfb4",,"3","24","11","1","5","5","0","0","865","982","0","1","2","2","0.37","0.45","0","0",,,"0","80","2024-02-07 16:54:49"
"6111234ac8cfa49e38acbfb4",,"3","25","11","1","5","5","1","1","598","816","1","0","2","2","0.37","0.45","0","0",,,"0","80","2024-02-07 16:54:52"
"6111234ac8cfa49e38acbfb4",,"3","26","3","2","5","5","1","0","666","881","1","0","1","1","0.12","0.22","0","0",,,"0","80","2024-02-07 16:54:54"
"6111234ac8cfa49e38acbfb4",,"3","27","6","1","5","5","1","1","882","1066","1","0","1","2","0.22","0.37","0","0",,,"0","80","2024-02-07 16:54:57"
"6111234ac8cfa49e38acbfb4",,"3","28","13","1","5","5","0","0","1232","1318","0","1","3","3","0.55","0.63","0","0",,,"0","80","2024-02-07 16:55:00"
"6111234ac8cfa49e38acbfb4",,"3","29","15","2","5","5","1","0","682","801","1","0","4","4","0.78","0.88","0","0",,,"1","85","2024-02-07 16:55:03"
"6111234ac8cfa49e38acbfb4",,"3","30","13","2","5","5","1","0","1084","1235","1","0","3","3","0.55","0.63","0","0",,,"1","90","2024-02-07 16:55:05"
"6111234ac8cfa49e38acbfb4",,"3","31","0","1","5","5","0","0","814","930","0","1","1","4","0.12","0.88","0","0",,,"0","90","2024-02-07 16:55:08"
"6111234ac8cfa49e38acbfb4",,"3","32","9","2","5","5","1","0","467","582","1","0","2","4","0.37","0.84","0","0",,,"1","95","2024-02-07 16:55:10"
"6111234ac8cfa49e38acbfb4",,"3","33","7","2","5","5","1","0","645","1231","1","0","1","4","0.29","0.88","0","0",,,"1","100","2024-02-07 16:55:13"
"6111234ac8cfa49e38acbfb4",,"3","34","1","1","5","5","1","1","1583","2181","1","0","1","4","0.12","0.71","0","0",,,"0","100","2024-02-07 16:55:16"
"6111234ac8cfa49e38acbfb4",,"3","35","2","1","5","5","1","1","833","969","1","0","1","2","0.12","0.45","0","0",,,"1","105","2024-02-07 16:55:19"
"6111234ac8cfa49e38acbfb4",,"3","36","15","1","5","5","1","1","766","966","1","0","4","4","0.78","0.88","0","0",,,"1","110","2024-02-07 16:55:21"
"6111234ac8cfa49e38acbfb4",,"3","37","4","2","5","5","0","1","1368","1483","0","1","1","4","0.16","0.84","0","0",,,"1","115","2024-02-07 16:55:24"
"6111234ac8cfa49e38acbfb4",,"3","38","8","2","5","5","0","1","997","1148","0","1","1","4","0.29","0.71","0","0",,,"0","115","2024-02-07 16:55:27"
"6111234ac8cfa49e38acbfb4",,"3","39","2","1","5","5","1","1","782","882","1","0","1","2","0.12","0.45","0","0",,,"0","115","2024-02-07 16:55:29"
"6111234ac8cfa49e38acbfb4",,"3","40","8","1","5","5","1","1","1233","1333","1","0","1","4","0.29","0.71","0","0",,,"0","115","2024-02-07 16:55:32"
"6111234ac8cfa49e38acbfb4",,"3","41","3","2","5","5","1","0","732","832","1","0","1","1","0.12","0.22","0","0",,,"0","115","2024-02-07 16:55:35"
"6111234ac8cfa49e38acbfb4",,"3","42","5","2","5","5","1","0","1247","1515","1","0","1","3","0.16","0.63","0","0",,,"1","120","2024-02-07 16:55:38"
"6111234ac8cfa49e38acbfb4",,"3","43","10","2","5","5","0","1","882","1030","0","1","2","3","0.37","0.63","0","0",,,"1","125","2024-02-07 16:55:41"
"6111234ac8cfa49e38acbfb4",,"3","44","6","1","5","5","1","1","697","815","1","0","1","2","0.22","0.37","0","0",,,"0","125","2024-02-07 16:55:43"
"6111234ac8cfa49e38acbfb4",,"3","45","15","1","5","5","0","0","598","682","0","1","4","4","0.78","0.88","0","0",,,"1","130","2024-02-07 16:55:45"
"6111234ac8cfa49e38acbfb4",,"3","46","3","1","5","5","1","1","1198","1349","1","0","1","1","0.12","0.22","0","0",,,"0","130","2024-02-07 16:55:48"
"6111234ac8cfa49e38acbfb4",,"3","47","14","2","5","5","0","1","564","929","0","1","3","4","0.63","0.78","0","0",,,"1","135","2024-02-07 16:55:51"
"6111234ac8cfa49e38acbfb4",,"3","48","12","1","5","5","1","1","665","764","1","0","3","4","0.55","0.88","0","0",,,"0","135","2024-02-07 16:55:53"
"6111234ac8cfa49e38acbfb4",,"3","49","15","2","5","5","1","0","663","732","1","0","4","4","0.78","0.88","0","0",,,"1","140","2024-02-07 16:55:56"
"6111234ac8cfa49e38acbfb4",,"3","50","10","2","5","5","1","0","634","816","1","0","2","3","0.37","0.63","0","0",,,"0","140","2024-02-07 16:55:58"
"6111234ac8cfa49e38acbfb4",,"3","51","5","1","5","5","1","1","649","767","1","0","1","3","0.16","0.63","0","0",,,"0","140","2024-02-07 16:56:01"
"6111234ac8cfa49e38acbfb4",,"3","52","12","1","5","5","0","0","1148","1300","0","1","3","4","0.55","0.88","0","0",,,"0","140","2024-02-07 16:56:03"
"6111234ac8cfa49e38acbfb4",,"3","53","7","2","5","5","1","0","581","665","1","0","1","4","0.29","0.88","0","0",,,"1","145","2024-02-07 16:56:06"
"6111234ac8cfa49e38acbfb4",,"3","54","14","1","5","5","1","1","800","849","1","0","3","4","0.63","0.78","0","0",,,"0","145","2024-02-07 16:56:08"
"6111234ac8cfa49e38acbfb4",,"3","55","12","2","5","5","0","1","598","682","0","1","3","4","0.55","0.88","0","0",,,"0","145","2024-02-07 16:56:11"
"6111234ac8cfa49e38acbfb4",,"3","56","7","1","5","5","1","1","632","851","1","0","1","4","0.29","0.88","0","0",,,"0","145","2024-02-07 16:56:13"
"6111234ac8cfa49e38acbfb4",,"3","57","10","1","5","5","0","0","766","934","0","1","2","3","0.37","0.63","0","0",,,"0","145","2024-02-07 16:56:16"
"6111234ac8cfa49e38acbfb4",,"3","58","8","1","5","5","1","1","666","1032","1","0","1","4","0.29","0.71","0","0",,,"0","145","2024-02-07 16:56:19"
"6111234ac8cfa49e38acbfb4",,"3","59","9","2","5","5","0","1","832","949","0","1","2","4","0.37","0.84","0","0",,,"1","150","2024-02-07 16:56:21"
"6111234ac8cfa49e38acbfb4",,"3","60","9","2","5","5","1","0","847","1233","1","0","2","4","0.37","0.84","0","0",,,"0","150","2024-02-07 16:56:24"
"6111234ac8cfa49e38acbfb4",,"3","61","0","2","5","5","0","1","766","863","0","1","1","4","0.12","0.88","0","0",,,"1","155","2024-02-07 16:56:27"
"6111234ac8cfa49e38acbfb4",,"3","62","6","1","5","5","1","1","614","749","1","0","1","2","0.22","0.37","0","0",,,"1","160","2024-02-07 16:56:29"
"6111234ac8cfa49e38acbfb4",,"3","63","6","2","5","5","1","0","648","733","1","0","1","2","0.22","0.37","0","0",,,"0","160","2024-02-07 16:56:31"
"6111234ac8cfa49e38acbfb4",,"4","0","5","1","5","5","1","1","748","866","1","0","1","3","0.16","0.63","0","0",,,"0","0","2024-02-07 16:56:43"
"6111234ac8cfa49e38acbfb4",,"4","1","15","1","5","5","1","1","681","815","1","0","4","4","0.78","0.88","0","0",,,"1","5","2024-02-07 16:56:45"
"6111234ac8cfa49e38acbfb4",,"4","2","7","1","5","5","0","0","497","665","0","1","1","4","0.29","0.88","0","0",,,"0","5","2024-02-07 16:56:48"
"6111234ac8cfa49e38acbfb4",,"4","3","5","2","5","5","0","1","833","933","0","1","1","3","0.16","0.63","0","0",,,"1","10","2024-02-07 16:56:50"
"6111234ac8cfa49e38acbfb4",,"4","4","6","2","5","5","0","1","783","918","0","1","1","2","0.22","0.37","0","0",,,"0","10","2024-02-07 16:56:53"
"6111234ac8cfa49e38acbfb4",,"4","5","9","2","5","5","1","0","682","765","1","0","2","4","0.37","0.84","0","0",,,"1","15","2024-02-07 16:56:55"
"6111234ac8cfa49e38acbfb4",,"4","6","12","2","5","5","1","0","615","716","1","0","3","4","0.55","0.88","0","0",,,"1","20","2024-02-07 16:56:57"
"6111234ac8cfa49e38acbfb4",,"4","7","12","2","5","5","0","1","849","983","0","1","3","4","0.55","0.88","0","0",,,"1","25","2024-02-07 16:57:00"
"6111234ac8cfa49e38acbfb4",,"4","8","1","1","5","5","1","1","1098","1199","1","0","1","4","0.12","0.71","0","0",,,"0","25","2024-02-07 16:57:03"
"6111234ac8cfa49e38acbfb4",,"4","9","3","2","5","5","1","0","667","767","1","0","1","1","0.12","0.22","0","0",,,"1","30","2024-02-07 16:57:05"
"6111234ac8cfa49e38acbfb4",,"4","10","11","2","5","5","1","0","898","999","1","0","2","2","0.37","0.45","0","0",,,"1","35","2024-02-07 16:57:08"
"6111234ac8cfa49e38acbfb4",,"4","11","1","2","5","5","1","0","634","835","1","0","1","4","0.12","0.71","0","0",,,"1","40","2024-02-07 16:57:10"
"6111234ac8cfa49e38acbfb4",,"4","12","9","2","5","5","0","1","781","897","0","1","2","4","0.37","0.84","0","0",,,"0","40","2024-02-07 16:57:12"
"6111234ac8cfa49e38acbfb4",,"4","13","15","2","5","5","1","0","699","735","1","0","4","4","0.78","0.88","0","0",,,"0","40","2024-02-07 16:57:15"
"6111234ac8cfa49e38acbfb4",,"4","14","13","2","5","5","1","0","616","748","1","0","3","3","0.55","0.63","0","0",,,"0","40","2024-02-07 16:57:17"
"6111234ac8cfa49e38acbfb4",,"4","15","1","2","5","5","0","1","779","913","0","1","1","4","0.12","0.71","0","0",,,"1","45","2024-02-07 16:57:20"
"6111234ac8cfa49e38acbfb4",,"4","16","8","2","5","5","1","0","899","1050","1","0","1","4","0.29","0.71","0","0",,,"1","50","2024-02-07 16:57:22"
"6111234ac8cfa49e38acbfb4",,"4","17","0","2","5","5","1","0","683","815","1","0","1","4","0.12","0.88","0","0",,,"1","55","2024-02-07 16:57:25"
"6111234ac8cfa49e38acbfb4",,"4","18","4","2","5","5","0","1","668","801","0","1","1","4","0.16","0.84","0","0",,,"1","60","2024-02-07 16:57:27"
"6111234ac8cfa49e38acbfb4",,"4","19","11","2","5","5","0","1","633","832","0","1","2","2","0.37","0.45","0","0",,,"0","60","2024-02-07 16:57:29"
"6111234ac8cfa49e38acbfb4",,"4","20","8","2","5","5","0","1","1099","1300","0","1","1","4","0.29","0.71","0","0",,,"1","65","2024-02-07 16:57:32"
"6111234ac8cfa49e38acbfb4",,"4","21","0","2","5","5","0","1","999","1183","0","1","1","4","0.12","0.88","0","0",,,"1","70","2024-02-07 16:57:35"
"6111234ac8cfa49e38acbfb4",,"4","22","12","2","5","5","1","0","648","1082","1","0","3","4","0.55","0.88","0","0",,,"1","75","2024-02-07 16:57:38"
"6111234ac8cfa49e38acbfb4",,"4","23","6","2","5","5","1","0","765","948","1","0","1","2","0.22","0.37","0","0",,,"0","75","2024-02-07 16:57:40"
"6111234ac8cfa49e38acbfb4",,"4","24","15","1","5","5","0","0","601","732","0","1","4","4","0.78","0.88","0","0",,,"1","80","2024-02-07 16:57:43"
"6111234ac8cfa49e38acbfb4",,"4","25","0","2","5","5","1","0","1130","1264","1","0","1","4","0.12","0.88","0","0",,,"0","80","2024-02-07 16:57:45"
"6111234ac8cfa49e38acbfb4",,"4","26","12","2","5","5","0","1","1167","1315","0","1","3","4","0.55","0.88","0","0",,,"1","85","2024-02-07 16:57:48"
"6111234ac8cfa49e38acbfb4",,"4","27","8","2","5","5","1","0","1167","1334","1","0","1","4","0.29","0.71","0","0",,,"1","90","2024-02-07 16:57:51"
"6111234ac8cfa49e38acbfb4",,"4","28","2","1","5","5","0","0","950","1117","0","1","1","2","0.12","0.45","0","0",,,"0","90","2024-02-07 16:57:54"
"6111234ac8cfa49e38acbfb4",,"4","29","1","1","5","5","0","0","603","1220","1","1","1","4","0.12","0.71","0","0",,,"0","90","2024-02-07 16:57:57"
"6111234ac8cfa49e38acbfb4",,"4","30","4","2","5","5","1","0","782","847","1","0","1","4","0.16","0.84","0","0",,,"1","95","2024-02-07 16:57:59"
"6111234ac8cfa49e38acbfb4",,"4","31","4","2","5","5","0","1","864","1563","0","1","1","4","0.16","0.84","0","0",,,"1","100","2024-02-07 16:58:02"
"6111234ac8cfa49e38acbfb4",,"4","32","11","1","5","5","1","1","1250","1349","1","0","2","2","0.37","0.45","0","0",,,"1","105","2024-02-07 16:58:05"
"6111234ac8cfa49e38acbfb4",,"4","33","14","1","5","5","1","1","831","933","1","0","3","4","0.63","0.78","0","0",,,"1","110","2024-02-07 16:58:07"
"6111234ac8cfa49e38acbfb4",,"4","34","14","2","5","5","1","0","631","747","1","0","3","4","0.63","0.78","0","0",,,"1","115","2024-02-07 16:58:09"
"6111234ac8cfa49e38acbfb4",,"4","35","9","2","5","5","0","1","766","916","0","1","2","4","0.37","0.84","0","0",,,"1","120","2024-02-07 16:58:12"
"6111234ac8cfa49e38acbfb4",,"4","36","8","2","5","5","0","1","498","617","0","1","1","4","0.29","0.71","0","0",,,"1","125","2024-02-07 16:58:14"
"6111234ac8cfa49e38acbfb4",,"4","37","13","2","5","5","0","1","682","799","0","1","3","3","0.55","0.63","0","0",,,"1","130","2024-02-07 16:58:16"
"6111234ac8cfa49e38acbfb4",,"4","38","7","1","5","5","1","1","1516","1583","1","0","1","4","0.29","0.88","0","0",,,"0","130","2024-02-07 16:58:19"
"6111234ac8cfa49e38acbfb4",,"4","39","5","2","5","5","1","0","665","766","1","0","1","3","0.16","0.63","0","0",,,"1","135","2024-02-07 16:58:22"
"6111234ac8cfa49e38acbfb4",,"4","40","3","2","5","5","0","1","714","831","0","1","1","1","0.12","0.22","0","0",,,"1","140","2024-02-07 16:58:24"
"6111234ac8cfa49e38acbfb4",,"4","41","6","1","5","5","0","0","565","651","0","1","1","2","0.22","0.37","0","0",,,"1","145","2024-02-07 16:58:27"
"6111234ac8cfa49e38acbfb4",,"4","42","0","2","5","5","0","1","581","1249","1","1","1","4","0.12","0.88","0","0",,,"1","150","2024-02-07 16:58:29"
"6111234ac8cfa49e38acbfb4",,"4","43","10","1","5","5","1","1","882","983","1","0","2","3","0.37","0.63","0","0",,,"0","150","2024-02-07 16:58:32"
"6111234ac8cfa49e38acbfb4",,"4","44","14","1","5","5","0","0","566","683","0","1","3","4","0.63","0.78","0","0",,,"0","150","2024-02-07 16:58:34"
"6111234ac8cfa49e38acbfb4",,"4","45","7","1","5","5","1","1","601","767","1","0","1","4","0.29","0.88","0","0",,,"1","155","2024-02-07 16:58:37"
"6111234ac8cfa49e38acbfb4",,"4","46","9","1","5","5","1","1","563","646","1","0","2","4","0.37","0.84","0","0",,,"0","155","2024-02-07 16:58:39"
"6111234ac8cfa49e38acbfb4",,"4","47","10","1","5","5","0","0","716","849","0","1","2","3","0.37","0.63","0","0",,,"0","155","2024-02-07 16:58:41"
"6111234ac8cfa49e38acbfb4",,"4","48","2","2","5","5","1","0","649","764","1","0","1","2","0.12","0.45","0","0",,,"1","160","2024-02-07 16:58:44"
"6111234ac8cfa49e38acbfb4",,"4","49","11","2","5","5","1","0","650","749","1","0","2","2","0.37","0.45","0","0",,,"0","160","2024-02-07 16:58:46"
"6111234ac8cfa49e38acbfb4",,"4","50","6","2","5","5","0","1","549","683","0","1","1","2","0.22","0.37","0","0",,,"0","160","2024-02-07 16:58:49"
"6111234ac8cfa49e38acbfb4",,"4","51","13","1","5","5","1","1","548","649","1","0","3","3","0.55","0.63","0","0",,,"0","160","2024-02-07 16:58:51"
"6111234ac8cfa49e38acbfb4",,"4","52","7","1","5","5","1","1","516","666","1","0","1","4","0.29","0.88","0","0",,,"0","160","2024-02-07 16:58:53"
"6111234ac8cfa49e38acbfb4",,"4","53","13","1","5","5","1","1","999","1117","1","0","3","3","0.55","0.63","0","0",,,"0","160","2024-02-07 16:58:56"
"6111234ac8cfa49e38acbfb4",,"4","54","4","1","5","5","0","0","481","816","0","1","1","4","0.16","0.84","0","0",,,"0","160","2024-02-07 16:58:59"
"6111234ac8cfa49e38acbfb4",,"4","55","15","1","5","5","1","1","913","947","1","0","4","4","0.78","0.88","0","0",,,"1","165","2024-02-07 16:59:02"
"6111234ac8cfa49e38acbfb4",,"4","56","3","2","5","5","0","1","816","967","0","1","1","1","0.12","0.22","0","0",,,"1","170","2024-02-07 16:59:04"
"6111234ac8cfa49e38acbfb4",,"4","57","3","2","5","5","0","1","599","764","0","1","1","1","0.12","0.22","0","0",,,"0","170","2024-02-07 16:59:06"
"6111234ac8cfa49e38acbfb4",,"4","58","14","1","5","5","1","1","580","749","1","0","3","4","0.63","0.78","0","0",,,"0","170","2024-02-07 16:59:09"
"6111234ac8cfa49e38acbfb4",,"4","59","10","2","5","5","1","0","666","748","1","0","2","3","0.37","0.63","0","0",,,"1","175","2024-02-07 16:59:11"
"6111234ac8cfa49e38acbfb4",,"4","60","2","2","5","5","0","1","749","902","0","1","1","2","0.12","0.45","0","0",,,"0","175","2024-02-07 16:59:14"
"6111234ac8cfa49e38acbfb4",,"4","61","5","2","5","5","1","0","515","613","1","0","1","3","0.16","0.63","0","0",,,"0","175","2024-02-07 16:59:16"
"6111234ac8cfa49e38acbfb4",,"4","62","2","2","5","5","0","1","650","815","0","1","1","2","0.12","0.45","0","0",,,"0","175","2024-02-07 16:59:19"
"6111234ac8cfa49e38acbfb4",,"4","63","10","1","5","5","1","1","601","650","1","0","2","3","0.37","0.63","0","0",,,"0","175","2024-02-07 16:59:21"
"6111234ac8cfa49e38acbfb4",,"5","0","4","2","5","5","0","1","999","1149","0","1","1","4","0.16","0.84","0","0",,,"0","0","2024-02-07 16:59:33"
"6111234ac8cfa49e38acbfb4",,"5","1","0","2","5","5","1","0","1280","1414","1","0","1","4","0.12","0.88","0","0",,,"1","5","2024-02-07 16:59:36"
"6111234ac8cfa49e38acbfb4",,"5","2","7","2","5","5","1","0","951","1134","1","0","1","4","0.29","0.88","0","0",,,"0","5","2024-02-07 16:59:39"
"6111234ac8cfa49e38acbfb4",,"5","3","14","2","5","5","0","1","616","765","0","1","3","4","0.63","0.78","0","0",,,"1","10","2024-02-07 16:59:42"
"6111234ac8cfa49e38acbfb4",,"5","4","3","1","5","5","0","0","980","1098","0","1","1","1","0.12","0.22","0","0",,,"1","15","2024-02-07 16:59:44"
"6111234ac8cfa49e38acbfb4",,"5","5","3","1","5","5","1","1","586","736","1","0","1","1","0.12","0.22","0","0",,,"0","15","2024-02-07 16:59:46"
"6111234ac8cfa49e38acbfb4",,"5","6","13","1","5","5","0","0","650","884","0","1","3","3","0.55","0.63","0","0",,,"1","20","2024-02-07 16:59:49"
"6111234ac8cfa49e38acbfb4",,"5","7","8","1","5","5","0","0","682","865","0","1","1","4","0.29","0.71","0","0",,,"0","20","2024-02-07 16:59:51"
"6111234ac8cfa49e38acbfb4",,"5","8","12","2","5","5","1","0","617","750","1","0","3","4","0.55","0.88","0","0",,,"1","25","2024-02-07 16:59:54"
"6111234ac8cfa49e38acbfb4",,"5","9","15","2","5","5","0","1","798","952","0","1","4","4","0.78","0.88","0","0",,,"1","30","2024-02-07 16:59:56"
"6111234ac8cfa49e38acbfb4",,"5","10","2","2","5","5","1","0","583","716","1","0","1","2","0.12","0.45","0","0",,,"1","35","2024-02-07 16:59:59"
"6111234ac8cfa49e38acbfb4",,"5","11","10","2","5","5","1","0","600","703","1","0","2","3","0.37","0.63","0","0",,,"1","40","2024-02-07 17:00:01"
"6111234ac8cfa49e38acbfb4",,"5","12","12","1","5","5","1","1","697","813","1","0","3","4","0.55","0.88","0","0",,,"1","45","2024-02-07 17:00:03"
"6111234ac8cfa49e38acbfb4",,"5","13","6","2","5","5","1","0","631","799","1","0","1","2","0.22","0.37","0","0",,,"1","50","2024-02-07 17:00:05"
"6111234ac8cfa49e38acbfb4",,"5","14","11","1","5","5","0","0","566","950","0","1","2","2","0.37","0.45","0","0",,,"0","50","2024-02-07 17:00:08"
"6111234ac8cfa49e38acbfb4",,"5","15","10","1","5","5","1","1","583","766","1","0","2","3","0.37","0.63","0","0",,,"0","50","2024-02-07 17:00:10"
"6111234ac8cfa49e38acbfb4",,"5","16","5","2","5","5","0","1","882","1015","0","1","1","3","0.16","0.63","0","0",,,"1","55","2024-02-07 17:00:13"
"6111234ac8cfa49e38acbfb4",,"5","17","9","2","5","5","1","0","965","1099","1","0","2","4","0.37","0.84","0","0",,,"1","60","2024-02-07 17:00:16"
"6111234ac8cfa49e38acbfb4",,"5","18","1","2","5","5","1","0","565","699","1","0","1","4","0.12","0.71","0","0",,,"1","65","2024-02-07 17:00:18"
"6111234ac8cfa49e38acbfb4",,"5","19","7","1","5","5","0","0","900","998","0","1","1","4","0.29","0.88","0","0",,,"0","65","2024-02-07 17:00:20"
"6111234ac8cfa49e38acbfb4",,"5","20","0","2","5","5","1","0","516","1784","2","1","1","4","0.12","0.88","0","0",,,"1","70","2024-02-07 17:00:24"
"6111234ac8cfa49e38acbfb4",,"5","21","14","2","5","5","1","0","698","983","1","0","3","4","0.63","0.78","0","0",,,"1","75","2024-02-07 17:00:26"
"6111234ac8cfa49e38acbfb4",,"5","22","5","2","5","5","0","1","1165","1301","0","1","1","3","0.16","0.63","0","0",,,"1","80","2024-02-07 17:00:29"
"6111234ac8cfa49e38acbfb4",,"5","23","8","2","5","5","1","0","650","768","1","0","1","4","0.29","0.71","0","0",,,"1","85","2024-02-07 17:00:31"
"6111234ac8cfa49e38acbfb4",,"5","24","0","2","5","5","0","1","681","750","0","1","1","4","0.12","0.88","0","0",,,"1","90","2024-02-07 17:00:34"
"6111234ac8cfa49e38acbfb4",,"5","25","3","1","5","5","1","1","532","649","1","0","1","1","0.12","0.22","0","0",,,"0","90","2024-02-07 17:00:36"
"6111234ac8cfa49e38acbfb4",,"5","26","4","1","5","5","0","0","549","782","0","1","1","4","0.16","0.84","0","0",,,"0","90","2024-02-07 17:00:38"
"6111234ac8cfa49e38acbfb4",,"5","27","13","2","5","5","1","0","666","799","1","0","3","3","0.55","0.63","0","0",,,"0","90","2024-02-07 17:00:41"
"6111234ac8cfa49e38acbfb4",,"5","28","3","2","5","5","1","0","614","732","1","0","1","1","0.12","0.22","0","0",,,"0","90","2024-02-07 17:00:43"
"6111234ac8cfa49e38acbfb4",,"5","29","13","2","5","5","0","1","680","748","0","1","3","3","0.55","0.63","0","0",,,"1","95","2024-02-07 17:00:46"
"6111234ac8cfa49e38acbfb4",,"5","30","15","1","5","5","1","1","765","864","1","0","4","4","0.78","0.88","0","0",,,"1","100","2024-02-07 17:00:48"
"6111234ac8cfa49e38acbfb4",,"5","31","9","2","5","5","1","0","716","817","1","0","2","4","0.37","0.84","0","0",,,"0","100","2024-02-07 17:00:51"
"6111234ac8cfa49e38acbfb4",,"5","32","12","2","5","5","1","0","850","967","1","0","3","4","0.55","0.88","0","0",,,"0","100","2024-02-07 17:00:53"
"6111234ac8cfa49e38acbfb4",,"5","33","15","1","5","5","1","1","601","733","1","0","4","4","0.78","0.88","0","0",,,"1","105","2024-02-07 17:00:56"
"6111234ac8cfa49e38acbfb4",,"5","34","6","1","5","5","0","0","796","896","0","1","1","2","0.22","0.37","0","0",,,"0","105","2024-02-07 17:00:58"
"6111234ac8cfa49e38acbfb4",,"5","35","11","1","5","5","1","1","1152","1250","1","0","2","2","0.37","0.45","0","0",,,"1","110","2024-02-07 17:01:01"
"6111234ac8cfa49e38acbfb4",,"5","36","9","2","5","5","1","0","733","833","1","0","2","4","0.37","0.84","0","0",,,"1","115","2024-02-07 17:01:03"
"6111234ac8cfa49e38acbfb4",,"5","37","13","2","5","5","1","0","599","734","1","0","3","3","0.55","0.63","0","0",,,"1","120","2024-02-07 17:01:06"
"6111234ac8cfa49e38acbfb4",,"5","38","2","2","5","5","0","1","547","648","0","1","1","2","0.12","0.45","0","0",,,"0","120","2024-02-07 17:01:08"
"6111234ac8cfa49e38acbfb4",,"5","39","6","1","5","5","1","1","400","531","1","0","1","2","0.22","0.37","0","0",,,"1","125","2024-02-07 17:01:10"
"6111234ac8cfa49e38acbfb4",,"5","40","6","1","5","5","1","1","531","614","1","0","1","2","0.22","0.37","0","0",,,"0","125","2024-02-07 17:01:12"
"6111234ac8cfa49e38acbfb4",,"5","41","1","2","5","5","0","1","646","831","0","1","1","4","0.12","0.71","0","0",,,"1","130","2024-02-07 17:01:15"
"6111234ac8cfa49e38acbfb4",,"5","42","14","1","5","5","1","1","1015","1132","1","0","3","4","0.63","0.78","0","0",,,"1","135","2024-02-07 17:01:18"
"6111234ac8cfa49e38acbfb4",,"5","43","8","1","5","5","1","1","616","747","1","0","1","4","0.29","0.71","0","0",,,"0","135","2024-02-07 17:01:20"
"6111234ac8cfa49e38acbfb4",,"5","44","10","1","5","5","0","0","617","748","0","1","2","3","0.37","0.63","0","0",,,"0","135","2024-02-07 17:01:22"
"6111234ac8cfa49e38acbfb4",,"5","45","7","2","5","5","0","1","600","1167","1","1","1","4","0.29","0.88","0","0",,,"1","140","2024-02-07 17:01:25"
"6111234ac8cfa49e38acbfb4",,"5","46","5","1","5","5","0","0","965","1749","1","1","1","3","0.16","0.63","0","0",,,"0","140","2024-02-07 17:01:28"
"6111234ac8cfa49e38acbfb4",,"5","47","11","2","5","5","1","0","550","648","1","0","2","2","0.37","0.45","0","0",,,"0","140","2024-02-07 17:01:31"
"6111234ac8cfa49e38acbfb4",,"5","48","4","2","5","5","0","1","515","733","0","1","1","4","0.16","0.84","0","0",,,"1","145","2024-02-07 17:01:33"
"6111234ac8cfa49e38acbfb4",,"5","49","0","2","5","5","0","1","665","831","0","1","1","4","0.12","0.88","0","0",,,"1","150","2024-02-07 17:01:35"
"6111234ac8cfa49e38acbfb4",,"5","50","4","2","5","5","0","1","865","944","0","1","1","4","0.16","0.84","0","0",,,"1","155","2024-02-07 17:01:38"
"6111234ac8cfa49e38acbfb4",,"5","51","10","2","5","5","1","0","730","815","1","0","2","3","0.37","0.63","0","0",,,"0","155","2024-02-07 17:01:40"
"6111234ac8cfa49e38acbfb4",,"5","52","11","2","5","5","0","1","517","683","0","1","2","2","0.37","0.45","0","0",,,"0","155","2024-02-07 17:01:43"
"6111234ac8cfa49e38acbfb4",,"5","53","12","2","5","5","0","1","681","783","0","1","3","4","0.55","0.88","0","0",,,"1","160","2024-02-07 17:01:45"
"6111234ac8cfa49e38acbfb4",,"5","54","14","1","5","5","0","0","620","1152","0","1","3","4","0.63","0.78","0","0",,,"0","160","2024-02-07 17:01:48"
"6111234ac8cfa49e38acbfb4",,"5","55","9","2","5","5","1","0","853","883","1","0","2","4","0.37","0.84","0","0",,,"1","165","2024-02-07 17:01:50"
"6111234ac8cfa49e38acbfb4",,"5","56","2","2","5","5","1","0","650","749","1","0","1","2","0.12","0.45","0","0",,,"0","165","2024-02-07 17:01:53"
"6111234ac8cfa49e38acbfb4",,"5","57","1","1","5","5","0","0","550","651","0","1","1","4","0.12","0.71","0","0",,,"0","165","2024-02-07 17:01:55"
"6111234ac8cfa49e38acbfb4",,"5","58","2","2","5","5","1","0","598","702","1","0","1","2","0.12","0.45","0","0",,,"0","165","2024-02-07 17:01:57"
"6111234ac8cfa49e38acbfb4",,"5","59","7","2","5","5","1","0","766","933","1","0","1","4","0.29","0.88","0","0",,,"1","170","2024-02-07 17:02:00"
"6111234ac8cfa49e38acbfb4",,"5","60","8","2","5","5","1","0","633","717","1","0","1","4","0.29","0.71","0","0",,,"0","170","2024-02-07 17:02:02"
"6111234ac8cfa49e38acbfb4",,"5","61","5","1","5","5","1","1","880","1000","1","0","1","3","0.16","0.63","0","0",,,"0","170","2024-02-07 17:02:05"
"6111234ac8cfa49e38acbfb4",,"5","62","15","2","5","5","0","1","548","648","0","1","4","4","0.78","0.88","0","0",,,"1","175","2024-02-07 17:02:07"
"6111234ac8cfa49e38acbfb4",,"5","63","1","2","5","5","1","0","662","846","1","0","1","4","0.12","0.71","0","0",,,"1","180","2024-02-07 17:02:10"
"5dd31760fb7d41000c6610e3",,"0","0","12","1","5","5","1","1","1231","1898","1","0","3","4","0.55","0.88","0","0",,,"1","5","2024-02-08 13:27:07"
"5dd31760fb7d41000c6610e3",,"0","1","6","1","5","5","0","0","1033","1599","0","1","1","2","0.22","0.37","0","0",,,"0","5","2024-02-08 13:27:10"
"5dd31760fb7d41000c6610e3",,"0","2","13","1","5","5","0","0","1232","1766","0","1","3","3","0.55","0.63","0","0",,,"1","10","2024-02-08 13:27:14"
"5dd31760fb7d41000c6610e3",,"0","3","15","1","5","5","0","0","1132","1633","0","1","4","4","0.78","0.88","0","0",,,"0","10","2024-02-08 13:27:17"
"5dd31760fb7d41000c6610e3",,"0","4","10","2","5","5","0","1","966","1533","0","1","2","3","0.37","0.63","0","0",,,"1","15","2024-02-08 13:27:20"
"5dd31760fb7d41000c6610e3",,"0","5","3","2","5","5","1","0","1099","1600","1","0","1","1","0.12","0.22","0","0",,,"0","15","2024-02-08 13:27:23"
"5dd31760fb7d41000c6610e3",,"0","6","5","2","5","5","1","0","1099","1633","1","0","1","3","0.16","0.63","0","0",,,"0","15","2024-02-08 13:27:26"
"5dd31760fb7d41000c6610e3",,"0","7","5","2","5","5","1","0","1066","1567","1","0","1","3","0.16","0.63","0","0",,,"0","15","2024-02-08 13:27:29"
"5dd31760fb7d41000c6610e3",,"0","8","5","1","5","5","1","1","1932","2366","1","0","1","3","0.16","0.63","0","0",,,"0","15","2024-02-08 13:27:33"
"5dd31760fb7d41000c6610e3",,"0","9","0","2","5","5","1","0","2265","2699","1","0","1","4","0.12","0.88","0","0",,,"1","20","2024-02-08 13:27:37"
"5dd31760fb7d41000c6610e3",,"0","0","5","1","5","5","1","1","633","1466","1","0","1","3","0.16","0.63","0","0",,,"0","0","2024-02-08 13:32:15"
"5dd31760fb7d41000c6610e3",,"0","1","8","2","5","5","0","1","700","1500","0","1","1","4","0.29","0.71","0","0",,,"1","5","2024-02-08 13:32:18"
"5dd31760fb7d41000c6610e3",,"0","2","10","2","5","5","0","1","733","1433","0","1","2","3","0.37","0.63","0","0",,,"0","5","2024-02-08 13:32:21"
"5dd31760fb7d41000c6610e3",,"0","3","6","2","5","5","1","0","599","1232","1","0","1","2","0.22","0.37","0","0",,,"1","10","2024-02-08 13:32:24"
"5dd31760fb7d41000c6610e3",,"0","4","9","1","5","5","1","1","766","1366","1","0","2","4","0.37","0.84","0","0",,,"1","15","2024-02-08 13:32:27"
"5dd31760fb7d41000c6610e3",,"0","5","6","2","5","5","1","0","965","1667","1","0","1","2","0.22","0.37","0","0",,,"1","20","2024-02-08 13:32:30"
"5dd31760fb7d41000c6610e3",,"0","6","2","2","5","5","0","1","833","1566","0","1","1","2","0.12","0.45","0","0",,,"1","25","2024-02-08 13:32:33"
"5dd31760fb7d41000c6610e3",,"0","7","15","1","5","5","1","1","666","1200","1","0","4","4","0.78","0.88","0","0",,,"1","30","2024-02-08 13:32:36"
"5dd31760fb7d41000c6610e3",,"0","8","1","2","5","5","1","0","666","1066","1","0","1","4","0.12","0.71","0","0",,,"1","35","2024-02-08 13:32:38"
"5dd31760fb7d41000c6610e3",,"0","9","1","2","5","5","1","0","799","1368","1","0","1","4","0.12","0.71","0","0",,,"1","40","2024-02-08 13:32:41"
"5dd31760fb7d41000c6610e3",,"0","10","7","2","5","5","1","0","1266","1633","1","0","1","4","0.29","0.88","0","0",,,"1","45","2024-02-08 13:32:44"
"5dd31760fb7d41000c6610e3",,"0","11","12","1","5","5","0","0","499","1066","0","1","3","4","0.55","0.88","0","0",,,"1","50","2024-02-08 13:32:47"
"5dd31760fb7d41000c6610e3",,"0","12","11","2","5","5","0","1","732","1200","0","1","2","2","0.37","0.45","0","0",,,"1","55","2024-02-08 13:32:50"
"5dd31760fb7d41000c6610e3",,"0","13","5","2","5","5","1","0","566","1000","1","0","1","3","0.16","0.63","0","0",,,"1","60","2024-02-08 13:32:52"
"5dd31760fb7d41000c6610e3",,"0","14","8","2","5","5","0","1","466","1066","0","1","1","4","0.29","0.71","0","0",,,"0","60","2024-02-08 13:32:55"
"5dd31760fb7d41000c6610e3",,"0","15","3","1","5","5","1","1","466","833","1","0","1","1","0.12","0.22","0","0",,,"0","60","2024-02-08 13:32:57"
"5dd31760fb7d41000c6610e3",,"0","16","14","1","5","5","1","1","399","733","1","0","3","4","0.63","0.78","0","0",,,"1","65","2024-02-08 13:33:00"
"5dd31760fb7d41000c6610e3",,"0","17","6","2","5","5","1","0","532","899","1","0","1","2","0.22","0.37","0","0",,,"0","65","2024-02-08 13:33:02"
"5dd31760fb7d41000c6610e3",,"0","18","11","2","5","5","0","1","332","833","0","1","2","2","0.37","0.45","0","0",,,"1","70","2024-02-08 13:33:05"
"5dd31760fb7d41000c6610e3",,"0","19","10","2","5","5","0","1","666","1066","0","1","2","3","0.37","0.63","0","0",,,"1","75","2024-02-08 13:33:07"
"5dd31760fb7d41000c6610e3",,"0","20","3","2","5","5","1","0","566","933","1","0","1","1","0.12","0.22","0","0",,,"0","75","2024-02-08 13:33:10"
"5dd31760fb7d41000c6610e3",,"0","21","15","1","5","5","0","0","333","800","0","1","4","4","0.78","0.88","0","0",,,"1","80","2024-02-08 13:33:12"
"5dd31760fb7d41000c6610e3",,"0","22","6","2","5","5","1","0","699","1067","1","0","1","2","0.22","0.37","0","0",,,"0","80","2024-02-08 13:33:15"
"5dd31760fb7d41000c6610e3",,"0","23","4","2","5","5","1","0","933","1399","1","0","1","4","0.16","0.84","0","0",,,"1","85","2024-02-08 13:33:18"
"5dd31760fb7d41000c6610e3",,"0","24","4","2","5","5","1","0","533","966","1","0","1","4","0.16","0.84","0","0",,,"1","90","2024-02-08 13:33:21"
"5dd31760fb7d41000c6610e3",,"0","25","2","2","5","5","1","0","1166","1466","1","0","1","2","0.12","0.45","0","0",,,"1","95","2024-02-08 13:33:24"
"5dd31760fb7d41000c6610e3",,"0","26","13","2","5","5","1","0","532","933","1","0","3","3","0.55","0.63","0","0",,,"0","95","2024-02-08 13:33:26"
"5dd31760fb7d41000c6610e3",,"0","27","5","2","5","5","1","0","366","766","1","0","1","3","0.16","0.63","0","0",,,"1","100","2024-02-08 13:33:29"
"5dd31760fb7d41000c6610e3",,"0","28","1","2","5","5","0","1","799","1200","0","1","1","4","0.12","0.71","0","0",,,"0","100","2024-02-08 13:33:31"
"5dd31760fb7d41000c6610e3",,"0","29","0","2","5","5","1","0","499","866","1","0","1","4","0.12","0.88","0","0",,,"1","105","2024-02-08 13:33:34"
"5dd31760fb7d41000c6610e3",,"0","30","2","2","5","5","1","0","499","900","1","0","1","2","0.12","0.45","0","0",,,"1","110","2024-02-08 13:33:36"
"5dd31760fb7d41000c6610e3",,"0","31","9","2","5","5","0","1","833","1232","0","1","2","4","0.37","0.84","0","0",,,"1","115","2024-02-08 13:33:39"
"5dd31760fb7d41000c6610e3",,"0","32","14","2","5","5","1","0","466","801","1","0","3","4","0.63","0.78","0","0",,,"1","120","2024-02-08 13:33:41"
"5dd31760fb7d41000c6610e3",,"0","33","15","2","5","5","0","1","333","766","0","1","4","4","0.78","0.88","0","0",,,"1","125","2024-02-08 13:33:44"
"5dd31760fb7d41000c6610e3",,"0","34","13","1","5","5","1","1","499","867","1","0","3","3","0.55","0.63","0","0",,,"0","125","2024-02-08 13:33:46"
"5dd31760fb7d41000c6610e3",,"0","35","5","1","5","5","0","0","266","966","0","1","1","3","0.16","0.63","0","0",,,"0","125","2024-02-08 13:33:49"
"5dd31760fb7d41000c6610e3",,"0","36","11","2","5","5","1","0","466","766","1","0","2","2","0.37","0.45","0","0",,,"1","130","2024-02-08 13:33:51"
"5dd31760fb7d41000c6610e3",,"0","37","4","2","5","5","1","0","1199","1499","1","0","1","4","0.16","0.84","0","0",,,"1","135","2024-02-08 13:33:54"
"5dd31760fb7d41000c6610e3",,"0","38","10","2","5","5","1","0","666","1033","1","0","2","3","0.37","0.63","0","0",,,"0","135","2024-02-08 13:33:57"
"5dd31760fb7d41000c6610e3",,"0","39","0","2","5","5","1","0","399","733","1","0","1","4","0.12","0.88","0","0",,,"1","140","2024-02-08 13:34:00"
"5dd31760fb7d41000c6610e3",,"0","40","9","2","5","5","0","1","666","1066","0","1","2","4","0.37","0.84","0","0",,,"1","145","2024-02-08 13:34:02"
"5dd31760fb7d41000c6610e3",,"0","41","8","2","5","5","1","0","499","833","1","0","1","4","0.29","0.71","0","0",,,"1","150","2024-02-08 13:34:05"
"5dd31760fb7d41000c6610e3",,"0","42","0","2","5","5","0","1","599","966","0","1","1","4","0.12","0.88","0","0",,,"1","155","2024-02-08 13:34:07"
"5dd31760fb7d41000c6610e3",,"0","43","12","1","5","5","1","1","399","733","1","0","3","4","0.55","0.88","0","0",,,"0","155","2024-02-08 13:34:09"
"5dd31760fb7d41000c6610e3",,"0","44","3","1","5","5","1","1","366","700","1","0","1","1","0.12","0.22","0","0",,,"0","155","2024-02-08 13:34:12"
"5dd31760fb7d41000c6610e3",,"0","45","13","1","5","5","1","1","33","433","2","0","3","3","0.55","0.63","0","0",,,"0","155","2024-02-08 13:34:14"
"5dd31760fb7d41000c6610e3",,"0","46","7","2","5","5","0","1","66","500","0","2","1","4","0.29","0.88","0","0",,,"1","160","2024-02-08 13:34:16"
"5dd31760fb7d41000c6610e3",,"0","47","10","1","5","5","1","1","399","733","1","0","2","3","0.37","0.63","0","0",,,"0","160","2024-02-08 13:34:19"
"5dd31760fb7d41000c6610e3",,"0","48","3","2","5","5","0","1","266","666","0","1","1","1","0.12","0.22","0","0",,,"0","160","2024-02-08 13:34:21"
"5dd31760fb7d41000c6610e3",,"0","49","0","1","5","5","1","1","0","432","2","0","1","4","0.12","0.88","0","0",,,"0","160","2024-02-08 13:34:23"
"5dd31760fb7d41000c6610e3",,"0","50","4","2","5","5","1","0","466","799","1","0","1","4","0.16","0.84","0","0",,,"1","165","2024-02-08 13:34:26"
"5dd31760fb7d41000c6610e3",,"0","51","12","2","5","5","1","0","932","1299","1","0","3","4","0.55","0.88","0","0",,,"1","170","2024-02-08 13:34:29"
"5dd31760fb7d41000c6610e3",,"0","52","12","2","5","5","0","1","699","1134","0","1","3","4","0.55","0.88","0","0",,,"1","175","2024-02-08 13:34:31"
"5dd31760fb7d41000c6610e3",,"0","53","8","2","5","5","0","1","599","1033","0","1","1","4","0.29","0.71","0","0",,,"1","180","2024-02-08 13:34:34"
"5dd31760fb7d41000c6610e3",,"0","54","14","2","5","5","0","1","699","1100","0","1","3","4","0.63","0.78","0","0",,,"1","185","2024-02-08 13:34:37"
"5dd31760fb7d41000c6610e3",,"0","55","15","1","5","5","1","1","666","1000","1","0","4","4","0.78","0.88","0","0",,,"1","190","2024-02-08 13:34:39"
"5dd31760fb7d41000c6610e3",,"0","56","1","2","5","5","0","1","599","967","0","1","1","4","0.12","0.71","0","0",,,"1","195","2024-02-08 13:34:42"
"5dd31760fb7d41000c6610e3",,"0","57","7","2","5","5","1","0","732","1066","1","0","1","4","0.29","0.88","0","0",,,"0","195","2024-02-08 13:34:44"
"5dd31760fb7d41000c6610e3",,"0","58","7","2","5","5","1","0","533","933","1","0","1","4","0.29","0.88","0","0",,,"1","200","2024-02-08 13:34:47"
"5dd31760fb7d41000c6610e3",,"0","59","2","2","5","5","0","1","799","1200","0","1","1","2","0.12","0.45","0","0",,,"0","200","2024-02-08 13:34:50"
"5dd31760fb7d41000c6610e3",,"0","60","13","2","5","5","0","1","699","1101","0","1","3","3","0.55","0.63","0","0",,,"1","205","2024-02-08 13:34:53"
"5dd31760fb7d41000c6610e3",,"0","61","14","1","5","5","1","1","933","1233","1","0","3","4","0.63","0.78","0","0",,,"0","205","2024-02-08 13:34:55"
"5dd31760fb7d41000c6610e3",,"0","62","9","2","5","5","1","0","500","867","1","0","2","4","0.37","0.84","0","0",,,"1","210","2024-02-08 13:34:58"
"5dd31760fb7d41000c6610e3",,"0","63","11","2","5","5","0","1","766","1200","0","1","2","2","0.37","0.45","0","0",,,"0","210","2024-02-08 13:35:01"
"5dd31760fb7d41000c6610e3",,"1","0","11","2","5","5","1","0","466","833","1","0","2","2","0.37","0.45","0","0",,,"1","5","2024-02-08 13:35:16"
"5dd31760fb7d41000c6610e3",,"1","1","6","1","5","5","1","1","399","766","1","0","1","2","0.22","0.37","0","0",,,"0","5","2024-02-08 13:35:19"
"5dd31760fb7d41000c6610e3",,"1","2","9","1","5","5","0","0","332","734","0","1","2","4","0.37","0.84","0","0",,,"0","5","2024-02-08 13:35:21"
"5dd31760fb7d41000c6610e3",,"1","3","10","2","5","5","1","0","399","800","1","0","2","3","0.37","0.63","0","0",,,"1","10","2024-02-08 13:35:24"
"5dd31760fb7d41000c6610e3",,"1","4","2","2","5","5","1","0","565","865","1","0","1","2","0.12","0.45","0","0",,,"0","10","2024-02-08 13:35:26"
"5dd31760fb7d41000c6610e3",,"1","5","8","2","5","5","0","1","565","965","0","1","1","4","0.29","0.71","0","0",,,"0","10","2024-02-08 13:35:29"
"5dd31760fb7d41000c6610e3",,"1","6","2","2","5","5","1","0","466","799","1","0","1","2","0.12","0.45","0","0",,,"1","15","2024-02-08 13:35:31"
"5dd31760fb7d41000c6610e3",,"1","7","5","2","5","5","1","0","499","834","1","0","1","3","0.16","0.63","0","0",,,"0","15","2024-02-08 13:35:34"
"5dd31760fb7d41000c6610e3",,"1","8","7","2","5","5","0","1","565","966","0","1","1","4","0.29","0.88","0","0",,,"0","15","2024-02-08 13:35:37"
"5dd31760fb7d41000c6610e3",,"1","9","2","2","5","5","1","0","533","1167","1","0","1","2","0.12","0.45","0","0",,,"0","15","2024-02-08 13:35:39"
"5dd31760fb7d41000c6610e3",,"1","10","6","1","5","5","1","1","399","700","1","0","1","2","0.22","0.37","0","0",,,"0","15","2024-02-08 13:35:42"
"5dd31760fb7d41000c6610e3",,"1","11","10","2","5","5","0","1","1099","1499","0","1","2","3","0.37","0.63","0","0",,,"1","20","2024-02-08 13:35:45"
"5dd31760fb7d41000c6610e3",,"1","12","3","1","5","5","1","1","499","833","1","0","1","1","0.12","0.22","0","0",,,"0","20","2024-02-08 13:35:47"
"5dd31760fb7d41000c6610e3",,"1","13","10","1","5","5","1","1","399","733","1","0","2","3","0.37","0.63","0","0",,,"0","20","2024-02-08 13:35:50"
"5dd31760fb7d41000c6610e3",,"1","14","4","1","5","5","0","0","465","900","0","1","1","4","0.16","0.84","0","0",,,"0","20","2024-02-08 13:35:53"
"5dd31760fb7d41000c6610e3",,"1","15","15","2","5","5","1","0","365","766","1","0","4","4","0.78","0.88","0","0",,,"1","25","2024-02-08 13:35:55"
"5dd31760fb7d41000c6610e3",,"1","16","14","2","5","5","1","0","532","866","1","0","3","4","0.63","0.78","0","0",,,"0","25","2024-02-08 13:35:58"
"5dd31760fb7d41000c6610e3",,"1","17","8","2","5","5","1","0","365","700","1","0","1","4","0.29","0.71","0","0",,,"1","30","2024-02-08 13:36:00"
"5dd31760fb7d41000c6610e3",,"1","18","3","2","5","5","1","0","599","1000","1","0","1","1","0.12","0.22","0","0",,,"0","30","2024-02-08 13:36:03"
"5dd31760fb7d41000c6610e3",,"1","19","9","2","5","5","1","0","332","665","1","0","2","4","0.37","0.84","0","0",,,"1","35","2024-02-08 13:36:05"
"5dd31760fb7d41000c6610e3",,"1","20","1","1","5","5","1","1","399","766","1","0","1","4","0.12","0.71","0","0",,,"1","40","2024-02-08 13:36:07"
"5dd31760fb7d41000c6610e3",,"1","21","7","2","5","5","1","0","365","732","1","0","1","4","0.29","0.88","0","0",,,"1","45","2024-02-08 13:36:10"
"5dd31760fb7d41000c6610e3",,"1","22","5","2","5","5","1","0","398","699","1","0","1","3","0.16","0.63","0","0",,,"1","50","2024-02-08 13:36:12"
"5dd31760fb7d41000c6610e3",,"1","23","1","1","5","5","1","1","199","566","1","0","1","4","0.12","0.71","0","0",,,"0","50","2024-02-08 13:36:14"
"5dd31760fb7d41000c6610e3",,"1","24","12","2","5","5","1","0","66","400","2","0","3","4","0.55","0.88","0","0",,,"1","55","2024-02-08 13:36:16"
"5dd31760fb7d41000c6610e3",,"1","25","0","2","5","5","1","0","99","499","1","0","1","4","0.12","0.88","0","0",,,"1","60","2024-02-08 13:36:18"
"5dd31760fb7d41000c6610e3",,"1","26","8","1","5","5","1","1","0","434","2","0","1","4","0.29","0.71","0","0",,,"0","60","2024-02-08 13:36:20"
"5dd31760fb7d41000c6610e3",,"1","27","8","2","5","5","1","0","199","866","1","0","1","4","0.29","0.71","0","0",,,"0","60","2024-02-08 13:36:23"
"5dd31760fb7d41000c6610e3",,"1","28","3","2","5","5","1","0","0","367","2","0","1","1","0.12","0.22","0","0",,,"0","60","2024-02-08 13:36:25"
"5dd31760fb7d41000c6610e3",,"1","29","1","2","5","5","1","0","133","467","1","0","1","4","0.12","0.71","0","0",,,"1","65","2024-02-08 13:36:28"
"5dd31760fb7d41000c6610e3",,"1","30","6","2","5","5","1","0","199","599","1","0","1","2","0.22","0.37","0","0",,,"0","65","2024-02-08 13:36:30"
"5dd31760fb7d41000c6610e3",,"1","31","10","1","5","5","1","1","99","500","1","0","2","3","0.37","0.63","0","0",,,"0","65","2024-02-08 13:36:32"
"5dd31760fb7d41000c6610e3",,"1","32","13","2","5","5","1","0","399","700","1","0","3","3","0.55","0.63","0","0",,,"0","65","2024-02-08 13:36:35"
"5dd31760fb7d41000c6610e3",,"1","33","11","1","5","5","0","0","166","533","0","1","2","2","0.37","0.45","0","0",,,"0","65","2024-02-08 13:36:37"
"5dd31760fb7d41000c6610e3",,"1","34","15","2","5","5","1","0","832","1133","1","0","4","4","0.78","0.88","0","0",,,"1","70","2024-02-08 13:36:40"
"5dd31760fb7d41000c6610e3",,"1","35","14","1","5","5","1","1","332","666","1","0","3","4","0.63","0.78","0","0",,,"1","75","2024-02-08 13:36:42"
"5dd31760fb7d41000c6610e3",,"1","36","13","2","5","5","1","0","233","600","1","0","3","3","0.55","0.63","0","0",,,"0","75","2024-02-08 13:36:44"
"5dd31760fb7d41000c6610e3",,"1","37","0","2","5","5","1","0","100","533","2","0","1","4","0.12","0.88","0","0",,,"1","80","2024-02-08 13:36:47"
"5dd31760fb7d41000c6610e3",,"1","38","9","1","5","5","1","1","298","631","1","0","2","4","0.37","0.84","0","0",,,"0","80","2024-02-08 13:36:49"
"5dd31760fb7d41000c6610e3",,"1","39","0","2","5","5","1","0","0","1433","2","0","1","4","0.12","0.88","0","0",,,"1","85","2024-02-08 13:36:52"
"5dd31760fb7d41000c6610e3",,"1","40","11","2","5","5","1","0","333","701","1","0","2","2","0.37","0.45","0","0",,,"0","85","2024-02-08 13:36:54"
"5dd31760fb7d41000c6610e3",,"1","41","7","2","5","5","1","0","133","533","1","0","1","4","0.29","0.88","0","0",,,"1","90","2024-02-08 13:36:57"
"5dd31760fb7d41000c6610e3",,"1","42","4","2","5","5","1","0","266","699","1","0","1","4","0.16","0.84","0","0",,,"1","95","2024-02-08 13:36:59"
"5dd31760fb7d41000c6610e3",,"1","43","11","1","5","5","1","1","0","433","2","0","2","2","0.37","0.45","0","0",,,"0","95","2024-02-08 13:37:01"
"5dd31760fb7d41000c6610e3",,"1","44","4","2","5","5","1","0","399","766","1","0","1","4","0.16","0.84","0","0",,,"0","95","2024-02-08 13:37:03"
"5dd31760fb7d41000c6610e3",,"1","45","9","2","5","5","1","0","166","633","1","0","2","4","0.37","0.84","0","0",,,"1","100","2024-02-08 13:37:06"
"5dd31760fb7d41000c6610e3",,"1","46","15","2","5","5","1","0","32","433","2","0","4","4","0.78","0.88","0","0",,,"0","100","2024-02-08 13:37:08"
"5dd31760fb7d41000c6610e3",,"1","47","5","1","5","5","1","1","233","700","1","0","1","3","0.16","0.63","0","0",,,"0","100","2024-02-08 13:37:10"
"5dd31760fb7d41000c6610e3",,"1","48","0","2","5","5","1","0","266","633","1","0","1","4","0.12","0.88","0","0",,,"1","105","2024-02-08 13:37:13"
"5dd31760fb7d41000c6610e3",,"1","49","14","2","5","5","0","1","333","833","0","1","3","4","0.63","0.78","0","0",,,"1","110","2024-02-08 13:37:15"
"5dd31760fb7d41000c6610e3",,"1","50","1","2","5","5","0","1","132","667","0","1","1","4","0.12","0.71","0","0",,,"1","115","2024-02-08 13:37:18"
"5dd31760fb7d41000c6610e3",,"1","51","6","1","5","5","0","0","499","932","0","1","1","2","0.22","0.37","0","0",,,"0","115","2024-02-08 13:37:20"
"5dd31760fb7d41000c6610e3",,"1","52","5","1","5","5","0","0","432","833","0","1","1","3","0.16","0.63","0","0",,,"1","120","2024-02-08 13:37:23"
"5dd31760fb7d41000c6610e3",,"1","53","15","2","5","5","0","1","366","766","0","1","4","4","0.78","0.88","0","0",,,"1","125","2024-02-08 13:37:25"
"5dd31760fb7d41000c6610e3",,"1","54","12","2","5","5","0","1","333","666","0","1","3","4","0.55","0.88","0","0",,,"1","130","2024-02-08 13:37:27"
"5dd31760fb7d41000c6610e3",,"1","55","13","2","5","5","0","1","98","499","0","1","3","3","0.55","0.63","0","0",,,"1","135","2024-02-08 13:37:30"
"5dd31760fb7d41000c6610e3",,"1","56","12","2","5","5","0","1","66","500","0","1","3","4","0.55","0.88","0","0",,,"1","140","2024-02-08 13:37:32"
"5dd31760fb7d41000c6610e3",,"1","57","12","1","5","5","0","0","32","465","0","2","3","4","0.55","0.88","0","0",,,"0","140","2024-02-08 13:37:34"
"5dd31760fb7d41000c6610e3",,"1","58","3","1","5","5","0","0","333","666","0","1","1","1","0.12","0.22","0","0",,,"0","140","2024-02-08 13:37:36"
"5dd31760fb7d41000c6610e3",,"1","59","13","1","5","5","0","0","265","632","0","1","3","3","0.55","0.63","0","0",,,"0","140","2024-02-08 13:37:39"
"5dd31760fb7d41000c6610e3",,"1","60","2","1","5","5","1","1","299","633","1","0","1","2","0.12","0.45","0","0",,,"0","140","2024-02-08 13:37:41"
"5dd31760fb7d41000c6610e3",,"1","61","4","2","5","5","1","0","133","500","1","0","1","4","0.16","0.84","0","0",,,"1","145","2024-02-08 13:37:43"
"5dd31760fb7d41000c6610e3",,"1","62","7","1","5","5","1","1","231","598","1","0","1","4","0.29","0.88","0","0",,,"0","145","2024-02-08 13:37:46"
"5dd31760fb7d41000c6610e3",,"1","63","14","1","5","5","1","1","34","1200","2","0","3","4","0.63","0.78","0","0",,,"0","145","2024-02-08 13:37:48"
"5dd31760fb7d41000c6610e3",,"2","0","10","1","5","5","0","0","365","699","0","1","2","3","0.37","0.63","0","0",,,"1","5","2024-02-08 13:38:01"
"5dd31760fb7d41000c6610e3",,"2","1","10","2","5","5","0","1","366","700","0","1","2","3","0.37","0.63","0","0",,,"1","10","2024-02-08 13:38:03"
"5dd31760fb7d41000c6610e3",,"2","2","7","1","5","5","0","0","432","766","0","1","1","4","0.29","0.88","0","0",,,"1","15","2024-02-08 13:38:06"
"5dd31760fb7d41000c6610e3",,"2","3","9","2","5","5","0","1","232","600","0","1","2","4","0.37","0.84","0","0",,,"1","20","2024-02-08 13:38:08"
"5dd31760fb7d41000c6610e3",,"2","4","5","2","5","5","0","1","266","633","0","1","1","3","0.16","0.63","0","0",,,"0","20","2024-02-08 13:38:10"
"5dd31760fb7d41000c6610e3",,"2","5","2","1","5","5","0","0","331","666","0","1","1","2","0.12","0.45","0","0",,,"0","20","2024-02-08 13:38:12"
"5dd31760fb7d41000c6610e3",,"2","6","10","1","5","5","1","1","0","1233","2","0","2","3","0.37","0.63","0","0",,,"0","20","2024-02-08 13:38:15"
"5dd31760fb7d41000c6610e3",,"2","7","13","2","5","5","1","0","133","468","1","0","3","3","0.55","0.63","0","0",,,"1","25","2024-02-08 13:38:18"
"5dd31760fb7d41000c6610e3",,"2","8","4","1","5","5","1","1","466","767","1","0","1","4","0.16","0.84","0","0",,,"1","30","2024-02-08 13:38:20"
"5dd31760fb7d41000c6610e3",,"2","9","6","1","5","5","1","1","433","699","1","0","1","2","0.22","0.37","0","0",,,"0","30","2024-02-08 13:38:22"
"5dd31760fb7d41000c6610e3",,"2","10","8","2","5","5","1","0","433","733","1","0","1","4","0.29","0.71","0","0",,,"1","35","2024-02-08 13:38:25"
"5dd31760fb7d41000c6610e3",,"2","11","13","1","5","5","1","1","366","666","1","0","3","3","0.55","0.63","0","0",,,"0","35","2024-02-08 13:38:27"
"5dd31760fb7d41000c6610e3",,"2","12","9","2","5","5","1","0","133","434","1","0","2","4","0.37","0.84","0","0",,,"1","40","2024-02-08 13:38:29"
"5dd31760fb7d41000c6610e3",,"2","13","6","1","5","5","1","1","33","366","2","0","1","2","0.22","0.37","0","0",,,"0","40","2024-02-08 13:38:31"
"5dd31760fb7d41000c6610e3",,"2","14","12","2","5","5","1","0","365","665","1","0","3","4","0.55","0.88","0","0",,,"1","45","2024-02-08 13:38:34"
"5dd31760fb7d41000c6610e3",,"2","15","6","2","5","5","1","0","166","500","1","0","1","2","0.22","0.37","0","0",,,"0","45","2024-02-08 13:38:36"
"5dd31760fb7d41000c6610e3",,"2","16","9","1","5","5","1","1","32","332","2","0","2","4","0.37","0.84","0","0",,,"1","50","2024-02-08 13:38:38"
"5dd31760fb7d41000c6610e3",,"2","17","8","2","5","5","1","0","0","1333","2","0","1","4","0.29","0.71","0","0",,,"1","55","2024-02-08 13:38:41"
"5dd31760fb7d41000c6610e3",,"2","18","2","1","5","5","1","1","265","566","1","0","1","2","0.12","0.45","0","0",,,"0","55","2024-02-08 13:38:43"
"5dd31760fb7d41000c6610e3",,"2","19","4","1","5","5","1","1","32","334","2","0","1","4","0.16","0.84","0","0",,,"1","60","2024-02-08 13:38:45"
"5dd31760fb7d41000c6610e3",,"2","20","1","2","5","5","1","0","332","601","1","0","1","4","0.12","0.71","0","0",,,"0","60","2024-02-08 13:38:48"
"5dd31760fb7d41000c6610e3",,"2","21","1","1","5","5","1","1","166","467","1","0","1","4","0.12","0.71","0","0",,,"0","60","2024-02-08 13:38:50"
"5dd31760fb7d41000c6610e3",,"2","22","1","1","5","5","0","0","132","499","0","1","1","4","0.12","0.71","0","0",,,"0","60","2024-02-08 13:38:52"
"5dd31760fb7d41000c6610e3",,"2","23","7","2","5","5","0","1","66","400","0","2","1","4","0.29","0.88","0","0",,,"0","60","2024-02-08 13:38:54"
"5dd31760fb7d41000c6610e3",,"2","24","0","1","5","5","0","0","133","466","0","1","1","4","0.12","0.88","0","0",,,"0","60","2024-02-08 13:38:57"
"5dd31760fb7d41000c6610e3",,"2","25","11","1","5","5","0","0","65","399","0","2","2","2","0.37","0.45","0","0",,,"1","65","2024-02-08 13:38:59"
"5dd31760fb7d41000c6610e3",,"2","26","0","2","5","5","0","1","432","732","0","1","1","4","0.12","0.88","0","0",,,"1","70","2024-02-08 13:39:01"
"5dd31760fb7d41000c6610e3",,"2","27","14","2","5","5","0","1","333","666","0","1","3","4","0.63","0.78","0","0",,,"1","75","2024-02-08 13:39:03"
"5dd31760fb7d41000c6610e3",,"2","28","15","2","5","5","0","1","165","501","0","1","4","4","0.78","0.88","0","0",,,"1","80","2024-02-08 13:39:06"
"5dd31760fb7d41000c6610e3",,"2","29","12","2","5","5","0","1","98","467","0","2","3","4","0.55","0.88","0","0",,,"1","85","2024-02-08 13:39:08"
"5dd31760fb7d41000c6610e3",,"2","30","11","2","5","5","0","1","199","567","0","1","2","2","0.37","0.45","0","0",,,"0","85","2024-02-08 13:39:10"
"5dd31760fb7d41000c6610e3",,"2","31","1","1","5","5","1","1","0","366","2","0","1","4","0.12","0.71","0","0",,,"0","85","2024-02-08 13:39:12"
"5dd31760fb7d41000c6610e3",,"2","32","12","2","5","5","1","0","0","1233","2","0","3","4","0.55","0.88","0","0",,,"1","90","2024-02-08 13:39:15"
"5dd31760fb7d41000c6610e3",,"2","33","11","2","5","5","1","0","199","566","1","0","2","2","0.37","0.45","0","0",,,"0","90","2024-02-08 13:39:17"
"5dd31760fb7d41000c6610e3",,"2","34","3","1","5","5","1","1","0","1333","2","0","1","1","0.12","0.22","0","0",,,"0","90","2024-02-08 13:39:20"
"5dd31760fb7d41000c6610e3",,"2","35","5","2","5","5","1","0","199","534","1","0","1","3","0.16","0.63","0","0",,,"0","90","2024-02-08 13:39:23"
"5dd31760fb7d41000c6610e3",,"2","36","3","2","5","5","1","0","0","333","2","0","1","1","0.12","0.22","0","0",,,"0","90","2024-02-08 13:39:25"
"5dd31760fb7d41000c6610e3",,"2","37","0","1","5","5","1","1","66","400","2","0","1","4","0.12","0.88","0","0",,,"0","90","2024-02-08 13:39:27"
"5dd31760fb7d41000c6610e3",,"2","38","14","2","5","5","1","0","32","1499","2","0","3","4","0.63","0.78","0","0",,,"1","95","2024-02-08 13:39:30"
"5dd31760fb7d41000c6610e3",,"2","39","2","1","5","5","0","0","299","667","0","1","1","2","0.12","0.45","0","0",,,"0","95","2024-02-08 13:39:32"
"5dd31760fb7d41000c6610e3",,"2","40","5","2","5","5","0","1","32","1233","0","2","1","3","0.16","0.63","0","0",,,"1","100","2024-02-08 13:39:35"
"5dd31760fb7d41000c6610e3",,"2","41","9","1","5","5","0","0","333","667","0","1","2","4","0.37","0.84","0","0",,,"0","100","2024-02-08 13:39:38"
"5dd31760fb7d41000c6610e3",,"2","42","3","1","5","5","1","1","66","400","1","0","1","1","0.12","0.22","0","0",,,"0","100","2024-02-08 13:39:40"
"5dd31760fb7d41000c6610e3",,"2","43","11","2","5","5","0","1","66","433","0","2","2","2","0.37","0.45","0","0",,,"0","100","2024-02-08 13:39:42"
"5dd31760fb7d41000c6610e3",,"2","44","8","2","5","5","1","0","33","400","2","0","1","4","0.29","0.71","0","0",,,"1","105","2024-02-08 13:39:44"
"5dd31760fb7d41000c6610e3",,"2","45","15","2","5","5","1","0","232","533","1","0","4","4","0.78","0.88","0","0",,,"1","110","2024-02-08 13:39:47"
"5dd31760fb7d41000c6610e3",,"2","46","12","1","5","5","1","1","299","700","1","0","3","4","0.55","0.88","0","0",,,"0","110","2024-02-08 13:39:49"
"5dd31760fb7d41000c6610e3",,"2","47","15","1","5","5","1","1","132","501","1","0","4","4","0.78","0.88","0","0",,,"1","115","2024-02-08 13:39:51"
"5dd31760fb7d41000c6610e3",,"2","48","0","2","5","5","1","0","166","599","1","0","1","4","0.12","0.88","0","0",,,"1","120","2024-02-08 13:39:53"
"5dd31760fb7d41000c6610e3",,"2","49","13","1","5","5","1","1","99","433","1","0","3","3","0.55","0.63","0","0",,,"0","120","2024-02-08 13:39:56"
"5dd31760fb7d41000c6610e3",,"2","50","4","2","5","5","1","0","66","433","2","0","1","4","0.16","0.84","0","0",,,"1","125","2024-02-08 13:39:58"
"5dd31760fb7d41000c6610e3",,"2","51","10","1","5","5","1","1","32","1266","2","0","2","3","0.37","0.63","0","0",,,"0","125","2024-02-08 13:40:00"
"5dd31760fb7d41000c6610e3",,"2","52","3","1","5","5","1","1","66","399","2","0","1","1","0.12","0.22","0","0",,,"1","130","2024-02-08 13:40:03"
"5dd31760fb7d41000c6610e3",,"2","53","15","2","5","5","1","0","0","1133","2","0","4","4","0.78","0.88","0","0",,,"1","135","2024-02-08 13:40:05"
"5dd31760fb7d41000c6610e3",,"2","54","7","1","5","5","1","1","633","968","1","0","1","4","0.29","0.88","0","0",,,"1","140","2024-02-08 13:40:08"
"5dd31760fb7d41000c6610e3",,"2","55","4","1","5","5","1","1","33","1199","2","0","1","4","0.16","0.84","0","0",,,"0","140","2024-02-08 13:40:11"
"5dd31760fb7d41000c6610e3",,"2","56","5","1","5","5","1","1","33","399","2","0","1","3","0.16","0.63","0","0",,,"0","140","2024-02-08 13:40:13"
"5dd31760fb7d41000c6610e3",,"2","57","7","1","5","5","1","1","0","332","2","0","1","4","0.29","0.88","0","0",,,"1","145","2024-02-08 13:40:15"
"5dd31760fb7d41000c6610e3",,"2","58","6","1","5","5","1","1","32","1200","2","0","1","2","0.22","0.37","0","0",,,"0","145","2024-02-08 13:40:18"
"5dd31760fb7d41000c6610e3",,"2","59","2","1","5","5","1","1","133","433","1","0","1","2","0.12","0.45","0","0",,,"0","145","2024-02-08 13:40:20"
"5dd31760fb7d41000c6610e3",,"2","60","8","2","5","5","1","0","0","1133","2","0","1","4","0.29","0.71","0","0",,,"0","145","2024-02-08 13:40:23"
"5dd31760fb7d41000c6610e3",,"2","61","14","1","5","5","1","1","133","434","1","0","3","4","0.63","0.78","0","0",,,"0","145","2024-02-08 13:40:25"
"5dd31760fb7d41000c6610e3",,"2","62","14","1","5","5","1","1","0","1167","2","0","3","4","0.63","0.78","0","0",,,"0","145","2024-02-08 13:40:28"
"5dd31760fb7d41000c6610e3",,"2","63","13","2","5","5","1","0","99","700","1","0","3","3","0.55","0.63","0","0",,,"1","150","2024-02-08 13:40:30"
"5dd31760fb7d41000c6610e3",,"3","0","5","1","5","5","1","1","15","1032","2","0","1","3","0.16","0.63","0","0",,,"0","0","2024-02-08 13:41:50"
"5dd31760fb7d41000c6610e3",,"3","1","12","1","5","5","1","1","383","699","1","0","3","4","0.55","0.88","0","0",,,"1","5","2024-02-08 13:41:52"
"5dd31760fb7d41000c6610e3",,"3","2","1","1","5","5","1","1","366","683","1","0","1","4","0.12","0.71","0","0",,,"0","5","2024-02-08 13:41:55"
"5dd31760fb7d41000c6610e3",,"3","3","11","2","5","5","1","0","349","683","1","0","2","2","0.37","0.45","0","0",,,"0","5","2024-02-08 13:41:57"
"5dd31760fb7d41000c6610e3",,"3","4","3","2","5","5","1","0","682","1483","1","0","1","1","0.12","0.22","0","0",,,"0","5","2024-02-08 13:42:00"
"5dd31760fb7d41000c6610e3",,"3","5","3","1","5","5","1","1","450","999","1","0","1","1","0.12","0.22","0","0",,,"1","10","2024-02-08 13:42:03"
"5dd31760fb7d41000c6610e3",,"3","6","9","1","5","5","1","1","483","916","1","0","2","4","0.37","0.84","0","0",,,"0","10","2024-02-08 13:42:05"
"5dd31760fb7d41000c6610e3",,"3","7","5","2","5","5","1","0","16","1066","2","0","1","3","0.16","0.63","0","0",,,"1","15","2024-02-08 13:42:08"
"5dd31760fb7d41000c6610e3",,"3","8","0","1","5","5","1","1","383","666","1","0","1","4","0.12","0.88","0","0",,,"0","15","2024-02-08 13:42:10"
"5dd31760fb7d41000c6610e3",,"3","9","6","2","5","5","1","0","399","701","1","0","1","2","0.22","0.37","0","0",,,"0","15","2024-02-08 13:42:13"
"5dd31760fb7d41000c6610e3",,"3","10","14","2","5","5","1","0","233","533","1","0","3","4","0.63","0.78","0","0",,,"0","15","2024-02-08 13:42:15"
"5dd31760fb7d41000c6610e3",,"3","11","2","1","5","5","1","1","133","483","1","0","1","2","0.12","0.45","0","0",,,"1","20","2024-02-08 13:42:17"
"5dd31760fb7d41000c6610e3",,"3","12","11","1","5","5","1","1","250","583","1","0","2","2","0.37","0.45","0","0",,,"1","25","2024-02-08 13:42:19"
"5dd31760fb7d41000c6610e3",,"3","13","13","2","5","5","1","0","31","398","2","0","3","3","0.55","0.63","0","0",,,"1","30","2024-02-08 13:42:21"
"5dd31760fb7d41000c6610e3",,"3","14","2","1","5","5","1","1","16","1150","2","0","1","2","0.12","0.45","0","0",,,"0","30","2024-02-08 13:42:24"
"5dd31760fb7d41000c6610e3",,"3","15","14","1","5","5","1","1","398","698","1","0","3","4","0.63","0.78","0","0",,,"1","35","2024-02-08 13:42:26"
"5dd31760fb7d41000c6610e3",,"3","16","6","2","5","5","1","0","16","1083","2","0","1","2","0.22","0.37","0","0",,,"0","35","2024-02-08 13:42:29"
"5dd31760fb7d41000c6610e3",,"3","17","12","2","5","5","1","0","116","550","1","0","3","4","0.55","0.88","0","0",,,"1","40","2024-02-08 13:42:31"
"5dd31760fb7d41000c6610e3",,"3","18","13","1","5","5","1","1","49","683","2","0","3","3","0.55","0.63","0","0",,,"0","40","2024-02-08 13:42:34"
"5dd31760fb7d41000c6610e3",,"3","19","9","1","5","5","1","1","16","1066","2","0","2","4","0.37","0.84","0","0",,,"1","45","2024-02-08 13:42:36"
"5dd31760fb7d41000c6610e3",,"3","20","11","1","5","5","1","1","16","766","2","0","2","2","0.37","0.45","0","0",,,"1","50","2024-02-08 13:42:39"
"5dd31760fb7d41000c6610e3",,"3","21","7","1","5","5","1","1","483","851","1","0","1","4","0.29","0.88","0","0",,,"1","55","2024-02-08 13:42:41"
"5dd31760fb7d41000c6610e3",,"3","22","13","2","5","5","1","0","399","734","1","0","3","3","0.55","0.63","0","0",,,"1","60","2024-02-08 13:42:43"
"5dd31760fb7d41000c6610e3",,"3","23","6","2","5","5","1","0","450","801","1","0","1","2","0.22","0.37","0","0",,,"0","60","2024-02-08 13:42:46"
"5dd31760fb7d41000c6610e3",,"3","24","15","2","5","5","1","0","15","382","2","0","4","4","0.78","0.88","0","0",,,"1","65","2024-02-08 13:42:48"
"5dd31760fb7d41000c6610e3",,"3","25","14","2","5","5","0","1","399","701","0","1","3","4","0.63","0.78","0","0",,,"1","70","2024-02-08 13:42:50"
"5dd31760fb7d41000c6610e3",,"3","26","14","1","5","5","0","0","449","800","0","1","3","4","0.63","0.78","0","0",,,"1","75","2024-02-08 13:42:52"
"5dd31760fb7d41000c6610e3",,"3","27","4","2","5","5","0","1","416","784","0","1","1","4","0.16","0.84","0","0",,,"1","80","2024-02-08 13:42:55"
"5dd31760fb7d41000c6610e3",,"3","28","10","1","5","5","0","0","32","417","0","2","2","3","0.37","0.63","0","0",,,"0","80","2024-02-08 13:42:57"
"5dd31760fb7d41000c6610e3",,"3","29","3","1","5","5","0","0","582","883","0","1","1","1","0.12","0.22","0","0",,,"1","85","2024-02-08 13:42:59"
"5dd31760fb7d41000c6610e3",,"3","30","3","2","5","5","0","1","482","832","0","1","1","1","0.12","0.22","0","0",,,"0","85","2024-02-08 13:43:02"
"5dd31760fb7d41000c6610e3",,"3","31","0","1","5","5","0","0","183","534","0","1","1","4","0.12","0.88","0","0",,,"0","85","2024-02-08 13:43:04"
"5dd31760fb7d41000c6610e3",,"3","32","4","1","5","5","0","0","114","514","0","2","1","4","0.16","0.84","0","0",,,"1","90","2024-02-08 13:43:06"
"5dd31760fb7d41000c6610e3",,"3","33","5","2","5","5","1","0","383","699","1","0","1","3","0.16","0.63","0","0",,,"0","90","2024-02-08 13:43:09"
"5dd31760fb7d41000c6610e3",,"3","34","1","2","5","5","1","0","66","399","2","0","1","4","0.12","0.71","0","0",,,"0","90","2024-02-08 13:43:11"
"5dd31760fb7d41000c6610e3",,"3","35","7","2","5","5","1","0","283","650","1","0","1","4","0.29","0.88","0","0",,,"1","95","2024-02-08 13:43:13"
"5dd31760fb7d41000c6610e3",,"3","36","9","2","5","5","1","0","449","751","1","0","2","4","0.37","0.84","0","0",,,"0","95","2024-02-08 13:43:15"
"5dd31760fb7d41000c6610e3",,"3","37","2","2","5","5","1","0","366","668","1","0","1","2","0.12","0.45","0","0",,,"1","100","2024-02-08 13:43:18"
"5dd31760fb7d41000c6610e3",,"3","38","15","1","5","5","1","1","249","616","1","0","4","4","0.78","0.88","0","0",,,"0","100","2024-02-08 13:43:20"
"5dd31760fb7d41000c6610e3",,"3","39","12","1","5","5","1","1","15","349","2","0","3","4","0.55","0.88","0","0",,,"1","105","2024-02-08 13:43:22"
"5dd31760fb7d41000c6610e3",,"3","40","12","2","5","5","1","0","416","766","1","0","3","4","0.55","0.88","0","0",,,"1","110","2024-02-08 13:43:24"
"5dd31760fb7d41000c6610e3",,"3","41","11","1","5","5","1","1","416","817","1","0","2","2","0.37","0.45","0","0",,,"1","115","2024-02-08 13:43:27"
"5dd31760fb7d41000c6610e3",,"3","42","10","1","5","5","1","1","66","450","2","0","2","3","0.37","0.63","0","0",,,"0","115","2024-02-08 13:43:29"
"5dd31760fb7d41000c6610e3",,"3","43","7","2","5","5","1","0","116","483","1","0","1","4","0.29","0.88","0","0",,,"1","120","2024-02-08 13:43:31"
"5dd31760fb7d41000c6610e3",,"3","44","4","2","5","5","1","0","16","1250","2","0","1","4","0.16","0.84","0","0",,,"1","125","2024-02-08 13:43:34"
"5dd31760fb7d41000c6610e3",,"3","45","8","1","5","5","1","1","516","849","1","0","1","4","0.29","0.71","0","0",,,"0","125","2024-02-08 13:43:36"
"5dd31760fb7d41000c6610e3",,"3","46","0","1","5","5","1","1","382","699","1","0","1","4","0.12","0.88","0","0",,,"0","125","2024-02-08 13:43:39"
"5dd31760fb7d41000c6610e3",,"3","47","8","2","5","5","1","0","182","566","1","0","1","4","0.29","0.71","0","0",,,"1","130","2024-02-08 13:43:41"
"5dd31760fb7d41000c6610e3",,"3","48","15","1","5","5","1","1","66","450","2","0","4","4","0.78","0.88","0","0",,,"1","135","2024-02-08 13:43:43"
"5dd31760fb7d41000c6610e3",,"3","49","7","1","5","5","1","1","16","1099","2","0","1","4","0.29","0.88","0","0",,,"0","135","2024-02-08 13:43:46"
"5dd31760fb7d41000c6610e3",,"3","50","1","2","5","5","1","0","16","1116","2","0","1","4","0.12","0.71","0","0",,,"0","135","2024-02-08 13:43:48"
"5dd31760fb7d41000c6610e3",,"3","51","8","1","5","5","1","1","416","733","1","0","1","4","0.29","0.71","0","0",,,"0","135","2024-02-08 13:43:51"
"5dd31760fb7d41000c6610e3",,"3","52","13","1","5","5","1","1","166","500","1","0","3","3","0.55","0.63","0","0",,,"1","140","2024-02-08 13:43:53"
"5dd31760fb7d41000c6610e3",,"3","53","1","1","5","5","1","1","432","767","1","0","1","4","0.12","0.71","0","0",,,"0","140","2024-02-08 13:43:55"
"5dd31760fb7d41000c6610e3",,"3","54","8","2","5","5","1","0","115","465","1","0","1","4","0.29","0.71","0","0",,,"1","145","2024-02-08 13:43:58"
"5dd31760fb7d41000c6610e3",,"3","55","15","2","5","5","1","0","448","782","1","0","4","4","0.78","0.88","0","0",,,"1","150","2024-02-08 13:44:00"
"5dd31760fb7d41000c6610e3",,"3","56","4","2","5","5","1","0","347","681","1","0","1","4","0.16","0.84","0","0",,,"1","155","2024-02-08 13:44:02"
"5dd31760fb7d41000c6610e3",,"3","57","5","2","5","5","1","0","383","733","1","0","1","3","0.16","0.63","0","0",,,"0","155","2024-02-08 13:44:04"
"5dd31760fb7d41000c6610e3",,"3","58","9","1","5","5","1","1","383","700","1","0","2","4","0.37","0.84","0","0",,,"0","155","2024-02-08 13:44:07"
"5dd31760fb7d41000c6610e3",,"3","59","2","2","5","5","1","0","16","366","2","0","1","2","0.12","0.45","0","0",,,"0","155","2024-02-08 13:44:09"
"5dd31760fb7d41000c6610e3",,"3","60","6","1","5","5","1","1","16","1383","2","0","1","2","0.22","0.37","0","0",,,"0","155","2024-02-08 13:44:12"
"5dd31760fb7d41000c6610e3",,"3","61","0","2","5","5","1","0","83","467","2","0","1","4","0.12","0.88","0","0",,,"1","160","2024-02-08 13:44:14"
"5dd31760fb7d41000c6610e3",,"3","62","10","1","5","5","1","1","133","535","1","0","2","3","0.37","0.63","0","0",,,"1","165","2024-02-08 13:44:16"
"5dd31760fb7d41000c6610e3",,"3","63","10","1","5","5","1","1","16","383","2","0","2","3","0.37","0.63","0","0",,,"1","170","2024-02-08 13:44:18"
"5dd31760fb7d41000c6610e3",,"4","0","0","1","5","5","1","1","633","983","1","0","1","4","0.12","0.88","0","0",,,"0","0","2024-02-08 13:44:47"
"5dd31760fb7d41000c6610e3",,"4","1","1","1","5","5","1","1","416","716","1","0","1","4","0.12","0.71","0","0",,,"0","0","2024-02-08 13:44:50"
"5dd31760fb7d41000c6610e3",,"4","2","12","2","5","5","1","0","383","683","1","0","3","4","0.55","0.88","0","0",,,"1","5","2024-02-08 13:44:52"
"5dd31760fb7d41000c6610e3",,"4","3","11","1","5","5","1","1","383","699","1","0","2","2","0.37","0.45","0","0",,,"0","5","2024-02-08 13:44:54"
"5dd31760fb7d41000c6610e3",,"4","4","3","1","5","5","1","1","333","650","1","0","1","1","0.12","0.22","0","0",,,"0","5","2024-02-08 13:44:57"
"5dd31760fb7d41000c6610e3",,"4","5","1","2","5","5","1","0","99","433","2","0","1","4","0.12","0.71","0","0",,,"1","10","2024-02-08 13:44:59"
"5dd31760fb7d41000c6610e3",,"4","6","6","2","5","5","1","0","450","750","1","0","1","2","0.22","0.37","0","0",,,"1","15","2024-02-08 13:45:01"
"5dd31760fb7d41000c6610e3",,"4","7","3","2","5","5","1","0","434","749","1","0","1","1","0.12","0.22","0","0",,,"0","15","2024-02-08 13:45:04"
"5dd31760fb7d41000c6610e3",,"4","8","5","2","5","5","1","0","65","449","2","0","1","3","0.16","0.63","0","0",,,"1","20","2024-02-08 13:45:06"
"5dd31760fb7d41000c6610e3",,"4","9","9","2","5","5","1","0","216","566","1","0","2","4","0.37","0.84","0","0",,,"1","25","2024-02-08 13:45:08"
"5dd31760fb7d41000c6610e3",,"4","10","0","1","5","5","1","1","449","750","1","0","1","4","0.12","0.88","0","0",,,"1","30","2024-02-08 13:45:10"
"5dd31760fb7d41000c6610e3",,"4","11","0","1","5","5","1","1","616","866","1","0","1","4","0.12","0.88","0","0",,,"0","30","2024-02-08 13:45:13"
"5dd31760fb7d41000c6610e3",,"4","12","4","1","5","5","1","1","433","749","1","0","1","4","0.16","0.84","0","0",,,"0","30","2024-02-08 13:45:15"
"5dd31760fb7d41000c6610e3",,"4","13","14","2","5","5","1","0","432","699","1","0","3","4","0.63","0.78","0","0",,,"1","35","2024-02-08 13:45:18"
"5dd31760fb7d41000c6610e3",,"4","14","13","2","5","5","1","0","533","799","1","0","3","3","0.55","0.63","0","0",,,"1","40","2024-02-08 13:45:20"
"5dd31760fb7d41000c6610e3",,"4","15","9","1","5","5","1","1","16","1117","2","0","2","4","0.37","0.84","0","0",,,"1","45","2024-02-08 13:45:22"
"5dd31760fb7d41000c6610e3",,"4","16","11","1","5","5","1","1","632","916","1","0","2","2","0.37","0.45","0","0",,,"0","45","2024-02-08 13:45:25"
"5dd31760fb7d41000c6610e3",,"4","17","12","1","5","5","1","1","433","700","1","0","3","4","0.55","0.88","0","0",,,"0","45","2024-02-08 13:45:27"
"5dd31760fb7d41000c6610e3",,"4","18","9","2","5","5","1","0","416","701","1","0","2","4","0.37","0.84","0","0",,,"0","45","2024-02-08 13:45:30"
"5dd31760fb7d41000c6610e3",,"4","19","8","1","5","5","1","1","416","750","1","0","1","4","0.29","0.71","0","0",,,"0","45","2024-02-08 13:45:32"
"5dd31760fb7d41000c6610e3",,"4","20","8","1","5","5","0","0","417","766","0","1","1","4","0.29","0.71","0","0",,,"0","45","2024-02-08 13:45:35"
"5dd31760fb7d41000c6610e3",,"4","21","14","1","5","5","1","1","432","734","1","0","3","4","0.63","0.78","0","0",,,"1","50","2024-02-08 13:45:37"
"5dd31760fb7d41000c6610e3",,"4","22","6","2","5","5","1","0","433","750","1","0","1","2","0.22","0.37","0","0",,,"0","50","2024-02-08 13:45:40"
"5dd31760fb7d41000c6610e3",,"4","23","8","1","5","5","1","1","449","716","1","0","1","4","0.29","0.71","0","0",,,"0","50","2024-02-08 13:45:42"
"5dd31760fb7d41000c6610e3",,"4","24","1","2","5","5","1","0","432","783","1","0","1","4","0.12","0.71","0","0",,,"1","55","2024-02-08 13:45:45"
"5dd31760fb7d41000c6610e3",,"4","25","8","2","5","5","1","0","433","718","1","0","1","4","0.29","0.71","0","0",,,"0","55","2024-02-08 13:45:47"
"5dd31760fb7d41000c6610e3",,"4","26","12","2","5","5","1","0","416","666","1","0","3","4","0.55","0.88","0","0",,,"1","60","2024-02-08 13:45:49"
"5dd31760fb7d41000c6610e3",,"4","27","13","2","5","5","1","0","366","633","1","0","3","3","0.55","0.63","0","0",,,"1","65","2024-02-08 13:45:51"
"5dd31760fb7d41000c6610e3",,"4","28","1","2","5","5","1","0","366","683","1","0","1","4","0.12","0.71","0","0",,,"0","65","2024-02-08 13:45:54"
"5dd31760fb7d41000c6610e3",,"4","29","5","1","5","5","1","1","383","683","1","0","1","3","0.16","0.63","0","0",,,"0","65","2024-02-08 13:45:56"
"5dd31760fb7d41000c6610e3",,"4","30","7","1","5","5","1","1","283","567","1","0","1","4","0.29","0.88","0","0",,,"0","65","2024-02-08 13:45:58"
"5dd31760fb7d41000c6610e3",,"4","31","6","2","5","5","1","0","216","499","1","0","1","2","0.22","0.37","0","0",,,"0","65","2024-02-08 13:46:01"
"5dd31760fb7d41000c6610e3",,"4","32","2","2","5","5","0","1","115","515","0","1","1","2","0.12","0.45","0","0",,,"0","65","2024-02-08 13:46:03"
"5dd31760fb7d41000c6610e3",,"4","33","14","1","5","5","1","1","99","417","2","0","3","4","0.63","0.78","0","0",,,"1","70","2024-02-08 13:46:05"
"5dd31760fb7d41000c6610e3",,"4","34","4","1","5","5","1","1","49","416","2","0","1","4","0.16","0.84","0","0",,,"0","70","2024-02-08 13:46:07"
"5dd31760fb7d41000c6610e3",,"4","35","13","2","5","5","1","0","466","766","1","0","3","3","0.55","0.63","0","0",,,"0","70","2024-02-08 13:46:10"
"5dd31760fb7d41000c6610e3",,"4","36","15","2","5","5","1","0","349","634","1","0","4","4","0.78","0.88","0","0",,,"1","75","2024-02-08 13:46:12"
"5dd31760fb7d41000c6610e3",,"4","37","5","1","5","5","1","1","366","650","1","0","1","3","0.16","0.63","0","0",,,"1","80","2024-02-08 13:46:14"
"5dd31760fb7d41000c6610e3",,"4","38","7","2","5","5","1","0","433","716","1","0","1","4","0.29","0.88","0","0",,,"1","85","2024-02-08 13:46:17"
"5dd31760fb7d41000c6610e3",,"4","39","0","2","5","5","1","0","382","665","1","0","1","4","0.12","0.88","0","0",,,"1","90","2024-02-08 13:46:19"
"5dd31760fb7d41000c6610e3",,"4","40","11","1","5","5","1","1","349","649","1","0","2","2","0.37","0.45","0","0",,,"1","95","2024-02-08 13:46:21"
"5dd31760fb7d41000c6610e3",,"4","41","2","2","5","5","1","0","266","617","1","0","1","2","0.12","0.45","0","0",,,"0","95","2024-02-08 13:46:23"
"5dd31760fb7d41000c6610e3",,"4","42","2","1","5","5","0","0","333","649","0","1","1","2","0.12","0.45","0","0",,,"0","95","2024-02-08 13:46:26"
"5dd31760fb7d41000c6610e3",,"4","43","14","2","5","5","1","0","81","433","2","0","3","4","0.63","0.78","0","0",,,"1","100","2024-02-08 13:46:28"
"5dd31760fb7d41000c6610e3",,"4","44","11","2","5","5","1","0","416","733","1","0","2","2","0.37","0.45","0","0",,,"1","105","2024-02-08 13:46:30"
"5dd31760fb7d41000c6610e3",,"4","45","15","1","5","5","1","1","416","717","1","0","4","4","0.78","0.88","0","0",,,"1","110","2024-02-08 13:46:32"
"5dd31760fb7d41000c6610e3",,"4","46","5","2","5","5","1","0","416","699","1","0","1","3","0.16","0.63","0","0",,,"1","115","2024-02-08 13:46:35"
"5dd31760fb7d41000c6610e3",,"4","47","15","1","5","5","1","1","250","533","1","0","4","4","0.78","0.88","0","0",,,"0","115","2024-02-08 13:46:37"
"5dd31760fb7d41000c6610e3",,"4","48","10","1","5","5","1","1","32","382","2","0","2","3","0.37","0.63","0","0",,,"0","115","2024-02-08 13:46:39"
"5dd31760fb7d41000c6610e3",,"4","49","3","1","5","5","1","1","399","716","1","0","1","1","0.12","0.22","0","0",,,"0","115","2024-02-08 13:46:41"
"5dd31760fb7d41000c6610e3",,"4","50","3","1","5","5","1","1","382","700","1","0","1","1","0.12","0.22","0","0",,,"0","115","2024-02-08 13:46:44"
"5dd31760fb7d41000c6610e3",,"4","51","6","1","5","5","1","1","198","532","1","0","1","2","0.22","0.37","0","0",,,"0","115","2024-02-08 13:46:46"
"5dd31760fb7d41000c6610e3",,"4","52","10","2","5","5","1","0","32","332","2","0","2","3","0.37","0.63","0","0",,,"1","120","2024-02-08 13:46:48"
"5dd31760fb7d41000c6610e3",,"4","53","9","1","5","5","1","1","299","649","1","0","2","4","0.37","0.84","0","0",,,"0","120","2024-02-08 13:46:50"
"5dd31760fb7d41000c6610e3",,"4","54","7","1","5","5","1","1","33","333","2","0","1","4","0.29","0.88","0","0",,,"0","120","2024-02-08 13:46:53"
"5dd31760fb7d41000c6610e3",,"4","55","10","1","5","5","1","1","100","466","2","0","2","3","0.37","0.63","0","0",,,"1","125","2024-02-08 13:46:55"
"5dd31760fb7d41000c6610e3",,"4","56","12","2","5","5","1","0","399","733","1","0","3","4","0.55","0.88","0","0",,,"1","130","2024-02-08 13:46:57"
"5dd31760fb7d41000c6610e3",,"4","57","2","1","5","5","1","1","283","666","1","0","1","2","0.12","0.45","0","0",,,"0","130","2024-02-08 13:46:59"
"5dd31760fb7d41000c6610e3",,"4","58","13","2","5","5","1","0","166","516","1","0","3","3","0.55","0.63","0","0",,,"0","130","2024-02-08 13:47:02"
"5dd31760fb7d41000c6610e3",,"4","59","15","2","5","5","1","0","66","416","2","0","4","4","0.78","0.88","0","0",,,"1","135","2024-02-08 13:47:04"
"5dd31760fb7d41000c6610e3",,"4","60","4","2","5","5","1","0","216","582","1","0","1","4","0.16","0.84","0","0",,,"1","140","2024-02-08 13:47:06"
"5dd31760fb7d41000c6610e3",,"4","61","10","1","5","5","1","1","33","416","2","0","2","3","0.37","0.63","0","0",,,"0","140","2024-02-08 13:47:08"
"5dd31760fb7d41000c6610e3",,"4","62","7","2","5","5","1","0","182","583","1","0","1","4","0.29","0.88","0","0",,,"1","145","2024-02-08 13:47:10"
"5dd31760fb7d41000c6610e3",,"4","63","4","1","5","5","1","1","166","534","1","0","1","4","0.16","0.84","0","0",,,"0","145","2024-02-08 13:47:12"
"6316c38449466a362ee07be9",,"0","0","15","1","5","5","1","1","499","983","4","3","4","4","0.78","0.88","0","0",,,"1","5","2024-02-08 13:47:19"
"6316c38449466a362ee07be9",,"0","1","5","2","5","5","1","0","1133","1650","1","0","1","3","0.16","0.63","0","0",,,"0","5","2024-02-08 13:47:22"
"5dd31760fb7d41000c6610e3",,"5","0","9","1","5","5","1","1","766","1100","1","0","2","4","0.37","0.84","0","0",,,"1","5","2024-02-08 13:47:25"
"6316c38449466a362ee07be9",,"0","2","2","2","5","5","1","0","716","1217","1","0","1","2","0.12","0.45","0","0",,,"1","10","2024-02-08 13:47:25"
"5dd31760fb7d41000c6610e3",,"5","1","2","1","5","5","1","1","417","717","1","0","1","2","0.12","0.45","0","0",,,"0","5","2024-02-08 13:47:27"
"5dd31760fb7d41000c6610e3",,"5","2","3","1","5","5","1","1","399","700","1","0","1","1","0.12","0.22","0","0",,,"0","5","2024-02-08 13:47:29"
"6316c38449466a362ee07be9",,"0","3","3","1","5","5","0","0","1933","2283","0","1","1","1","0.12","0.22","0","0",,,"0","10","2024-02-08 13:47:29"
"5dd31760fb7d41000c6610e3",,"5","3","6","1","5","5","0","0","350","683","0","1","1","2","0.22","0.37","0","0",,,"0","5","2024-02-08 13:47:32"
"6316c38449466a362ee07be9",,"0","4","1","2","5","5","1","0","516","866","1","0","1","4","0.12","0.71","0","0",,,"1","15","2024-02-08 13:47:32"
"5dd31760fb7d41000c6610e3",,"5","4","10","1","5","5","0","0","115","481","0","1","2","3","0.37","0.63","0","0",,,"0","5","2024-02-08 13:47:34"
"6316c38449466a362ee07be9",,"0","5","7","2","5","5","1","0","799","1150","1","0","1","4","0.29","0.88","0","0",,,"0","15","2024-02-08 13:47:35"
"5dd31760fb7d41000c6610e3",,"5","5","0","1","5","5","1","1","315","632","1","0","1","4","0.12","0.88","0","0",,,"0","5","2024-02-08 13:47:36"
"6316c38449466a362ee07be9",,"0","6","13","1","5","5","1","1","1383","1650","1","0","3","3","0.55","0.63","0","0",,,"0","15","2024-02-08 13:47:38"
"5dd31760fb7d41000c6610e3",,"5","6","8","1","5","5","1","1","333","616","1","0","1","4","0.29","0.71","0","0",,,"0","5","2024-02-08 13:47:39"
"5dd31760fb7d41000c6610e3",,"5","7","9","2","5","5","1","0","49","350","2","0","2","4","0.37","0.84","0","0",,,"1","10","2024-02-08 13:47:41"
"6316c38449466a362ee07be9",,"0","7","7","2","5","5","0","1","1066","1916","1","1","1","4","0.29","0.88","0","0",,,"0","15","2024-02-08 13:47:41"
"5dd31760fb7d41000c6610e3",,"5","8","5","2","5","5","1","0","233","549","1","0","1","3","0.16","0.63","0","0",,,"1","15","2024-02-08 13:47:43"
"6316c38449466a362ee07be9",,"0","8","14","1","5","5","0","0","1849","2100","0","1","3","4","0.63","0.78","0","0",,,"0","15","2024-02-08 13:47:45"
"5dd31760fb7d41000c6610e3",,"5","9","1","1","5","5","0","0","334","752","0","1","1","4","0.12","0.71","0","0",,,"0","15","2024-02-08 13:47:45"
"5dd31760fb7d41000c6610e3",,"5","10","11","2","5","5","0","1","66","616","0","2","2","2","0.37","0.45","0","0",,,"1","20","2024-02-08 13:47:48"
"6316c38449466a362ee07be9",,"0","9","3","1","5","5","0","0","1049","1433","0","1","1","1","0.12","0.22","0","0",,,"0","15","2024-02-08 13:47:48"
"5dd31760fb7d41000c6610e3",,"5","11","5","2","5","5","0","1","200","650","0","1","1","3","0.16","0.63","0","0",,,"1","25","2024-02-08 13:47:50"
"6316c38449466a362ee07be9",,"0","10","8","1","5","5","1","1","733","1233","1","0","1","4","0.29","0.71","0","0",,,"0","15","2024-02-08 13:47:52"
"5dd31760fb7d41000c6610e3",,"5","12","6","1","5","5","0","0","282","649","0","1","1","2","0.22","0.37","0","0",,,"0","25","2024-02-08 13:47:52"
"5dd31760fb7d41000c6610e3",,"5","13","12","1","5","5","1","1","115","515","1","0","3","4","0.55","0.88","0","0",,,"1","30","2024-02-08 13:47:54"
"6316c38449466a362ee07be9",,"0","11","2","1","5","5","0","0","1832","2100","0","1","1","2","0.12","0.45","0","0",,,"0","15","2024-02-08 13:47:55"
"5dd31760fb7d41000c6610e3",,"5","14","4","2","5","5","1","0","349","682","1","0","1","4","0.16","0.84","0","0",,,"1","35","2024-02-08 13:47:57"
"5dd31760fb7d41000c6610e3",,"5","15","0","2","5","5","1","0","32","433","2","0","1","4","0.12","0.88","0","0",,,"1","40","2024-02-08 13:47:59"
"6316c38449466a362ee07be9",,"0","12","14","1","5","5","0","0","1533","1767","0","1","3","4","0.63","0.78","0","0",,,"1","20","2024-02-08 13:47:59"
"5dd31760fb7d41000c6610e3",,"5","16","2","1","5","5","1","1","33","450","2","0","1","2","0.12","0.45","0","0",,,"0","40","2024-02-08 13:48:01"
"6316c38449466a362ee07be9",,"0","13","8","2","5","5","1","0","899","1266","1","0","1","4","0.29","0.71","0","0",,,"1","25","2024-02-08 13:48:01"
"5dd31760fb7d41000c6610e3",,"5","17","10","1","5","5","0","0","99","550","0","1","2","3","0.37","0.63","0","0",,,"0","40","2024-02-08 13:48:03"
"6316c38449466a362ee07be9",,"0","14","4","2","5","5","0","1","533","933","0","1","1","4","0.16","0.84","0","0",,,"1","30","2024-02-08 13:48:04"
"5dd31760fb7d41000c6610e3",,"5","18","1","1","5","5","1","1","116","549","1","0","1","4","0.12","0.71","0","0",,,"0","40","2024-02-08 13:48:05"
"6316c38449466a362ee07be9",,"0","15","14","1","5","5","0","0","1133","1566","0","1","3","4","0.63","0.78","0","0",,,"0","30","2024-02-08 13:48:07"
"5dd31760fb7d41000c6610e3",,"5","19","8","1","5","5","1","1","66","449","2","0","1","4","0.29","0.71","0","0",,,"1","45","2024-02-08 13:48:08"
"5dd31760fb7d41000c6610e3",,"5","20","7","1","5","5","1","1","132","533","1","0","1","4","0.29","0.88","0","0",,,"0","45","2024-02-08 13:48:10"
"6316c38449466a362ee07be9",,"0","16","0","2","5","5","0","1","849","1183","0","1","1","4","0.12","0.88","0","0",,,"1","35","2024-02-08 13:48:10"
"5dd31760fb7d41000c6610e3",,"5","21","15","1","5","5","1","1","332","667","1","0","4","4","0.78","0.88","0","0",,,"1","50","2024-02-08 13:48:12"
"6316c38449466a362ee07be9",,"0","17","0","2","5","5","1","0","783","1100","1","0","1","4","0.12","0.88","0","0",,,"1","40","2024-02-08 13:48:13"
"5dd31760fb7d41000c6610e3",,"5","22","13","1","5","5","1","1","416","769","1","0","3","3","0.55","0.63","0","0",,,"1","55","2024-02-08 13:48:14"
"6316c38449466a362ee07be9",,"0","18","11","2","5","5","0","1","899","1566","0","1","2","2","0.37","0.45","0","0",,,"1","45","2024-02-08 13:48:16"
"5dd31760fb7d41000c6610e3",,"5","23","2","2","5","5","1","0","33","1399","2","0","1","2","0.12","0.45","0","0",,,"0","55","2024-02-08 13:48:17"
"5dd31760fb7d41000c6610e3",,"5","24","10","1","5","5","0","0","382","817","0","1","2","3","0.37","0.63","0","0",,,"0","55","2024-02-08 13:48:20"
"6316c38449466a362ee07be9",,"0","19","12","1","5","5","0","0","815","1732","1","1","3","4","0.55","0.88","0","0",,,"1","50","2024-02-08 13:48:20"
"5dd31760fb7d41000c6610e3",,"5","25","15","1","5","5","1","1","66","699","2","0","4","4","0.78","0.88","0","0",,,"0","55","2024-02-08 13:48:22"
"6316c38449466a362ee07be9",,"0","20","6","2","5","5","1","0","666","1000","1","0","1","2","0.22","0.37","0","0",,,"0","50","2024-02-08 13:48:22"
"5dd31760fb7d41000c6610e3",,"5","26","0","2","5","5","1","0","333","666","1","0","1","4","0.12","0.88","0","0",,,"1","60","2024-02-08 13:48:25"
"6316c38449466a362ee07be9",,"0","21","1","2","5","5","1","0","782","1066","1","0","1","4","0.12","0.71","0","0",,,"0","50","2024-02-08 13:48:25"
"5dd31760fb7d41000c6610e3",,"5","27","12","1","5","5","1","1","249","650","1","0","3","4","0.55","0.88","0","0",,,"1","65","2024-02-08 13:48:27"
"6316c38449466a362ee07be9",,"0","22","12","1","5","5","0","0","716","1033","0","1","3","4","0.55","0.88","0","0",,,"1","55","2024-02-08 13:48:28"
"5dd31760fb7d41000c6610e3",,"5","28","13","1","5","5","1","1","365","716","1","0","3","3","0.55","0.63","0","0",,,"1","70","2024-02-08 13:48:29"
"6316c38449466a362ee07be9",,"0","23","10","2","5","5","1","0","1032","1300","1","0","2","3","0.37","0.63","0","0",,,"1","60","2024-02-08 13:48:31"
"5dd31760fb7d41000c6610e3",,"5","29","14","1","5","5","1","1","350","717","1","0","3","4","0.63","0.78","0","0",,,"1","75","2024-02-08 13:48:31"
"5dd31760fb7d41000c6610e3",,"5","30","0","2","5","5","1","0","33","633","2","0","1","4","0.12","0.88","0","0",,,"1","80","2024-02-08 13:48:34"
"6316c38449466a362ee07be9",,"0","24","13","2","5","5","0","1","883","1166","0","1","3","3","0.55","0.63","0","0",,,"1","65","2024-02-08 13:48:34"
"5dd31760fb7d41000c6610e3",,"5","31","14","2","5","5","1","0","116","584","1","0","3","4","0.63","0.78","0","0",,,"1","85","2024-02-08 13:48:36"
"6316c38449466a362ee07be9",,"0","25","11","2","5","5","0","1","565","916","0","1","2","2","0.37","0.45","0","0",,,"0","65","2024-02-08 13:48:36"
"5dd31760fb7d41000c6610e3",,"5","32","9","2","5","5","1","0","83","516","2","0","2","4","0.37","0.84","0","0",,,"0","85","2024-02-08 13:48:38"
"6316c38449466a362ee07be9",,"0","26","5","2","5","5","0","1","766","1083","0","1","1","3","0.16","0.63","0","0",,,"1","70","2024-02-08 13:48:39"
"5dd31760fb7d41000c6610e3",,"5","33","4","1","5","5","0","0","282","700","0","1","1","4","0.16","0.84","0","0",,,"1","90","2024-02-08 13:48:40"
"5dd31760fb7d41000c6610e3",,"5","34","7","1","5","5","0","0","298","766","0","1","1","4","0.29","0.88","0","0",,,"0","90","2024-02-08 13:48:43"
"6316c38449466a362ee07be9",,"0","27","4","1","5","5","1","1","1116","2100","2","1","1","4","0.16","0.84","0","0",,,"0","70","2024-02-08 13:48:43"
"5dd31760fb7d41000c6610e3",,"5","35","7","1","5","5","1","1","133","550","1","0","1","4","0.29","0.88","0","0",,,"0","90","2024-02-08 13:48:45"
"6316c38449466a362ee07be9",,"0","28","8","1","5","5","1","1","516","1183","1","1","1","4","0.29","0.71","0","0",,,"0","70","2024-02-08 13:48:46"
"5dd31760fb7d41000c6610e3",,"5","36","1","2","5","5","1","0","99","517","2","0","1","4","0.12","0.71","0","0",,,"0","90","2024-02-08 13:48:47"
"6316c38449466a362ee07be9",,"0","29","8","2","5","5","0","1","866","1183","0","1","1","4","0.29","0.71","0","0",,,"1","75","2024-02-08 13:48:48"
"5dd31760fb7d41000c6610e3",,"5","37","5","2","5","5","1","0","349","749","1","0","1","3","0.16","0.63","0","0",,,"1","95","2024-02-08 13:48:50"
"6316c38449466a362ee07be9",,"0","30","9","2","5","5","1","0","566","900","1","0","2","4","0.37","0.84","0","0",,,"1","80","2024-02-08 13:48:51"
"5dd31760fb7d41000c6610e3",,"5","38","11","1","5","5","1","1","383","801","1","0","2","2","0.37","0.45","0","0",,,"0","95","2024-02-08 13:48:52"
"6316c38449466a362ee07be9",,"0","31","10","1","5","5","1","1","1049","1299","1","0","2","3","0.37","0.63","0","0",,,"1","85","2024-02-08 13:48:54"
"5dd31760fb7d41000c6610e3",,"5","39","6","2","5","5","1","0","232","633","1","0","1","2","0.22","0.37","0","0",,,"0","95","2024-02-08 13:48:54"
"5dd31760fb7d41000c6610e3",,"5","40","3","2","5","5","1","0","366","716","1","0","1","1","0.12","0.22","0","0",,,"1","100","2024-02-08 13:48:57"
"6316c38449466a362ee07be9",,"0","32","11","1","5","5","1","1","1283","1600","1","0","2","2","0.37","0.45","0","0",,,"1","90","2024-02-08 13:48:57"
"5dd31760fb7d41000c6610e3",,"5","41","11","2","5","5","1","0","199","600","1","0","2","2","0.37","0.45","0","0",,,"0","100","2024-02-08 13:48:59"
"6316c38449466a362ee07be9",,"0","33","0","1","5","5","1","1","1482","1800","1","0","1","4","0.12","0.88","0","0",,,"0","90","2024-02-08 13:49:01"
"5dd31760fb7d41000c6610e3",,"5","42","1","1","5","5","0","0","332","715","0","1","1","4","0.12","0.71","0","0",,,"0","100","2024-02-08 13:49:01"
"5dd31760fb7d41000c6610e3",,"5","43","8","1","5","5","0","0","99","516","0","2","1","4","0.29","0.71","0","0",,,"0","100","2024-02-08 13:49:04"
"6316c38449466a362ee07be9",,"0","34","13","1","5","5","0","0","1599","2133","0","1","3","3","0.55","0.63","0","0",,,"1","95","2024-02-08 13:49:04"
"5dd31760fb7d41000c6610e3",,"5","44","12","1","5","5","0","0","82","516","0","2","3","4","0.55","0.88","0","0",,,"0","100","2024-02-08 13:49:06"
"5dd31760fb7d41000c6610e3",,"5","45","12","1","5","5","0","0","116","567","0","1","3","4","0.55","0.88","0","0",,,"0","100","2024-02-08 13:49:08"
"6316c38449466a362ee07be9",,"0","35","1","0","5","5","0","0","0","0","0","0","1","4","0.12","0.71","0","0",,,"0","95","2024-02-08 13:49:09"
"5dd31760fb7d41000c6610e3",,"5","46","9","2","5","5","1","0","83","450","2","0","2","4","0.37","0.84","0","0",,,"1","105","2024-02-08 13:49:11"
"6316c38449466a362ee07be9",,"0","36","4","2","5","5","0","1","866","1283","0","1","1","4","0.16","0.84","0","0",,,"1","100","2024-02-08 13:49:12"
"5dd31760fb7d41000c6610e3",,"5","47","8","2","5","5","1","0","216","617","1","0","1","4","0.29","0.71","0","0",,,"1","110","2024-02-08 13:49:13"
"6316c38449466a362ee07be9",,"0","37","12","1","5","5","0","0","1249","1650","0","1","3","4","0.55","0.88","0","0",,,"1","105","2024-02-08 13:49:15"
"5dd31760fb7d41000c6610e3",,"5","48","7","1","5","5","1","1","16","1449","2","0","1","4","0.29","0.88","0","0",,,"0","110","2024-02-08 13:49:16"
"5dd31760fb7d41000c6610e3",,"5","49","13","2","5","5","1","0","448","765","1","0","3","3","0.55","0.63","0","0",,,"0","110","2024-02-08 13:49:18"
"6316c38449466a362ee07be9",,"0","38","10","2","5","5","1","0","1266","1583","1","0","2","3","0.37","0.63","0","0",,,"1","110","2024-02-08 13:49:18"
"5dd31760fb7d41000c6610e3",,"5","50","6","2","5","5","1","0","366","717","1","0","1","2","0.22","0.37","0","0",,,"0","110","2024-02-08 13:49:21"
"6316c38449466a362ee07be9",,"0","39","1","0","5","5","0","1","2566","0","0","1","1","4","0.12","0.71","0","0",,,"0","110","2024-02-08 13:49:23"
"5dd31760fb7d41000c6610e3",,"5","51","4","1","5","5","1","1","349","666","1","0","1","4","0.16","0.84","0","0",,,"0","110","2024-02-08 13:49:23"
"6316c38449466a362ee07be9",,"0","40","9","2","5","5","1","0","916","1199","1","0","2","4","0.37","0.84","0","0",,,"1","115","2024-02-08 13:49:25"
"5dd31760fb7d41000c6610e3",,"5","52","11","1","5","5","1","1","32","883","2","0","2","2","0.37","0.45","0","0",,,"1","115","2024-02-08 13:49:26"
"5dd31760fb7d41000c6610e3",,"5","53","15","1","5","5","1","1","299","666","1","0","4","4","0.78","0.88","0","0",,,"0","115","2024-02-08 13:49:28"
"6316c38449466a362ee07be9",,"0","41","5","2","5","5","1","0","1499","1983","1","0","1","3","0.16","0.63","0","0",,,"1","120","2024-02-08 13:49:29"
"5dd31760fb7d41000c6610e3",,"5","54","2","2","5","5","0","1","66","583","0","2","1","2","0.12","0.45","0","0",,,"0","115","2024-02-08 13:49:30"
"6316c38449466a362ee07be9",,"0","42","2","2","5","5","0","1","516","800","0","1","1","2","0.12","0.45","0","0",,,"1","125","2024-02-08 13:49:32"
"5dd31760fb7d41000c6610e3",,"5","55","14","2","5","5","1","0","67","651","2","0","3","4","0.63","0.78","0","0",,,"0","115","2024-02-08 13:49:33"
"6316c38449466a362ee07be9",,"0","43","11","2","5","5","1","0","599","916","1","0","2","2","0.37","0.45","0","0",,,"1","130","2024-02-08 13:49:34"
"5dd31760fb7d41000c6610e3",,"5","56","10","1","5","5","1","1","399","767","1","0","2","3","0.37","0.63","0","0",,,"1","120","2024-02-08 13:49:35"
"6316c38449466a362ee07be9",,"0","44","9","1","5","5","0","0","632","916","0","1","2","4","0.37","0.84","0","0",,,"1","135","2024-02-08 13:49:37"
"5dd31760fb7d41000c6610e3",,"5","57","15","2","5","5","1","0","166","633","1","0","4","4","0.78","0.88","0","0",,,"0","120","2024-02-08 13:49:37"
"5dd31760fb7d41000c6610e3",,"5","58","13","2","5","5","0","1","316","816","0","1","3","3","0.55","0.63","0","0",,,"1","125","2024-02-08 13:49:40"
"6316c38449466a362ee07be9",,"0","45","0","2","5","5","1","0","849","1100","1","0","1","4","0.12","0.88","0","0",,,"1","140","2024-02-08 13:49:40"
"5dd31760fb7d41000c6610e3",,"5","59","4","1","5","5","0","0","232","749","0","1","1","4","0.16","0.84","0","0",,,"0","125","2024-02-08 13:49:42"
"6316c38449466a362ee07be9",,"0","46","13","1","5","5","0","0","1183","1950","1","1","3","3","0.55","0.63","0","0",,,"1","145","2024-02-08 13:49:43"
"5dd31760fb7d41000c6610e3",,"5","60","3","1","5","5","0","0","182","700","0","1","1","1","0.12","0.22","0","0",,,"0","125","2024-02-08 13:49:45"
"6316c38449466a362ee07be9",,"0","47","9","1","5","5","1","1","599","1350","1","0","2","4","0.37","0.84","0","0",,,"0","145","2024-02-08 13:49:47"
"5dd31760fb7d41000c6610e3",,"5","61","3","2","5","5","1","0","749","1183","1","0","1","1","0.12","0.22","0","0",,,"0","125","2024-02-08 13:49:47"
"test",,"0","0","0","2","5","5","0","1","6356","6586","0","1","1","4","0.12","0.88","0","0",,,"1","5","2024-02-08 13:49:49"
"6316c38449466a362ee07be9",,"0","48","7","2","5","5","0","1","649","916","0","1","1","4","0.29","0.88","0","0",,,"1","150","2024-02-08 13:49:49"
"5dd31760fb7d41000c6610e3",,"5","62","14","2","5","5","1","0","382","816","1","0","3","4","0.63","0.78","0","0",,,"1","130","2024-02-08 13:49:50"
"6316c38449466a362ee07be9",,"0","49","3","2","5","5","1","0","632","900","1","0","1","1","0.12","0.22","0","0",,,"0","150","2024-02-08 13:49:52"
"test",,"0","1","11","1","5","5","1","1","1440","1662","1","0","2","2","0.37","0.45","0","0",,,"0","5","2024-02-08 13:49:52"
"5dd31760fb7d41000c6610e3",,"5","63","5","2","5","5","1","0","232","666","1","0","1","3","0.16","0.63","0","0",,,"1","135","2024-02-08 13:49:52"
"6316c38449466a362ee07be9",,"0","50","10","2","5","5","1","0","833","1083","1","0","2","3","0.37","0.63","0","0",,,"0","150","2024-02-08 13:49:55"
"test",,"0","2","1","2","5","5","1","0","1339","1449","1","0","1","4","0.12","0.71","0","0",,,"0","5","2024-02-08 13:49:55"
"6316c38449466a362ee07be9",,"0","51","6","2","5","5","0","1","783","1083","0","1","1","2","0.22","0.37","0","0",,,"1","155","2024-02-08 13:49:58"
"test",,"0","3","8","2","5","5","0","1","1320","1393","0","1","1","4","0.29","0.71","0","0",,,"1","10","2024-02-08 13:49:58"
"test",,"0","4","15","2","5","5","0","1","1300","1425","0","1","4","4","0.78","0.88","0","0",,,"1","15","2024-02-08 13:50:01"
"6316c38449466a362ee07be9",,"0","52","5","2","5","5","0","1","1083","1367","0","1","1","3","0.16","0.63","0","0",,,"1","160","2024-02-08 13:50:01"
"6316c38449466a362ee07be9",,"0","53","15","1","5","5","1","1","832","1165","1","0","4","4","0.78","0.88","0","0",,,"1","165","2024-02-08 13:50:04"
"6316c38449466a362ee07be9",,"0","54","7","1","5","5","1","1","583","834","1","0","1","4","0.29","0.88","0","0",,,"0","165","2024-02-08 13:50:07"
"6316c38449466a362ee07be9",,"0","55","6","2","5","5","1","0","599","866","1","0","1","2","0.22","0.37","0","0",,,"0","165","2024-02-08 13:50:10"
"6316c38449466a362ee07be9",,"0","56","12","1","5","5","0","0","849","1033","0","1","3","4","0.55","0.88","0","0",,,"1","170","2024-02-08 13:50:13"
"6316c38449466a362ee07be9",,"0","57","15","1","5","5","1","1","816","1066","1","0","4","4","0.78","0.88","0","0",,,"1","175","2024-02-08 13:50:16"
"6316c38449466a362ee07be9",,"0","58","6","2","5","5","0","1","732","966","0","1","1","2","0.22","0.37","0","0",,,"1","180","2024-02-08 13:50:18"
"6316c38449466a362ee07be9",,"0","59","4","2","5","5","1","0","549","816","1","0","1","4","0.16","0.84","0","0",,,"1","185","2024-02-08 13:50:20"
"6316c38449466a362ee07be9",,"0","60","2","2","5","5","0","1","483","734","0","1","1","2","0.12","0.45","0","0",,,"0","185","2024-02-08 13:50:23"
"6316c38449466a362ee07be9",,"0","61","3","2","5","5","1","0","466","750","1","0","1","1","0.12","0.22","0","0",,,"0","185","2024-02-08 13:50:26"
"6316c38449466a362ee07be9",,"0","62","14","1","5","5","1","1","716","934","1","0","3","4","0.63","0.78","0","0",,,"0","185","2024-02-08 13:50:29"
"6316c38449466a362ee07be9",,"0","63","15","1","5","5","0","0","849","1517","1","1","4","4","0.78","0.88","0","0",,,"0","185","2024-02-08 13:50:32"
"6316c38449466a362ee07be9",,"1","0","4","2","5","5","0","1","566","900","0","1","1","4","0.16","0.84","0","0",,,"1","5","2024-02-08 13:51:51"
"6316c38449466a362ee07be9",,"1","1","10","1","5","5","1","1","1649","1867","1","0","2","3","0.37","0.63","0","0",,,"1","10","2024-02-08 13:51:55"
"6316c38449466a362ee07be9",,"1","2","5","2","5","5","1","0","766","1116","1","0","1","3","0.16","0.63","0","0",,,"1","15","2024-02-08 13:51:58"
"6316c38449466a362ee07be9",,"1","3","0","2","5","5","1","0","16","1083","2","0","1","4","0.12","0.88","0","0",,,"1","20","2024-02-08 13:52:01"
"6316c38449466a362ee07be9",,"1","4","12","2","5","5","0","1","549","966","0","1","3","4","0.55","0.88","0","0",,,"1","25","2024-02-08 13:52:04"
"6316c38449466a362ee07be9",,"1","5","5","2","5","5","0","1","516","850","0","1","1","3","0.16","0.63","0","0",,,"0","25","2024-02-08 13:52:07"
"6316c38449466a362ee07be9",,"1","6","2","2","5","5","1","0","516","866","1","0","1","2","0.12","0.45","0","0",,,"0","25","2024-02-08 13:52:09"
"6316c38449466a362ee07be9",,"1","7","8","2","5","5","1","0","499","816","1","0","1","4","0.29","0.71","0","0",,,"0","25","2024-02-08 13:52:12"
"6316c38449466a362ee07be9",,"1","8","11","1","5","5","0","0","1349","1600","0","1","2","2","0.37","0.45","0","0",,,"1","30","2024-02-08 13:52:15"
"6316c38449466a362ee07be9",,"1","9","14","1","5","5","1","1","999","1366","1","0","3","4","0.63","0.78","0","0",,,"1","35","2024-02-08 13:52:18"
"6316c38449466a362ee07be9",,"1","10","2","2","5","5","1","0","582","950","1","0","1","2","0.12","0.45","0","0",,,"1","40","2024-02-08 13:52:21"
"6316c38449466a362ee07be9",,"1","11","8","2","5","5","1","0","949","1249","1","0","1","4","0.29","0.71","0","0",,,"1","45","2024-02-08 13:52:24"
"6316c38449466a362ee07be9",,"1","12","15","1","5","5","0","0","716","1067","0","1","4","4","0.78","0.88","0","0",,,"1","50","2024-02-08 13:52:27"
"6316c38449466a362ee07be9",,"1","13","12","1","5","5","0","0","916","1233","0","1","3","4","0.55","0.88","0","0",,,"1","55","2024-02-08 13:52:30"
"6316c38449466a362ee07be9",,"1","14","12","1","5","5","0","0","666","1016","0","1","3","4","0.55","0.88","0","0",,,"0","55","2024-02-08 13:52:33"
"6316c38449466a362ee07be9",,"1","15","13","1","5","5","1","1","883","1149","1","0","3","3","0.55","0.63","0","0",,,"1","60","2024-02-08 13:52:36"
"6316c38449466a362ee07be9",,"1","16","11","2","5","5","1","0","616","1000","1","0","2","2","0.37","0.45","0","0",,,"1","65","2024-02-08 13:52:39"
"6316c38449466a362ee07be9",,"1","17","15","1","5","5","0","0","700","1017","0","1","4","4","0.78","0.88","0","0",,,"1","70","2024-02-08 13:52:42"
"6316c38449466a362ee07be9",,"1","18","5","2","5","5","0","1","282","1266","1","1","1","3","0.16","0.63","0","0",,,"1","75","2024-02-08 13:52:46"
"6316c38449466a362ee07be9",,"1","19","7","1","5","5","1","1","483","1133","1","0","1","4","0.29","0.88","0","0",,,"0","75","2024-02-08 13:52:48"
"6316c38449466a362ee07be9",,"1","20","9","2","5","5","1","0","699","1016","1","0","2","4","0.37","0.84","0","0",,,"1","80","2024-02-08 13:52:51"
"6316c38449466a362ee07be9",,"1","21","6","2","5","5","0","1","799","1366","0","1","1","2","0.22","0.37","0","0",,,"0","80","2024-02-08 13:52:55"
"6316c38449466a362ee07be9",,"1","22","0","2","5","5","0","1","883","1750","1","1","1","4","0.12","0.88","0","0",,,"1","85","2024-02-08 13:52:58"
"6316c38449466a362ee07be9",,"1","23","14","1","5","5","0","0","232","1150","1","1","3","4","0.63","0.78","0","0",,,"1","90","2024-02-08 13:53:01"
"6316c38449466a362ee07be9",,"1","24","9","2","5","5","0","1","849","2550","1","2","2","4","0.37","0.84","0","0",,,"1","95","2024-02-08 13:53:05"
"test",,"0","0","5","0","0","0","0","0","0","0","0","0","1","3","0.16","0.63","0","0",,,"0","0","2024-02-08 13:53:07"
"6316c38449466a362ee07be9",,"1","25","13","2","5","5","1","0","632","933","1","0","3","3","0.55","0.63","0","0",,,"1","100","2024-02-08 13:53:07"
"6316c38449466a362ee07be9",,"1","26","9","2","5","5","0","1","1300","1716","0","1","2","4","0.37","0.84","0","0",,,"1","105","2024-02-08 13:53:11"
"test",,"0","1","4","0","5","5","0","0","0","0","0","0","1","4","0.16","0.84","0","0",,,"0","0","2024-02-08 13:53:11"
"6316c38449466a362ee07be9",,"1","27","13","2","5","5","1","0","713","2081","1","1","3","3","0.55","0.63","0","0",,,"1","110","2024-02-08 13:53:15"
"test",,"0","2","2","0","5","5","0","1","0","0","0","0","1","2","0.12","0.45","0","0",,,"0","0","2024-02-08 13:53:15"
"6316c38449466a362ee07be9",,"1","28","10","2","5","5","0","1","899","1233","0","1","2","3","0.37","0.63","0","0",,,"1","115","2024-02-08 13:53:17"
"test",,"0","3","9","0","5","5","0","0","0","0","0","0","2","4","0.37","0.84","0","0",,,"0","0","2024-02-08 13:53:20"
"6316c38449466a362ee07be9",,"1","29","7","1","5","5","1","1","983","1283","1","0","1","4","0.29","0.88","0","0",,,"0","115","2024-02-08 13:53:21"
"6316c38449466a362ee07be9",,"1","30","10","2","5","5","0","1","699","1166","0","1","2","3","0.37","0.63","0","0",,,"0","115","2024-02-08 13:53:24"
"test",,"0","4","1","0","5","5","0","0","0","0","0","0","1","4","0.12","0.71","0","0",,,"0","0","2024-02-08 13:53:24"
"6316c38449466a362ee07be9",,"1","31","13","2","5","5","0","1","916","1300","0","1","3","3","0.55","0.63","0","0",,,"1","120","2024-02-08 13:53:27"
"test",,"0","5","14","0","5","5","0","0","0","0","0","0","3","4","0.63","0.78","0","0",,,"0","0","2024-02-08 13:53:28"
"6316c38449466a362ee07be9",,"1","32","4","2","5","5","0","1","749","1266","0","1","1","4","0.16","0.84","0","0",,,"1","125","2024-02-08 13:53:30"
"6316c38449466a362ee07be9",,"1","33","7","2","5","5","0","1","650","933","0","1","1","4","0.29","0.88","0","0",,,"1","130","2024-02-08 13:53:32"
"test",,"0","6","6","0","5","5","0","1","0","0","0","0","1","2","0.22","0.37","0","0",,,"0","0","2024-02-08 13:53:33"
"6316c38449466a362ee07be9",,"1","34","4","2","5","5","0","1","833","1116","0","1","1","4","0.16","0.84","0","0",,,"1","135","2024-02-08 13:53:35"
"test",,"0","7","12","0","5","5","0","1","0","0","0","0","3","4","0.55","0.88","0","0",,,"0","0","2024-02-08 13:53:37"
"6316c38449466a362ee07be9",,"1","35","6","2","5","5","1","0","749","1149","1","0","1","2","0.22","0.37","0","0",,,"0","135","2024-02-08 13:53:38"
"6316c38449466a362ee07be9",,"1","36","2","2","5","5","1","0","699","999","1","0","1","2","0.12","0.45","0","0",,,"1","140","2024-02-08 13:53:41"
"test",,"0","8","0","0","5","5","0","0","0","0","0","0","1","4","0.12","0.88","0","0",,,"0","0","2024-02-08 13:53:41"
"6316c38449466a362ee07be9",,"1","37","14","2","5","5","0","1","399","883","0","1","3","4","0.63","0.78","0","0",,,"0","140","2024-02-08 13:53:43"
"test",,"0","9","2","0","5","5","0","1","0","0","0","0","1","2","0.12","0.45","0","0",,,"0","0","2024-02-08 13:53:46"
"6316c38449466a362ee07be9",,"1","38","2","2","5","5","0","1","749","1066","0","1","1","2","0.12","0.45","0","0",,,"1","145","2024-02-08 13:53:47"
"6316c38449466a362ee07be9",,"1","39","1","2","5","5","1","0","499","800","1","0","1","4","0.12","0.71","0","0",,,"1","150","2024-02-08 13:53:49"
"test",,"0","10","7","0","5","5","0","0","0","0","0","0","1","4","0.29","0.88","0","0",,,"0","0","2024-02-08 13:53:50"
"6316c38449466a362ee07be9",,"1","40","3","2","5","5","1","0","616","1250","1","0","1","1","0.12","0.22","0","0",,,"1","155","2024-02-08 13:53:52"
"test",,"0","11","5","0","5","5","0","0","0","0","0","0","1","3","0.16","0.63","0","0",,,"0","0","2024-02-08 13:53:54"
"6316c38449466a362ee07be9",,"1","41","1","2","5","5","1","0","499","783","1","0","1","4","0.12","0.71","0","0",,,"1","160","2024-02-08 13:53:55"
"6316c38449466a362ee07be9",,"1","42","3","2","5","5","0","1","899","1783","1","1","1","1","0.12","0.22","0","0",,,"0","160","2024-02-08 13:53:58"
"test",,"0","12","12","0","5","5","0","0","0","0","0","0","3","4","0.55","0.88","0","0",,,"0","0","2024-02-08 13:53:59"
"6316c38449466a362ee07be9",,"1","43","1","2","5","5","1","0","799","1050","1","0","1","4","0.12","0.71","0","0",,,"1","165","2024-02-08 13:54:01"
"test",,"0","13","9","0","5","5","0","0","0","0","0","0","2","4","0.37","0.84","0","0",,,"0","0","2024-02-08 13:54:03"
"6316c38449466a362ee07be9",,"1","44","0","2","5","5","0","1","1099","1566","0","1","1","4","0.12","0.88","0","0",,,"1","170","2024-02-08 13:54:04"
"6316c38449466a362ee07be9",,"1","45","11","2","5","5","0","1","999","1333","0","1","2","2","0.37","0.45","0","0",,,"0","170","2024-02-08 13:54:07"
"test",,"0","14","6","0","5","5","0","1","0","0","0","0","1","2","0.22","0.37","0","0",,,"0","0","2024-02-08 13:54:07"
"6316c38449466a362ee07be9",,"1","46","14","2","5","5","0","1","933","1233","0","1","3","4","0.63","0.78","0","0",,,"1","175","2024-02-08 13:54:10"
"test",,"0","15","5","0","5","5","0","1","0","0","0","0","1","3","0.16","0.63","0","0",,,"0","0","2024-02-08 13:54:12"
"6316c38449466a362ee07be9",,"1","47","15","1","5","5","0","0","782","1566","0","1","4","4","0.78","0.88","0","0",,,"1","180","2024-02-08 13:54:13"
"6316c38449466a362ee07be9",,"1","48","6","2","5","5","1","0","549","1016","1","0","1","2","0.22","0.37","0","0",,,"0","180","2024-02-08 13:54:16"
"test",,"0","16","10","0","5","5","0","1","0","0","0","0","2","3","0.37","0.63","0","0",,,"0","0","2024-02-08 13:54:16"
"6316c38449466a362ee07be9",,"1","49","10","2","5","5","1","0","683","1050","1","0","2","3","0.37","0.63","0","0",,,"1","185","2024-02-08 13:54:18"
"test",,"0","17","4","0","5","5","0","0","0","0","0","0","1","4","0.16","0.84","0","0",,,"0","0","2024-02-08 13:54:20"
"6316c38449466a362ee07be9",,"1","50","3","2","5","5","0","1","883","1216","0","1","1","1","0.12","0.22","0","0",,,"0","185","2024-02-08 13:54:22"
"6316c38449466a362ee07be9",,"1","51","4","2","5","5","0","1","649","1083","0","1","1","4","0.16","0.84","0","0",,,"1","190","2024-02-08 13:54:25"
"test",,"0","18","12","0","5","5","0","0","0","0","0","0","3","4","0.55","0.88","0","0",,,"0","0","2024-02-08 13:54:25"
"6316c38449466a362ee07be9",,"1","52","8","2","5","5","1","0","816","1183","1","0","1","4","0.29","0.71","0","0",,,"0","190","2024-02-08 13:54:27"
"test",,"0","19","3","0","5","5","0","1","0","0","0","0","1","1","0.12","0.22","0","0",,,"0","0","2024-02-08 13:54:29"
"6316c38449466a362ee07be9",,"1","53","7","2","5","5","1","0","699","1116","1","0","1","4","0.29","0.88","0","0",,,"1","195","2024-02-08 13:54:30"
"test",,"0","20","10","0","5","5","0","0","0","0","0","0","2","3","0.37","0.63","0","0",,,"0","0","2024-02-08 13:54:33"
"6316c38449466a362ee07be9",,"1","54","15","1","5","5","1","1","983","2233","1","1","4","4","0.78","0.88","0","0",,,"0","195","2024-02-08 13:54:34"
"6316c38449466a362ee07be9",,"1","55","8","2","5","5","1","0","549","816","1","0","1","4","0.29","0.71","0","0",,,"1","200","2024-02-08 13:54:37"
"test",,"0","21","11","0","5","5","0","1","0","0","0","0","2","2","0.37","0.45","0","0",,,"0","0","2024-02-08 13:54:38"
"6316c38449466a362ee07be9",,"1","56","6","2","5","5","0","1","599","900","0","1","1","2","0.22","0.37","0","0",,,"1","205","2024-02-08 13:54:40"
"test",,"0","22","7","0","5","5","0","0","0","0","0","0","1","4","0.29","0.88","0","0",,,"0","0","2024-02-08 13:54:42"
"6316c38449466a362ee07be9",,"1","57","11","2","5","5","0","1","733","1601","0","1","2","2","0.37","0.45","0","0",,,"0","205","2024-02-08 13:54:43"
"6316c38449466a362ee07be9",,"1","58","0","2","5","5","1","0","482","833","1","0","1","4","0.12","0.88","0","0",,,"1","210","2024-02-08 13:54:46"
"test",,"0","23","1","0","5","5","0","1","0","0","0","0","1","4","0.12","0.71","0","0",,,"0","0","2024-02-08 13:54:46"
"6316c38449466a362ee07be9",,"1","59","12","2","5","5","1","0","1199","1700","1","0","3","4","0.55","0.88","0","0",,,"1","215","2024-02-08 13:54:49"
"test",,"0","24","12","0","5","5","0","1","0","0","0","0","3","4","0.55","0.88","0","0",,,"0","0","2024-02-08 13:54:51"
"6316c38449466a362ee07be9",,"1","60","3","2","5","5","0","1","916","1250","0","1","1","1","0.12","0.22","0","0",,,"1","220","2024-02-08 13:54:52"
"6316c38449466a362ee07be9",,"1","61","1","2","5","5","1","0","566","883","1","0","1","4","0.12","0.71","0","0",,,"1","225","2024-02-08 13:54:55"
"test",,"0","25","8","0","5","5","0","1","0","0","0","0","1","4","0.29","0.71","0","0",,,"0","0","2024-02-08 13:54:55"
"6316c38449466a362ee07be9",,"1","62","9","2","5","5","1","0","416","750","1","0","2","4","0.37","0.84","0","0",,,"1","230","2024-02-08 13:54:57"
"test",,"0","26","14","0","5","5","0","0","0","0","0","0","3","4","0.63","0.78","0","0",,,"0","0","2024-02-08 13:54:59"
"6316c38449466a362ee07be9",,"1","63","5","2","5","5","1","0","882","1216","1","0","1","3","0.16","0.63","0","0",,,"0","230","2024-02-08 13:55:01"
"test",,"0","27","0","0","5","5","0","1","0","0","0","0","1","4","0.12","0.88","0","0",,,"0","0","2024-02-08 13:55:04"
"test",,"0","28","2","0","5","5","0","1","0","0","0","0","1","2","0.12","0.45","0","0",,,"0","0","2024-02-08 13:55:08"
"6316c38449466a362ee07be9",,"2","0","9","2","5","5","1","0","33","1300","1","2","2","4","0.37","0.84","0","0",,,"1","5","2024-02-08 13:55:11"
"test",,"0","29","15","0","5","5","0","0","0","0","0","0","4","4","0.78","0.88","0","0",,,"0","0","2024-02-08 13:55:12"
"6316c38449466a362ee07be9",,"2","1","4","2","5","5","1","0","666","966","1","0","1","4","0.16","0.84","0","0",,,"1","10","2024-02-08 13:55:14"
"test",,"0","30","3","0","5","5","0","0","0","0","0","0","1","1","0.12","0.22","0","0",,,"0","0","2024-02-08 13:55:17"
"6316c38449466a362ee07be9",,"2","2","5","2","5","5","1","0","1216","1566","1","0","1","3","0.16","0.63","0","0",,,"1","15","2024-02-08 13:55:18"
"test",,"0","31","8","0","5","5","0","0","0","0","0","0","1","4","0.29","0.71","0","0",,,"0","0","2024-02-08 13:55:21"
"6316c38449466a362ee07be9",,"2","3","8","2","5","5","0","1","1099","1767","0","1","1","4","0.29","0.71","0","0",,,"1","20","2024-02-08 13:55:21"
"6316c38449466a362ee07be9",,"2","4","2","2","5","5","0","1","583","1067","0","1","1","2","0.12","0.45","0","0",,,"1","25","2024-02-08 13:55:24"
"test",,"0","32","13","0","5","5","0","0","0","0","0","0","3","3","0.55","0.63","0","0",,,"0","0","2024-02-08 13:55:25"
"6316c38449466a362ee07be9",,"2","5","14","2","5","5","1","0","949","1283","1","0","3","4","0.63","0.78","0","0",,,"0","25","2024-02-08 13:55:27"
"test",,"0","33","8","0","5","5","0","0","0","0","0","0","1","4","0.29","0.71","0","0",,,"0","0","2024-02-08 13:55:30"
"6316c38449466a362ee07be9",,"2","6","9","2","5","5","0","1","1366","1716","0","1","2","4","0.37","0.84","0","0",,,"1","30","2024-02-08 13:55:30"
"6316c38449466a362ee07be9",,"2","7","2","2","5","5","1","0","166","783","1","0","1","2","0.12","0.45","0","0",,,"0","30","2024-02-08 13:55:33"
"test",,"0","34","14","0","5","5","0","0","0","0","0","0","3","4","0.63","0.78","0","0",,,"0","0","2024-02-08 13:55:34"
"6316c38449466a362ee07be9",,"2","8","0","2","5","5","1","0","183","1116","1","1","1","4","0.12","0.88","0","0",,,"0","30","2024-02-08 13:55:36"
"6316c38449466a362ee07be9",,"2","9","0","2","5","5","1","0","683","983","1","0","1","4","0.12","0.88","0","0",,,"1","35","2024-02-08 13:55:38"
"test",,"0","35","8","0","5","5","0","1","0","0","0","0","1","4","0.29","0.71","0","0",,,"0","0","2024-02-08 13:55:38"
"6316c38449466a362ee07be9",,"2","10","4","2","5","5","1","0","683","1066","1","0","1","4","0.16","0.84","0","0",,,"1","40","2024-02-08 13:55:41"
"test",,"0","36","13","0","5","5","0","0","0","0","0","0","3","3","0.55","0.63","0","0",,,"0","0","2024-02-08 13:55:43"
"6316c38449466a362ee07be9",,"2","11","4","2","5","5","1","0","582","900","1","0","1","4","0.16","0.84","0","0",,,"0","40","2024-02-08 13:55:44"
"test",,"0","37","4","0","5","5","0","1","0","0","0","0","1","4","0.16","0.84","0","0",,,"0","0","2024-02-08 13:55:47"
"6316c38449466a362ee07be9",,"2","12","9","1","5","5","1","1","900","1567","1","0","2","4","0.37","0.84","0","0",,,"0","40","2024-02-08 13:55:47"
"6316c38449466a362ee07be9",,"2","13","13","1","5","5","1","1","999","1300","1","0","3","3","0.55","0.63","0","0",,,"1","45","2024-02-08 13:55:50"
"test",,"0","38","1","0","5","5","0","1","0","0","0","0","1","4","0.12","0.71","0","0",,,"0","0","2024-02-08 13:55:51"
"6316c38449466a362ee07be9",,"2","14","15","1","5","5","0","0","949","1333","0","1","4","4","0.78","0.88","0","0",,,"1","50","2024-02-08 13:55:53"
"test",,"0","39","3","0","5","5","0","1","0","0","0","0","1","1","0.12","0.22","0","0",,,"0","0","2024-02-08 13:55:56"
"6316c38449466a362ee07be9",,"2","15","3","1","5","5","1","1","616","1000","1","0","1","1","0.12","0.22","0","0",,,"0","50","2024-02-08 13:55:56"
"6316c38449466a362ee07be9",,"2","16","1","1","5","5","0","0","482","766","0","1","1","4","0.12","0.71","0","0",,,"0","50","2024-02-08 13:55:59"
"test",,"0","40","10","0","5","5","0","1","0","0","0","0","2","3","0.37","0.63","0","0",,,"0","0","2024-02-08 13:56:00"
"6316c38449466a362ee07be9",,"2","17","14","2","5","5","1","0","615","1000","1","0","3","4","0.63","0.78","0","0",,,"1","55","2024-02-08 13:56:02"
"test",,"0","41","6","0","5","5","0","0","0","0","0","0","1","2","0.22","0.37","0","0",,,"0","0","2024-02-08 13:56:04"
"6316c38449466a362ee07be9",,"2","18","1","2","5","5","1","0","898","1899","1","1","1","4","0.12","0.71","0","0",,,"1","60","2024-02-08 13:56:05"
"6316c38449466a362ee07be9",,"2","19","14","2","5","5","1","0","1182","1516","1","0","3","4","0.63","0.78","0","0",,,"0","60","2024-02-08 13:56:09"
"test",,"0","42","14","0","5","5","0","0","0","0","0","0","3","4","0.63","0.78","0","0",,,"0","0","2024-02-08 13:56:09"
"6316c38449466a362ee07be9",,"2","20","3","1","5","5","1","1","899","1233","1","0","1","1","0.12","0.22","0","0",,,"0","60","2024-02-08 13:56:12"
"test",,"0","43","10","0","5","5","0","0","0","0","0","0","2","3","0.37","0.63","0","0",,,"0","0","2024-02-08 13:56:13"
"6316c38449466a362ee07be9",,"2","21","15","2","5","5","1","0","599","1816","1","1","4","4","0.78","0.88","0","0",,,"1","65","2024-02-08 13:56:15"
"test",,"0","44","2","0","5","5","0","0","0","0","0","0","1","2","0.12","0.45","0","0",,,"0","0","2024-02-08 13:56:17"
"6316c38449466a362ee07be9",,"2","22","12","2","5","5","1","0","666","1116","1","0","3","4","0.55","0.88","0","0",,,"0","65","2024-02-08 13:56:18"
"6316c38449466a362ee07be9",,"2","23","6","1","5","5","1","1","916","1250","1","0","1","2","0.22","0.37","0","0",,,"1","70","2024-02-08 13:56:21"
"test",,"0","45","7","0","5","5","0","0","0","0","0","0","1","4","0.29","0.88","0","0",,,"0","0","2024-02-08 13:56:22"
"6316c38449466a362ee07be9",,"2","24","12","2","5","5","0","1","1166","1516","0","1","3","4","0.55","0.88","0","0",,,"1","75","2024-02-08 13:56:24"
"test",,"0","46","11","0","5","5","0","0","0","0","0","0","2","2","0.37","0.45","0","0",,,"0","0","2024-02-08 13:56:26"
"6316c38449466a362ee07be9",,"2","25","3","2","5","5","0","1","866","2133","1","2","1","1","0.12","0.22","0","0",,,"0","75","2024-02-08 13:56:28"
"test",,"0","47","9","0","5","5","0","1","0","0","0","0","2","4","0.37","0.84","0","0",,,"0","0","2024-02-08 13:56:31"
"6316c38449466a362ee07be9",,"2","26","0","2","5","5","1","0","433","833","1","0","1","4","0.12","0.88","0","0",,,"1","80","2024-02-08 13:56:31"
"6316c38449466a362ee07be9",,"2","27","12","2","5","5","0","1","866","1217","0","1","3","4","0.55","0.88","0","0",,,"1","85","2024-02-08 13:56:34"
"test",,"0","48","13","0","5","5","0","0","0","0","0","0","3","3","0.55","0.63","0","0",,,"0","0","2024-02-08 13:56:35"
"6316c38449466a362ee07be9",,"2","28","8","2","5","5","0","1","1416","1683","0","1","1","4","0.29","0.71","0","0",,,"0","85","2024-02-08 13:56:37"
"test",,"0","49","4","0","5","5","0","1","0","0","0","0","1","4","0.16","0.84","0","0",,,"0","0","2024-02-08 13:56:39"
"6316c38449466a362ee07be9",,"2","29","7","2","5","5","0","1","1149","1500","0","1","1","4","0.29","0.88","0","0",,,"1","90","2024-02-08 13:56:40"
"test",,"0","50","5","0","5","5","0","0","0","0","0","0","1","3","0.16","0.63","0","0",,,"0","0","2024-02-08 13:56:44"
"6316c38449466a362ee07be9",,"2","30","11","1","5","5","0","0","932","2116","1","1","2","2","0.37","0.45","0","0",,,"1","95","2024-02-08 13:56:44"
"6316c38449466a362ee07be9",,"2","31","15","1","5","5","0","0","1016","1317","0","1","4","4","0.78","0.88","0","0",,,"0","95","2024-02-08 13:56:47"
"test",,"0","51","9","0","5","5","0","0","0","0","0","0","2","4","0.37","0.84","0","0",,,"0","0","2024-02-08 13:56:48"
"6316c38449466a362ee07be9",,"2","32","5","2","5","5","0","1","832","1200","0","1","1","3","0.16","0.63","0","0",,,"0","95","2024-02-08 13:56:50"
"test",,"0","52","15","0","5","5","0","1","0","0","0","0","4","4","0.78","0.88","0","0",,,"0","0","2024-02-08 13:56:52"
"6316c38449466a362ee07be9",,"2","33","2","2","5","5","0","1","633","1816","1","1","1","2","0.12","0.45","0","0",,,"0","95","2024-02-08 13:56:54"
"test",,"0","53","1","0","5","5","0","0","0","0","0","0","1","4","0.12","0.71","0","0",,,"0","0","2024-02-08 13:56:57"
"6316c38449466a362ee07be9",,"2","34","10","2","5","5","0","1","1466","1716","0","1","2","3","0.37","0.63","0","0",,,"1","100","2024-02-08 13:56:57"
"6316c38449466a362ee07be9",,"2","35","12","2","5","5","1","0","699","1483","1","1","3","4","0.55","0.88","0","0",,,"1","105","2024-02-08 13:57:00"
"test",,"0","54","11","0","5","5","0","0","0","0","0","0","2","2","0.37","0.45","0","0",,,"0","0","2024-02-08 13:57:01"
"6316c38449466a362ee07be9",,"2","36","10","2","5","5","1","0","1482","1883","1","0","2","3","0.37","0.63","0","0",,,"0","105","2024-02-08 13:57:04"
"test",,"0","55","15","0","5","5","0","0","0","0","0","0","4","4","0.78","0.88","0","0",,,"0","0","2024-02-08 13:57:05"
"6316c38449466a362ee07be9",,"2","37","13","2","5","5","0","1","1366","1700","0","1","3","3","0.55","0.63","0","0",,,"1","110","2024-02-08 13:57:07"
"test",,"0","56","11","0","5","5","0","0","0","0","0","0","2","2","0.37","0.45","0","0",,,"0","0","2024-02-08 13:57:10"
"6316c38449466a362ee07be9",,"2","38","1","2","5","5","1","0","782","1033","1","0","1","4","0.12","0.71","0","0",,,"1","115","2024-02-08 13:57:10"
"6316c38449466a362ee07be9",,"2","39","7","2","5","5","0","1","616","883","0","1","1","4","0.29","0.88","0","0",,,"1","120","2024-02-08 13:57:13"
"test",,"0","57","13","0","5","5","0","0","0","0","0","0","3","3","0.55","0.63","0","0",,,"0","0","2024-02-08 13:57:14"
"6316c38449466a362ee07be9",,"2","40","7","2","5","5","1","0","449","783","1","0","1","4","0.29","0.88","0","0",,,"1","125","2024-02-08 13:57:15"
"6316c38449466a362ee07be9",,"2","41","8","2","5","5","0","1","483","716","0","1","1","4","0.29","0.71","0","0",,,"1","130","2024-02-08 13:57:18"
"test",,"0","58","0","0","5","5","0","1","0","0","0","0","1","4","0.12","0.88","0","0",,,"0","0","2024-02-08 13:57:18"
"6316c38449466a362ee07be9",,"2","42","10","2","5","5","1","0","499","783","1","0","2","3","0.37","0.63","0","0",,,"1","135","2024-02-08 13:57:20"
"test",,"0","59","15","0","5","5","0","1","0","0","0","0","4","4","0.78","0.88","0","0",,,"0","0","2024-02-08 13:57:23"
"6316c38449466a362ee07be9",,"2","43","11","2","5","5","0","1","582","1083","0","1","2","2","0.37","0.45","0","0",,,"1","140","2024-02-08 13:57:24"
"6316c38449466a362ee07be9",,"2","44","9","2","5","5","1","0","699","966","1","0","2","4","0.37","0.84","0","0",,,"1","145","2024-02-08 13:57:26"
"test",,"0","60","0","0","5","5","0","0","0","0","0","0","1","4","0.12","0.88","0","0",,,"0","0","2024-02-08 13:57:27"
"6316c38449466a362ee07be9",,"2","45","14","2","5","5","1","0","849","1083","1","0","3","4","0.63","0.78","0","0",,,"0","145","2024-02-08 13:57:29"
"test",,"0","61","3","0","5","5","0","1","0","0","0","0","1","1","0.12","0.22","0","0",,,"0","0","2024-02-08 13:57:31"
"6316c38449466a362ee07be9",,"2","46","4","2","5","5","0","1","649","983","0","1","1","4","0.16","0.84","0","0",,,"1","150","2024-02-08 13:57:32"
"6316c38449466a362ee07be9",,"2","47","0","2","5","5","1","0","466","717","1","0","1","4","0.12","0.88","0","0",,,"1","155","2024-02-08 13:57:35"
"test",,"0","62","7","0","5","5","0","0","0","0","0","0","1","4","0.29","0.88","0","0",,,"0","0","2024-02-08 13:57:36"
"6316c38449466a362ee07be9",,"2","48","6","2","5","5","1","0","1516","1850","1","0","1","2","0.22","0.37","0","0",,,"0","155","2024-02-08 13:57:38"
"test",,"0","63","6","0","5","5","0","0","0","0","0","0","1","2","0.22","0.37","0","0",,,"0","0","2024-02-08 13:57:40"
"6316c38449466a362ee07be9",,"2","49","8","2","5","5","0","1","1316","1550","0","1","1","4","0.29","0.71","0","0",,,"1","160","2024-02-08 13:57:42"
"6316c38449466a362ee07be9",,"2","50","13","2","5","5","1","0","1101","1349","1","0","3","3","0.55","0.63","0","0",,,"0","160","2024-02-08 13:57:45"
"6316c38449466a362ee07be9",,"2","51","5","2","5","5","1","0","449","783","1","0","1","3","0.16","0.63","0","0",,,"1","165","2024-02-08 13:57:47"
"6316c38449466a362ee07be9",,"2","52","6","2","5","5","1","0","799","1383","1","0","1","2","0.22","0.37","0","0",,,"0","165","2024-02-08 13:57:51"
"6316c38449466a362ee07be9",,"2","53","3","2","5","5","1","0","916","1316","1","0","1","1","0.12","0.22","0","0",,,"0","165","2024-02-08 13:57:54"
"6316c38449466a362ee07be9",,"2","54","6","2","5","5","1","0","599","850","1","0","1","2","0.22","0.37","0","0",,,"0","165","2024-02-08 13:57:57"
"6316c38449466a362ee07be9",,"2","55","11","2","5","5","1","0","899","1183","1","0","2","2","0.37","0.45","0","0",,,"1","170","2024-02-08 13:58:00"
"6316c38449466a362ee07be9",,"2","56","13","1","5","5","1","1","1116","1450","1","0","3","3","0.55","0.63","0","0",,,"1","175","2024-02-08 13:58:03"
"6316c38449466a362ee07be9",,"2","57","7","2","5","5","0","1","1099","2133","1","1","1","4","0.29","0.88","0","0",,,"1","180","2024-02-08 13:58:07"
"6316c38449466a362ee07be9",,"2","58","11","2","5","5","1","0","1115","1599","1","0","2","2","0.37","0.45","0","0",,,"0","180","2024-02-08 13:58:10"
"6316c38449466a362ee07be9",,"2","59","5","2","5","5","1","0","949","1266","1","0","1","3","0.16","0.63","0","0",,,"1","185","2024-02-08 13:58:13"
"6316c38449466a362ee07be9",,"2","60","1","2","5","5","0","1","849","1116","0","1","1","4","0.12","0.71","0","0",,,"0","185","2024-02-08 13:58:15"
"6316c38449466a362ee07be9",,"2","61","2","1","5","5","0","0","1115","1432","0","1","1","2","0.12","0.45","0","0",,,"0","185","2024-02-08 13:58:18"
"6316c38449466a362ee07be9",,"2","62","10","1","5","5","1","1","632","1200","1","0","2","3","0.37","0.63","0","0",,,"1","190","2024-02-08 13:58:22"
"6316c38449466a362ee07be9",,"2","63","15","2","5","5","1","0","949","1217","1","0","4","4","0.78","0.88","0","0",,,"1","195","2024-02-08 13:58:24"
"6316c38449466a362ee07be9",,"3","0","4","2","5","5","1","0","966","1883","1","1","1","4","0.16","0.84","0","0",,,"1","5","2024-02-08 13:58:36"
"6316c38449466a362ee07be9",,"3","1","0","2","5","5","1","0","466","800","1","0","1","4","0.12","0.88","0","0",,,"1","10","2024-02-08 13:58:39"
"6316c38449466a362ee07be9",,"3","2","11","2","5","5","0","1","1332","1600","0","1","2","2","0.37","0.45","0","0",,,"0","10","2024-02-08 13:58:42"
"6316c38449466a362ee07be9",,"3","3","8","2","5","5","1","0","682","1800","1","1","1","4","0.29","0.71","0","0",,,"1","15","2024-02-08 13:58:45"
"6316c38449466a362ee07be9",,"3","4","12","2","5","5","1","0","633","999","1","0","3","4","0.55","0.88","0","0",,,"0","15","2024-02-08 13:58:48"
"6316c38449466a362ee07be9",,"3","5","1","2","5","5","0","1","549","850","0","1","1","4","0.12","0.71","0","0",,,"1","20","2024-02-08 13:58:51"
"6316c38449466a362ee07be9",,"3","6","10","2","5","5","1","0","816","1116","1","0","2","3","0.37","0.63","0","0",,,"0","20","2024-02-08 13:58:54"
"6316c38449466a362ee07be9",,"3","7","8","2","5","5","1","0","799","1033","1","0","1","4","0.29","0.71","0","0",,,"0","20","2024-02-08 13:58:57"
"6316c38449466a362ee07be9",,"3","8","13","1","5","5","0","0","1066","1467","0","1","3","3","0.55","0.63","0","0",,,"0","20","2024-02-08 13:59:00"
"6316c38449466a362ee07be9",,"3","9","8","2","5","5","1","0","599","900","1","0","1","4","0.29","0.71","0","0",,,"1","25","2024-02-08 13:59:03"
"6316c38449466a362ee07be9",,"3","10","7","2","5","5","0","1","699","966","0","1","1","4","0.29","0.88","0","0",,,"1","30","2024-02-08 13:59:05"
"6316c38449466a362ee07be9",,"3","11","1","2","5","5","1","0","466","784","1","0","1","4","0.12","0.71","0","0",,,"0","30","2024-02-08 13:59:08"
"6316c38449466a362ee07be9",,"3","12","5","2","5","5","0","1","733","1450","0","1","1","3","0.16","0.63","0","0",,,"0","30","2024-02-08 13:59:12"
"6316c38449466a362ee07be9",,"3","13","10","1","5","5","1","1","682","1000","1","0","2","3","0.37","0.63","0","0",,,"0","30","2024-02-08 13:59:14"
"6316c38449466a362ee07be9",,"3","14","13","2","5","5","1","0","982","1302","1","0","3","3","0.55","0.63","0","0",,,"1","35","2024-02-08 13:59:17"
"6316c38449466a362ee07be9",,"3","15","14","2","5","5","0","1","633","1083","0","1","3","4","0.63","0.78","0","0",,,"0","35","2024-02-08 13:59:20"
"6316c38449466a362ee07be9",,"3","16","11","1","5","5","1","1","716","1250","1","0","2","2","0.37","0.45","0","0",,,"1","40","2024-02-08 13:59:23"
"6316c38449466a362ee07be9",,"3","17","15","2","5","5","0","1","983","1283","0","1","4","4","0.78","0.88","0","0",,,"1","45","2024-02-08 13:59:26"
"6316c38449466a362ee07be9",,"3","18","11","1","5","5","0","0","983","1233","0","1","2","2","0.37","0.45","0","0",,,"1","50","2024-02-08 13:59:29"
"6316c38449466a362ee07be9",,"3","19","7","1","5","5","0","0","850","1183","0","1","1","4","0.29","0.88","0","0",,,"0","50","2024-02-08 13:59:33"
"6316c38449466a362ee07be9",,"3","20","9","1","5","5","0","0","549","866","0","1","2","4","0.37","0.84","0","0",,,"1","55","2024-02-08 13:59:35"
"6316c38449466a362ee07be9",,"3","21","10","1","5","5","1","1","599","900","1","0","2","3","0.37","0.63","0","0",,,"1","60","2024-02-08 13:59:38"
"6316c38449466a362ee07be9",,"3","22","0","1","5","5","1","1","732","999","1","0","1","4","0.12","0.88","0","0",,,"0","60","2024-02-08 13:59:41"
"6316c38449466a362ee07be9",,"3","23","7","1","5","5","0","0","499","800","0","1","1","4","0.29","0.88","0","0",,,"0","60","2024-02-08 13:59:44"
"6316c38449466a362ee07be9",,"3","24","0","1","5","5","1","1","650","967","1","0","1","4","0.12","0.88","0","0",,,"0","60","2024-02-08 13:59:47"
"6316c38449466a362ee07be9",,"3","25","6","1","5","5","0","0","599","900","0","1","1","2","0.22","0.37","0","0",,,"0","60","2024-02-08 13:59:49"
"6316c38449466a362ee07be9",,"3","26","3","2","5","5","0","1","966","1466","0","1","1","1","0.12","0.22","0","0",,,"0","60","2024-02-08 13:59:53"
"6316c38449466a362ee07be9",,"3","27","14","2","5","5","1","0","849","1917","1","1","3","4","0.63","0.78","0","0",,,"0","60","2024-02-08 13:59:57"
"6316c38449466a362ee07be9",,"3","28","14","1","5","5","0","0","532","983","0","1","3","4","0.63","0.78","0","0",,,"0","60","2024-02-08 14:00:00"
"6316c38449466a362ee07be9",,"3","29","8","1","5","5","0","0","1049","1333","0","1","1","4","0.29","0.71","0","0",,,"0","60","2024-02-08 14:00:02"
"6316c38449466a362ee07be9",,"3","30","1","2","5","5","0","1","999","1267","0","1","1","4","0.12","0.71","0","0",,,"1","65","2024-02-08 14:00:06"
"6316c38449466a362ee07be9",,"3","31","15","2","5","5","1","0","1265","2283","2","1","4","4","0.78","0.88","0","0",,,"1","70","2024-02-08 14:00:10"
"6316c38449466a362ee07be9",,"3","32","14","2","5","5","0","1","716","1033","0","1","3","4","0.63","0.78","0","0",,,"0","70","2024-02-08 14:00:12"
"6316c38449466a362ee07be9",,"3","33","3","2","5","5","0","1","883","1283","0","1","1","1","0.12","0.22","0","0",,,"0","70","2024-02-08 14:00:15"
"6316c38449466a362ee07be9",,"3","34","4","2","5","5","1","0","1216","1833","1","1","1","4","0.16","0.84","0","0",,,"1","75","2024-02-08 14:00:19"
"6316c38449466a362ee07be9",,"3","35","4","2","5","5","0","1","682","950","0","1","1","4","0.16","0.84","0","0",,,"0","75","2024-02-08 14:00:22"
"6316c38449466a362ee07be9",,"3","36","2","1","5","5","1","1","716","1033","1","0","1","2","0.12","0.45","0","0",,,"0","75","2024-02-08 14:00:25"
"6316c38449466a362ee07be9",,"3","37","13","1","5","5","0","0","716","933","0","1","3","3","0.55","0.63","0","0",,,"0","75","2024-02-08 14:00:27"
"6316c38449466a362ee07be9",,"3","38","4","1","5","5","1","1","1399","1650","1","0","1","4","0.16","0.84","0","0",,,"1","80","2024-02-08 14:00:31"
"6316c38449466a362ee07be9",,"3","39","9","1","5","5","0","0","1117","1484","0","1","2","4","0.37","0.84","0","0",,,"0","80","2024-02-08 14:00:34"
"6316c38449466a362ee07be9",,"3","40","3","2","5","5","1","0","699","1016","1","0","1","1","0.12","0.22","0","0",,,"0","80","2024-02-08 14:00:37"
"6316c38449466a362ee07be9",,"3","41","1","1","5","5","0","0","749","1250","0","1","1","4","0.12","0.71","0","0",,,"0","80","2024-02-08 14:00:40"
"6316c38449466a362ee07be9",,"3","42","6","1","5","5","1","1","699","983","1","0","1","2","0.22","0.37","0","0",,,"0","80","2024-02-08 14:00:43"
"6316c38449466a362ee07be9",,"3","43","5","1","5","5","1","1","1066","1417","1","0","1","3","0.16","0.63","0","0",,,"0","80","2024-02-08 14:00:46"
"6316c38449466a362ee07be9",,"3","44","9","2","5","5","0","1","483","751","0","1","2","4","0.37","0.84","0","0",,,"1","85","2024-02-08 14:00:49"
"6316c38449466a362ee07be9",,"3","45","15","1","5","5","0","0","666","1017","0","1","4","4","0.78","0.88","0","0",,,"1","90","2024-02-08 14:00:51"
"6316c38449466a362ee07be9",,"3","46","5","2","5","5","1","0","599","867","1","0","1","3","0.16","0.63","0","0",,,"1","95","2024-02-08 14:00:54"
"6316c38449466a362ee07be9",,"3","47","11","2","5","5","1","0","766","1083","1","0","2","2","0.37","0.45","0","0",,,"1","100","2024-02-08 14:00:56"
"6316c38449466a362ee07be9",,"3","48","13","1","5","5","1","1","1349","1800","1","0","3","3","0.55","0.63","0","0",,,"1","105","2024-02-08 14:01:00"
"6316c38449466a362ee07be9",,"3","49","2","2","5","5","0","1","699","1000","0","1","1","2","0.12","0.45","0","0",,,"0","105","2024-02-08 14:01:03"
"6316c38449466a362ee07be9",,"3","50","6","2","5","5","1","0","1316","1583","1","0","1","2","0.22","0.37","0","0",,,"0","105","2024-02-08 14:01:06"
"6316c38449466a362ee07be9",,"3","51","3","2","5","5","0","1","799","1067","0","1","1","1","0.12","0.22","0","0",,,"0","105","2024-02-08 14:01:09"
"6316c38449466a362ee07be9",,"3","52","10","1","5","5","1","1","583","867","1","0","2","3","0.37","0.63","0","0",,,"0","105","2024-02-08 14:01:12"
"6316c38449466a362ee07be9",,"3","53","5","1","5","5","1","1","1216","1917","1","0","1","3","0.16","0.63","0","0",,,"0","105","2024-02-08 14:01:16"
"6316c38449466a362ee07be9",,"3","54","12","2","5","5","0","1","1516","1817","0","1","3","4","0.55","0.88","0","0",,,"0","105","2024-02-08 14:01:19"
"6316c38449466a362ee07be9",,"3","55","9","1","5","5","1","1","916","1200","1","0","2","4","0.37","0.84","0","0",,,"0","105","2024-02-08 14:01:22"
"6316c38449466a362ee07be9",,"3","56","2","2","5","5","1","0","749","1000","1","0","1","2","0.12","0.45","0","0",,,"1","110","2024-02-08 14:01:25"
"6316c38449466a362ee07be9",,"3","57","6","2","5","5","0","1","799","1083","0","1","1","2","0.22","0.37","0","0",,,"0","110","2024-02-08 14:01:28"
"6316c38449466a362ee07be9",,"3","58","12","1","5","5","1","1","566","816","1","0","3","4","0.55","0.88","0","0",,,"1","115","2024-02-08 14:01:30"
"6316c38449466a362ee07be9",,"3","59","2","2","5","5","1","0","499","783","1","0","1","2","0.12","0.45","0","0",,,"0","115","2024-02-08 14:01:33"
"6316c38449466a362ee07be9",,"3","60","12","1","5","5","0","0","599","850","0","1","3","4","0.55","0.88","0","0",,,"1","120","2024-02-08 14:01:36"
"6316c38449466a362ee07be9",,"3","61","7","1","5","5","0","0","582","849","0","1","1","4","0.29","0.88","0","0",,,"1","125","2024-02-08 14:01:39"
"6316c38449466a362ee07be9",,"3","62","0","1","5","5","1","1","1233","1500","1","0","1","4","0.12","0.88","0","0",,,"0","125","2024-02-08 14:01:42"
"6316c38449466a362ee07be9",,"3","63","15","1","5","5","1","1","766","1267","1","1","4","4","0.78","0.88","0","0",,,"1","130","2024-02-08 14:01:45"
"6316c38449466a362ee07be9",,"4","0","14","1","5","5","1","1","849","1383","1","0","3","4","0.63","0.78","0","0",,,"1","5","2024-02-08 14:02:12"
"6316c38449466a362ee07be9",,"4","1","10","2","5","5","0","1","1216","1550","0","1","2","3","0.37","0.63","0","0",,,"1","10","2024-02-08 14:02:15"
"6316c38449466a362ee07be9",,"4","2","5","2","5","5","1","0","482","716","1","0","1","3","0.16","0.63","0","0",,,"0","10","2024-02-08 14:02:18"
"6316c38449466a362ee07be9",,"4","3","15","1","5","5","0","0","1233","1483","0","1","4","4","0.78","0.88","0","0",,,"0","10","2024-02-08 14:02:22"
"6316c38449466a362ee07be9",,"4","4","8","2","5","5","0","1","616","1033","0","1","1","4","0.29","0.71","0","0",,,"1","15","2024-02-08 14:02:25"
"6316c38449466a362ee07be9",,"4","5","10","2","5","5","0","1","716","983","0","1","2","3","0.37","0.63","0","0",,,"0","15","2024-02-08 14:02:27"
"6316c38449466a362ee07be9",,"4","6","11","1","5","5","1","1","832","1600","1","1","2","2","0.37","0.45","0","0",,,"1","20","2024-02-08 14:02:31"
"6316c38449466a362ee07be9",,"4","7","2","1","5","5","0","0","1033","1283","0","1","1","2","0.12","0.45","0","0",,,"1","25","2024-02-08 14:02:34"
"6316c38449466a362ee07be9",,"4","8","5","1","5","5","1","1","449","833","1","0","1","3","0.16","0.63","0","0",,,"0","25","2024-02-08 14:02:37"
"6316c38449466a362ee07be9",,"4","9","11","1","5","5","1","1","799","1116","1","0","2","2","0.37","0.45","0","0",,,"1","30","2024-02-08 14:02:40"
"6316c38449466a362ee07be9",,"4","10","7","1","5","5","1","1","666","1016","1","0","1","4","0.29","0.88","0","0",,,"0","30","2024-02-08 14:02:43"
"6316c38449466a362ee07be9",,"4","11","12","1","5","5","0","0","699","1016","0","1","3","4","0.55","0.88","0","0",,,"1","35","2024-02-08 14:02:46"
"6316c38449466a362ee07be9",,"4","12","3","2","5","5","0","1","749","1466","1","1","1","1","0.12","0.22","0","0",,,"0","35","2024-02-08 14:02:49"
"6316c38449466a362ee07be9",,"4","13","0","1","5","5","0","0","700","983","0","1","1","4","0.12","0.88","0","0",,,"0","35","2024-02-08 14:02:52"
"6316c38449466a362ee07be9",,"4","14","13","1","5","5","0","0","549","2233","1","2","3","3","0.55","0.63","0","0",,,"0","35","2024-02-08 14:02:56"
"6316c38449466a362ee07be9",,"4","15","1","1","5","5","0","0","699","1883","1","2","1","4","0.12","0.71","0","0",,,"0","35","2024-02-08 14:03:00"
"6316c38449466a362ee07be9",,"4","16","13","2","5","5","0","1","915","1483","0","1","3","3","0.55","0.63","0","0",,,"1","40","2024-02-08 14:03:03"
"6316c38449466a362ee07be9",,"4","17","13","1","5","5","0","0","1182","1983","0","1","3","3","0.55","0.63","0","0",,,"0","40","2024-02-08 14:03:07"
"6316c38449466a362ee07be9",,"4","18","6","2","5","5","0","1","949","1283","0","1","1","2","0.22","0.37","0","0",,,"1","45","2024-02-08 14:03:10"
"6316c38449466a362ee07be9",,"4","19","11","2","5","5","0","1","632","883","0","1","2","2","0.37","0.45","0","0",,,"0","45","2024-02-08 14:03:13"
"6316c38449466a362ee07be9",,"4","20","2","2","5","5","0","1","649","1250","0","1","1","2","0.12","0.45","0","0",,,"1","50","2024-02-08 14:03:16"
"6316c38449466a362ee07be9",,"4","21","3","2","5","5","0","1","749","1133","0","1","1","1","0.12","0.22","0","0",,,"0","50","2024-02-08 14:03:19"
"6316c38449466a362ee07be9",,"4","22","15","1","5","5","0","0","799","1250","0","1","4","4","0.78","0.88","0","0",,,"0","50","2024-02-08 14:03:23"
"6316c38449466a362ee07be9",,"4","23","1","2","5","5","1","0","600","884","1","0","1","4","0.12","0.71","0","0",,,"0","50","2024-02-08 14:03:25"
"6316c38449466a362ee07be9",,"4","24","10","1","5","5","1","1","683","933","1","0","2","3","0.37","0.63","0","0",,,"0","50","2024-02-08 14:03:29"
"6316c38449466a362ee07be9",,"4","25","4","2","5","5","0","1","1616","1833","0","1","1","4","0.16","0.84","0","0",,,"0","50","2024-02-08 14:03:32"
"6316c38449466a362ee07be9",,"4","26","15","2","5","5","0","1","983","1667","0","1","4","4","0.78","0.88","0","0",,,"1","55","2024-02-08 14:03:35"
"6316c38449466a362ee07be9",,"4","27","9","2","5","5","1","0","799","1117","1","0","2","4","0.37","0.84","0","0",,,"1","60","2024-02-08 14:03:38"
"6316c38449466a362ee07be9",,"4","28","3","2","5","5","1","0","682","983","1","0","1","1","0.12","0.22","0","0",,,"0","60","2024-02-08 14:03:41"
"6316c38449466a362ee07be9",,"4","29","8","1","5","5","1","1","1166","1433","1","0","1","4","0.29","0.71","0","0",,,"0","60","2024-02-08 14:03:44"
"6316c38449466a362ee07be9",,"4","30","1","1","5","5","0","0","516","833","0","1","1","4","0.12","0.71","0","0",,,"0","60","2024-02-08 14:03:47"
"6316c38449466a362ee07be9",,"4","31","8","1","5","5","0","0","599","1299","1","1","1","4","0.29","0.71","0","0",,,"0","60","2024-02-08 14:03:50"
"6316c38449466a362ee07be9",,"4","32","7","2","5","5","0","1","683","966","0","1","1","4","0.29","0.88","0","0",,,"1","65","2024-02-08 14:03:53"
"6316c38449466a362ee07be9",,"4","33","13","2","5","5","1","0","632","900","1","0","3","3","0.55","0.63","0","0",,,"0","65","2024-02-08 14:03:55"
"6316c38449466a362ee07be9",,"4","34","15","2","5","5","0","1","599","933","0","1","4","4","0.78","0.88","0","0",,,"1","70","2024-02-08 14:03:58"
"6316c38449466a362ee07be9",,"4","35","4","2","5","5","0","1","516","884","0","1","1","4","0.16","0.84","0","0",,,"1","75","2024-02-08 14:04:01"
"6316c38449466a362ee07be9",,"4","36","6","0","5","5","0","0","2766","0","1","0","1","2","0.22","0.37","0","0",,,"0","75","2024-02-08 14:04:06"
"6316c38449466a362ee07be9",,"4","37","11","1","5","5","0","0","732","1082","0","1","2","2","0.37","0.45","0","0",,,"0","75","2024-02-08 14:04:09"
"6316c38449466a362ee07be9",,"4","38","10","2","5","5","1","0","599","933","1","0","2","3","0.37","0.63","0","0",,,"0","75","2024-02-08 14:04:11"
"6316c38449466a362ee07be9",,"4","39","2","1","5","5","1","1","649","883","1","0","1","2","0.12","0.45","0","0",,,"0","75","2024-02-08 14:04:14"
"6316c38449466a362ee07be9",,"4","40","4","1","5","5","0","0","782","1067","0","1","1","4","0.16","0.84","0","0",,,"0","75","2024-02-08 14:04:17"
"6316c38449466a362ee07be9",,"4","41","12","2","5","5","0","1","533","766","0","1","3","4","0.55","0.88","0","0",,,"1","80","2024-02-08 14:04:20"
"6316c38449466a362ee07be9",,"4","42","6","2","5","5","0","1","1232","1449","0","1","1","2","0.22","0.37","0","0",,,"0","80","2024-02-08 14:04:24"
"6316c38449466a362ee07be9",,"4","43","7","2","5","5","0","1","882","1450","0","1","1","4","0.29","0.88","0","0",,,"1","85","2024-02-08 14:04:27"
"6316c38449466a362ee07be9",,"4","44","0","2","5","5","1","0","566","817","1","0","1","4","0.12","0.88","0","0",,,"1","90","2024-02-08 14:04:29"
"6316c38449466a362ee07be9",,"4","45","9","2","5","5","0","1","716","1033","0","1","2","4","0.37","0.84","0","0",,,"1","95","2024-02-08 14:04:32"
"6316c38449466a362ee07be9",,"4","46","6","2","5","5","1","0","1132","1467","1","0","1","2","0.22","0.37","0","0",,,"1","100","2024-02-08 14:04:36"
"6316c38449466a362ee07be9",,"4","47","2","2","5","5","0","1","2317","2551","0","1","1","2","0.12","0.45","0","0",,,"0","100","2024-02-08 14:04:40"
"6316c38449466a362ee07be9",,"4","48","0","2","5","5","1","0","483","817","1","0","1","4","0.12","0.88","0","0",,,"1","105","2024-02-08 14:04:43"
"6316c38449466a362ee07be9",,"4","49","14","2","5","5","1","0","482","768","1","0","3","4","0.63","0.78","0","0",,,"1","110","2024-02-08 14:04:46"
"6316c38449466a362ee07be9",,"4","50","9","2","5","5","1","0","749","1150","1","0","2","4","0.37","0.84","0","0",,,"0","110","2024-02-08 14:04:49"
"6316c38449466a362ee07be9",,"4","51","12","2","5","5","0","1","683","899","0","1","3","4","0.55","0.88","0","0",,,"0","110","2024-02-08 14:04:52"
"6316c38449466a362ee07be9",,"4","52","12","1","5","5","0","0","599","833","0","1","3","4","0.55","0.88","0","0",,,"1","115","2024-02-08 14:04:55"
"6316c38449466a362ee07be9",,"4","53","8","1","5","5","0","0","633","1233","1","1","1","4","0.29","0.71","0","0",,,"1","120","2024-02-08 14:04:58"
"6316c38449466a362ee07be9",,"4","54","14","1","5","5","1","1","599","866","1","0","3","4","0.63","0.78","0","0",,,"1","125","2024-02-08 14:05:01"
"6316c38449466a362ee07be9",,"4","55","4","1","5","5","0","0","832","1149","0","1","1","4","0.16","0.84","0","0",,,"0","125","2024-02-08 14:05:04"
"6316c38449466a362ee07be9",,"4","56","3","2","5","5","0","1","883","1150","0","1","1","1","0.12","0.22","0","0",,,"0","125","2024-02-08 14:05:07"
"6316c38449466a362ee07be9",,"4","57","9","1","5","5","1","1","866","1100","1","0","2","4","0.37","0.84","0","0",,,"0","125","2024-02-08 14:05:10"
"6316c38449466a362ee07be9",,"4","58","5","2","5","5","1","0","682","965","1","0","1","3","0.16","0.63","0","0",,,"1","130","2024-02-08 14:05:13"
"6316c38449466a362ee07be9",,"4","59","5","2","5","5","0","1","549","851","0","1","1","3","0.16","0.63","0","0",,,"0","130","2024-02-08 14:05:16"
"6316c38449466a362ee07be9",,"4","60","1","2","5","5","1","0","783","1083","1","0","1","4","0.12","0.71","0","0",,,"1","135","2024-02-08 14:05:19"
"6316c38449466a362ee07be9",,"4","61","7","1","5","5","0","0","632","1366","1","1","1","4","0.29","0.88","0","0",,,"0","135","2024-02-08 14:05:22"
"6316c38449466a362ee07be9",,"4","62","0","2","5","5","1","0","516","816","1","0","1","4","0.12","0.88","0","0",,,"1","140","2024-02-08 14:05:25"
"6316c38449466a362ee07be9",,"4","63","14","1","5","5","1","1","649","1583","1","1","3","4","0.63","0.78","0","0",,,"0","140","2024-02-08 14:05:28"
"6316c38449466a362ee07be9",,"5","0","7","2","5","5","1","0","16","900","2","0","1","4","0.29","0.88","0","0",,,"1","5","2024-02-08 14:06:11"
"6316c38449466a362ee07be9",,"5","1","8","2","5","5","1","0","483","750","1","0","1","4","0.29","0.71","0","0",,,"1","10","2024-02-08 14:06:14"
"6316c38449466a362ee07be9",,"5","2","7","2","5","5","1","0","498","749","1","0","1","4","0.29","0.88","0","0",,,"1","15","2024-02-08 14:06:17"
"6316c38449466a362ee07be9",,"5","3","15","2","5","5","0","1","616","850","0","1","4","4","0.78","0.88","0","0",,,"1","20","2024-02-08 14:06:19"
"6316c38449466a362ee07be9",,"5","4","1","2","5","5","0","1","548","832","0","1","1","4","0.12","0.71","0","0",,,"1","25","2024-02-08 14:06:22"
"6316c38449466a362ee07be9",,"5","5","12","2","5","5","1","0","499","783","1","0","3","4","0.55","0.88","0","0",,,"1","30","2024-02-08 14:06:25"
"6316c38449466a362ee07be9",,"5","6","5","2","5","5","1","0","566","816","1","0","1","3","0.16","0.63","0","0",,,"0","30","2024-02-08 14:06:27"
"6316c38449466a362ee07be9",,"5","7","3","2","5","5","0","1","982","1200","0","1","1","1","0.12","0.22","0","0",,,"1","35","2024-02-08 14:06:30"
"6316c38449466a362ee07be9",,"5","8","10","2","5","5","0","1","681","982","0","1","2","3","0.37","0.63","0","0",,,"0","35","2024-02-08 14:06:33"
"6316c38449466a362ee07be9",,"5","9","9","2","5","5","1","0","632","883","1","0","2","4","0.37","0.84","0","0",,,"1","40","2024-02-08 14:06:36"
"6316c38449466a362ee07be9",,"5","10","10","2","5","5","1","0","466","733","1","0","2","3","0.37","0.63","0","0",,,"1","45","2024-02-08 14:06:38"
"6316c38449466a362ee07be9",,"5","11","4","2","5","5","1","0","482","750","1","0","1","4","0.16","0.84","0","0",,,"1","50","2024-02-08 14:06:41"
"6316c38449466a362ee07be9",,"5","12","13","2","5","5","0","1","616","916","0","1","3","3","0.55","0.63","0","0",,,"1","55","2024-02-08 14:06:44"
"6316c38449466a362ee07be9",,"5","13","2","2","5","5","0","1","749","1450","1","1","1","2","0.12","0.45","0","0",,,"1","60","2024-02-08 14:06:48"
"6316c38449466a362ee07be9",,"5","14","11","1","5","5","0","0","849","1866","0","1","2","2","0.37","0.45","0","0",,,"0","60","2024-02-08 14:06:51"
"6316c38449466a362ee07be9",,"5","15","1","2","5","5","1","0","699","983","1","0","1","4","0.12","0.71","0","0",,,"0","60","2024-02-08 14:06:54"
"6316c38449466a362ee07be9",,"5","16","4","2","5","5","1","0","549","800","1","0","1","4","0.16","0.84","0","0",,,"1","65","2024-02-08 14:06:56"
"6316c38449466a362ee07be9",,"5","17","8","2","5","5","0","1","599","900","0","1","1","4","0.29","0.71","0","0",,,"1","70","2024-02-08 14:06:59"
"6316c38449466a362ee07be9",,"5","18","4","2","5","5","0","1","515","766","0","1","1","4","0.16","0.84","0","0",,,"0","70","2024-02-08 14:07:02"
"6316c38449466a362ee07be9",,"5","19","12","2","5","5","0","1","649","949","0","1","3","4","0.55","0.88","0","0",,,"1","75","2024-02-08 14:07:04"
"6316c38449466a362ee07be9",,"5","20","0","2","5","5","1","0","549","800","1","0","1","4","0.12","0.88","0","0",,,"1","80","2024-02-08 14:07:07"
"6316c38449466a362ee07be9",,"5","21","12","2","5","5","1","0","565","832","1","0","3","4","0.55","0.88","0","0",,,"1","85","2024-02-08 14:07:10"
"6316c38449466a362ee07be9",,"5","22","14","2","5","5","0","1","583","900","0","1","3","4","0.63","0.78","0","0",,,"1","90","2024-02-08 14:07:12"
"6316c38449466a362ee07be9",,"5","23","3","2","5","5","0","1","1066","1401","0","1","1","1","0.12","0.22","0","0",,,"0","90","2024-02-08 14:07:16"
"6316c38449466a362ee07be9",,"5","24","14","2","5","5","0","1","549","1149","0","1","3","4","0.63","0.78","0","0",,,"1","95","2024-02-08 14:07:18"
"6316c38449466a362ee07be9",,"5","25","12","2","5","5","0","1","599","883","0","1","3","4","0.55","0.88","0","0",,,"1","100","2024-02-08 14:07:21"
"6316c38449466a362ee07be9",,"5","26","7","2","5","5","1","0","416","734","1","0","1","4","0.29","0.88","0","0",,,"1","105","2024-02-08 14:07:24"
"6316c38449466a362ee07be9",,"5","27","10","2","5","5","0","1","566","867","0","1","2","3","0.37","0.63","0","0",,,"1","110","2024-02-08 14:07:27"
"6316c38449466a362ee07be9",,"5","28","0","2","5","5","0","1","699","966","0","1","1","4","0.12","0.88","0","0",,,"0","110","2024-02-08 14:07:29"
"6316c38449466a362ee07be9",,"5","29","15","2","5","5","1","0","682","1269","1","0","4","4","0.78","0.88","0","0",,,"1","115","2024-02-08 14:07:32"
"6316c38449466a362ee07be9",,"5","30","5","2","5","5","0","1","466","750","0","1","1","3","0.16","0.63","0","0",,,"0","115","2024-02-08 14:07:35"
"6316c38449466a362ee07be9",,"5","31","14","2","5","5","1","0","666","934","1","0","3","4","0.63","0.78","0","0",,,"1","120","2024-02-08 14:07:38"
"basile",,"0","0","11","2","5","5","0","1","849","1033","0","1","2","2","0.37","0.45","0","0",,,"0","0","2024-02-08 14:07:40"
"6316c38449466a362ee07be9",,"5","32","9","2","5","5","0","1","549","907","0","1","2","4","0.37","0.84","0","0",,,"1","125","2024-02-08 14:07:40"
"basile",,"0","1","14","2","5","5","0","1","849","1016","0","1","3","4","0.63","0.78","0","0",,,"1","5","2024-02-08 14:07:42"
"6316c38449466a362ee07be9",,"5","33","2","2","5","5","0","1","1099","1583","0","1","1","2","0.12","0.45","0","0",,,"1","130","2024-02-08 14:07:43"
"6316c38449466a362ee07be9",,"5","34","1","2","5","5","0","1","533","816","0","1","1","4","0.12","0.71","0","0",,,"1","135","2024-02-08 14:07:46"
"6316c38449466a362ee07be9",,"5","35","5","2","5","5","0","1","649","900","0","1","1","3","0.16","0.63","0","0",,,"1","140","2024-02-08 14:07:48"
"6316c38449466a362ee07be9",,"5","36","2","2","5","5","0","1","499","1183","0","1","1","2","0.12","0.45","0","0",,,"1","145","2024-02-08 14:07:51"
"6316c38449466a362ee07be9",,"5","37","6","2","5","5","1","0","566","816","1","0","1","2","0.22","0.37","0","0",,,"0","145","2024-02-08 14:07:54"
"6316c38449466a362ee07be9",,"5","38","1","2","5","5","0","1","549","866","0","1","1","4","0.12","0.71","0","0",,,"0","145","2024-02-08 14:07:57"
"6316c38449466a362ee07be9",,"5","39","3","2","5","5","0","1","866","1203","0","1","1","1","0.12","0.22","0","0",,,"0","145","2024-02-08 14:08:00"
"6316c38449466a362ee07be9",,"5","40","11","1","5","5","1","1","882","1419","1","0","2","2","0.37","0.45","0","0",,,"1","150","2024-02-08 14:08:03"
"6316c38449466a362ee07be9",,"5","41","7","2","5","5","1","0","549","800","1","0","1","4","0.29","0.88","0","0",,,"1","155","2024-02-08 14:08:06"
"6316c38449466a362ee07be9",,"5","42","15","1","5","5","1","1","549","1232","1","1","4","4","0.78","0.88","0","0",,,"1","160","2024-02-08 14:08:09"
"test",,"0","0","9","0","0","0","0","1","2721","0","0","1","2","4","0.37","0.84","0","0",,,"0","0","2024-02-08 14:08:09"
"6316c38449466a362ee07be9",,"5","43","10","2","5","5","0","1","499","783","0","1","2","3","0.37","0.63","0","0",,,"1","165","2024-02-08 14:08:12"
"6316c38449466a362ee07be9",,"5","44","6","2","5","5","0","1","782","1300","1","1","1","2","0.22","0.37","0","0",,,"1","170","2024-02-08 14:08:15"
"6316c38449466a362ee07be9",,"5","45","13","2","5","5","1","0","816","1084","1","0","3","3","0.55","0.63","0","0",,,"1","175","2024-02-08 14:08:18"
"6316c38449466a362ee07be9",,"5","46","3","2","5","5","1","0","733","1283","1","1","1","1","0.12","0.22","0","0",,,"0","175","2024-02-08 14:08:21"
"6316c38449466a362ee07be9",,"5","47","14","0","5","5","0","1","582","0","1","1","3","4","0.63","0.78","0","0",,,"0","175","2024-02-08 14:08:25"
"6316c38449466a362ee07be9",,"5","48","5","2","5","5","0","1","166","1184","1","2","1","3","0.16","0.63","0","0",,,"1","180","2024-02-08 14:08:28"
"6316c38449466a362ee07be9",,"5","49","8","2","5","5","1","0","465","782","1","0","1","4","0.29","0.71","0","0",,,"1","185","2024-02-08 14:08:31"
"6316c38449466a362ee07be9",,"5","50","11","1","5","5","1","1","633","1583","1","1","2","2","0.37","0.45","0","0",,,"1","190","2024-02-08 14:08:34"
"6316c38449466a362ee07be9",,"5","51","0","2","5","5","0","1","15","1133","1","2","1","4","0.12","0.88","0","0",,,"1","195","2024-02-08 14:08:37"
"6316c38449466a362ee07be9",,"5","52","6","2","5","5","1","0","749","1266","1","0","1","2","0.22","0.37","0","0",,,"0","195","2024-02-08 14:08:41"
"6316c38449466a362ee07be9",,"5","53","2","2","5","5","1","0","399","1016","1","1","1","2","0.12","0.45","0","0",,,"0","195","2024-02-08 14:08:43"
"6316c38449466a362ee07be9",,"5","54","4","2","5","5","1","0","633","933","1","0","1","4","0.16","0.84","0","0",,,"0","195","2024-02-08 14:08:46"
"6316c38449466a362ee07be9",,"5","55","11","2","5","5","0","1","499","917","0","1","2","2","0.37","0.45","0","0",,,"1","200","2024-02-08 14:08:49"
"6316c38449466a362ee07be9",,"5","56","15","2","5","5","1","0","782","1267","1","0","4","4","0.78","0.88","0","0",,,"1","205","2024-02-08 14:08:52"
"6316c38449466a362ee07be9",,"5","57","9","2","5","5","1","0","599","900","1","0","2","4","0.37","0.84","0","0",,,"1","210","2024-02-08 14:08:54"
"6316c38449466a362ee07be9",,"5","58","6","2","5","5","0","1","416","1433","1","1","1","2","0.22","0.37","0","0",,,"0","210","2024-02-08 14:08:58"
"6316c38449466a362ee07be9",,"5","59","9","2","5","5","1","0","549","850","1","0","2","4","0.37","0.84","0","0",,,"0","210","2024-02-08 14:09:00"
"6316c38449466a362ee07be9",,"5","60","0","2","5","5","1","0","549","850","1","0","1","4","0.12","0.88","0","0",,,"1","215","2024-02-08 14:09:03"
"6316c38449466a362ee07be9",,"5","61","13","2","5","5","1","0","565","850","1","0","3","3","0.55","0.63","0","0",,,"1","220","2024-02-08 14:09:05"
"6316c38449466a362ee07be9",,"5","62","8","2","5","5","1","0","666","1033","1","0","1","4","0.29","0.71","0","0",,,"1","225","2024-02-08 14:09:08"
"6316c38449466a362ee07be9",,"5","63","13","2","5","5","0","1","582","883","0","1","3","3","0.55","0.63","0","0",,,"0","225","2024-02-08 14:09:10"
"test",,"0","0","6","1","5","5","1","1","920","1132","1","0","1","2","0.22","0.37","0","0",,,"0","0","2024-02-08 14:23:45"
"basile",,"0","0","7","2","5","5","1","0","849","1016","1","0","1","4","0.29","0.88","0","0",,,"1","5","2024-02-09 12:34:27"
"basile",,"0","1","8","2","5","5","0","1","533","683","0","1","1","4","0.29","0.71","0","0",,,"1","10","2024-02-09 12:34:30"
"basile",,"0","0","1","2","5","5","1","0","799","1232","1","0","1","4","0.12","0.71","0","0",,,"0","0","2024-02-09 12:35:17"
"basile",,"0","1","7","2","5","5","0","1","816","966","0","1","1","4","0.29","0.88","0","0",,,"1","5","2024-02-09 12:35:20"
"basile",,"0","0","12","2","5","5","1","0","1232","1732","1","0","3","4","0.55","0.88","0","0",,,"1","5","2024-02-09 12:35:58"
"basile",,"0","1","0","2","5","5","1","0","783","932","1","0","1","4","0.12","0.88","0","0",,,"1","10","2024-02-09 12:36:00"
"basile",,"0","2","13","1","5","5","1","1","1067","1317","1","0","3","3","0.55","0.63","0","0",,,"1","15","2024-02-09 12:36:03"
"basile",,"0","3","7","2","5","5","1","0","1168","1334","1","0","1","4","0.29","0.88","0","0",,,"1","20","2024-02-09 12:36:06"
"test",,"0","0","12","2","5","5","1","0","1861","2140","1","0","3","4","0.55","0.88","0","0",,,"1","5","2024-02-16 11:19:40"
"test",,"0","1","7","1","5","5","0","0","1540","1700","0","1","1","4","0.29","0.88","0","0",,,"1","10","2024-02-16 11:19:43"
"test",,"0","2","13","2","5","5","1","0","1461","1620","1","0","3","3","0.55","0.63","0","0",,,"1","15","2024-02-16 11:19:46"
"test",,"0","3","7","1","5","5","0","0","1940","2067","0","1","1","4","0.29","0.88","0","0",,,"0","15","2024-02-16 11:19:49"
"test",,"0","4","3","2","5","5","0","1","620","850","0","1","1","1","0.12","0.22","0","0",,,"1","20","2024-02-16 11:19:52"
"test",,"0","5","1","1","5","5","1","1","559","870","1","0","1","4","0.12","0.71","0","0",,,"0","20","2024-02-16 11:19:54"
"test",,"0","0","13","1","5","5","1","1","1059","2161","1","0","3","3","0.55","0.63","0","0",,,"1","5","2024-02-16 11:21:06"
"test",,"0","0","11","2","5","5","0","1","2359","2551","0","1","2","2","0.37","0.45","0","0",,,"1","5","2024-02-16 11:22:06"
"test",,"0","0","10","2","5","5","0","1","2399","2609","0","1","2","3","0.37","0.63","0","0",,,"1","5","2024-02-16 11:23:30"
"test",,"0","0","6","1","5","5","1","1","999","1399","1","0","1","2","0.22","0.37","0","0",,,"0","0","2024-02-16 11:25:10"
"test",,"0","0","14","2","5","5","1","0","1679","1870","1","0","3","4","0.63","0.78","0","0",,,"1","5","2024-02-16 11:26:46"
"test",,"0","1","8","1","5","5","0","0","1280","1798","0","1","1","4","0.29","0.71","0","0",,,"0","5","2024-02-16 11:26:49"
"test",,"0","2","7","1","5","5","1","1","279","1340","2","1","1","4","0.29","0.88","0","0",,,"1","10","2024-02-16 11:26:52"
"test",,"0","0","5","0","0","0","0","0","0","0","0","0","1","3","0.16","0.63","0","0",,,"0","0","2024-02-16 11:31:14"
"test",,"0","0","7","1","5","5","1","1","1100","1451","1","0","1","4","0.29","0.88","0","0",,,"0","0","2024-02-16 12:41:59"
"test",,"0","0","15","1","5","5","1","1","1195","1573","1","1","4","4","0.78","0.88","0","0",,,"1","5","2024-02-16 12:50:57"
"test",,"0","1","0","2","5","5","1","0","660","810","1","0","1","4","0.12","0.88","0","0",,,"1","10","2024-02-16 12:50:59"
"test",,"0","0","6","2","5","5","0","1","1219","2092","1","1","1","2","0.22","0.37","0","0",,,"0","0","2024-02-16 12:51:40"
"test",,"0","1","9","2","5","5","0","1","620","783","0","1","2","4","0.37","0.84","0","0",,,"1","5","2024-02-16 12:51:42"
"test",,"0","2","7","2","5","5","1","0","739","1143","1","0","1","4","0.29","0.88","0","0",,,"1","10","2024-02-16 12:51:45"
"test",,"0","3","11","2","5","5","1","0","1199","1467","1","1","2","2","0.37","0.45","0","0",,,"0","10","2024-02-16 12:51:47"
"test",,"0","4","3","1","5","5","0","0","740","927","0","1","1","1","0.12","0.22","0","0",,,"0","10","2024-02-16 12:51:50"
"test",,"0","5","13","2","5","5","1","0","539","1022","1","0","3","3","0.55","0.63","0","0",,,"0","10","2024-02-16 12:51:53"
"test",,"0","6","1","2","5","5","0","1","440","538","0","1","1","4","0.12","0.71","0","0",,,"1","15","2024-02-16 12:51:55"
"test",,"0","7","14","2","5","5","1","0","639","794","1","0","3","4","0.63","0.78","0","0",,,"0","15","2024-02-16 12:51:57"
"test",,"0","8","0","2","5","5","0","1","799","1445","0","1","1","4","0.12","0.88","0","0",,,"1","20","2024-02-16 12:52:00"
"test",,"0","9","4","2","5","5","1","0","620","838","1","0","1","4","0.16","0.84","0","0",,,"1","25","2024-02-16 12:52:03"
"test",,"0","10","0","2","5","5","1","0","1339","1761","1","0","1","4","0.12","0.88","0","0",,,"1","30","2024-02-16 12:52:06"
"test",,"0","11","13","2","5","5","0","1","900","1109","0","1","3","3","0.55","0.63","0","0",,,"1","35","2024-02-16 12:52:09"
"test",,"0","12","6","2","5","5","1","0","499","673","1","0","1","2","0.22","0.37","0","0",,,"0","35","2024-02-16 12:52:11"
"test",,"0","13","14","2","5","5","1","0","820","945","1","0","3","4","0.63","0.78","0","0",,,"1","40","2024-02-16 12:52:13"
"test",,"0","14","3","1","5","5","1","1","1300","1605","1","1","1","1","0.12","0.22","0","0",,,"0","40","2024-02-16 12:52:17"
"test",,"0","15","15","2","5","5","0","1","980","1812","1","2","4","4","0.78","0.88","0","0",,,"1","45","2024-02-16 12:52:20"
"test",,"0","16","5","2","5","5","0","1","1180","2080","1","2","1","3","0.16","0.63","0","0",,,"1","50","2024-02-16 12:52:23"
"test",,"0","17","8","2","5","5","0","1","520","876","0","1","1","4","0.29","0.71","0","0",,,"1","55","2024-02-16 12:52:26"
"test",,"0","18","2","2","5","5","0","1","940","1040","0","1","1","2","0.12","0.45","0","0",,,"0","55","2024-02-16 12:52:28"
"test",,"0","19","4","2","5","5","0","1","779","996","0","1","1","4","0.16","0.84","0","0",,,"1","60","2024-02-16 12:52:31"
"test",,"0","20","7","2","5","5","1","0","460","620","1","0","1","4","0.29","0.88","0","0",,,"1","65","2024-02-16 12:52:33"
"test",,"0","21","15","2","5","5","0","1","540","700","0","1","4","4","0.78","0.88","0","0",,,"1","70","2024-02-16 12:52:35"
"test",,"0","22","14","2","5","5","1","0","859","999","1","0","3","4","0.63","0.78","0","0",,,"1","75","2024-02-16 12:52:38"
"test",,"0","23","8","2","5","5","0","1","620","828","0","1","1","4","0.29","0.71","0","0",,,"1","80","2024-02-16 12:52:40"
"test",,"0","24","12","2","5","5","0","1","600","800","0","1","3","4","0.55","0.88","0","0",,,"1","85","2024-02-16 12:52:43"
"test",,"0","25","4","2","5","5","1","0","899","1119","1","0","1","4","0.16","0.84","0","0",,,"1","90","2024-02-16 12:52:45"
"test",,"0","26","12","2","5","5","1","0","739","928","1","0","3","4","0.55","0.88","0","0",,,"1","95","2024-02-16 12:52:48"
"test",,"0","27","4","2","5","5","1","0","1139","1331","1","0","1","4","0.16","0.84","0","0",,,"1","100","2024-02-16 12:52:50"
"test",,"0","0","10","2","5","5","0","1","1321","2062","1","1","2","3","0.37","0.63","0","0",,,"0","0","2024-02-16 13:10:05"
"test",,"0","1","10","2","5","5","1","0","1019","1151","1","0","2","3","0.37","0.63","0","0",,,"1","5","2024-02-16 13:10:07"
"test",,"0","2","13","2","5","5","1","0","940","1212","1","0","3","3","0.55","0.63","0","0",,,"1","10","2024-02-16 13:10:10"
"test",,"0","3","9","2","5","5","1","0","900","1020","1","0","2","4","0.37","0.84","0","0",,,"1","15","2024-02-16 13:10:12"
"test",,"0","4","2","2","5","5","1","0","1120","1660","1","0","1","2","0.12","0.45","0","0",,,"0","15","2024-02-16 13:10:16"
"test",,"0","5","5","2","5","5","0","1","539","815","0","1","1","3","0.16","0.63","0","0",,,"0","15","2024-02-16 13:10:18"
"test",,"3","0","0","1","5","5","1","1","1560","1965","1","1","1","4","0.12","0.88","0","0",,,"1","5","2024-02-16 13:11:08"
"test",,"3","1","1","2","5","5","1","0","659","1340","1","1","1","4","0.12","0.88","0","0",,,"1","10","2024-02-16 13:11:11"
"test",,"3","0","0","2","5","5","1","0","979","1310","1","0","1","4","0.12","0.88","0","0",,,"0","0","2024-02-16 13:16:01"
"test",,"3","0","0","2","5","5","1","0","1080","1393","1","0","1","4","0.12","0.88","0","0",,,"0","0","2024-02-16 13:16:29"
"test",,"3","1","1","2","5","5","1","0","380","548","1","0","1","4","0.12","0.88","0","0",,,"1","5","2024-02-16 13:16:32"
"test",,"3","0","1","1","5","5","1","1","1680","1877","1","0","1","4","0.12","0.88","0","0",,,"0","0","2024-02-16 13:18:22"
"test",,"3","0","1","2","5","5","1","0","1040","2189","2","1","1","4","0.12","0.88","0","0",,,"1","5","2024-02-16 13:19:00"
"test",,"0","0","15","2","5","5","1","0","1480","1721","1","0","4","4","0.78","0.88","0","0",,,"1","5","2024-02-16 13:19:28"
"test",,"0","1","1","2","5","5","1","0","1520","2096","1","0","1","4","0.12","0.71","0","0",,,"1","10","2024-02-16 13:19:31"
"test",,"0","0","7","2","5","5","1","0","1439","1747","1","0","1","4","0.29","0.88","0","0",,,"1","5","2024-02-16 13:20:31"
"test",,"0","0","3","1","5","5","1","1","1219","1668","1","0","1","1","0.12","0.22","0","0",,,"0","0","2024-02-16 13:21:00"
"test",,"0","1","1","2","5","5","0","1","679","822","0","1","1","4","0.12","0.71","0","0",,,"1","5","2024-02-16 13:21:02"
"test",,"0","2","7","2","5","5","1","0","579","798","1","0","1","4","0.29","0.88","0","0",,,"1","10","2024-02-16 13:21:05"
"test",,"0","3","5","1","5","5","1","1","459","1418","1","0","1","3","0.16","0.63","0","0",,,"0","10","2024-02-16 13:21:08"
"test",,"0","4","1","1","5","5","0","0","580","698","0","1","1","4","0.12","0.71","0","0",,,"1","15","2024-02-16 13:21:10"
"test",,"0","5","4","1","5","5","0","0","480","562","0","1","1","4","0.16","0.84","0","0",,,"0","15","2024-02-16 13:21:12"
"test",,"0","6","11","1","5","5","1","1","1019","1173","1","0","2","2","0.37","0.45","0","0",,,"1","20","2024-02-16 13:21:15"
"test",,"0","7","8","2","5","5","0","1","719","990","0","1","1","4","0.29","0.71","0","0",,,"0","20","2024-02-16 13:21:18"
"test",,"0","8","4","2","5","5","1","0","860","1017","1","0","1","4","0.16","0.84","0","0",,,"1","25","2024-02-16 13:21:20"
"test",,"0","9","2","2","5","5","1","0","939","1337","1","0","1","2","0.12","0.45","0","0",,,"1","30","2024-02-16 13:21:23"
"test",,"0","10","5","2","5","5","1","0","1079","1189","1","0","1","3","0.16","0.63","0","0",,,"0","30","2024-02-16 13:21:26"
"test",,"0","0","2","2","5","5","1","0","1620","2139","1","0","1","2","0.12","0.45","0","0",,,"0","0","2024-02-16 14:11:23"
"test",,"0","1","13","2","5","5","0","1","700","1122","0","1","3","3","0.55","0.63","0","0",,,"1","5","2024-02-16 14:11:25"
"test",,"0","2","8","2","5","5","0","1","659","825","0","1","1","4","0.29","0.71","0","0",,,"1","10","2024-02-16 14:11:28"
"test",,"0","3","9","2","5","5","1","0","600","1054","1","0","2","4","0.37","0.84","0","0",,,"1","15","2024-02-16 14:11:30"
"test",,"0","4","12","2","5","5","0","1","1379","1517","0","1","3","4","0.55","0.88","0","0",,,"0","15","2024-02-16 14:11:33"
"test",,"0","0","9","2","5","5","0","1","1500","1706","0","1","2","4","0.37","0.84","0","0",,,"1","5","2024-02-16 14:12:10"
"test",,"0","0","13","1","5","5","0","0","1759","1944","0","1","3","3","0.55","0.63","0","0",,,"0","0","2024-02-16 14:12:29"
"test",,"0","0","0","2","5","5","1","0","1539","1860","1","0","1","4","0.12","0.88","0","0",,,"1","5","2024-02-16 14:13:00"
"test",,"0","1","7","2","5","5","1","0","1860","2020","1","0","1","4","0.29","0.88","0","0",,,"1","10","2024-02-16 14:13:03"
"test",,"0","2","6","2","5","5","1","0","1740","2063","1","0","1","2","0.22","0.37","0","0",,,"0","10","2024-02-16 14:13:07"
"test",,"0","3","11","1","5","5","0","0","720","862","0","1","2","2","0.37","0.45","0","0",,,"0","10","2024-02-16 14:13:09"
"test",,"0","4","14","2","5","5","1","0","1700","1879","1","0","3","4","0.63","0.78","0","0",,,"0","10","2024-02-16 14:13:13"
"test",,"0","5","0","2","5","5","1","0","559","685","1","0","1","4","0.12","0.88","0","0",,,"1","15","2024-02-16 14:13:15"
"test",,"0","6","12","2","5","5","0","1","700","966","0","1","3","4","0.55","0.88","0","0",,,"1","20","2024-02-16 14:13:17"
"test",,"0","7","13","2","5","5","1","0","1540","1837","1","0","3","3","0.55","0.63","0","0",,,"1","25","2024-02-16 14:13:21"
"test",,"0","8","8","2","5","5","1","0","1459","1905","1","0","1","4","0.29","0.71","0","0",,,"1","30","2024-02-16 14:13:24"
"test",,"0","9","8","2","5","5","0","1","1139","1289","0","1","1","4","0.29","0.71","0","0",,,"1","35","2024-02-16 14:13:27"
"test",,"0","10","3","1","5","5","0","0","920","1037","0","1","1","1","0.12","0.22","0","0",,,"0","35","2024-02-16 14:13:29"
"test",,"0","0","2","2","5","5","1","0","2360","2646","1","0","1","2","0.12","0.45","0","0",,,"0","0","2024-02-16 14:29:59"
"test",,"0","1","15","2","5","5","0","1","980","1134","0","1","4","4","0.78","0.88","0","0",,,"0","0","2024-02-16 14:30:02"
"test",,"0","2","0","2","5","5","0","1","500","588","0","1","1","4","0.12","0.88","0","0",,,"1","5","2024-02-16 14:30:04"
"test",,"0","0","11","1","5","5","0","0","1260","2014","1","1","2","2","0.37","0.45","0","0",,,"0","0","2024-02-16 14:32:00"
"test",,"0","1","6","1","5","5","1","1","1600","1731","1","0","1","2","0.22","0.37","0","0",,,"0","0","2024-02-16 14:32:03"
"test",,"0","2","13","2","5","5","0","1","1079","1495","0","1","3","3","0.55","0.63","0","0",,,"1","5","2024-02-16 14:32:06"
"test",,"0","3","10","2","5","5","1","0","1480","1715","1","0","2","3","0.37","0.63","0","0",,,"1","10","2024-02-16 14:32:09"
"test",,"0","4","3","1","5","5","0","0","2059","2187","0","1","1","1","0.12","0.22","0","0",,,"0","10","2024-02-16 14:32:13"
"test",,"0","5","10","2","5","5","0","1","779","1255","0","1","2","3","0.37","0.63","0","0",,,"1","15","2024-02-16 14:32:16"
"test",,"0","6","14","2","5","5","1","0","939","1131","1","0","3","4","0.63","0.78","0","0",,,"1","20","2024-02-16 14:32:18"
"test",,"0","7","1","2","5","5","1","0","1119","1479","1","0","1","4","0.12","0.71","0","0",,,"1","25","2024-02-16 14:32:21"
"test",,"0","8","6","2","5","5","1","0","1139","1879","2","1","1","2","0.22","0.37","0","0",,,"0","25","2024-02-16 14:32:25"
"test",,"0","9","8","2","5","5","1","0","580","698","1","0","1","4","0.29","0.71","0","0",,,"1","30","2024-02-16 14:32:27"
"test",,"0","10","7","2","5","5","0","1","639","770","0","1","1","4","0.29","0.88","0","0",,,"1","35","2024-02-16 14:32:29"
"test",,"0","11","5","1","5","5","1","1","660","795","1","0","1","3","0.16","0.63","0","0",,,"1","40","2024-02-16 14:32:32"
"test",,"0","12","4","1","5","5","0","0","499","586","0","1","1","4","0.16","0.84","0","0",,,"0","40","2024-02-16 14:32:34"
"test",,"0","0","15","1","5","5","1","1","1700","1811","1","0","4","4","0.78","0.88","0","0",,,"1","5","2024-02-16 14:36:27"
"test",,"0","0","3","0","0","0","0","0","0","0","0","0","1","1","0.12","0.22","0","0",,,"0","0","2024-02-16 14:38:15"
"test",,"0","1","14","2","5","5","0","1","1081","1638","1","2","3","4","0.63","0.78","0","0",,,"1","5","2024-02-16 14:38:18"
"test",,"0","2","1","2","5","5","0","1","1099","1498","1","2","1","4","0.12","0.71","0","0",,,"0","5","2024-02-16 14:38:21"
"test",,"0","3","11","1","5","5","1","1","600","1193","1","0","2","2","0.37","0.45","0","0",,,"1","10","2024-02-16 14:38:24"
"test",,"0","4","6","1","5","5","1","1","660","1465","2","2","1","2","0.22","0.37","0","0",,,"1","15","2024-02-16 14:38:27"
"test",,"0","5","0","2","5","5","1","0","799","1137","1","1","1","4","0.12","0.88","0","0",,,"1","20","2024-02-16 14:38:30"
"test",,"0","6","6","2","5","5","0","1","760","920","0","1","1","2","0.22","0.37","0","0",,,"1","25","2024-02-16 14:38:32"
"test",,"0","7","0","2","5","5","1","0","599","709","1","0","1","4","0.12","0.88","0","0",,,"1","30","2024-02-16 14:38:34"
"test",,"0","8","13","1","5","5","1","1","880","1068","1","0","3","3","0.55","0.63","0","0",,,"0","30","2024-02-16 14:38:37"
"test",,"0","9","9","1","5","5","0","0","699","844","0","1","2","4","0.37","0.84","0","0",,,"1","35","2024-02-16 14:38:39"
"test",,"0","10","13","1","5","5","1","1","779","872","1","0","3","3","0.55","0.63","0","0",,,"0","35","2024-02-16 14:38:42"
"test",,"0","11","6","1","5","5","1","1","1040","1208","1","0","1","2","0.22","0.37","0","0",,,"1","40","2024-02-16 14:38:45"
"test",,"0","12","4","2","5","5","1","0","1020","1216","1","0","1","4","0.16","0.84","0","0",,,"1","45","2024-02-16 14:38:47"
"test",,"0","13","10","1","5","5","0","0","599","736","0","1","2","3","0.37","0.63","0","0",,,"0","45","2024-02-16 14:38:50"
"test",,"0","14","5","1","5","5","1","1","680","771","1","0","1","3","0.16","0.63","0","0",,,"0","45","2024-02-16 14:38:52"
"test",,"0","15","9","1","5","5","0","0","675","754","0","1","2","4","0.37","0.84","0","0",,,"0","45","2024-02-16 14:38:55"
"test",,"0","16","2","1","5","5","1","1","1060","1290","1","1","1","2","0.12","0.45","0","0",,,"0","45","2024-02-16 14:38:58"
"test",,"0","17","3","1","5","5","0","0","680","870","0","1","1","1","0.12","0.22","0","0",,,"0","45","2024-02-16 14:39:00"
"test",,"0","18","5","2","5","5","0","1","839","989","0","1","1","3","0.16","0.63","0","0",,,"0","45","2024-02-16 14:39:03"
"test",,"0","19","1","1","5","5","1","1","740","993","1","0","1","4","0.12","0.71","0","0",,,"0","45","2024-02-16 14:39:06"
"test",,"0","20","11","1","5","5","1","1","520","925","1","1","2","2","0.37","0.45","0","0",,,"0","45","2024-02-16 14:39:08"
"test",,"0","21","4","1","5","5","1","1","780","1043","1","1","1","4","0.16","0.84","0","0",,,"1","50","2024-02-16 14:39:11"
"test",,"0","0","8","2","5","5","1","0","1120","1227","1","0","1","4","0.29","0.71","0","0",,,"1","5","2024-02-16 15:09:08"
"test",,"0","0","1","0","0","0","0","1","0","0","0","0","1","4","0.12","0.71","0","0",,,"0","0","2024-02-16 15:11:42"
"test",,"0","0","13","1","5","5","1","1","1661","2057","1","0","3","3","0.55","0.63","0","0",,,"0","0","2024-02-16 15:12:02"
"test",,"0","1","12","2","5","5","1","0","639","936","1","0","3","4","0.55","0.88","0","0",,,"1","5","2024-02-16 15:12:04"
"test",,"0","2","1","1","5","5","1","1","1000","1808","1","1","1","4","0.12","0.71","0","0",,,"0","5","2024-02-16 15:12:07"
"test",,"0","3","11","2","5","5","0","1","1199","1352","0","1","2","2","0.37","0.45","0","0",,,"0","5","2024-02-16 15:12:10"
"test",,"0","4","14","2","5","5","1","0","619","742","1","0","3","4","0.63","0.78","0","0",,,"1","10","2024-02-16 15:12:13"
"test",,"0","5","12","2","5","5","1","0","1279","1422","1","0","3","4","0.55","0.88","0","0",,,"1","15","2024-02-16 15:12:16"
"test",,"0","6","6","1","5","5","1","1","1879","2166","1","1","1","2","0.22","0.37","0","0",,,"1","20","2024-02-16 15:12:19"
"test",,"0","0","8","2","5","5","1","0","1920","2427","2","1","1","4","0.29","0.71","0","0",,,"1","5","2024-02-16 15:12:45"
"test",,"0","1","15","1","5","5","0","0","780","903","0","1","4","4","0.78","0.88","0","0",,,"1","10","2024-02-16 15:12:48"
"test",,"0","2","7","1","5","5","1","1","579","687","1","0","1","4","0.29","0.88","0","0",,,"0","10","2024-02-16 15:12:50"
"test",,"0","3","14","2","5","5","0","1","920","1518","1","2","3","4","0.63","0.78","0","0",,,"1","15","2024-02-16 15:12:53"
"test",,"0","4","12","1","5","5","1","1","479","1073","1","0","3","4","0.55","0.88","0","0",,,"1","20","2024-02-16 15:12:56"
"test",,"0","5","0","1","5","5","0","0","479","645","0","1","1","4","0.12","0.88","0","0",,,"0","20","2024-02-16 15:12:58"
"test",,"0","6","9","1","5","5","0","0","1260","1373","0","1","2","4","0.37","0.84","0","0",,,"0","20","2024-02-16 15:13:01"
"test",,"0","7","12","2","5","5","1","0","380","533","1","0","3","4","0.55","0.88","0","0",,,"1","25","2024-02-16 15:13:03"
"test",,"0","8","11","1","5","5","0","0","599","853","0","1","2","2","0.37","0.45","0","0",,,"1","30","2024-02-16 15:13:05"
"test",,"0","9","1","1","5","5","1","1","1459","1640","1","0","1","4","0.12","0.71","0","0",,,"0","30","2024-02-16 15:13:09"
"test",,"0","10","0","1","5","5","0","0","1779","1932","0","1","1","4","0.12","0.88","0","0",,,"0","30","2024-02-16 15:13:12"
"test",,"0","11","14","2","5","5","1","0","1159","1263","1","0","3","4","0.63","0.78","0","0",,,"1","35","2024-02-16 15:13:15"
"newffdemo",,"0","0","3","2","5","5","1","0","983","1399","1","1","1","1","0.12","0.22","0","0",,,"0","0","2024-02-16 15:33:57"
"newffdemo",,"0","1","15","2","5","5","0","1","650","800","0","1","4","4","0.78","0.88","0","0",,,"1","5","2024-02-16 15:33:59"
"newffdemo",,"0","2","10","2","5","5","0","1","800","950","0","1","2","3","0.37","0.63","0","0",,,"1","10","2024-02-16 15:34:02"
"newffdemo",,"0","3","12","2","5","5","1","0","666","850","1","0","3","4","0.55","0.88","0","0",,,"0","10","2024-02-16 15:34:04"
"newffdemo",,"0","4","0","2","5","5","0","1","533","666","0","1","1","4","0.12","0.88","0","0",,,"1","15","2024-02-16 15:34:07"
"newffdemo",,"0","5","7","2","5","5","0","1","483","583","0","1","1","4","0.29","0.88","0","0",,,"1","20","2024-02-16 15:34:09"
"newffdemo",,"0","6","14","2","5","5","0","1","883","1117","0","1","3","4","0.63","0.78","0","0",,,"1","25","2024-02-16 15:34:11"
"newffdemo",,"0","7","11","2","5","5","0","1","1016","1200","0","1","2","2","0.37","0.45","0","0",,,"0","25","2024-02-16 15:34:14"
"newffdemo",,"0","8","2","2","5","5","0","1","583","866","0","1","1","2","0.12","0.45","0","0",,,"0","25","2024-02-16 15:34:17"
"newffdemo",,"0","9","2","2","5","5","1","0","583","733","1","0","1","2","0.12","0.45","0","0",,,"0","25","2024-02-16 15:34:19"
"newffdemo",,"0","10","2","2","5","5","1","0","717","849","1","0","1","2","0.12","0.45","0","0",,,"0","25","2024-02-16 15:34:22"
"newffdemo",,"0","11","8","2","5","5","1","0","499","616","1","0","1","4","0.29","0.71","0","0",,,"1","30","2024-02-16 15:34:24"
"newffdemo",,"0","12","13","2","5","5","0","1","533","682","0","1","3","3","0.55","0.63","0","0",,,"1","35","2024-02-16 15:34:27"
"newffdemo",,"0","13","2","2","5","5","1","0","966","1216","1","0","1","2","0.12","0.45","0","0",,,"1","40","2024-02-16 15:34:29"
"newffdemo",,"0","14","13","2","5","5","1","0","816","1999","1","0","3","3","0.55","0.63","0","0",,,"1","45","2024-02-16 15:34:33"
"newffdemo",,"0","15","5","2","5","5","0","1","716","1333","0","1","1","3","0.16","0.63","0","0",,,"0","45","2024-02-16 15:34:35"
"newffdemo",,"0","16","9","2","5","5","0","1","800","1499","0","1","2","4","0.37","0.84","0","0",,,"1","50","2024-02-16 15:34:39"
"newffdemo",,"0","17","3","1","5","5","0","0","1149","1600","1","1","1","1","0.12","0.22","0","0",,,"1","55","2024-02-16 15:34:42"
"newffdemo",,"0","18","13","2","5","5","0","1","550","733","0","1","3","3","0.55","0.63","0","0",,,"0","55","2024-02-16 15:34:44"
"newffdemo",,"0","19","1","2","5","5","0","1","399","516","0","1","1","4","0.12","0.71","0","0",,,"1","60","2024-02-16 15:34:46"
"newffdemo",,"0","20","8","2","5","5","1","0","499","916","1","0","1","4","0.29","0.71","0","0",,,"1","65","2024-02-16 15:34:49"
"newffdemo",,"0","21","9","2","5","5","0","1","500","1100","0","1","2","4","0.37","0.84","0","0",,,"1","70","2024-02-16 15:34:51"
"newffdemo",,"0","22","1","2","5","5","1","0","466","733","1","0","1","4","0.12","0.71","0","0",,,"1","75","2024-02-16 15:34:54"
"newffdemo",,"0","0","13","2","5","5","0","1","1400","1566","0","1","3","3","0.55","0.63","0","0",,,"1","5","2024-02-16 15:45:41"
"newffdemo",,"0","1","10","2","5","5","0","1","967","1567","0","1","2","3","0.37","0.63","0","0",,,"1","10","2024-02-16 15:45:44"
"newffdemo",,"0","2","12","2","5","5","0","1","750","1000","0","1","3","4","0.55","0.88","0","0",,,"1","15","2024-02-16 15:45:47"
"newffdemo",,"0","3","3","1","5","5","1","1","717","916","1","0","1","1","0.12","0.22","0","0",,,"0","15","2024-02-16 15:45:49"
"newffdemo",,"0","4","13","2","5","5","0","1","733","917","0","1","3","3","0.55","0.63","0","0",,,"1","20","2024-02-16 15:45:52"
"newffdemo",,"0","5","1","2","5","5","1","0","499","799","1","0","1","4","0.12","0.71","0","0",,,"0","20","2024-02-16 15:45:54"
"newffdemo",,"0","6","7","2","5","5","1","0","399","616","1","0","1","4","0.29","0.88","0","0",,,"1","25","2024-02-16 15:45:57"
"newffdemo",,"0","7","0","2","5","5","1","0","567","851","1","0","1","4","0.12","0.88","0","0",,,"1","30","2024-02-16 15:45:59"
"newffdemo",,"0","8","10","1","5","5","1","1","650","884","1","0","2","3","0.37","0.63","0","0",,,"0","30","2024-02-16 15:46:01"
"newffdemo",,"0","9","3","1","5","5","1","1","967","1067","1","0","1","1","0.12","0.22","0","0",,,"0","30","2024-02-16 15:46:04"
"newffdemo",,"0","10","15","2","5","5","1","0","767","900","1","0","4","4","0.78","0.88","0","0",,,"1","35","2024-02-16 15:46:07"
"newffdemo",,"0","11","8","1","5","5","1","1","1783","2232","1","0","1","4","0.29","0.71","0","0",,,"0","35","2024-02-16 15:46:10"
"newffdemo",,"0","12","0","2","5","5","1","0","833","1567","1","0","1","4","0.12","0.88","0","0",,,"1","40","2024-02-16 15:46:13"
"newffdemo",,"0","13","13","1","5","5","1","1","2533","2783","1","0","3","3","0.55","0.63","0","0",,,"0","40","2024-02-16 15:46:18"
"newffdemo",,"0","14","14","2","5","5","1","0","1484","1700","1","0","3","4","0.63","0.78","0","0",,,"0","40","2024-02-16 15:46:21"
"newffdemo",,"0","15","5","1","5","5","1","1","517","850","1","0","1","3","0.16","0.63","0","0",,,"0","40","2024-02-16 15:46:23"
"newffdemo",,"0","16","15","2","5","5","1","0","484","733","1","0","4","4","0.78","0.88","0","0",,,"1","45","2024-02-16 15:46:26"
"newffdemo",,"0","17","9","2","5","5","1","0","932","1082","1","0","2","4","0.37","0.84","0","0",,,"1","50","2024-02-16 15:46:29"
"newffdemo",,"0","18","15","2","5","5","0","1","1383","1534","0","1","4","4","0.78","0.88","0","0",,,"1","55","2024-02-16 15:46:31"
"newffdemo",,"0","19","3","2","5","5","1","0","816","1066","1","0","1","1","0.12","0.22","0","0",,,"0","55","2024-02-16 15:46:34"
"newffdemo",,"0","20","1","1","5","5","0","0","550","651","0","1","1","4","0.12","0.71","0","0",,,"0","55","2024-02-16 15:46:37"
"newffdemo",,"0","21","9","1","5","5","1","1","815","999","1","0","2","4","0.37","0.84","0","0",,,"0","55","2024-02-16 15:46:39"
"newffdemo",,"0","22","0","2","5","5","0","1","550","901","0","1","1","4","0.12","0.88","0","0",,,"1","60","2024-02-16 15:46:42"
"newffdemo",,"0","23","10","2","5","5","0","1","650","834","0","1","2","3","0.37","0.63","0","0",,,"1","65","2024-02-16 15:46:44"
"newffdemo",,"0","24","13","2","5","5","1","0","584","784","1","0","3","3","0.55","0.63","0","0",,,"0","65","2024-02-16 15:46:47"
"newffdemo",,"0","25","15","2","5","5","0","1","484","767","1","1","4","4","0.78","0.88","0","0",,,"0","65","2024-02-16 15:46:49"
"newffdemo",,"0","26","12","2","5","5","1","0","483","667","1","0","3","4","0.55","0.88","0","0",,,"0","65","2024-02-16 15:46:52"
"newffdemo",,"0","27","4","2","5","5","0","1","367","484","0","1","1","4","0.16","0.84","0","0",,,"1","70","2024-02-16 15:46:54"
"newffdemo",,"0","28","14","2","5","5","0","1","1766","1982","0","1","3","4","0.63","0.78","0","0",,,"1","75","2024-02-16 15:46:57"
"newffdemo",,"0","29","1","2","5","5","1","0","1700","1833","1","0","1","4","0.12","0.71","0","0",,,"1","80","2024-02-16 15:47:00"
"newffdemo",,"0","30","7","2","5","5","1","0","1100","1417","1","0","1","4","0.29","0.88","0","0",,,"1","85","2024-02-16 15:47:03"
"newffdemo",,"0","0","12","2","5","5","0","1","1300","1634","2","4","3","4","0.55","0.88","0","0",,,"1","5","2024-02-16 18:47:34"
"newffdemo",,"0","1","1","2","5","5","0","1","633","1066","1","2","1","4","0.12","0.71","0","0",,,"1","10","2024-02-16 18:47:36"
"newffdemo",,"0","2","15","2","5","5","1","0","1150","2034","2","2","4","4","0.78","0.88","0","0",,,"1","15","2024-02-16 18:47:40"
"newffdemo",,"0","3","2","2","5","5","1","0","1100","1517","1","1","1","2","0.12","0.45","0","0",,,"0","15","2024-02-16 18:47:43"
"newffdemo",,"0","4","0","2","5","5","0","1","1299","1466","0","1","1","4","0.12","0.88","0","0",,,"1","20","2024-02-16 18:47:46"
"newffdemo",,"0","5","8","2","5","5","0","1","1200","1317","0","1","1","4","0.29","0.71","0","0",,,"1","25","2024-02-16 18:47:49"
"newffdemo",,"0","6","14","1","5","5","1","1","1283","1632","1","1","3","4","0.63","0.78","0","0",,,"0","25","2024-02-16 18:47:52"
"newffdemo",,"0","7","10","1","5","5","0","0","917","1017","0","1","2","3","0.37","0.63","0","0",,,"1","30","2024-02-16 18:47:54"
"newffdemo",,"0","8","2","1","5","5","0","0","466","751","0","1","1","2","0.12","0.45","0","0",,,"0","30","2024-02-16 18:47:57"
"newffdemo",,"0","9","9","1","5","5","0","0","667","751","0","1","2","4","0.37","0.84","0","0",,,"0","30","2024-02-16 18:47:59"
"newffdemo",,"0","10","4","2","5","5","0","1","616","666","0","1","1","4","0.16","0.84","0","0",,,"1","35","2024-02-16 18:48:02"
"newffdemo",,"0","11","5","2","5","5","0","1","666","716","0","1","1","3","0.16","0.63","0","0",,,"1","40","2024-02-16 18:48:04"
"newffdemo",,"0","12","7","2","5","5","0","1","617","751","0","1","1","4","0.29","0.88","0","0",,,"1","45","2024-02-16 18:48:07"
"newffdemo",,"0","13","6","2","5","5","0","1","833","1216","1","1","1","2","0.22","0.37","0","0",,,"1","50","2024-02-16 18:48:09"
"newffdemo",,"0","14","5","2","5","5","0","1","650","1183","1","2","1","3","0.16","0.63","0","0",,,"0","50","2024-02-16 18:48:12"
"newffdemo",,"0","15","11","1","5","5","0","0","700","1000","1","1","2","2","0.37","0.45","0","0",,,"1","55","2024-02-16 18:48:15"
"newffdemo",,"0","16","11","1","5","5","1","1","750","1033","1","0","2","2","0.37","0.45","0","0",,,"0","55","2024-02-16 18:48:17"
"newffdemo",,"0","17","12","2","5","5","1","0","683","817","1","0","3","4","0.55","0.88","0","0",,,"1","60","2024-02-16 18:48:20"
"newffdemo",,"0","18","8","2","5","5","1","0","732","1266","1","0","1","4","0.29","0.71","0","0",,,"1","65","2024-02-16 18:48:23"
"newffdemo",,"0","19","3","1","5","5","1","1","1451","2033","1","0","1","1","0.12","0.22","0","0",,,"0","65","2024-02-16 18:48:26"
"newffdemo",,"0","20","13","2","5","5","0","1","1367","1450","0","1","3","3","0.55","0.63","0","0",,,"1","70","2024-02-16 18:48:29"
"newffdemo",,"0","21","10","2","5","5","1","0","1049","1133","1","0","2","3","0.37","0.63","0","0",,,"1","75","2024-02-16 18:48:32"
"newffdemo",,"0","22","10","2","5","5","1","0","1300","1934","1","0","2","3","0.37","0.63","0","0",,,"1","80","2024-02-16 18:48:35"
"newffdemo",,"0","23","13","2","5","5","0","1","900","1617","1","1","3","3","0.55","0.63","0","0",,,"0","80","2024-02-16 18:48:38"
"newffdemo",,"0","24","1","2","5","5","0","1","851","1150","0","1","1","4","0.12","0.71","0","0",,,"1","85","2024-02-16 18:48:41"
"newffdemo",,"0","25","5","2","5","5","1","0","1066","1367","1","0","1","3","0.16","0.63","0","0",,,"1","90","2024-02-16 18:48:44"
"newffdemo",,"0","26","6","0","5","5","0","0","2500","0","1","0","1","2","0.22","0.37","0","0",,,"0","90","2024-02-16 18:48:48"
"newffdemo",,"0","27","1","1","5","5","1","1","1516","1918","1","0","1","4","0.12","0.71","0","0",,,"0","90","2024-02-16 18:48:52"
"newffdemo",,"0","28","3","1","5","5","1","1","2250","2567","1","0","1","1","0.12","0.22","0","0",,,"0","90","2024-02-16 18:48:56"
"newffdemo",,"0","29","11","1","5","5","0","0","2216","2334","0","1","2","2","0.37","0.45","0","0",,,"0","90","2024-02-16 18:48:59"
"newffdemo",,"0","30","14","2","5","5","0","1","800","1067","0","1","3","4","0.63","0.78","0","0",,,"1","95","2024-02-16 18:49:02"
"newffdemo",,"0","31","8","2","5","5","0","1","1999","2100","0","1","1","4","0.29","0.71","0","0",,,"1","100","2024-02-16 18:49:06"
"newffdemo",,"0","32","12","2","5","5","0","1","1050","1317","0","1","3","4","0.55","0.88","0","0",,,"1","105","2024-02-16 18:49:08"
"newffdemo",,"0","33","1","2","5","5","0","1","716","817","0","1","1","4","0.12","0.71","0","0",,,"1","110","2024-02-16 18:49:11"
"newffdemo",,"0","34","0","2","5","5","0","1","733","1000","0","1","1","4","0.12","0.88","0","0",,,"1","115","2024-02-16 18:49:13"
"newffdemo",,"0","35","4","2","5","5","1","0","484","667","1","0","1","4","0.16","0.84","0","0",,,"0","115","2024-02-16 18:49:16"
"newffdemo",,"0","36","4","2","5","5","1","0","516","549","1","0","1","4","0.16","0.84","0","0",,,"1","120","2024-02-16 18:49:18"
"newffdemo",,"0","37","2","2","5","5","1","0","683","883","1","0","1","2","0.12","0.45","0","0",,,"0","120","2024-02-16 18:49:20"
"newffdemo",,"0","38","9","2","5","5","0","1","533","650","0","1","2","4","0.37","0.84","0","0",,,"1","125","2024-02-16 18:49:23"
"newffdemo",,"0","39","14","2","5","5","0","1","1683","1717","0","1","3","4","0.63","0.78","0","0",,,"1","130","2024-02-16 18:49:26"
"newffdemo",,"0","40","9","2","5","5","0","1","1849","1983","0","1","2","4","0.37","0.84","0","0",,,"1","135","2024-02-16 18:49:29"
"newffdemo",,"0","41","0","2","5","5","1","0","1900","2117","1","0","1","4","0.12","0.88","0","0",,,"1","140","2024-02-16 18:49:33"
"newffdemo",,"0","42","15","2","5","5","1","0","2000","2283","1","0","4","4","0.78","0.88","0","0",,,"1","145","2024-02-16 18:49:37"
"newffdemo",,"0","43","7","2","5","5","0","1","900","1267","0","1","1","4","0.29","0.88","0","0",,,"1","150","2024-02-16 18:49:39"
"newffdemo",,"0","44","0","2","5","5","1","0","467","1216","1","0","1","4","0.12","0.88","0","0",,,"1","155","2024-02-16 18:49:42"
"newffdemo",,"0","45","7","2","5","5","1","0","1300","1617","1","0","1","4","0.29","0.88","0","0",,,"1","160","2024-02-16 18:49:45"
"newffdemo",,"0","46","15","2","5","5","1","0","1049","1399","1","0","4","4","0.78","0.88","0","0",,,"1","165","2024-02-16 18:49:48"
"newffdemo",,"0","47","3","1","5","5","1","1","765","1366","1","1","1","1","0.12","0.22","0","0",,,"0","165","2024-02-16 18:49:51"
"newffdemo",,"0","48","13","1","5","5","1","1","1400","2466","1","1","3","3","0.55","0.63","0","0",,,"1","170","2024-02-16 18:49:55"
"newffdemo",,"0","49","4","2","5","5","0","1","1998","2299","0","1","1","4","0.16","0.84","0","0",,,"1","175","2024-02-16 18:49:58"
"newffdemo",,"0","50","2","2","5","5","0","1","1466","1866","0","1","1","2","0.12","0.45","0","0",,,"0","175","2024-02-16 18:50:02"
"newffdemo",,"0","51","7","2","5","5","1","0","1466","1767","1","0","1","4","0.29","0.88","0","0",,,"1","180","2024-02-16 18:50:05"
"newffdemo",,"0","52","6","2","5","5","0","1","1765","2116","0","1","1","2","0.22","0.37","0","0",,,"1","185","2024-02-16 18:50:09"
"newffdemo",,"0","53","13","0","5","5","0","0","2433","0","1","0","3","3","0.55","0.63","0","0",,,"0","185","2024-02-16 18:50:13"
"newffdemo",,"0","54","3","2","5","5","1","0","2349","2800","1","0","1","1","0.12","0.22","0","0",,,"0","185","2024-02-16 18:50:17"
"newffdemo",,"0","55","10","0","5","5","0","1","2449","0","0","1","2","3","0.37","0.63","0","0",,,"0","185","2024-02-16 18:50:21"
"newffdemo",,"0","56","11","2","5","5","1","0","1699","2267","1","1","2","2","0.37","0.45","0","0",,,"1","190","2024-02-16 18:50:25"
"newffdemo",,"0","57","15","2","5","5","1","0","1916","2216","1","0","4","4","0.78","0.88","0","0",,,"1","195","2024-02-16 18:50:29"
"newffdemo",,"0","58","8","2","5","5","0","1","2133","2633","0","1","1","4","0.29","0.71","0","0",,,"0","195","2024-02-16 18:50:33"
"newffdemo",,"0","59","14","2","5","5","1","0","567","934","1","0","3","4","0.63","0.78","0","0",,,"1","200","2024-02-16 18:50:35"
"newffdemo",,"0","60","9","2","5","5","1","0","484","667","1","0","2","4","0.37","0.84","0","0",,,"1","205","2024-02-16 18:50:38"
"newffdemo",,"0","61","5","2","5","5","1","0","534","751","1","0","1","3","0.16","0.63","0","0",,,"1","210","2024-02-16 18:50:40"
"newffdemo",,"0","62","12","2","5","5","0","1","450","634","0","1","3","4","0.55","0.88","0","0",,,"1","215","2024-02-16 18:50:42"
"newffdemo",,"0","63","6","2","5","5","1","0","649","1067","1","0","1","2","0.22","0.37","0","0",,,"0","215","2024-02-16 18:50:45"
"newffdemo",,"0","0","10","2","5","5","0","1","1000","1134","0","1","2","3","0.37","0.63","0","0",,,"1","5","2024-02-17 12:40:12"
"newffdemo",,"0","1","3","1","5","5","0","0","1483","1783","0","1","1","1","0.12","0.22","0","0",,,"1","10","2024-02-17 12:40:15"
"newffdemo",,"0","2","5","1","5","5","1","1","566","767","1","0","1","3","0.16","0.63","0","0",,,"0","10","2024-02-17 12:40:17"
"newffdemo",,"0","3","8","2","5","5","1","0","1250","1466","1","0","1","4","0.29","0.71","0","0",,,"1","15","2024-02-17 12:40:20"
"newffdemo",,"0","4","11","2","5","5","1","0","1733","2084","1","1","2","2","0.37","0.45","0","0",,,"1","20","2024-02-17 12:40:24"
"newffdemo",,"0","5","14","2","5","5","0","1","782","1099","0","1","3","4","0.63","0.78","0","0",,,"0","20","2024-02-17 12:40:27"
"newffdemo",,"0","6","1","2","5","5","1","0","749","1033","1","0","1","4","0.12","0.71","0","0",,,"1","25","2024-02-17 12:40:29"
"newffdemo",,"0","7","12","2","5","5","1","0","517","833","1","0","3","4","0.55","0.88","0","0",,,"1","30","2024-02-17 12:40:32"
"newffdemo",,"0","8","9","2","5","5","1","0","700","967","1","0","2","4","0.37","0.84","0","0",,,"0","30","2024-02-17 12:40:34"
"newffdemo",,"0","9","8","2","5","5","0","1","882","1033","0","1","1","4","0.29","0.71","0","0",,,"1","35","2024-02-17 12:40:37"
"newffdemo",,"0","10","3","2","5","5","0","1","766","1849","1","1","1","1","0.12","0.22","0","0",,,"1","40","2024-02-17 12:40:40"
"newffdemo",,"0","11","15","2","5","5","1","0","1333","1616","1","0","4","4","0.78","0.88","0","0",,,"1","45","2024-02-17 12:40:43"
"newffdemo",,"0","12","2","2","5","5","1","0","750","817","1","0","1","2","0.12","0.45","0","0",,,"0","45","2024-02-17 12:40:46"
"newffdemo",,"0","13","13","2","5","5","1","0","1199","1316","1","0","3","3","0.55","0.63","0","0",,,"0","45","2024-02-17 12:40:49"
"newffdemo",,"0","14","12","2","5","5","1","0","1083","1167","1","0","3","4","0.55","0.88","0","0",,,"1","50","2024-02-17 12:40:52"
"newffdemo",,"0","15","7","2","5","5","0","1","800","1084","0","1","1","4","0.29","0.88","0","0",,,"1","55","2024-02-17 12:40:54"
"newffdemo",,"0","16","14","1","5","5","1","1","850","1517","1","1","3","4","0.63","0.78","0","0",,,"0","55","2024-02-17 12:40:57"
"newffdemo",,"0","17","9","2","5","5","1","0","633","816","1","0","2","4","0.37","0.84","0","0",,,"1","60","2024-02-17 12:41:00"
"newffdemo",,"0","18","3","2","5","5","0","1","917","1750","1","2","1","1","0.12","0.22","0","0",,,"0","60","2024-02-17 12:41:03"
"newffdemo",,"0","19","0","2","5","5","1","0","600","984","1","1","1","4","0.12","0.88","0","0",,,"0","60","2024-02-17 12:41:06"
"newffdemo",,"0","20","5","2","5","5","1","0","466","583","1","0","1","3","0.16","0.63","0","0",,,"0","60","2024-02-17 12:41:08"
"newffdemo",,"0","21","15","1","5","5","1","1","734","1101","1","0","4","4","0.78","0.88","0","0",,,"1","65","2024-02-17 12:41:11"
"newffdemo",,"0","22","7","2","5","5","0","1","449","615","0","1","1","4","0.29","0.88","0","0",,,"1","70","2024-02-17 12:41:13"
"newffdemo",,"0","23","14","2","5","5","0","1","617","750","0","1","3","4","0.63","0.78","0","0",,,"1","75","2024-02-17 12:41:15"
"newffdemo",,"0","24","2","2","5","5","0","1","1033","1116","0","1","1","2","0.12","0.45","0","0",,,"0","75","2024-02-17 12:41:18"
"newffdemo",,"0","25","13","2","5","5","1","0","682","900","1","0","3","3","0.55","0.63","0","0",,,"1","80","2024-02-17 12:41:21"
"newffdemo",,"0","26","14","2","5","5","1","0","650","850","1","0","3","4","0.63","0.78","0","0",,,"1","85","2024-02-17 12:41:23"
"newffdemo",,"0","27","12","2","5","5","0","1","649","783","0","1","3","4","0.55","0.88","0","0",,,"1","90","2024-02-17 12:41:26"
"newffdemo",,"0","28","4","2","5","5","0","1","1550","1633","0","1","1","4","0.16","0.84","0","0",,,"1","95","2024-02-17 12:41:29"
"newffdemo",,"0","29","8","2","5","5","0","1","500","767","1","1","1","4","0.29","0.71","0","0",,,"1","100","2024-02-17 12:41:31"
"newffdemo",,"0","30","7","2","5","5","1","0","600","750","1","0","1","4","0.29","0.88","0","0",,,"1","105","2024-02-17 12:41:33"
"newffdemo",,"0","31","1","2","5","5","1","0","1350","1500","1","0","1","4","0.12","0.71","0","0",,,"1","110","2024-02-17 12:41:36"
"newffdemo",,"0","32","13","2","5","5","0","1","799","932","0","1","3","3","0.55","0.63","0","0",,,"0","110","2024-02-17 12:41:39"
"newffdemo",,"0","33","3","2","5","5","0","1","434","1034","1","2","1","1","0.12","0.22","0","0",,,"0","110","2024-02-17 12:41:42"
"newffdemo",,"0","34","11","2","5","5","0","1","583","1117","1","2","2","2","0.37","0.45","0","0",,,"0","110","2024-02-17 12:41:44"
"newffdemo",,"0","35","4","2","5","5","1","0","499","750","1","0","1","4","0.16","0.84","0","0",,,"1","115","2024-02-17 12:41:47"
"newffdemo",,"0","36","6","2","5","5","1","0","866","1017","1","0","1","2","0.22","0.37","0","0",,,"1","120","2024-02-17 12:41:49"
"newffdemo",,"0","37","9","2","5","5","1","0","783","983","1","0","2","4","0.37","0.84","0","0",,,"1","125","2024-02-17 12:41:52"
"newffdemo",,"0","38","10","2","5","5","0","1","683","1133","0","1","2","3","0.37","0.63","0","0",,,"1","130","2024-02-17 12:41:55"
"newffdemo",,"0","0","7","1","5","5","0","0","1635","2065","0","2","1","4","0.29","0.88","0","0",,,"0","0","2024-02-17 12:46:29"
"newffdemo",,"0","1","2","1","5","5","1","1","1768","2190","1","0","1","2","0.12","0.45","0","0",,,"0","0","2024-02-17 12:46:32"
"newffdemo",,"0","2","0","0","5","5","0","0","1506","0","1","1","1","4","0.12","0.88","0","0",,,"0","0","2024-02-17 12:46:37"
"newffdemo",,"0","3","11","2","5","5","0","1","2133","2437","0","1","2","2","0.37","0.45","0","0",,,"0","0","2024-02-17 12:46:41"
"newffdemo",,"0","4","13","2","5","5","1","0","1736","2167","1","0","3","3","0.55","0.63","0","0",,,"1","5","2024-02-17 12:46:45"
"newffdemo",,"0","5","1","2","5","5","0","1","883","1434","0","1","1","4","0.12","0.71","0","0",,,"1","10","2024-02-17 12:46:48"
"newffdemo",,"0","6","6","2","5","5","1","0","951","2001","1","0","1","2","0.22","0.37","0","0",,,"0","10","2024-02-17 12:46:51"
"newffdemo",,"0","7","0","2","5","5","1","0","1266","1768","1","0","1","4","0.12","0.88","0","0",,,"1","15","2024-02-17 12:46:54"
"newffdemo",,"0","8","8","2","5","5","0","1","1117","1552","0","1","1","4","0.29","0.71","0","0",,,"1","20","2024-02-17 12:46:57"
"newffdemo",,"0","9","2","2","5","5","0","1","115","1617","1","1","1","2","0.12","0.45","0","0",,,"1","25","2024-02-17 12:47:01"
"newffdemo",,"0","10","2","2","5","5","0","1","1850","2300","0","1","1","2","0.12","0.45","0","0",,,"1","30","2024-02-17 12:47:04"
"newffdemo",,"0","11","1","2","5","5","1","0","17","1901","2","0","1","4","0.12","0.71","0","0",,,"0","30","2024-02-17 12:47:08"
"newffdemo",,"0","12","4","2","5","5","1","0","149","2149","1","1","1","4","0.16","0.84","0","0",,,"1","35","2024-02-17 12:47:11"
"newffdemo",,"0","13","13","2","5","5","1","0","1917","2334","1","0","3","3","0.55","0.63","0","0",,,"1","40","2024-02-17 12:47:15"
"newffdemo",,"0","14","11","2","5","5","0","1","2249","2633","0","1","2","2","0.37","0.45","0","0",,,"1","45","2024-02-17 12:47:19"
"newffdemo",,"0","15","0","2","5","5","0","1","2166","2518","0","1","1","4","0.12","0.88","0","0",,,"1","50","2024-02-17 12:47:23"
"newffdemo",,"0","16","14","2","5","5","1","0","1566","2099","1","0","3","4","0.63","0.78","0","0",,,"1","55","2024-02-17 12:47:26"
"newffdemo",,"0","17","11","2","5","5","1","0","1917","2300","1","0","2","2","0.37","0.45","0","0",,,"1","60","2024-02-17 12:47:30"
"newffdemo",,"0","18","13","2","5","5","0","1","1666","2100","0","1","3","3","0.55","0.63","0","0",,,"1","65","2024-02-17 12:47:34"
"newffdemo",,"0","19","9","2","5","5","1","0","2050","2635","1","0","2","4","0.37","0.84","0","0",,,"0","65","2024-02-17 12:47:38"
"newffdemo",,"0","20","12","2","5","5","0","1","1099","1449","0","1","3","4","0.55","0.88","0","0",,,"1","70","2024-02-17 12:47:41"
"newffdemo",,"0","21","10","2","5","5","0","1","1084","1434","0","1","2","3","0.37","0.63","0","0",,,"0","70","2024-02-17 12:47:44"
"newffdemo",,"0","22","6","2","5","5","0","1","949","1484","0","1","1","2","0.22","0.37","0","0",,,"0","70","2024-02-17 12:47:47"
"newffdemo",,"0","23","9","2","5","5","1","0","1183","1535","1","0","2","4","0.37","0.84","0","0",,,"0","70","2024-02-17 12:47:50"
"newffdemo",,"0","24","5","2","5","5","1","0","983","1284","1","0","1","3","0.16","0.63","0","0",,,"1","75","2024-02-17 12:47:53"
"newffdemo",,"0","25","3","2","5","5","1","0","1450","1817","1","0","1","1","0.12","0.22","0","0",,,"0","75","2024-02-17 12:47:56"
"newffdemo",,"0","26","12","2","5","5","1","0","1033","1484","1","0","3","4","0.55","0.88","0","0",,,"1","80","2024-02-17 12:48:00"
"newffdemo",,"0","27","5","2","5","5","1","0","1033","1517","1","0","1","3","0.16","0.63","0","0",,,"0","80","2024-02-17 12:48:03"
"newffdemo",,"0","28","7","2","5","5","0","1","316","1151","0","1","1","4","0.29","0.88","0","0",,,"1","85","2024-02-17 12:48:05"
"newffdemo",,"0","29","8","2","5","5","0","1","432","1533","1","1","1","4","0.29","0.71","0","0",,,"1","90","2024-02-17 12:48:09"
"newffdemo",,"0","30","8","2","5","5","1","0","183","983","1","0","1","4","0.29","0.71","0","0",,,"0","90","2024-02-17 12:48:11"
"test",,"0","0","10","2","5","5","1","0","1149","1567","1","0","2","3","0.37","0.63","0","0",,,"0","0","2024-02-18 22:26:46"
"test",,"0","1","14","2","5","5","1","0","699","1799","1","1","3","4","0.63","0.78","0","0",,,"1","5","2024-02-18 22:26:50"
"test",,"0","2","5","2","5","5","0","1","1399","1700","0","1","1","3","0.16","0.63","0","0",,,"1","10","2024-02-18 22:26:53"
"test",,"0","3","0","0","5","5","0","1","3251","0","0","1","1","4","0.12","0.88","0","0",,,"0","10","2024-02-18 22:26:57"
"test",,"0","4","14","2","5","5","0","1","550","1300","1","1","3","4","0.63","0.78","0","0",,,"0","10","2024-02-18 22:27:00"
"test",,"0","5","4","2","5","5","0","1","13066","13417","0","1","1","4","0.16","0.84","0","0",,,"0","10","2024-02-18 22:27:15"
"test",,"0","6","12","2","5","5","1","0","1499","1867","1","0","3","4","0.55","0.88","0","0",,,"1","15","2024-02-18 22:27:18"
"test",,"0","7","9","2","5","5","1","0","967","1567","1","0","2","4","0.37","0.84","0","0",,,"1","20","2024-02-18 22:27:21"
"test",,"0","8","7","1","5","5","1","1","784","1467","1","1","1","4","0.29","0.88","0","0",,,"1","25","2024-02-18 22:27:24"
"test",,"0","9","6","1","5","5","0","0","1716","2466","0","1","1","2","0.22","0.37","0","0",,,"0","25","2024-02-18 22:27:28"
"test",,"0","10","4","1","5","5","0","0","1834","2418","0","1","1","4","0.16","0.84","0","0",,,"1","30","2024-02-18 22:27:32"
"test",,"0","0","13","2","5","5","1","0","243","873","3","3","3","3","0.55","0.63","0","0",,,"0","0","2024-02-18 22:27:35"
"test",,"0","11","7","1","5","5","1","1","1649","1749","1","0","1","4","0.29","0.88","0","0",,,"0","30","2024-02-18 22:27:35"
"test",,"0","1","6","1","5","5","1","1","800","1206","1","0","1","2","0.22","0.37","0","0",,,"1","5","2024-02-18 22:27:38"
"test",,"0","12","7","2","5","5","0","1","1003","1252","0","1","1","4","0.29","0.88","0","0",,,"1","35","2024-02-18 22:27:38"
"test",,"0","2","5","1","5","5","0","0","636","957","0","1","1","3","0.16","0.63","0","0",,,"0","5","2024-02-18 22:27:41"
"test",,"0","13","3","1","5","5","1","1","2450","2584","1","0","1","1","0.12","0.22","0","0",,,"0","35","2024-02-18 22:27:42"
"test",,"0","3","14","2","5","5","1","0","661","975","1","0","3","4","0.63","0.78","0","0",,,"1","10","2024-02-18 22:27:43"
"test",,"0","14","5","2","5","5","0","1","1166","1834","0","1","1","3","0.16","0.63","0","0",,,"1","40","2024-02-18 22:27:46"
"test",,"0","4","13","2","5","5","0","1","920","1193","0","1","3","3","0.55","0.63","0","0",,,"0","10","2024-02-18 22:27:46"
"test",,"0","5","1","2","5","5","0","1","740","1018","0","1","1","4","0.12","0.71","0","0",,,"1","15","2024-02-18 22:27:49"
"test",,"0","6","12","2","5","5","0","1","679","970","0","1","3","4","0.55","0.88","0","0",,,"0","15","2024-02-18 22:27:51"
"test",,"0","7","4","2","5","5","1","0","521","861","1","0","1","4","0.16","0.84","0","0",,,"1","20","2024-02-18 22:27:54"
"test",,"0","8","7","2","5","5","1","0","382","848","1","0","1","4","0.29","0.88","0","0",,,"1","25","2024-02-18 22:27:56"
"test",,"0","9","15","2","5","5","1","0","776","2272","1","0","4","4","0.78","0.88","0","0",,,"0","25","2024-02-18 22:28:00"
"test",,"0","10","5","2","5","5","1","0","619","946","1","0","1","3","0.16","0.63","0","0",,,"1","30","2024-02-18 22:28:02"
"test",,"0","11","0","2","5","5","1","0","740","1122","1","0","1","4","0.12","0.88","0","0",,,"1","35","2024-02-18 22:28:05"
"test",,"0","12","2","2","5","5","1","0","1401","1661","1","0","1","2","0.12","0.45","0","0",,,"0","35","2024-02-18 22:28:08"
"test",,"0","13","11","1","5","5","1","1","661","975","1","0","2","2","0.37","0.45","0","0",,,"0","35","2024-02-18 22:28:11"
"test",,"0","14","7","1","5","5","1","1","636","957","1","0","1","4","0.29","0.88","0","0",,,"0","35","2024-02-18 22:28:13"
"test",,"0","15","13","2","5","5","0","1","739","1079","0","1","3","3","0.55","0.63","0","0",,,"1","40","2024-02-18 22:28:16"
"test",,"0","16","0","1","5","5","1","1","716","928","1","0","1","4","0.12","0.88","0","0",,,"0","40","2024-02-18 22:28:19"
"test",,"0","17","12","2","5","5","0","1","855","1037","0","1","3","4","0.55","0.88","0","0",,,"1","45","2024-02-18 22:28:21"
"test",,"0","18","4","2","5","5","0","1","721","1012","0","1","1","4","0.16","0.84","0","0",,,"0","45","2024-02-18 22:28:24"
"test",,"0","19","10","2","5","5","1","0","558","752","1","0","2","3","0.37","0.63","0","0",,,"1","50","2024-02-18 22:28:26"
"test",,"0","20","8","2","5","5","1","0","522","830","1","0","1","4","0.29","0.71","0","0",,,"1","55","2024-02-18 22:28:29"
"test",,"0","21","11","2","5","5","0","1","818","1005","0","1","2","2","0.37","0.45","0","0",,,"1","60","2024-02-18 22:28:31"
"test",,"0","22","6","2","5","5","0","1","879","1048","0","1","1","2","0.22","0.37","0","0",,,"0","60","2024-02-18 22:28:34"
"test",,"0","23","9","1","5","5","1","1","558","746","1","0","2","4","0.37","0.84","0","0",,,"1","65","2024-02-18 22:28:36"
"test",,"0","24","5","2","5","5","0","1","799","1564","1","1","1","3","0.16","0.63","0","0",,,"1","70","2024-02-18 22:28:39"
"test",,"0","25","14","1","5","5","0","0","679","927","0","1","3","4","0.63","0.78","0","0",,,"0","70","2024-02-18 22:28:42"
"test",,"0","26","13","1","5","5","1","1","939","1090","1","0","3","3","0.55","0.63","0","0",,,"0","70","2024-02-18 22:28:45"
"test",,"0","27","3","2","5","5","0","1","618","836","0","1","1","1","0.12","0.22","0","0",,,"0","70","2024-02-18 22:28:47"
"test",,"0","28","12","1","5","5","1","1","660","830","1","0","3","4","0.55","0.88","0","0",,,"1","75","2024-02-18 22:28:50"
"test",,"0","29","8","2","5","5","0","1","643","861","0","1","1","4","0.29","0.71","0","0",,,"0","75","2024-02-18 22:28:52"
"test",,"0","30","11","2","5","5","0","1","600","837","0","1","2","2","0.37","0.45","0","0",,,"1","80","2024-02-18 22:28:55"
"test",,"0","31","0","2","5","5","0","1","841","1411","0","1","1","4","0.12","0.88","0","0",,,"1","85","2024-02-18 22:28:58"
"test",,"0","32","1","2","5","5","1","0","600","1401","1","0","1","4","0.12","0.71","0","0",,,"0","85","2024-02-18 22:29:01"
"test",,"0","33","10","2","5","5","0","1","522","704","0","1","2","3","0.37","0.63","0","0",,,"1","90","2024-02-18 22:29:03"
"test",,"0","0","1","2","5","5","1","0","1080","1411","1","0","1","4","0.12","0.71","0","0",,,"1","5","2024-02-19 13:22:40"
"test",,"0","1","8","2","5","5","0","1","1078","1311","0","1","1","4","0.29","0.71","0","0",,,"1","10","2024-02-19 13:22:43"
"test",,"0","2","1","2","5","5","1","0","978","1149","1","0","1","4","0.12","0.71","0","0",,,"1","15","2024-02-19 13:22:46"
"test",,"0","3","8","2","5","5","1","0","581","847","1","0","1","4","0.29","0.71","0","0",,,"0","15","2024-02-19 13:22:49"
"test",,"0","0","9","2","5","5","0","1","1520","1634","0","1","2","4","0.37","0.84","0","0",,,"1","5","2024-02-19 14:03:40"
"test",,"0","1","13","2","5","5","0","1","781","950","0","1","3","3","0.55","0.63","0","0",,,"1","10","2024-02-19 14:03:42"
"test",,"2","0","1","1","5","5","1","1","1420","1711","1","0","5","5","1","1","0","0",,,"1","5","2024-02-19 14:08:19"
"test",,"2","1","0","1","5","5","1","1","461","764","1","0","5","5","1","1","0","0",,,"1","10","2024-02-19 14:08:22"
"test",,"3","0","1","0","0","0","0","1","0","0","0","0","1","4","0.12","0.88","0","0",,,"0","0","2024-02-19 14:11:33"
"test",,"3","1","0","2","5","5","1","0","221","1226","1","1","1","4","0.12","0.88","0","0",,,"1","5","2024-02-19 14:11:36"
"test",,"3","0","1","2","5","5","1","0","1481","2017","1","1","1","4","0.12","0.88","0","0",,,"1","5","2024-02-19 14:29:25"
"test",,"3","0","0","2","5","5","1","0","861","1309","1","1","2","3","0.37","0.63","0","0",,,"1","5","2024-02-19 14:56:23"
"test",,"3","1","1","2","5","5","0","1","119","790","1","2","1","3","0.16","0.63","0","0",,,"1","10","2024-02-19 14:56:28"
"test",,"3","2","1","2","5","5","1","0","360","710","1","1","2","2","0.37","0.45","0","0",,,"0","10","2024-02-19 14:56:31"
"test",,"3","3","1","2","5","5","0","1","221","516","0","1","1","2","0.22","0.37","0","0",,,"1","15","2024-02-19 14:56:35"
"test",,"3","4","0","2","5","5","0","1","240","971","1","2","1","4","0.29","0.71","0","0",,,"1","20","2024-02-19 14:56:38"
"test",,"3","0","0","1","5","5","1","1","1663","2101","1","1","3","3","0.55","0.63","0","0",,,"1","5","2024-02-19 14:58:24"
"test",,"3","1","0","1","5","5","0","0","578","835","0","1","2","2","0.37","0.45","0","0",,,"0","5","2024-02-19 14:58:27"
"test",,"3","2","0","2","5","5","0","1","1061","1329","0","1","3","4","0.63","0.78","0","0",,,"1","10","2024-02-19 14:58:30"
"test",,"3","3","0","2","5","5","1","0","437","1128","1","1","1","3","0.16","0.63","0","0",,,"0","10","2024-02-19 14:58:33"
"test",,"3","4","0","1","5","5","1","1","643","1042","1","0","1","1","0.12","0.22","0","0",,,"0","10","2024-02-19 14:58:36"
"test",,"3","5","0","2","5","5","1","0","582","882","1","0","3","3","0.55","0.63","0","0",,,"0","10","2024-02-19 14:58:39"
"test",,"3","6","0","2","5","5","0","1","659","977","0","1","2","2","0.37","0.45","0","0",,,"1","15","2024-02-19 14:58:42"
"test",,"3","7","0","2","5","5","1","0","697","939","1","0","1","4","0.12","0.71","0","0",,,"1","20","2024-02-19 14:58:45"
"test",,"3","8","0","2","5","5","1","0","677","943","1","0","1","4","0.29","0.88","0","0",,,"1","25","2024-02-19 14:58:48"
"test",,"3","9","0","2","5","5","1","0","680","959","1","0","2","3","0.37","0.63","0","0",,,"0","25","2024-02-19 14:58:51"
"test",,"3","10","0","2","5","5","0","1","698","964","0","1","1","4","0.16","0.84","0","0",,,"1","30","2024-02-19 14:58:53"
"test",,"3","11","1","1","5","5","1","1","761","1026","1","0","1","2","0.12","0.45","0","0",,,"0","30","2024-02-19 14:58:57"
"test",,"3","12","1","1","5","5","0","0","639","1432","1","1","3","4","0.55","0.88","0","0",,,"1","35","2024-02-19 14:59:00"
"test",,"3","13","1","1","5","5","1","1","339","592","1","0","2","4","0.37","0.84","0","0",,,"0","35","2024-02-19 14:59:02"
"test",,"3","0","0","2","5","5","0","1","1261","1480","0","1","1","4","0.12","0.88","0","0",,,"1","5","2024-02-19 14:59:54"
"test",,"3","1","1","1","5","5","1","1","557","836","1","0","1","4","0.12","0.71","0","0",,,"0","5","2024-02-19 14:59:56"
"test",,"3","2","1","1","5","5","0","0","1021","1289","0","1","1","4","0.12","0.71","0","0",,,"0","5","2024-02-19 14:59:59"
"test",,"3","3","0","2","5","5","1","0","202","713","1","0","2","2","0.37","0.45","0","0",,,"0","5","2024-02-19 15:00:02"
"test",,"3","4","1","2","5","5","1","0","584","1155","1","1","1","2","0.12","0.45","0","0",,,"0","5","2024-02-19 15:00:05"
"test",,"3","5","1","2","5","5","1","0","1958","2206","1","0","1","4","0.12","0.88","0","0",,,"1","10","2024-02-19 15:00:09"
"test",,"3","6","0","1","5","5","1","1","934","1177","1","0","1","1","0.12","0.22","0","0",,,"0","10","2024-02-19 15:00:12"
"test",,"3","7","1","2","5","5","1","0","2040","2280","1","0","2","3","0.37","0.63","0","0",,,"1","15","2024-02-19 15:00:16"
"test",,"3","8","0","1","5","5","1","1","1255","1642","1","0","1","2","0.12","0.45","0","0",,,"0","15","2024-02-19 15:00:19"
"test",,"3","9","1","2","5","5","1","0","1501","1665","1","0","2","4","0.37","0.84","0","0",,,"0","15","2024-02-19 15:00:23"
"test",,"3","10","0","2","5","5","0","1","802","1283","0","1","1","4","0.29","0.88","0","0",,,"0","15","2024-02-19 15:00:26"
"test",,"3","11","0","1","5","5","1","1","816","1093","1","0","1","1","0.12","0.22","0","0",,,"0","15","2024-02-19 15:00:29"
"test",,"3","12","0","1","5","5","1","1","1421","1668","1","0","3","3","0.55","0.63","0","0",,,"0","15","2024-02-19 15:00:33"
"test",,"3","13","1","2","5","5","1","0","1305","1596","1","0","2","2","0.37","0.45","0","0",,,"0","15","2024-02-19 15:00:36"
"test",,"3","14","0","2","5","5","0","1","981","1231","0","1","1","4","0.16","0.84","0","0",,,"1","20","2024-02-19 15:00:39"
"test",,"3","15","1","1","5","5","0","0","1580","1888","1","1","1","1","0.12","0.22","0","0",,,"0","20","2024-02-19 15:00:43"
"test",,"3","16","1","2","5","5","0","1","1156","1350","0","1","1","4","0.16","0.84","0","0",,,"1","25","2024-02-19 15:00:45"
"test",,"3","17","0","1","5","5","1","1","878","1604","2","1","1","1","0.12","0.22","0","0",,,"0","25","2024-02-19 15:00:49"
"test",,"3","18","0","2","5","5","1","0","657","944","1","0","3","4","0.55","0.88","0","0",,,"1","30","2024-02-19 15:00:52"
"test",,"3","0","0","2","5","5","1","0","801","1168","1","0","2","4","0.37","0.84","0","0",,,"1","5","2024-02-20 17:00:09"
"test",,"0","0","11","2","5","5","1","0","1660","1893","1","0","2","2","0.37","0.45","0","0",,,"0","0","2024-02-20 17:01:58"
"test",,"0","0","6","0","0","0","0","0","0","0","0","0","1","2","0.22","0.37","0","0",,,"0","0","2024-02-20 17:03:36"
"test",,"0","0","9","0","0","0","0","0","0","0","0","0","2","4","0.37","0.84","0","0",,,"0","0","2024-02-20 17:05:06"
"test",,"0","0","15","2","5","5","1","0","1459","1996","1","0","4","4","0.78","0.88","0","0",,,"1","5","2024-02-20 17:07:06"
"test",,"0","1","0","1","5","5","0","0","479","684","0","1","1","4","0.12","0.88","0","0",,,"0","5","2024-02-20 17:07:08"
"test",,"0","2","8","1","5","5","1","1","440","901","1","0","1","4","0.29","0.71","0","0",,,"0","5","2024-02-20 17:07:11"
"test",,"0","0","3","1","5","5","1","1","1182","1548","1","0","1","1","0.12","0.22","0","0",,,"1","5","2024-02-20 17:18:00"
"test",,"0","1","10","2","5","5","0","1","459","639","0","1","2","3","0.37","0.63","0","0",,,"0","5","2024-02-20 17:18:03"
"test",,"0","2","13","2","5","5","0","1","679","858","0","1","3","3","0.55","0.63","0","0",,,"1","10","2024-02-20 17:18:05"
"test",,"0","3","1","2","5","5","1","0","420","531","1","0","1","4","0.12","0.71","0","0",,,"1","15","2024-02-20 17:18:07"
"test",,"0","4","3","1","5","5","1","1","1100","1254","1","0","1","1","0.12","0.22","0","0",,,"0","15","2024-02-20 17:18:10"
"test",,"0","5","8","1","5","5","0","0","880","981","0","1","1","4","0.29","0.71","0","0",,,"0","15","2024-02-20 17:18:13"
"test",,"0","6","10","1","5","5","0","0","760","943","0","1","2","3","0.37","0.63","0","0",,,"0","15","2024-02-20 17:18:15"
"test",,"0","0","14","2","5","5","1","0","720","845","1","0","3","4","0.63","0.78","0","0",,,"1","5","2024-02-20 17:23:04"
"test",,"0","1","11","2","5","5","1","0","820","1056","1","0","2","2","0.37","0.45","0","0",,,"1","10","2024-02-20 17:23:07"
"test",,"0","2","11","1","5","5","0","0","519","676","0","1","2","2","0.37","0.45","0","0",,,"0","10","2024-02-20 17:23:09"
"test",,"0","3","8","1","5","5","1","1","740","880","1","0","1","4","0.29","0.71","0","0",,,"0","10","2024-02-20 17:23:12"
"test",,"0","4","13","2","5","5","1","0","1039","1583","2","1","3","3","0.55","0.63","0","0",,,"1","15","2024-02-20 17:23:15"
"test",,"0","5","15","1","5","5","0","0","479","594","0","1","4","4","0.78","0.88","0","0",,,"1","20","2024-02-20 17:23:17"
"test",,"0","6","14","2","5","5","1","0","440","554","1","0","3","4","0.63","0.78","0","0",,,"1","25","2024-02-20 17:23:19"
"test",,"0","7","6","1","5","5","0","0","559","917","1","1","1","2","0.22","0.37","0","0",,,"0","25","2024-02-20 17:23:22"
"test",,"0","8","2","1","5","5","1","1","939","1050","1","0","1","2","0.12","0.45","0","0",,,"0","25","2024-02-20 17:23:24"
"test",,"0","9","11","1","5","5","1","1","1320","1482","1","0","2","2","0.37","0.45","0","0",,,"0","25","2024-02-20 17:23:27"
"test",,"0","10","1","1","5","5","0","0","2340","2488","0","1","1","4","0.12","0.71","0","0",,,"0","25","2024-02-20 17:23:31"
"test",,"0","11","6","2","5","5","0","1","1139","1378","0","1","1","2","0.22","0.37","0","0",,,"0","25","2024-02-20 17:23:34"
"test",,"0","12","13","2","5","5","1","0","1100","1269","1","0","3","3","0.55","0.63","0","0",,,"0","25","2024-02-20 17:23:37"
"test",,"0","13","5","2","5","5","1","0","559","685","1","0","1","3","0.16","0.63","0","0",,,"1","30","2024-02-20 17:23:40"
"test",,"0","14","13","2","5","5","0","1","859","1076","0","1","3","3","0.55","0.63","0","0",,,"1","35","2024-02-20 17:23:42"
"test",,"0","15","2","2","5","5","1","0","579","744","1","0","1","2","0.12","0.45","0","0",,,"0","35","2024-02-20 17:23:44"
"test",,"0","16","0","2","5","5","1","0","979","1096","1","0","1","4","0.12","0.88","0","0",,,"0","35","2024-02-20 17:23:47"
"test",,"0","17","15","2","5","5","1","0","740","1054","1","0","4","4","0.78","0.88","0","0",,,"1","40","2024-02-20 17:23:50"
"test",,"0","18","1","2","5","5","0","1","599","931","0","1","1","4","0.12","0.71","0","0",,,"1","45","2024-02-20 17:23:52"
"test",,"0","19","7","2","5","5","0","1","680","775","0","1","1","4","0.29","0.88","0","0",,,"1","50","2024-02-20 17:23:55"
"test",,"0","20","9","2","5","5","1","0","500","666","1","0","2","4","0.37","0.84","0","0",,,"0","50","2024-02-20 17:23:57"
"test",,"0","21","6","2","5","5","1","0","579","702","1","0","1","2","0.22","0.37","0","0",,,"1","55","2024-02-20 17:23:59"
"test",,"0","22","4","2","5","5","0","1","460","570","0","1","1","4","0.16","0.84","0","0",,,"1","60","2024-02-20 17:24:02"
"test",,"0","23","3","1","5","5","1","1","759","956","1","0","1","1","0.12","0.22","0","0",,,"0","60","2024-02-20 17:24:04"
"test",,"0","24","14","1","5","5","1","1","559","801","1","0","3","4","0.63","0.78","0","0",,,"1","65","2024-02-20 17:24:07"
"test",,"0","25","3","2","5","5","1","0","620","789","1","0","1","1","0.12","0.22","0","0",,,"0","65","2024-02-20 17:24:09"
"test",,"0","26","0","2","5","5","1","0","500","610","1","0","1","4","0.12","0.88","0","0",,,"1","70","2024-02-20 17:24:11"
"test",,"0","27","4","2","5","5","0","1","479","605","0","1","1","4","0.16","0.84","0","0",,,"0","70","2024-02-20 17:24:14"
"test",,"0","28","12","2","5","5","1","0","400","489","1","0","3","4","0.55","0.88","0","0",,,"1","75","2024-02-20 17:24:16"
"test",,"0","29","0","2","5","5","1","0","1058","1416","1","0","1","4","0.12","0.88","0","0",,,"1","80","2024-02-20 17:24:19"
"test",,"0","30","8","2","5","5","1","0","1119","1222","1","0","1","4","0.29","0.71","0","0",,,"1","85","2024-02-20 17:24:21"
"test",,"0","31","7","2","5","5","1","0","799","1145","1","0","1","4","0.29","0.88","0","0",,,"1","90","2024-02-20 17:24:24"
"test",,"0","32","11","2","5","5","0","1","900","1001","0","1","2","2","0.37","0.45","0","0",,,"0","90","2024-02-20 17:24:26"
"test",,"0","33","7","2","5","5","1","0","360","462","1","0","1","4","0.29","0.88","0","0",,,"1","95","2024-02-20 17:24:29"
"test",,"0","34","10","2","5","5","1","0","620","747","1","0","2","3","0.37","0.63","0","0",,,"1","100","2024-02-20 17:24:31"
"test",,"0","35","9","2","5","5","1","0","501","684","1","0","2","4","0.37","0.84","0","0",,,"1","105","2024-02-20 17:24:33"
"test",,"0","36","5","2","5","5","1","0","400","575","1","0","1","3","0.16","0.63","0","0",,,"1","110","2024-02-20 17:24:35"
"test",,"0","37","12","2","5","5","0","1","460","628","0","1","3","4","0.55","0.88","0","0",,,"1","115","2024-02-20 17:24:38"
"test",,"0","38","13","2","5","5","0","1","579","707","0","1","3","3","0.55","0.63","0","0",,,"1","120","2024-02-20 17:24:40"
"test",,"0","39","5","2","5","5","0","1","459","555","0","1","1","3","0.16","0.63","0","0",,,"0","120","2024-02-20 17:24:42"
"test",,"0","40","3","2","5","5","1","0","419","569","1","0","1","1","0.12","0.22","0","0",,,"0","120","2024-02-20 17:24:44"
"test",,"0","41","15","2","5","5","0","1","259","741","1","2","4","4","0.78","0.88","0","0",,,"1","125","2024-02-20 17:24:47"
"test",,"0","42","7","2","5","5","1","0","419","553","1","0","1","4","0.29","0.88","0","0",,,"1","130","2024-02-20 17:24:49"
"test",,"0","43","10","2","5","5","1","0","1119","1317","1","0","2","3","0.37","0.63","0","0",,,"0","130","2024-02-20 17:24:52"
"test",,"0","44","1","2","5","5","0","1","460","628","0","1","1","4","0.12","0.71","0","0",,,"1","135","2024-02-20 17:24:54"
"test",,"0","45","4","2","5","5","1","0","480","636","1","0","1","4","0.16","0.84","0","0",,,"1","140","2024-02-20 17:24:56"
"test",,"3","0","0","2","5","5","1","0","340","925","1","0","1","4","0.29","0.88","0","0",,,"1","5","2024-02-20 17:25:54"
"test",,"3","0","0","2","5","5","1","0","1720","1874","1","0","3","4","0.55","0.88","0","0",,,"1","5","2024-02-20 17:26:38"
"test",,"3","1","0","1","5","5","1","1","1920","2109","1","0","1","1","0.12","0.22","0","0",,,"0","5","2024-02-20 17:26:42"
"test",,"3","2","1","2","5","5","1","0","700","896","1","0","1","2","0.12","0.45","0","0",,,"1","10","2024-02-20 17:26:45"
"test",,"3","3","0","2","5","5","1","0","818","979","1","0","1","4","0.12","0.88","0","0",,,"1","15","2024-02-20 17:26:48"
"test",,"3","0","1","2","5","5","0","1","981","1240","0","1","1","4","0.12","0.88","0","0",,,"1","5","2024-02-20 17:27:09"
"test",,"3","1","1","2","5","5","0","1","1600","2072","0","1","1","3","0.16","0.63","0","0",,,"1","10","2024-02-20 17:27:12"
"test",,"3","2","1","2","5","5","0","1","1319","1543","0","1","1","4","0.12","0.88","0","0",,,"1","15","2024-02-20 17:27:15"
"test",,"3","3","1","1","5","5","0","0","1559","1983","1","1","1","2","0.22","0.37","0","0",,,"1","20","2024-02-20 17:27:18"
"test",,"3","4","0","2","5","5","1","0","499","782","1","0","1","4","0.12","0.71","0","0",,,"0","20","2024-02-20 17:27:21"
"test",,"3","5","0","2","5","5","1","0","1060","1278","1","0","1","4","0.29","0.71","0","0",,,"1","25","2024-02-20 17:27:24"
"test",,"3","6","1","2","5","5","0","1","679","1001","0","1","1","3","0.16","0.63","0","0",,,"0","25","2024-02-20 17:27:27"
"test",,"3","7","1","2","5","5","1","0","579","772","1","0","1","3","0.16","0.63","0","0",,,"1","30","2024-02-20 17:27:29"
"test",,"3","8","0","2","5","5","0","1","541","876","0","1","1","4","0.29","0.71","0","0",,,"1","35","2024-02-20 17:27:31"
"test",,"3","9","0","2","5","5","1","0","559","768","1","0","4","4","0.78","0.88","0","0",,,"1","40","2024-02-20 17:27:34"
"test",,"3","10","1","1","5","5","1","1","540","671","1","0","1","4","0.29","0.88","0","0",,,"0","40","2024-02-20 17:27:36"
"test",,"3","11","1","2","5","5","0","1","1239","1359","0","1","1","1","0.12","0.22","0","0",,,"1","45","2024-02-20 17:27:39"
"test",,"3","12","1","2","5","5","0","1","639","1027","0","1","1","2","0.12","0.45","0","0",,,"0","45","2024-02-20 17:27:42"
"test",,"3","13","1","2","5","5","1","0","540","645","1","0","1","1","0.12","0.22","0","0",,,"1","50","2024-02-20 17:27:45"
"test",,"3","14","1","2","5","5","0","1","779","868","0","1","3","4","0.55","0.88","0","0",,,"1","55","2024-02-20 17:27:47"
"test",,"3","15","0","2","5","5","0","1","719","841","0","1","3","4","0.63","0.78","0","0",,,"0","55","2024-02-20 17:27:49"
"test",,"3","16","0","2","5","5","0","1","560","715","0","1","2","4","0.37","0.84","0","0",,,"1","60","2024-02-20 17:27:52"
"test",,"3","17","0","2","5","5","1","0","539","717","1","0","1","4","0.29","0.88","0","0",,,"1","65","2024-02-20 17:27:54"
"test",,"3","18","1","2","5","5","0","1","520","712","0","1","1","4","0.16","0.84","0","0",,,"1","70","2024-02-20 17:27:56"
"test",,"3","19","1","2","5","5","0","1","756","920","0","1","2","3","0.37","0.63","0","0",,,"1","75","2024-02-20 17:27:59"
"test",,"3","20","0","2","5","5","0","1","579","740","0","1","2","3","0.37","0.63","0","0",,,"1","80","2024-02-20 17:28:01"
"test",,"3","21","1","1","5","5","1","1","541","765","1","0","2","3","0.37","0.63","0","0",,,"1","85","2024-02-20 17:28:04"
"test",,"3","22","1","1","5","5","1","1","780","912","1","0","1","3","0.16","0.63","0","0",,,"0","85","2024-02-20 17:28:07"
"test",,"3","23","0","1","5","5","1","1","1320","1462","1","0","1","2","0.22","0.37","0","0",,,"0","85","2024-02-20 17:28:10"
"test",,"0","0","3","2","5","5","1","0","820","1088","1","0","1","1","0.12","0.22","0","0",,,"0","0","2024-02-21 16:55:03"
"test",,"0","1","11","2","5","5","1","0","1179","1344","1","0","2","2","0.37","0.45","0","0",,,"0","0","2024-02-21 16:55:06"
"test",,"0","2","4","2","5","5","0","1","599","704","0","1","1","4","0.16","0.84","0","0",,,"1","5","2024-02-21 16:55:08"
"test",,"0","3","10","2","5","5","0","1","579","748","0","1","2","3","0.37","0.63","0","0",,,"0","5","2024-02-21 16:55:10"
"test",,"0","4","6","2","5","5","0","1","699","839","0","1","1","2","0.22","0.37","0","0",,,"0","5","2024-02-21 16:55:13"
"test",,"0","5","12","2","5","5","1","0","1078","1190","1","0","3","4","0.55","0.88","0","0",,,"1","10","2024-02-21 16:55:16"
"test",,"0","6","11","1","5","5","0","0","1080","1348","0","1","2","2","0.37","0.45","0","0",,,"0","10","2024-02-21 16:55:18"
"test",,"0","7","15","2","5","5","0","1","859","981","0","1","4","4","0.78","0.88","0","0",,,"1","15","2024-02-21 16:55:21"
"test",,"0","8","10","2","5","5","0","1","855","1017","0","1","2","3","0.37","0.63","0","0",,,"0","15","2024-02-21 16:55:24"
"test",,"0","9","3","1","5","5","1","1","1560","1820","1","0","1","1","0.12","0.22","0","0",,,"0","15","2024-02-21 16:55:27"
"test",,"0","10","1","2","5","5","0","1","659","758","0","1","1","4","0.12","0.71","0","0",,,"0","15","2024-02-21 16:55:29"
"test",,"0","11","7","2","5","5","1","0","539","778","1","0","1","4","0.29","0.88","0","0",,,"1","20","2024-02-21 16:55:32"
"test",,"0","12","2","2","5","5","1","0","660","914","1","0","1","2","0.12","0.45","0","0",,,"1","25","2024-02-21 16:55:34"
"test",,"0","13","6","2","5","5","1","0","559","634","1","0","1","2","0.22","0.37","0","0",,,"1","30","2024-02-21 16:55:37"
"test",,"0","14","8","2","5","5","0","1","539","645","0","1","1","4","0.29","0.71","0","0",,,"0","30","2024-02-21 16:55:39"
"test",,"0","15","2","2","5","5","0","1","479","544","0","1","1","2","0.12","0.45","0","0",,,"0","30","2024-02-21 16:55:41"
"test",,"0","16","8","2","5","5","0","1","560","720","0","1","1","4","0.29","0.71","0","0",,,"0","30","2024-02-21 16:55:44"
"test",,"0","17","2","2","5","5","0","1","500","659","0","1","1","2","0.12","0.45","0","0",,,"0","30","2024-02-21 16:55:46"
"test",,"0","18","9","2","5","5","1","0","560","678","1","0","2","4","0.37","0.84","0","0",,,"1","35","2024-02-21 16:55:48"
"test",,"0","19","11","0","5","5","0","1","0","0","0","0","2","2","0.37","0.45","0","0",,,"0","35","2024-02-21 16:55:55"
"test",,"0","20","5","2","5","5","1","0","100660","100898","1","0","1","3","0.16","0.63","0","0",,,"0","35","2024-02-21 16:57:37"
"test",,"0","21","4","2","5","5","1","0","599","668","1","0","1","4","0.16","0.84","0","0",,,"1","40","2024-02-21 16:57:39"
"test",,"0","22","7","2","5","5","1","0","1000","1132","1","0","1","4","0.29","0.88","0","0",,,"1","45","2024-02-21 16:57:42"
"test",,"0","23","13","0","5","5","0","1","2838","0","0","1","3","3","0.55","0.63","0","0",,,"0","45","2024-02-21 16:58:21"
"test",,"0","24","12","2","5","5","1","0","80","1246","2","2","3","4","0.55","0.88","0","0",,,"1","50","2024-02-21 16:58:24"
"test",,"0","25","10","0","5","5","0","1","0","0","0","0","2","3","0.37","0.63","0","0",,,"0","50","2024-02-21 16:58:28"
"test",,"0","26","11","0","5","5","0","1","0","0","0","0","2","2","0.37","0.45","0","0",,,"0","50","2024-02-21 16:58:33"
"test",,"0","27","14","0","5","5","0","0","0","0","0","0","3","4","0.63","0.78","0","0",,,"0","50","2024-02-21 16:58:37"
"test",,"0","0","5","2","5","5","1","0","1020","1256","1","0","1","3","0.16","0.63","0","0",,,"0","0","2024-02-21 17:00:35"
"test",,"0","1","1","2","5","5","0","1","920","1029","0","1","1","4","0.12","0.71","0","0",,,"0","0","2024-02-21 17:00:37"
"test",,"0","2","9","2","5","5","0","1","419","500","0","1","2","4","0.37","0.84","0","0",,,"1","5","2024-02-21 17:00:40"
"test",,"0","3","14","2","5","5","0","1","739","892","0","1","3","4","0.63","0.78","0","0",,,"1","10","2024-02-21 17:00:42"
"test",,"0","4","12","2","5","5","0","1","520","656","0","1","3","4","0.55","0.88","0","0",,,"1","15","2024-02-21 17:00:44"
"test",,"0","5","1","2","5","5","1","0","539","712","1","0","1","4","0.12","0.71","0","0",,,"1","20","2024-02-21 17:00:47"
"test",,"0","6","4","2","5","5","1","0","779","905","1","0","1","4","0.16","0.84","0","0",,,"1","25","2024-02-21 17:00:49"
"test",,"3","0","0","2","5","5","1","0","800","1132","1","0","1","4","0.16","0.84","0","0",,,"1","5","2024-02-21 18:47:33"
"test",,"3","1","1","2","5","5","1","0","820","1283","1","0","1","4","0.29","0.71","0","0",,,"1","10","2024-02-21 18:47:38"
"test",,"0","0","2","2","5","5","1","0","541","886","1","0","1","2","0.22","0.37","0","0",,,"0","0","2024-02-21 18:48:43"
"test",,"0","1","9","0","5","5","0","1","2860","0","1","1","1","4","0.29","0.71","0","0",,,"0","0","2024-02-21 18:48:47"
"test",,"0","2","0","2","5","5","0","1","519","1010","1","1","4","4","0.78","0.88","0","0",,,"1","5","2024-02-21 18:48:51"
"test",,"0","3","11","2","5","5","0","1","560","693","0","1","2","4","0.37","0.84","0","0",,,"1","10","2024-02-21 18:48:53"
"test",,"0","4","3","2","5","5","1","0","583","799","1","0","3","4","0.63","0.78","0","0",,,"1","15","2024-02-21 18:48:56"
"test",,"0","5","0","2","5","5","1","0","780","1093","1","1","4","4","0.78","0.88","0","0",,,"0","15","2024-02-21 18:48:58"
"test",,"0","6","1","2","5","5","0","1","879","1088","0","1","1","1","0.12","0.22","0","0",,,"1","20","2024-02-21 18:49:01"
"test",,"0","7","9","2","5","5","0","1","540","632","0","1","1","4","0.29","0.71","0","0",,,"1","25","2024-02-21 18:49:03"
"test",,"0","8","14","2","5","5","0","1","619","712","0","1","1","4","0.16","0.84","0","0",,,"1","30","2024-02-21 18:49:05"
"test",,"0","9","8","2","5","5","1","0","1262","1614","1","1","1","2","0.12","0.45","0","0",,,"1","35","2024-02-21 18:49:10"
"test",,"0","0","14","2","5","5","1","0","582","727","1","0","1","4","0.16","0.84","0","0",,,"1","5","2024-02-21 18:50:42"
"test",,"0","1","9","2","5","5","1","0","541","705","1","0","1","4","0.29","0.71","0","0",,,"1","10","2024-02-21 18:50:44"
"test",,"0","2","0","2","5","5","0","1","919","1047","0","1","4","4","0.78","0.88","0","0",,,"1","15","2024-02-21 18:50:47"
"test",,"0","3","5","2","5","5","0","1","659","788","0","1","1","2","0.22","0.45","0","0",,,"1","20","2024-02-21 18:50:49"
"test",,"0","4","15","2","5","5","1","0","480","622","1","0","1","4","0.12","0.88","0","0",,,"1","25","2024-02-21 18:50:51"
"test",,"0","5","13","2","5","5","1","0","538","741","1","0","1","4","0.29","0.88","0","0",,,"1","30","2024-02-21 18:50:54"
"test",,"0","6","11","2","5","5","1","0","760","922","1","0","2","4","0.37","0.84","0","0",,,"1","35","2024-02-21 18:50:56"
"test",,"0","7","1","2","5","5","0","1","902","1269","0","1","1","1","0.12","0.22","0","0",,,"0","35","2024-02-21 18:50:59"
"test",,"0","8","15","2","5","5","0","1","488","648","0","1","1","4","0.12","0.88","0","0",,,"1","40","2024-02-21 18:51:01"
"test",,"0","9","3","2","5","5","1","0","618","850","1","0","3","4","0.63","0.78","0","0",,,"1","45","2024-02-21 18:51:04"
"test",,"0","10","12","2","5","5","0","1","519","615","0","1","1","4","0.12","0.71","0","0",,,"1","50","2024-02-21 18:51:06"
"test",,"0","11","11","2","5","5","0","1","519","591","0","1","2","4","0.37","0.84","0","0",,,"1","55","2024-02-21 18:51:08"
"test",,"0","12","2","2","5","5","0","1","841","970","0","1","1","2","0.22","0.37","0","0",,,"0","55","2024-02-21 18:51:11"
"test",,"0","13","11","2","5","5","1","0","779","881","1","0","2","4","0.37","0.84","0","0",,,"1","60","2024-02-21 18:51:13"
"test",,"0","14","10","2","5","5","0","1","539","669","0","1","1","3","0.16","0.63","0","0",,,"1","65","2024-02-21 18:51:15"
"test",,"0","15","0","2","5","5","0","1","1719","1841","0","1","4","4","0.78","0.88","0","0",,,"1","70","2024-02-21 18:51:19"
"test",,"0","16","0","2","5","5","1","0","1441","1528","1","0","4","4","0.78","0.88","0","0",,,"0","70","2024-02-21 18:51:22"
"test",,"0","17","5","2","5","5","1","0","1041","1212","1","0","1","2","0.22","0.45","0","0",,,"0","70","2024-02-21 18:51:24"
"test",,"0","18","10","2","5","5","1","0","679","817","1","0","1","3","0.16","0.63","0","0",,,"1","75","2024-02-21 18:51:27"
"test",,"0","19","12","2","5","5","0","1","759","881","0","1","1","4","0.12","0.71","0","0",,,"1","80","2024-02-21 18:51:29"
"test",,"0","20","7","2","5","5","0","1","1363","1518","0","1","3","4","0.55","0.88","0","0",,,"1","85","2024-02-21 18:51:33"
"test",,"0","21","2","2","5","5","0","1","1261","1376","0","1","1","2","0.22","0.37","0","0",,,"1","90","2024-02-21 18:51:36"
"test",,"0","22","5","2","5","5","0","1","480","633","0","1","1","2","0.22","0.45","0","0",,,"0","90","2024-02-21 18:51:38"
"test",,"0","23","15","2","5","5","0","1","541","590","0","1","1","4","0.12","0.88","0","0",,,"1","95","2024-02-21 18:51:40"
"test",,"0","24","3","2","5","5","1","0","721","856","1","0","3","4","0.63","0.78","0","0",,,"1","100","2024-02-21 18:51:43"
"test",,"0","25","6","2","5","5","0","1","600","698","0","1","2","3","0.37","0.63","0","0",,,"1","105","2024-02-21 18:51:45"
"test",,"0","26","12","2","5","5","0","1","919","1012","0","1","1","4","0.12","0.71","0","0",,,"0","105","2024-02-21 18:51:47"
"test",,"0","27","6","2","5","5","1","0","558","759","1","0","2","3","0.37","0.63","0","0",,,"1","110","2024-02-21 18:51:50"
"test",,"0","28","7","2","5","5","0","1","1401","1547","0","1","3","4","0.55","0.88","0","0",,,"1","115","2024-02-21 18:51:53"
"test",,"0","29","4","2","5","5","0","1","1201","1348","0","1","3","4","0.55","0.78","0","0",,,"0","115","2024-02-21 18:51:56"
"test",,"0","30","6","2","5","5","0","1","561","659","0","1","2","3","0.37","0.63","0","0",,,"1","120","2024-02-21 18:51:58"
"test",,"0","31","12","2","5","5","1","0","1141","1287","1","0","1","4","0.12","0.71","0","0",,,"1","125","2024-02-21 18:52:01"
"test",,"0","32","2","2","5","5","1","0","920","1100","1","0","1","2","0.22","0.37","0","0",,,"0","125","2024-02-21 18:52:04"
"test",,"0","33","5","2","5","5","0","1","420","534","0","1","1","2","0.22","0.45","0","0",,,"0","125","2024-02-21 18:52:06"
"test",,"0","34","8","2","5","5","0","1","560","665","0","1","1","2","0.12","0.45","0","0",,,"1","130","2024-02-21 18:52:08"
"test",,"0","35","4","2","5","5","0","1","740","787","0","1","3","4","0.55","0.78","0","0",,,"1","135","2024-02-21 18:52:10"
"test",,"0","36","2","2","5","5","1","0","1040","1171","1","0","1","2","0.22","0.37","0","0",,,"0","135","2024-02-21 18:52:13"
"test",,"0","37","13","2","5","5","1","0","1079","1301","1","0","1","4","0.29","0.88","0","0",,,"1","140","2024-02-21 18:52:16"
"test",,"0","38","13","2","5","5","0","1","539","1142","0","1","1","4","0.29","0.88","0","0",,,"1","145","2024-02-21 18:52:19"
"test",,"0","39","1","2","5","5","0","1","660","813","0","1","1","1","0.12","0.22","0","0",,,"1","150","2024-02-21 18:52:21"
"test",,"0","40","11","2","5","5","1","0","877","1160","1","0","2","4","0.37","0.84","0","0",,,"1","155","2024-02-21 18:52:24"
"test",,"0","41","4","2","5","5","1","0","1158","1546","1","0","3","4","0.55","0.78","0","0",,,"1","160","2024-02-21 18:52:27"
"test",,"0","42","3","2","5","5","0","1","1380","1506","0","1","3","4","0.63","0.78","0","0",,,"0","160","2024-02-21 18:52:30"
"test",,"0","43","8","2","5","5","0","1","638","707","0","1","1","2","0.12","0.45","0","0",,,"1","165","2024-02-21 18:52:32"
"test",,"0","44","10","2","5","5","0","1","660","919","0","1","1","3","0.16","0.63","0","0",,,"1","170","2024-02-21 18:52:34"
"test",,"0","45","8","2","5","5","0","1","460","1076","0","1","1","2","0.12","0.45","0","0",,,"1","175","2024-02-21 18:52:37"
"test",,"0","46","3","2","5","5","0","1","681","898","0","1","3","4","0.63","0.78","0","0",,,"1","180","2024-02-21 18:52:39"
"test",,"0","47","1","2","5","5","1","0","960","1248","1","0","1","1","0.12","0.22","0","0",,,"0","180","2024-02-21 18:52:42"
"test",,"0","48","15","2","5","5","0","1","858","1000","0","1","1","4","0.12","0.88","0","0",,,"1","185","2024-02-21 18:52:45"
"test",,"0","49","1","2","5","5","0","1","781","863","0","1","1","1","0.12","0.22","0","0",,,"0","185","2024-02-21 18:52:47"
"test",,"0","50","6","2","5","5","0","1","720","813","0","1","2","3","0.37","0.63","0","0",,,"1","190","2024-02-21 18:52:50"
"test",,"0","0","13","2","5","5","0","1","1359","1542","0","1","1","4","0.29","0.88","0","0",,,"1","5","2024-02-22 12:16:48"
"test",,"0","1","3","2","5","5","1","0","659","850","1","0","3","4","0.63","0.78","0","0",,,"1","10","2024-02-22 12:16:51"
"test",,"0","2","2","0","5","5","0","0","3279","0","1","0","1","2","0.22","0.37","0","0",,,"0","10","2024-02-22 12:16:55"
"test",,"0","3","4","2","5","5","0","1","1059","1490","1","1","3","4","0.55","0.78","0","0",,,"1","15","2024-02-22 12:16:58"
"test",,"0","4","14","2","5","5","1","0","979","1110","1","0","1","4","0.16","0.84","0","0",,,"1","20","2024-02-22 12:17:00"
"test",,"0","5","13","2","5","5","0","1","1559","1699","0","1","1","4","0.29","0.88","0","0",,,"1","25","2024-02-22 12:17:03"
"test",,"0","6","5","2","5","5","0","1","1037","1147","0","1","1","2","0.22","0.45","0","0",,,"0","25","2024-02-22 12:17:06"
"test",,"0","7","6","2","5","5","0","1","1437","1596","0","1","2","3","0.37","0.63","0","0",,,"1","30","2024-02-22 12:17:09"
"test",,"0","8","0","2","5","5","1","0","1060","1419","1","0","4","4","0.78","0.88","0","0",,,"1","35","2024-02-22 12:17:12"
"test",,"0","9","1","2","5","5","0","1","1840","1987","0","1","1","1","0.12","0.22","0","0",,,"0","35","2024-02-22 12:17:16"
"test",,"0","10","3","2","5","5","1","0","799","1002","1","0","3","4","0.63","0.78","0","0",,,"0","35","2024-02-22 12:17:18"
"test",,"0","11","11","2","5","5","0","1","1039","1126","0","1","2","4","0.37","0.84","0","0",,,"1","40","2024-02-22 12:17:21"
"basile",,"0","0","6","1","5","5","1","1","899","1199","1","0","2","3","0.37","0.63","0","0",,,"0","0","2024-02-22 15:08:09"
"basile",,"0","1","10","2","5","5","1","0","749","1000","1","0","1","3","0.16","0.63","0","0",,,"1","5","2024-02-22 15:08:12"
"basile",,"0","2","3","2","5","5","1","0","834","1000","1","0","3","4","0.63","0.78","0","0",,,"1","10","2024-02-22 15:08:14"
"basile",,"0","3","8","2","5","5","0","1","749","933","0","1","1","2","0.12","0.45","0","0",,,"1","15","2024-02-22 15:08:17"
"basile",,"0","4","13","2","5","5","1","0","783","933","1","0","1","4","0.29","0.88","0","0",,,"1","20","2024-02-22 15:08:19"
"basile",,"0","5","1","1","5","5","0","0","783","917","0","1","1","1","0.12","0.22","0","0",,,"0","20","2024-02-22 15:08:22"
"basile",,"0","6","0","2","5","5","1","0","750","933","1","0","4","4","0.78","0.88","0","0",,,"1","25","2024-02-22 15:08:24"
"basile",,"0","7","11","2","5","5","1","0","649","816","1","0","2","4","0.37","0.84","0","0",,,"1","30","2024-02-22 15:08:27"
"5ef4d8b87faaa00c0dea0c4e",,"0","0","14","2","5","5","0","1","182","1300","1","1","1","4","0.16","0.84","0","0",,,"1","5","2024-02-22 15:12:04"
"5ef4d8b87faaa00c0dea0c4e",,"0","1","12","2","5","5","0","1","667","1351","0","1","1","4","0.12","0.71","0","0",,,"0","5","2024-02-22 15:12:07"
"5ef4d8b87faaa00c0dea0c4e",,"0","2","1","1","5","5","1","1","717","1468","1","0","1","1","0.12","0.22","0","0",,,"0","5","2024-02-22 15:12:10"
"5ef4d8b87faaa00c0dea0c4e",,"0","3","7","2","5","5","0","1","584","1251","0","1","3","4","0.55","0.88","0","0",,,"0","5","2024-02-22 15:12:13"
"5ef4d8b87faaa00c0dea0c4e",,"0","4","3","1","5","5","1","1","800","1434","1","0","3","4","0.63","0.78","0","0",,,"0","5","2024-02-22 15:12:16"
"5ef4d8b87faaa00c0dea0c4e",,"0","5","5","2","5","5","1","0","783","1434","1","0","1","2","0.22","0.45","0","0",,,"1","10","2024-02-22 15:12:19"
"5ef4d8b87faaa00c0dea0c4e",,"0","6","2","2","5","5","1","0","850","1601","1","0","1","2","0.22","0.37","0","0",,,"0","10","2024-02-22 15:12:23"
"5ef4d8b87faaa00c0dea0c4e",,"0","7","13","1","5","5","0","0","600","1284","0","1","1","4","0.29","0.88","0","0",,,"0","10","2024-02-22 15:12:25"
"5ef4d8b87faaa00c0dea0c4e",,"0","8","12","1","5","5","0","0","683","1250","0","1","1","4","0.12","0.71","0","0",,,"0","10","2024-02-22 15:12:28"
"5ef4d8b87faaa00c0dea0c4e",,"0","9","15","1","5","5","0","0","583","1184","0","1","1","4","0.12","0.88","0","0",,,"0","10","2024-02-22 15:12:31"
"5ef4d8b87faaa00c0dea0c4e",,"0","10","15","2","5","5","1","0","1017","1567","1","0","1","4","0.12","0.88","0","0",,,"1","15","2024-02-22 15:12:34"
"5ef4d8b87faaa00c0dea0c4e",,"0","11","5","2","5","5","0","1","950","1516","0","1","1","2","0.22","0.45","0","0",,,"1","20","2024-02-22 15:12:37"
"5ef4d8b87faaa00c0dea0c4e",,"0","12","2","2","5","5","0","1","1050","1684","0","1","1","2","0.22","0.37","0","0",,,"1","25","2024-02-22 15:12:40"
"5ef4d8b87faaa00c0dea0c4e",,"0","13","0","2","5","5","1","0","1033","1768","1","0","4","4","0.78","0.88","0","0",,,"1","30","2024-02-22 15:12:44"
"5ef4d8b87faaa00c0dea0c4e",,"0","14","9","2","5","5","1","0","967","1985","1","0","1","4","0.29","0.71","0","0",,,"1","35","2024-02-22 15:12:47"
"5ef4d8b87faaa00c0dea0c4e",,"0","15","13","2","5","5","0","1","550","1168","0","1","1","4","0.29","0.88","0","0",,,"1","40","2024-02-22 15:12:50"
"5ef4d8b87faaa00c0dea0c4e",,"0","16","0","2","5","5","0","1","851","1519","0","1","4","4","0.78","0.88","0","0",,,"1","45","2024-02-22 15:12:53"
"5ef4d8b87faaa00c0dea0c4e",,"0","17","8","2","5","5","1","0","799","1567","1","0","1","2","0.12","0.45","0","0",,,"0","45","2024-02-22 15:12:56"
"5ef4d8b87faaa00c0dea0c4e",,"0","18","9","2","5","5","0","1","617","1151","0","1","1","4","0.29","0.71","0","0",,,"1","50","2024-02-22 15:12:58"
"5ef4d8b87faaa00c0dea0c4e",,"0","19","11","2","5","5","1","0","766","1401","1","0","2","4","0.37","0.84","0","0",,,"1","55","2024-02-22 15:13:01"
"5ef4d8b87faaa00c0dea0c4e",,"0","20","10","2","5","5","0","1","583","1217","0","1","1","3","0.16","0.63","0","0",,,"0","55","2024-02-22 15:13:04"
"5ef4d8b87faaa00c0dea0c4e",,"0","21","9","2","5","5","0","1","668","1402","0","1","1","4","0.29","0.71","0","0",,,"1","60","2024-02-22 15:13:07"
"5ef4d8b87faaa00c0dea0c4e",,"0","22","0","2","5","5","0","1","849","1484","0","1","4","4","0.78","0.88","0","0",,,"1","65","2024-02-22 15:13:10"
"5ef4d8b87faaa00c0dea0c4e",,"0","23","6","2","5","5","1","0","749","1434","1","0","2","3","0.37","0.63","0","0",,,"1","70","2024-02-22 15:13:13"
"5ef4d8b87faaa00c0dea0c4e",,"0","24","6","2","5","5","1","0","700","1334","1","0","2","3","0.37","0.63","0","0",,,"1","75","2024-02-22 15:13:16"
"5ef4d8b87faaa00c0dea0c4e",,"0","25","5","2","5","5","1","0","683","1351","1","0","1","2","0.22","0.45","0","0",,,"0","75","2024-02-22 15:13:18"
"5ef4d8b87faaa00c0dea0c4e",,"0","26","10","2","5","5","1","0","767","1419","1","0","1","3","0.16","0.63","0","0",,,"0","75","2024-02-22 15:13:21"
"5ef4d8b87faaa00c0dea0c4e",,"0","27","15","2","5","5","1","0","767","1385","1","0","1","4","0.12","0.88","0","0",,,"1","80","2024-02-22 15:13:24"
"5ef4d8b87faaa00c0dea0c4e",,"0","28","3","2","5","5","0","1","883","1484","0","1","3","4","0.63","0.78","0","0",,,"0","80","2024-02-22 15:13:27"
"5ef4d8b87faaa00c0dea0c4e",,"0","29","1","2","5","5","0","1","1266","1734","0","1","1","1","0.12","0.22","0","0",,,"1","85","2024-02-22 15:13:31"
"5ef4d8b87faaa00c0dea0c4e",,"0","30","3","2","5","5","0","1","1150","1650","0","1","3","4","0.63","0.78","0","0",,,"1","90","2024-02-22 15:13:34"
"5ef4d8b87faaa00c0dea0c4e",,"0","31","4","2","5","5","1","0","783","1367","1","0","3","4","0.55","0.78","0","0",,,"1","95","2024-02-22 15:13:37"
"5ef4d8b87faaa00c0dea0c4e",,"0","32","4","2","5","5","1","0","650","1300","1","0","3","4","0.55","0.78","0","0",,,"1","100","2024-02-22 15:13:39"
"5ef4d8b87faaa00c0dea0c4e",,"0","33","4","2","5","5","0","1","749","1333","0","1","3","4","0.55","0.78","0","0",,,"1","105","2024-02-22 15:13:42"
"5ef4d8b87faaa00c0dea0c4e",,"0","34","15","2","5","5","0","1","583","1151","0","1","1","4","0.12","0.88","0","0",,,"1","110","2024-02-22 15:13:45"
"5ef4d8b87faaa00c0dea0c4e",,"0","35","0","2","5","5","1","0","618","1118","1","0","4","4","0.78","0.88","0","0",,,"0","110","2024-02-22 15:13:47"
"5ef4d8b87faaa00c0dea0c4e",,"0","36","10","2","5","5","0","1","566","1151","0","1","1","3","0.16","0.63","0","0",,,"1","115","2024-02-22 15:13:50"
"5ef4d8b87faaa00c0dea0c4e",,"0","37","6","2","5","5","1","0","703","1151","1","0","2","3","0.37","0.63","0","0",,,"1","120","2024-02-22 15:13:53"
"5ef4d8b87faaa00c0dea0c4e",,"0","38","10","2","5","5","0","1","549","1050","0","1","1","3","0.16","0.63","0","0",,,"0","120","2024-02-22 15:13:56"
"5ef4d8b87faaa00c0dea0c4e",,"0","39","2","2","5","5","1","0","583","1066","1","0","1","2","0.22","0.37","0","0",,,"1","125","2024-02-22 15:13:58"
"5ef4d8b87faaa00c0dea0c4e",,"0","40","8","2","5","5","0","1","500","1050","0","1","1","2","0.12","0.45","0","0",,,"0","125","2024-02-22 15:14:01"
"5ef4d8b87faaa00c0dea0c4e",,"0","41","8","2","5","5","1","0","583","1134","1","0","1","2","0.12","0.45","0","0",,,"0","125","2024-02-22 15:14:04"
"5ef4d8b87faaa00c0dea0c4e",,"0","42","7","2","5","5","0","1","599","1167","0","1","3","4","0.55","0.88","0","0",,,"1","130","2024-02-22 15:14:07"
"5ef4d8b87faaa00c0dea0c4e",,"0","43","7","2","5","5","0","1","601","1218","0","1","3","4","0.55","0.88","0","0",,,"1","135","2024-02-22 15:14:09"
"5ef4d8b87faaa00c0dea0c4e",,"0","44","4","2","5","5","0","1","749","1317","0","1","3","4","0.55","0.78","0","0",,,"0","135","2024-02-22 15:14:12"
"5ef4d8b87faaa00c0dea0c4e",,"0","45","14","2","5","5","0","1","650","1234","0","1","1","4","0.16","0.84","0","0",,,"1","140","2024-02-22 15:14:15"
"5ef4d8b87faaa00c0dea0c4e",,"0","46","9","2","5","5","1","0","617","1184","1","0","1","4","0.29","0.71","0","0",,,"1","145","2024-02-22 15:14:18"
"5ef4d8b87faaa00c0dea0c4e",,"0","47","5","2","5","5","0","1","583","1200","0","1","1","2","0.22","0.45","0","0",,,"0","145","2024-02-22 15:14:20"
"5ef4d8b87faaa00c0dea0c4e",,"0","48","7","2","5","5","0","1","1083","1568","0","1","3","4","0.55","0.88","0","0",,,"1","150","2024-02-22 15:14:24"
"5ef4d8b87faaa00c0dea0c4e",,"0","49","11","2","5","5","1","0","1050","1518","1","0","2","4","0.37","0.84","0","0",,,"1","155","2024-02-22 15:14:26"
"5ef4d8b87faaa00c0dea0c4e",,"0","50","1","2","5","5","1","0","683","1468","1","0","1","1","0.12","0.22","0","0",,,"1","160","2024-02-22 15:14:30"
"5ef4d8b87faaa00c0dea0c4e",,"0","51","12","2","5","5","1","0","984","1452","1","0","1","4","0.12","0.71","0","0",,,"1","165","2024-02-22 15:14:32"
"5ef4d8b87faaa00c0dea0c4e",,"0","52","13","2","5","5","0","1","600","1201","0","1","1","4","0.29","0.88","0","0",,,"1","170","2024-02-22 15:14:35"
"5ef4d8b87faaa00c0dea0c4e",,"0","53","8","2","5","5","1","0","618","1202","1","0","1","2","0.12","0.45","0","0",,,"0","170","2024-02-22 15:14:38"
"5ef4d8b87faaa00c0dea0c4e",,"0","54","1","1","5","5","1","1","1268","1751","1","0","1","1","0.12","0.22","0","0",,,"0","170","2024-02-22 15:14:41"
"5ef4d8b87faaa00c0dea0c4e",,"0","55","11","2","5","5","1","0","833","1301","1","0","2","4","0.37","0.84","0","0",,,"1","175","2024-02-22 15:14:44"
"5ef4d8b87faaa00c0dea0c4e",,"0","56","13","2","5","5","1","0","683","1267","1","0","1","4","0.29","0.88","0","0",,,"0","175","2024-02-22 15:14:47"
"5ef4d8b87faaa00c0dea0c4e",,"0","57","14","1","5","5","0","0","967","1552","0","1","1","4","0.16","0.84","0","0",,,"0","175","2024-02-22 15:14:50"
"5ef4d8b87faaa00c0dea0c4e",,"0","58","3","2","5","5","1","0","666","1135","1","0","3","4","0.63","0.78","0","0",,,"1","180","2024-02-22 15:14:53"
"5ef4d8b87faaa00c0dea0c4e",,"0","59","12","2","5","5","1","0","668","1184","1","0","1","4","0.12","0.71","0","0",,,"1","185","2024-02-22 15:14:55"
"5ef4d8b87faaa00c0dea0c4e",,"0","60","11","2","5","5","0","1","716","1267","0","1","2","4","0.37","0.84","0","0",,,"1","190","2024-02-22 15:14:58"
"5ef4d8b87faaa00c0dea0c4e",,"0","61","14","2","5","5","0","1","651","1217","0","1","1","4","0.16","0.84","0","0",,,"1","195","2024-02-22 15:15:01"
"5ef4d8b87faaa00c0dea0c4e",,"0","62","2","2","5","5","1","0","633","1284","1","0","1","2","0.22","0.37","0","0",,,"0","195","2024-02-22 15:15:04"
"5ef4d8b87faaa00c0dea0c4e",,"0","63","6","2","5","5","1","0","933","1551","1","0","2","3","0.37","0.63","0","0",,,"1","200","2024-02-22 15:15:07"
"5ef4d8b87faaa00c0dea0c4e",,"1","0","11","2","5","5","0","1","933","1684","1","1","2","4","0.37","0.84","0","0",,,"1","5","2024-02-22 15:15:45"
"5ef4d8b87faaa00c0dea0c4e",,"1","1","15","2","5","5","1","0","500","1033","1","0","1","4","0.12","0.88","0","0",,,"1","10","2024-02-22 15:15:48"
"5ef4d8b87faaa00c0dea0c4e",,"1","2","9","2","5","5","1","0","701","1201","1","0","1","4","0.29","0.71","0","0",,,"0","10","2024-02-22 15:15:50"
"5ef4d8b87faaa00c0dea0c4e",,"1","3","14","2","5","5","1","0","718","1268","1","0","1","4","0.16","0.84","0","0",,,"1","15","2024-02-22 15:15:53"
"5ef4d8b87faaa00c0dea0c4e",,"1","4","3","2","5","5","0","1","966","1401","0","1","3","4","0.63","0.78","0","0",,,"1","20","2024-02-22 15:15:56"
"5ef4d8b87faaa00c0dea0c4e",,"1","5","0","2","5","5","1","0","701","1168","1","0","4","4","0.78","0.88","0","0",,,"1","25","2024-02-22 15:15:59"
"5ef4d8b87faaa00c0dea0c4e",,"1","6","0","2","5","5","0","1","683","1217","0","1","4","4","0.78","0.88","0","0",,,"1","30","2024-02-22 15:16:02"
"5ef4d8b87faaa00c0dea0c4e",,"1","7","5","2","5","5","0","1","883","1334","0","1","1","2","0.22","0.45","0","0",,,"0","30","2024-02-22 15:16:04"
"5ef4d8b87faaa00c0dea0c4e",,"1","8","6","2","5","5","0","1","967","1419","0","1","2","3","0.37","0.63","0","0",,,"1","35","2024-02-22 15:16:07"
"5ef4d8b87faaa00c0dea0c4e",,"1","9","4","2","5","5","0","1","768","1335","0","1","3","4","0.55","0.78","0","0",,,"1","40","2024-02-22 15:16:10"
"5ef4d8b87faaa00c0dea0c4e",,"1","10","5","2","5","5","0","1","1100","1550","0","1","1","2","0.22","0.45","0","0",,,"1","45","2024-02-22 15:16:13"
"5ef4d8b87faaa00c0dea0c4e",,"1","11","1","1","5","5","1","1","1267","1768","1","0","1","1","0.12","0.22","0","0",,,"0","45","2024-02-22 15:16:17"
"5ef4d8b87faaa00c0dea0c4e",,"1","12","2","1","5","5","1","1","1251","1652","1","0","1","2","0.22","0.37","0","0",,,"0","45","2024-02-22 15:16:20"
"5ef4d8b87faaa00c0dea0c4e",,"1","13","14","2","5","5","0","1","717","1184","0","1","1","4","0.16","0.84","0","0",,,"1","50","2024-02-22 15:16:23"
"5ef4d8b87faaa00c0dea0c4e",,"1","14","0","2","5","5","1","0","750","1249","1","0","4","4","0.78","0.88","0","0",,,"1","55","2024-02-22 15:16:25"
"5ef4d8b87faaa00c0dea0c4e",,"1","15","12","2","5","5","0","1","566","1134","0","1","1","4","0.12","0.71","0","0",,,"1","60","2024-02-22 15:16:28"
"5ef4d8b87faaa00c0dea0c4e",,"1","16","2","2","5","5","1","0","1201","1752","1","0","1","2","0.22","0.37","0","0",,,"0","60","2024-02-22 15:16:31"
"5ef4d8b87faaa00c0dea0c4e",,"1","17","8","1","5","5","0","0","1350","1767","0","1","1","2","0.12","0.45","0","0",,,"0","60","2024-02-22 15:16:34"
"5ef4d8b87faaa00c0dea0c4e",,"1","18","10","2","5","5","0","1","883","1267","0","1","1","3","0.16","0.63","0","0",,,"1","65","2024-02-22 15:16:37"
"5ef4d8b87faaa00c0dea0c4e",,"1","19","8","2","5","5","0","1","766","1367","0","1","1","2","0.12","0.45","0","0",,,"1","70","2024-02-22 15:16:40"
"5ef4d8b87faaa00c0dea0c4e",,"1","20","13","2","5","5","1","0","884","1317","1","0","1","4","0.29","0.88","0","0",,,"1","75","2024-02-22 15:16:43"
"5ef4d8b87faaa00c0dea0c4e",,"1","21","13","2","5","5","1","0","751","1284","1","0","1","4","0.29","0.88","0","0",,,"1","80","2024-02-22 15:16:46"
"5ef4d8b87faaa00c0dea0c4e",,"1","22","6","2","5","5","0","1","568","1134","0","1","2","3","0.37","0.63","0","0",,,"0","80","2024-02-22 15:16:48"
"5ef4d8b87faaa00c0dea0c4e",,"1","23","2","2","5","5","0","1","1067","1568","0","1","1","2","0.22","0.37","0","0",,,"1","85","2024-02-22 15:16:52"
"5ef4d8b87faaa00c0dea0c4e",,"1","24","10","2","5","5","1","0","666","1117","1","0","1","3","0.16","0.63","0","0",,,"1","90","2024-02-22 15:16:54"
"5ef4d8b87faaa00c0dea0c4e",,"1","25","4","2","5","5","1","0","783","1267","1","0","3","4","0.55","0.78","0","0",,,"1","95","2024-02-22 15:16:57"
"5ef4d8b87faaa00c0dea0c4e",,"1","26","12","2","5","5","1","0","666","1151","1","0","1","4","0.12","0.71","0","0",,,"1","100","2024-02-22 15:17:00"
"5ef4d8b87faaa00c0dea0c4e",,"1","27","3","2","5","5","1","0","700","1252","1","0","3","4","0.63","0.78","0","0",,,"1","105","2024-02-22 15:17:02"
"5ef4d8b87faaa00c0dea0c4e",,"1","28","7","2","5","5","0","1","817","1301","0","1","3","4","0.55","0.88","0","0",,,"1","110","2024-02-22 15:17:05"
"5ef4d8b87faaa00c0dea0c4e",,"1","29","11","2","5","5","0","1","917","1367","0","1","2","4","0.37","0.84","0","0",,,"1","115","2024-02-22 15:17:08"
"5ef4d8b87faaa00c0dea0c4e",,"1","30","1","1","5","5","0","0","868","1886","1","1","1","1","0.12","0.22","0","0",,,"0","115","2024-02-22 15:17:11"
"5ef4d8b87faaa00c0dea0c4e",,"1","31","3","2","5","5","1","0","867","1417","1","0","3","4","0.63","0.78","0","0",,,"1","120","2024-02-22 15:17:14"
"5ef4d8b87faaa00c0dea0c4e",,"1","32","2","2","5","5","1","0","649","1517","1","0","1","2","0.22","0.37","0","0",,,"1","125","2024-02-22 15:17:17"
"5ef4d8b87faaa00c0dea0c4e",,"1","33","8","2","5","5","0","1","1216","1635","0","1","1","2","0.12","0.45","0","0",,,"0","125","2024-02-22 15:17:20"
"5ef4d8b87faaa00c0dea0c4e",,"1","34","9","2","5","5","1","0","634","1051","1","0","1","4","0.29","0.71","0","0",,,"0","125","2024-02-22 15:17:23"
"5ef4d8b87faaa00c0dea0c4e",,"1","35","13","2","5","5","1","0","784","1216","1","0","1","4","0.29","0.88","0","0",,,"1","130","2024-02-22 15:17:26"
"5ef4d8b87faaa00c0dea0c4e",,"1","36","5","1","5","5","0","0","1100","1501","0","1","1","2","0.22","0.45","0","0",,,"0","130","2024-02-22 15:17:29"
"5ef4d8b87faaa00c0dea0c4e",,"1","37","1","1","5","5","0","0","1018","1469","0","1","1","1","0.12","0.22","0","0",,,"0","130","2024-02-22 15:17:32"
"5ef4d8b87faaa00c0dea0c4e",,"1","38","12","2","5","5","0","1","766","1234","0","1","1","4","0.12","0.71","0","0",,,"1","135","2024-02-22 15:17:35"
"5b33a01fa8327d0001003821",,"0","0","4","0","0","0","0","0","2797","0","1","0","3","4","0.55","0.78","0","0",,,"0","0","2024-02-22 15:17:36"
"5ef4d8b87faaa00c0dea0c4e",,"1","39","13","2","5","5","1","0","600","1050","1","0","1","4","0.29","0.88","0","0",,,"1","140","2024-02-22 15:17:37"
"5ef4d8b87faaa00c0dea0c4e",,"1","40","14","2","5","5","1","0","816","1267","1","0","1","4","0.16","0.84","0","0",,,"1","145","2024-02-22 15:17:40"
"5b33a01fa8327d0001003821",,"0","1","5","2","5","5","0","1","646","1900","0","1","1","2","0.22","0.45","0","0",,,"0","0","2024-02-22 15:17:41"
"5ef4d8b87faaa00c0dea0c4e",,"1","41","7","2","5","5","1","0","684","1234","1","0","3","4","0.55","0.88","0","0",,,"0","145","2024-02-22 15:17:43"
"5ef4d8b87faaa00c0dea0c4e",,"1","42","4","2","5","5","1","0","700","1217","1","0","3","4","0.55","0.78","0","0",,,"1","150","2024-02-22 15:17:46"
"5b33a01fa8327d0001003821",,"0","2","5","1","5","5","1","1","1048","2751","1","0","1","2","0.22","0.45","0","0",,,"0","0","2024-02-22 15:17:49"
"5ef4d8b87faaa00c0dea0c4e",,"1","43","5","1","5","5","0","0","566","1951","1","1","1","2","0.22","0.45","0","0",,,"0","150","2024-02-22 15:17:49"
"5ef4d8b87faaa00c0dea0c4e",,"1","44","10","2","5","5","1","0","800","1518","1","0","1","3","0.16","0.63","0","0",,,"0","150","2024-02-22 15:17:52"
"5ef4d8b87faaa00c0dea0c4e",,"1","45","15","2","5","5","1","0","717","1169","1","0","1","4","0.12","0.88","0","0",,,"1","155","2024-02-22 15:17:55"
"5b33a01fa8327d0001003821",,"0","3","10","1","5","5","0","0","1042","2782","0","1","1","3","0.16","0.63","0","0",,,"0","0","2024-02-22 15:17:56"
"5ef4d8b87faaa00c0dea0c4e",,"1","46","14","2","5","5","0","1","901","1385","0","1","1","4","0.16","0.84","0","0",,,"1","160","2024-02-22 15:17:58"
"5ef4d8b87faaa00c0dea0c4e",,"1","47","0","2","5","5","1","0","767","1217","1","0","4","4","0.78","0.88","0","0",,,"1","165","2024-02-22 15:18:01"
"5b33a01fa8327d0001003821",,"0","4","12","0","5","5","0","1","1518","0","1","0","1","4","0.12","0.71","0","0",,,"0","0","2024-02-22 15:18:03"
"5ef4d8b87faaa00c0dea0c4e",,"1","48","6","2","5","5","0","1","651","1418","0","1","2","3","0.37","0.63","0","0",,,"1","170","2024-02-22 15:18:04"
"5ef4d8b87faaa00c0dea0c4e",,"1","49","15","2","5","5","0","1","849","1267","0","1","1","4","0.12","0.88","0","0",,,"0","170","2024-02-22 15:18:06"
"5b33a01fa8327d0001003821",,"0","5","4","2","5","5","0","1","1931","2768","0","1","3","4","0.55","0.78","0","0",,,"0","0","2024-02-22 15:18:09"
"5ef4d8b87faaa00c0dea0c4e",,"1","50","8","2","5","5","0","1","967","1418","0","1","1","2","0.12","0.45","0","0",,,"0","170","2024-02-22 15:18:09"
"5ef4d8b87faaa00c0dea0c4e",,"1","51","11","2","5","5","0","1","783","1150","0","1","2","4","0.37","0.84","0","0",,,"1","175","2024-02-22 15:18:12"
"5ef4d8b87faaa00c0dea0c4e",,"1","52","1","1","5","5","1","1","1468","1969","1","0","1","1","0.12","0.22","0","0",,,"0","175","2024-02-22 15:18:16"
"5b33a01fa8327d0001003821",,"0","6","14","2","5","5","1","0","1893","2720","1","0","1","4","0.16","0.84","0","0",,,"1","5","2024-02-22 15:18:16"
"5ef4d8b87faaa00c0dea0c4e",,"1","53","11","2","5","5","1","0","1149","1551","1","0","2","4","0.37","0.84","0","0",,,"1","180","2024-02-22 15:18:19"
"5ef4d8b87faaa00c0dea0c4e",,"1","54","15","2","5","5","0","1","816","1167","0","1","1","4","0.12","0.88","0","0",,,"0","180","2024-02-22 15:18:21"
"5b33a01fa8327d0001003821",,"0","7","7","2","5","5","1","0","1910","2861","1","0","3","4","0.55","0.88","0","0",,,"1","10","2024-02-22 15:18:22"
"5ef4d8b87faaa00c0dea0c4e",,"1","55","9","2","5","5","1","0","501","950","1","0","1","4","0.29","0.71","0","0",,,"1","185","2024-02-22 15:18:24"
"5ef4d8b87faaa00c0dea0c4e",,"1","56","4","2","5","5","1","0","817","1317","1","0","3","4","0.55","0.78","0","0",,,"0","185","2024-02-22 15:18:27"
"5b33a01fa8327d0001003821",,"0","8","9","2","5","5","0","1","1525","2386","0","1","1","4","0.29","0.71","0","0",,,"1","15","2024-02-22 15:18:27"
"5ef4d8b87faaa00c0dea0c4e",,"1","57","9","2","5","5","0","1","767","1217","0","1","1","4","0.29","0.71","0","0",,,"0","185","2024-02-22 15:18:30"
"5ef4d8b87faaa00c0dea0c4e",,"1","58","3","1","5","5","1","1","1200","1651","1","0","3","4","0.63","0.78","0","0",,,"1","190","2024-02-22 15:18:33"
"5b33a01fa8327d0001003821",,"0","9","6","2","5","5","0","1","1095","2480","0","1","2","3","0.37","0.63","0","0",,,"1","20","2024-02-22 15:18:33"
"5ef4d8b87faaa00c0dea0c4e",,"1","59","12","1","5","5","0","0","783","1233","0","1","1","4","0.12","0.71","0","0",,,"0","190","2024-02-22 15:18:36"
"5ef4d8b87faaa00c0dea0c4e",,"1","60","6","2","5","5","1","0","549","950","1","0","2","3","0.37","0.63","0","0",,,"1","195","2024-02-22 15:18:38"
"5b33a01fa8327d0001003821",,"0","10","7","2","5","5","1","0","1386","2286","1","0","3","4","0.55","0.88","0","0",,,"1","25","2024-02-22 15:18:39"
"5ef4d8b87faaa00c0dea0c4e",,"1","61","10","2","5","5","0","1","868","1268","0","1","1","3","0.16","0.63","0","0",,,"0","195","2024-02-22 15:18:41"
"5ef4d8b87faaa00c0dea0c4e",,"1","62","7","2","5","5","0","1","766","1167","0","1","3","4","0.55","0.88","0","0",,,"1","200","2024-02-22 15:18:44"
"5b33a01fa8327d0001003821",,"0","11","3","1","5","5","0","0","1124","1991","0","1","3","4","0.63","0.78","0","0",,,"1","30","2024-02-22 15:18:45"
"5ef4d8b87faaa00c0dea0c4e",,"1","63","7","2","5","5","0","1","816","1200","0","1","3","4","0.55","0.88","0","0",,,"0","200","2024-02-22 15:18:47"
"5b33a01fa8327d0001003821",,"0","12","6","1","5","5","1","1","2007","2905","1","0","2","3","0.37","0.63","0","0",,,"0","30","2024-02-22 15:18:51"
"5b33a01fa8327d0001003821",,"0","13","2","2","5","5","0","1","0","1061","0","1","1","2","0.22","0.37","0","0",,,"0","30","2024-02-22 15:18:56"
"5b33a01fa8327d0001003821",,"0","14","0","2","5","5","1","0","906","1795","1","0","4","4","0.78","0.88","0","0",,,"1","35","2024-02-22 15:19:04"
"5b33a01fa8327d0001003821",,"0","15","11","2","5","5","1","0","1044","2035","1","0","2","4","0.37","0.84","0","0",,,"1","40","2024-02-22 15:19:09"
"5b33a01fa8327d0001003821",,"0","16","8","1","5","5","1","1","963","1848","1","0","1","2","0.12","0.45","0","0",,,"1","45","2024-02-22 15:19:15"
"5b33a01fa8327d0001003821",,"0","17","6","1","5","5","0","0","1539","2433","0","1","2","3","0.37","0.63","0","0",,,"1","50","2024-02-22 15:19:21"
"5b33a01fa8327d0001003821",,"0","18","10","2","5","5","0","1","923","1867","0","1","1","3","0.16","0.63","0","0",,,"1","55","2024-02-22 15:19:26"
"5ef4d8b87faaa00c0dea0c4e",,"2","0","12","2","5","5","0","1","699","1100","0","1","1","4","0.12","0.71","0","0",,,"1","5","2024-02-22 15:19:28"
"5ef4d8b87faaa00c0dea0c4e",,"2","1","1","2","5","5","0","1","1533","1918","0","1","1","1","0.12","0.22","0","0",,,"0","5","2024-02-22 15:19:31"
"5b33a01fa8327d0001003821",,"0","19","10","2","5","5","0","1","1118","1995","0","1","1","3","0.16","0.63","0","0",,,"1","60","2024-02-22 15:19:33"
"5ef4d8b87faaa00c0dea0c4e",,"2","2","10","2","5","5","1","0","766","1584","1","0","1","3","0.16","0.63","0","0",,,"0","5","2024-02-22 15:19:34"
"5ef4d8b87faaa00c0dea0c4e",,"2","3","2","2","5","5","1","0","650","1167","1","0","1","2","0.22","0.37","0","0",,,"0","5","2024-02-22 15:19:37"
"5b33a01fa8327d0001003821",,"0","20","10","2","5","5","0","1","988","1873","0","1","1","3","0.16","0.63","0","0",,,"0","60","2024-02-22 15:19:39"
"5ef4d8b87faaa00c0dea0c4e",,"2","4","4","2","5","5","1","0","1234","1667","1","0","3","4","0.55","0.78","0","0",,,"0","5","2024-02-22 15:19:40"
"5ef4d8b87faaa00c0dea0c4e",,"2","5","14","2","5","5","0","1","682","1084","0","1","1","4","0.16","0.84","0","0",,,"0","5","2024-02-22 15:19:43"
"5ef4d8b87faaa00c0dea0c4e",,"2","6","9","1","5","5","1","1","584","1184","1","0","1","4","0.29","0.71","0","0",,,"0","5","2024-02-22 15:19:46"
"5b33a01fa8327d0001003821",,"0","21","13","2","5","5","1","0","1517","2383","1","0","1","4","0.29","0.88","0","0",,,"1","65","2024-02-22 15:19:46"
"5ef4d8b87faaa00c0dea0c4e",,"2","7","8","1","5","5","0","0","766","1185","0","1","1","2","0.12","0.45","0","0",,,"0","5","2024-02-22 15:19:49"
"5ef4d8b87faaa00c0dea0c4e",,"2","8","13","2","5","5","0","1","1034","1367","0","1","1","4","0.29","0.88","0","0",,,"0","5","2024-02-22 15:19:52"
"5b33a01fa8327d0001003821",,"0","22","12","1","5","5","1","1","1572","2476","1","0","1","4","0.12","0.71","0","0",,,"0","65","2024-02-22 15:19:52"
"5ef4d8b87faaa00c0dea0c4e",,"2","9","3","1","5","5","1","1","667","1151","1","0","3","4","0.63","0.78","0","0",,,"0","5","2024-02-22 15:19:55"
"5ef4d8b87faaa00c0dea0c4e",,"2","10","9","1","5","5","0","0","483","866","0","1","1","4","0.29","0.71","0","0",,,"0","5","2024-02-22 15:19:57"
"5b33a01fa8327d0001003821",,"0","23","8","2","5","5","1","0","1360","2257","1","0","1","2","0.12","0.45","0","0",,,"1","70","2024-02-22 15:19:59"
"5ef4d8b87faaa00c0dea0c4e",,"2","11","15","2","5","5","0","1","583","984","0","1","1","4","0.12","0.88","0","0",,,"0","5","2024-02-22 15:20:00"
"5ef4d8b87faaa00c0dea0c4e",,"2","12","2","2","5","5","0","1","1268","1601","0","1","1","2","0.22","0.37","0","0",,,"0","5","2024-02-22 15:20:03"
"5b33a01fa8327d0001003821",,"0","24","0","2","5","5","0","1","1082","2031","0","1","4","4","0.78","0.88","0","0",,,"1","75","2024-02-22 15:20:04"
"5ef4d8b87faaa00c0dea0c4e",,"2","13","5","2","5","5","1","0","499","917","1","0","1","2","0.22","0.45","0","0",,,"0","5","2024-02-22 15:20:06"
"5ef4d8b87faaa00c0dea0c4e",,"2","14","10","2","5","5","1","0","884","1317","1","0","1","3","0.16","0.63","0","0",,,"0","5","2024-02-22 15:20:09"
"5b33a01fa8327d0001003821",,"0","25","14","2","5","5","1","0","1437","2338","1","0","1","4","0.16","0.84","0","0",,,"1","80","2024-02-22 15:20:11"
"5ef4d8b87faaa00c0dea0c4e",,"2","15","5","1","5","5","0","0","749","1201","0","1","1","2","0.22","0.45","0","0",,,"0","5","2024-02-22 15:20:11"
"5ef4d8b87faaa00c0dea0c4e",,"2","16","10","1","5","5","1","1","733","1167","1","0","1","3","0.16","0.63","0","0",,,"0","5","2024-02-22 15:20:14"
"5b33a01fa8327d0001003821",,"0","26","0","1","5","5","1","1","1999","2868","1","0","4","4","0.78","0.88","0","0",,,"0","80","2024-02-22 15:20:17"
"5ef4d8b87faaa00c0dea0c4e",,"2","17","2","1","5","5","0","0","633","1034","0","1","1","2","0.22","0.37","0","0",,,"0","5","2024-02-22 15:20:17"
"5ef4d8b87faaa00c0dea0c4e",,"2","18","14","2","5","5","1","0","717","1250","1","0","1","4","0.16","0.84","0","0",,,"1","10","2024-02-22 15:20:20"
"5ef4d8b87faaa00c0dea0c4e",,"2","19","4","2","5","5","1","0","483","1083","1","0","3","4","0.55","0.78","0","0",,,"1","15","2024-02-22 15:20:23"
"5b33a01fa8327d0001003821",,"0","27","15","2","5","5","1","0","1091","1994","1","0","1","4","0.12","0.88","0","0",,,"1","85","2024-02-22 15:20:23"
"5ef4d8b87faaa00c0dea0c4e",,"2","20","4","2","5","5","1","0","583","1033","1","0","3","4","0.55","0.78","0","0",,,"1","20","2024-02-22 15:20:25"
"5ef4d8b87faaa00c0dea0c4e",,"2","21","12","2","5","5","0","1","583","966","0","1","1","4","0.12","0.71","0","0",,,"1","25","2024-02-22 15:20:28"
"5b33a01fa8327d0001003821",,"0","28","13","2","5","5","1","0","1544","2483","1","0","1","4","0.29","0.88","0","0",,,"1","90","2024-02-22 15:20:28"
"5ef4d8b87faaa00c0dea0c4e",,"2","22","4","2","5","5","1","0","683","1083","1","0","3","4","0.55","0.78","0","0",,,"1","30","2024-02-22 15:20:30"
"5ef4d8b87faaa00c0dea0c4e",,"2","23","8","2","5","5","1","0","667","1151","1","0","1","2","0.12","0.45","0","0",,,"0","30","2024-02-22 15:20:33"
"5b33a01fa8327d0001003821",,"0","29","1","1","5","5","1","1","1527","2430","1","0","1","1","0.12","0.22","0","0",,,"1","95","2024-02-22 15:20:34"
"5ef4d8b87faaa00c0dea0c4e",,"2","24","3","2","5","5","1","0","950","1352","1","0","3","4","0.63","0.78","0","0",,,"1","35","2024-02-22 15:20:36"
"5ef4d8b87faaa00c0dea0c4e",,"2","25","0","2","5","5","0","1","800","1433","0","1","4","4","0.78","0.88","0","0",,,"1","40","2024-02-22 15:20:39"
"5b33a01fa8327d0001003821",,"0","30","2","2","5","5","1","0","899","1837","1","0","1","2","0.22","0.37","0","0",,,"0","95","2024-02-22 15:20:39"
"5ef4d8b87faaa00c0dea0c4e",,"2","26","3","2","5","5","0","1","1216","1600","0","1","3","4","0.63","0.78","0","0",,,"1","45","2024-02-22 15:20:42"
"5ef4d8b87faaa00c0dea0c4e",,"2","27","5","2","5","5","1","0","550","949","1","0","1","2","0.22","0.45","0","0",,,"0","45","2024-02-22 15:20:44"
"5b33a01fa8327d0001003821",,"0","31","15","1","5","5","1","1","1496","2358","1","0","1","4","0.12","0.88","0","0",,,"0","95","2024-02-22 15:20:45"
"5ef4d8b87faaa00c0dea0c4e",,"2","28","9","2","5","5","0","1","800","1251","0","1","1","4","0.29","0.71","0","0",,,"0","45","2024-02-22 15:20:47"
"5ef4d8b87faaa00c0dea0c4e",,"2","29","1","2","5","5","1","0","900","1334","1","0","1","1","0.12","0.22","0","0",,,"0","45","2024-02-22 15:20:50"
"5b33a01fa8327d0001003821",,"0","32","9","2","5","5","0","1","270","1541","0","1","1","4","0.29","0.71","0","0",,,"1","100","2024-02-22 15:20:51"
"5ef4d8b87faaa00c0dea0c4e",,"2","30","0","2","5","5","1","0","784","1234","1","0","4","4","0.78","0.88","0","0",,,"1","50","2024-02-22 15:20:53"
"5ef4d8b87faaa00c0dea0c4e",,"2","31","11","2","5","5","1","0","683","1184","1","0","2","4","0.37","0.84","0","0",,,"0","50","2024-02-22 15:20:56"
"5b33a01fa8327d0001003821",,"0","33","15","0","5","5","0","0","2265","0","1","0","1","4","0.12","0.88","0","0",,,"0","100","2024-02-22 15:20:58"
"5ef4d8b87faaa00c0dea0c4e",,"2","32","14","1","5","5","1","1","766","1368","1","0","1","4","0.16","0.84","0","0",,,"0","50","2024-02-22 15:20:59"
"5ef4d8b87faaa00c0dea0c4e",,"2","33","15","2","5","5","0","1","650","1000","0","1","1","4","0.12","0.88","0","0",,,"1","55","2024-02-22 15:21:01"
"5b33a01fa8327d0001003821",,"0","34","12","2","5","5","1","0","1911","2792","1","0","1","4","0.12","0.71","0","0",,,"0","100","2024-02-22 15:21:03"
"5ef4d8b87faaa00c0dea0c4e",,"2","34","1","2","5","5","0","1","1234","1634","0","1","1","1","0.12","0.22","0","0",,,"0","55","2024-02-22 15:21:04"
"5ef4d8b87faaa00c0dea0c4e",,"2","35","7","2","5","5","1","0","549","1017","1","0","3","4","0.55","0.88","0","0",,,"1","60","2024-02-22 15:21:07"
"5b33a01fa8327d0001003821",,"0","35","7","1","5","5","1","1","1562","2460","1","0","3","4","0.55","0.88","0","0",,,"1","105","2024-02-22 15:21:09"
"5ef4d8b87faaa00c0dea0c4e",,"2","36","3","2","5","5","0","1","1217","1717","0","1","3","4","0.63","0.78","0","0",,,"1","65","2024-02-22 15:21:10"
"5ef4d8b87faaa00c0dea0c4e",,"2","37","6","2","5","5","1","0","682","1100","1","0","2","3","0.37","0.63","0","0",,,"0","65","2024-02-22 15:21:13"
"5b33a01fa8327d0001003821",,"0","36","3","1","5","5","1","1","1133","1998","1","0","3","4","0.63","0.78","0","0",,,"0","105","2024-02-22 15:21:15"
"5ef4d8b87faaa00c0dea0c4e",,"2","38","8","2","5","5","1","0","966","1366","1","0","1","2","0.12","0.45","0","0",,,"1","70","2024-02-22 15:21:16"
"5ef4d8b87faaa00c0dea0c4e",,"2","39","15","2","5","5","0","1","566","1017","0","1","1","4","0.12","0.88","0","0",,,"1","75","2024-02-22 15:21:19"
"5ef4d8b87faaa00c0dea0c4e",,"2","40","6","2","5","5","0","1","985","1468","0","1","2","3","0.37","0.63","0","0",,,"1","80","2024-02-22 15:21:21"
"5b33a01fa8327d0001003821",,"0","37","13","1","5","5","0","0","1088","1999","0","1","1","4","0.29","0.88","0","0",,,"0","105","2024-02-22 15:21:22"
"5ef4d8b87faaa00c0dea0c4e",,"2","41","6","2","5","5","0","1","817","1368","0","1","2","3","0.37","0.63","0","0",,,"0","80","2024-02-22 15:21:24"
"5ef4d8b87faaa00c0dea0c4e",,"2","42","8","2","5","5","0","1","850","1301","0","1","1","2","0.12","0.45","0","0",,,"1","85","2024-02-22 15:21:27"
"5b33a01fa8327d0001003821",,"0","38","4","1","5","5","1","1","1109","2006","1","0","3","4","0.55","0.78","0","0",,,"0","105","2024-02-22 15:21:28"
"5ef4d8b87faaa00c0dea0c4e",,"2","43","2","2","5","5","1","0","717","1184","1","0","1","2","0.22","0.37","0","0",,,"1","90","2024-02-22 15:21:30"
"5ef4d8b87faaa00c0dea0c4e",,"2","44","5","2","5","5","0","1","967","1451","0","1","1","2","0.22","0.45","0","0",,,"0","90","2024-02-22 15:21:33"
"5b33a01fa8327d0001003821",,"0","39","11","2","5","5","0","1","1079","1924","0","1","2","4","0.37","0.84","0","0",,,"0","105","2024-02-22 15:21:33"
"5ef4d8b87faaa00c0dea0c4e",,"2","45","9","2","5","5","0","1","801","1200","0","1","1","4","0.29","0.71","0","0",,,"0","90","2024-02-22 15:21:36"
"5ef4d8b87faaa00c0dea0c4e",,"2","46","11","2","5","5","1","0","733","1217","1","0","2","4","0.37","0.84","0","0",,,"1","95","2024-02-22 15:21:39"
"5b33a01fa8327d0001003821",,"0","40","12","2","5","5","0","1","1478","2350","0","1","1","4","0.12","0.71","0","0",,,"0","105","2024-02-22 15:21:39"
"5ef4d8b87faaa00c0dea0c4e",,"2","47","7","2","5","5","1","0","749","1117","1","0","3","4","0.55","0.88","0","0",,,"0","95","2024-02-22 15:21:41"
"5ef4d8b87faaa00c0dea0c4e",,"2","48","7","2","5","5","0","1","599","1000","0","1","3","4","0.55","0.88","0","0",,,"0","95","2024-02-22 15:21:44"
"5b33a01fa8327d0001003821",,"0","41","6","1","5","5","1","1","1130","1952","1","0","2","3","0.37","0.63","0","0",,,"1","110","2024-02-22 15:21:45"
"5ef4d8b87faaa00c0dea0c4e",,"2","49","1","2","5","5","0","1","1318","1685","0","1","1","1","0.12","0.22","0","0",,,"0","95","2024-02-22 15:21:47"
"5b33a01fa8327d0001003821",,"0","42","5","2","5","5","1","0","945","1860","1","0","1","2","0.22","0.45","0","0",,,"0","110","2024-02-22 15:21:51"
"5ef4d8b87faaa00c0dea0c4e",,"2","50","7","2","5","5","1","0","1034","2218","1","1","3","4","0.55","0.88","0","0",,,"1","100","2024-02-22 15:21:51"
"5ef4d8b87faaa00c0dea0c4e",,"2","51","6","2","5","5","1","0","667","1283","1","0","2","3","0.37","0.63","0","0",,,"1","105","2024-02-22 15:21:54"
"5b33a01fa8327d0001003821",,"0","43","3","2","5","5","1","0","682","1523","1","0","3","4","0.63","0.78","0","0",,,"1","115","2024-02-22 15:21:56"
"5ef4d8b87faaa00c0dea0c4e",,"2","52","14","2","5","5","1","0","666","1201","1","0","1","4","0.16","0.84","0","0",,,"1","110","2024-02-22 15:21:56"
"5ef4d8b87faaa00c0dea0c4e",,"2","53","10","2","5","5","1","0","750","1200","1","0","1","3","0.16","0.63","0","0",,,"0","110","2024-02-22 15:21:59"
"5b33a01fa8327d0001003821",,"0","44","14","1","5","5","1","1","1085","2049","1","0","1","4","0.16","0.84","0","0",,,"0","115","2024-02-22 15:22:02"
"5ef4d8b87faaa00c0dea0c4e",,"2","54","11","2","5","5","1","0","666","1151","1","0","2","4","0.37","0.84","0","0",,,"1","115","2024-02-22 15:22:02"
"5ef4d8b87faaa00c0dea0c4e",,"2","55","0","2","5","5","1","0","749","1183","1","0","4","4","0.78","0.88","0","0",,,"0","115","2024-02-22 15:22:05"
"5b33a01fa8327d0001003821",,"0","45","0","2","5","5","0","1","247","1544","0","1","4","4","0.78","0.88","0","0",,,"1","120","2024-02-22 15:22:07"
"5ef4d8b87faaa00c0dea0c4e",,"2","56","0","2","5","5","1","0","651","1134","1","0","4","4","0.78","0.88","0","0",,,"1","120","2024-02-22 15:22:07"
"5ef4d8b87faaa00c0dea0c4e",,"2","57","12","2","5","5","1","0","617","1067","1","0","1","4","0.12","0.71","0","0",,,"1","125","2024-02-22 15:22:10"
"5ef4d8b87faaa00c0dea0c4e",,"2","58","15","2","5","5","1","0","533","967","1","0","1","4","0.12","0.88","0","0",,,"1","130","2024-02-22 15:22:12"
"5b33a01fa8327d0001003821",,"0","46","9","2","5","5","0","1","1572","2473","0","1","1","4","0.29","0.71","0","0",,,"1","125","2024-02-22 15:22:13"
"5ef4d8b87faaa00c0dea0c4e",,"2","59","13","2","5","5","1","0","550","1034","1","0","1","4","0.29","0.88","0","0",,,"1","135","2024-02-22 15:22:15"
"5ef4d8b87faaa00c0dea0c4e",,"2","60","11","2","5","5","0","1","716","1134","0","1","2","4","0.37","0.84","0","0",,,"1","140","2024-02-22 15:22:18"
"5b33a01fa8327d0001003821",,"0","47","1","1","5","5","1","1","1526","2436","1","0","1","1","0.12","0.22","0","0",,,"1","130","2024-02-22 15:22:19"
"5ef4d8b87faaa00c0dea0c4e",,"2","61","12","2","5","5","0","1","750","1134","0","1","1","4","0.12","0.71","0","0",,,"1","145","2024-02-22 15:22:20"
"5ef4d8b87faaa00c0dea0c4e",,"2","62","13","2","5","5","0","1","533","883","0","1","1","4","0.29","0.88","0","0",,,"1","150","2024-02-22 15:22:23"
"5b33a01fa8327d0001003821",,"0","48","7","2","5","5","1","0","1343","2305","1","0","3","4","0.55","0.88","0","0",,,"1","135","2024-02-22 15:22:25"
"5ef4d8b87faaa00c0dea0c4e",,"2","63","13","2","5","5","0","1","566","883","0","1","1","4","0.29","0.88","0","0",,,"0","150","2024-02-22 15:22:25"
"5b33a01fa8327d0001003821",,"0","49","11","2","5","5","1","0","915","1840","1","0","2","4","0.37","0.84","0","0",,,"1","140","2024-02-22 15:22:30"
"5b33a01fa8327d0001003821",,"0","50","4","2","5","5","1","0","1374","2300","1","0","3","4","0.55","0.78","0","0",,,"1","145","2024-02-22 15:22:35"
"5b33a01fa8327d0001003821",,"0","51","8","1","5","5","1","1","1391","2323","1","0","1","2","0.12","0.45","0","0",,,"0","145","2024-02-22 15:22:41"
"5ef4d8b87faaa00c0dea0c4e",,"3","0","3","2","5","5","0","1","767","1184","0","1","3","4","0.63","0.78","0","0",,,"1","5","2024-02-22 15:22:46"
"5b33a01fa8327d0001003821",,"0","52","14","2","5","5","1","0","1485","2374","1","0","1","4","0.16","0.84","0","0",,,"0","145","2024-02-22 15:22:47"
"5ef4d8b87faaa00c0dea0c4e",,"3","1","8","2","5","5","1","0","550","1216","1","0","1","2","0.12","0.45","0","0",,,"1","10","2024-02-22 15:22:49"
"5ef4d8b87faaa00c0dea0c4e",,"3","2","15","2","5","5","1","0","551","1001","1","0","1","4","0.12","0.88","0","0",,,"1","15","2024-02-22 15:22:51"
"5b33a01fa8327d0001003821",,"0","53","1","1","5","5","1","1","1530","2421","1","0","1","1","0.12","0.22","0","0",,,"0","145","2024-02-22 15:22:53"
"5ef4d8b87faaa00c0dea0c4e",,"3","3","3","2","5","5","1","0","599","999","1","0","3","4","0.63","0.78","0","0",,,"1","20","2024-02-22 15:22:54"
"5ef4d8b87faaa00c0dea0c4e",,"3","4","6","2","5","5","0","1","851","1167","0","1","2","3","0.37","0.63","0","0",,,"0","20","2024-02-22 15:22:57"
"5ef4d8b87faaa00c0dea0c4e",,"3","5","11","2","5","5","1","0","450","751","1","0","2","4","0.37","0.84","0","0",,,"1","25","2024-02-22 15:22:59"
"5b33a01fa8327d0001003821",,"0","54","5","1","5","5","0","0","1126","2016","0","1","1","2","0.22","0.45","0","0",,,"0","145","2024-02-22 15:22:59"
"5ef4d8b87faaa00c0dea0c4e",,"3","6","4","2","5","5","0","1","568","901","0","1","3","4","0.55","0.78","0","0",,,"1","30","2024-02-22 15:23:01"
"5ef4d8b87faaa00c0dea0c4e",,"3","7","0","2","5","5","1","0","533","800","1","0","4","4","0.78","0.88","0","0",,,"1","35","2024-02-22 15:23:04"
"5b33a01fa8327d0001003821",,"0","55","11","1","5","5","1","1","1117","2010","1","0","2","4","0.37","0.84","0","0",,,"1","150","2024-02-22 15:23:05"
"5ef4d8b87faaa00c0dea0c4e",,"3","8","2","2","5","5","0","1","533","867","0","1","1","2","0.22","0.37","0","0",,,"1","40","2024-02-22 15:23:06"
"5ef4d8b87faaa00c0dea0c4e",,"3","9","1","2","5","5","1","0","733","1034","1","0","1","1","0.12","0.22","0","0",,,"0","40","2024-02-22 15:23:09"
"5b33a01fa8327d0001003821",,"0","56","8","1","5","5","0","0","1337","2277","0","1","1","2","0.12","0.45","0","0",,,"1","155","2024-02-22 15:23:11"
"5ef4d8b87faaa00c0dea0c4e",,"3","10","13","2","5","5","0","1","534","783","0","1","1","4","0.29","0.88","0","0",,,"1","45","2024-02-22 15:23:11"
"5ef4d8b87faaa00c0dea0c4e",,"3","11","14","2","5","5","1","0","483","700","1","0","1","4","0.16","0.84","0","0",,,"1","50","2024-02-22 15:23:14"
"5ef4d8b87faaa00c0dea0c4e",,"3","12","8","2","5","5","0","1","567","884","0","1","1","2","0.12","0.45","0","0",,,"1","55","2024-02-22 15:23:16"
"5b33a01fa8327d0001003821",,"0","57","2","1","5","5","1","1","1119","2042","1","0","1","2","0.22","0.37","0","0",,,"0","155","2024-02-22 15:23:17"
"5ef4d8b87faaa00c0dea0c4e",,"3","13","3","2","5","5","1","0","600","866","1","0","3","4","0.63","0.78","0","0",,,"1","60","2024-02-22 15:23:18"
"5ef4d8b87faaa00c0dea0c4e",,"3","14","7","2","5","5","1","0","483","834","1","0","3","4","0.55","0.88","0","0",,,"1","65","2024-02-22 15:23:21"
"5b33a01fa8327d0001003821",,"0","58","9","2","5","5","1","0","1135","2077","1","0","1","4","0.29","0.71","0","0",,,"0","155","2024-02-22 15:23:22"
"5ef4d8b87faaa00c0dea0c4e",,"3","15","2","2","5","5","1","0","533","850","1","0","1","2","0.22","0.37","0","0",,,"1","70","2024-02-22 15:23:23"
"5ef4d8b87faaa00c0dea0c4e",,"3","16","10","2","5","5","1","0","500","767","1","0","1","3","0.16","0.63","0","0",,,"1","75","2024-02-22 15:23:26"
"5b33a01fa8327d0001003821",,"0","59","2","2","5","5","1","0","1112","1981","1","0","1","2","0.22","0.37","0","0",,,"0","155","2024-02-22 15:23:28"
"5ef4d8b87faaa00c0dea0c4e",,"3","17","9","2","5","5","1","0","467","768","1","0","1","4","0.29","0.71","0","0",,,"1","80","2024-02-22 15:23:28"
"5ef4d8b87faaa00c0dea0c4e",,"3","18","0","2","5","5","1","0","500","766","1","0","4","4","0.78","0.88","0","0",,,"1","85","2024-02-22 15:23:30"
"5b33a01fa8327d0001003821",,"0","60","13","1","5","5","1","1","934","1845","1","0","1","4","0.29","0.88","0","0",,,"0","155","2024-02-22 15:23:33"
"5ef4d8b87faaa00c0dea0c4e",,"3","19","2","2","5","5","0","1","601","867","0","1","1","2","0.22","0.37","0","0",,,"0","85","2024-02-22 15:23:33"
"5ef4d8b87faaa00c0dea0c4e",,"3","20","5","2","5","5","0","1","684","1018","0","1","1","2","0.22","0.45","0","0",,,"0","85","2024-02-22 15:23:35"
"5ef4d8b87faaa00c0dea0c4e",,"3","21","1","2","5","5","1","0","584","950","1","0","1","1","0.12","0.22","0","0",,,"0","85","2024-02-22 15:23:38"
"5b33a01fa8327d0001003821",,"0","61","15","2","5","5","1","0","1403","2255","1","0","1","4","0.12","0.88","0","0",,,"1","160","2024-02-22 15:23:38"
"5ef4d8b87faaa00c0dea0c4e",,"3","22","8","2","5","5","1","0","817","1168","1","0","1","2","0.12","0.45","0","0",,,"1","90","2024-02-22 15:23:41"
"5ef4d8b87faaa00c0dea0c4e",,"3","23","15","2","5","5","0","1","716","1050","0","1","1","4","0.12","0.88","0","0",,,"1","95","2024-02-22 15:23:43"
"5b33a01fa8327d0001003821",,"0","62","3","1","5","5","0","0","947","1870","0","1","3","4","0.63","0.78","0","0",,,"0","160","2024-02-22 15:23:44"
"5ef4d8b87faaa00c0dea0c4e",,"3","24","14","2","5","5","1","0","551","901","1","0","1","4","0.16","0.84","0","0",,,"1","100","2024-02-22 15:23:46"
"5ef4d8b87faaa00c0dea0c4e",,"3","25","3","2","5","5","0","1","599","917","0","1","3","4","0.63","0.78","0","0",,,"0","100","2024-02-22 15:23:48"
"5b33a01fa8327d0001003821",,"0","63","1","2","5","5","1","0","1578","2468","1","0","1","1","0.12","0.22","0","0",,,"1","165","2024-02-22 15:23:50"
"5ef4d8b87faaa00c0dea0c4e",,"3","26","8","2","5","5","1","0","567","850","1","0","1","2","0.12","0.45","0","0",,,"1","105","2024-02-22 15:23:51"
"5ef4d8b87faaa00c0dea0c4e",,"3","27","10","2","5","5","1","0","549","866","1","0","1","3","0.16","0.63","0","0",,,"1","110","2024-02-22 15:23:53"
"5ef4d8b87faaa00c0dea0c4e",,"3","28","0","2","5","5","1","0","583","901","1","0","4","4","0.78","0.88","0","0",,,"1","115","2024-02-22 15:23:56"
"5ef4d8b87faaa00c0dea0c4e",,"3","29","11","2","5","5","1","0","518","1718","1","0","2","4","0.37","0.84","0","0",,,"1","120","2024-02-22 15:23:59"
"5ef4d8b87faaa00c0dea0c4e",,"3","30","12","2","5","5","0","1","533","799","0","1","1","4","0.12","0.71","0","0",,,"0","120","2024-02-22 15:24:01"
"5ef4d8b87faaa00c0dea0c4e",,"3","31","12","2","5","5","0","1","616","867","0","1","1","4","0.12","0.71","0","0",,,"0","120","2024-02-22 15:24:04"
"5ef4d8b87faaa00c0dea0c4e",,"3","32","13","2","5","5","1","0","650","1018","1","0","1","4","0.29","0.88","0","0",,,"1","125","2024-02-22 15:24:06"
"5ef4d8b87faaa00c0dea0c4e",,"3","33","14","2","5","5","1","0","533","900","1","0","1","4","0.16","0.84","0","0",,,"1","130","2024-02-22 15:24:09"
"5ef4d8b87faaa00c0dea0c4e",,"3","34","11","2","5","5","0","1","467","767","0","1","2","4","0.37","0.84","0","0",,,"1","135","2024-02-22 15:24:11"
"5ef4d8b87faaa00c0dea0c4e",,"3","35","5","2","5","5","0","1","783","1067","0","1","1","2","0.22","0.45","0","0",,,"0","135","2024-02-22 15:24:14"
"5ef4d8b87faaa00c0dea0c4e",,"3","36","7","2","5","5","0","1","900","1166","0","1","3","4","0.55","0.88","0","0",,,"0","135","2024-02-22 15:24:17"
"5ef4d8b87faaa00c0dea0c4e",,"3","37","9","2","5","5","1","0","666","984","1","0","1","4","0.29","0.71","0","0",,,"0","135","2024-02-22 15:24:19"
"5ef4d8b87faaa00c0dea0c4e",,"3","38","0","2","5","5","1","0","749","1084","1","0","4","4","0.78","0.88","0","0",,,"1","140","2024-02-22 15:24:22"
"5ef4d8b87faaa00c0dea0c4e",,"3","39","5","1","5","5","1","1","1250","1550","1","0","1","2","0.22","0.45","0","0",,,"1","145","2024-02-22 15:24:25"
"5b33a01fa8327d0001003821",,"1","0","1","1","5","5","1","1","0","1023","1","0","1","1","0.12","0.22","0","0",,,"0","0","2024-02-22 15:24:26"
"5ef4d8b87faaa00c0dea0c4e",,"3","40","6","1","5","5","0","0","650","1016","0","1","2","3","0.37","0.63","0","0",,,"0","145","2024-02-22 15:24:28"
"5ef4d8b87faaa00c0dea0c4e",,"3","41","14","1","5","5","1","1","600","935","1","0","1","4","0.16","0.84","0","0",,,"0","145","2024-02-22 15:24:30"
"5b33a01fa8327d0001003821",,"1","1","2","2","5","5","1","0","1048","1979","1","0","1","2","0.22","0.37","0","0",,,"0","0","2024-02-22 15:24:32"
"5ef4d8b87faaa00c0dea0c4e",,"3","42","4","2","5","5","0","1","583","883","0","1","3","4","0.55","0.78","0","0",,,"1","150","2024-02-22 15:24:33"
"5ef4d8b87faaa00c0dea0c4e",,"3","43","7","2","5","5","0","1","618","1268","1","1","3","4","0.55","0.88","0","0",,,"1","155","2024-02-22 15:24:36"
"5b33a01fa8327d0001003821",,"1","2","12","2","5","5","1","0","1091","1932","1","0","1","4","0.12","0.71","0","0",,,"1","5","2024-02-22 15:24:38"
"5ef4d8b87faaa00c0dea0c4e",,"3","44","1","2","5","5","0","1","984","1216","0","1","1","1","0.12","0.22","0","0",,,"0","155","2024-02-22 15:24:38"
"5ef4d8b87faaa00c0dea0c4e",,"3","45","11","2","5","5","1","0","683","1050","1","0","2","4","0.37","0.84","0","0",,,"1","160","2024-02-22 15:24:41"
"5b33a01fa8327d0001003821",,"1","3","2","1","5","5","1","1","1439","2335","1","0","1","2","0.22","0.37","0","0",,,"0","5","2024-02-22 15:24:42"
"5ef4d8b87faaa00c0dea0c4e",,"3","46","6","2","5","5","1","0","717","1384","1","0","2","3","0.37","0.63","0","0",,,"1","165","2024-02-22 15:24:44"
"5ef4d8b87faaa00c0dea0c4e",,"3","47","15","2","5","5","1","0","717","1083","1","0","1","4","0.12","0.88","0","0",,,"1","170","2024-02-22 15:24:47"
"5b33a01fa8327d0001003821",,"1","4","8","2","5","5","1","0","253","1102","1","0","1","2","0.12","0.45","0","0",,,"1","10","2024-02-22 15:24:47"
"5ef4d8b87faaa00c0dea0c4e",,"3","48","5","2","5","5","1","0","683","1184","1","0","1","2","0.22","0.45","0","0",,,"1","175","2024-02-22 15:24:49"
"5ef4d8b87faaa00c0dea0c4e",,"3","49","13","2","5","5","1","0","666","1034","1","0","1","4","0.29","0.88","0","0",,,"1","180","2024-02-22 15:24:52"
"5b33a01fa8327d0001003821",,"1","5","8","2","5","5","1","0","909","1810","1","0","1","2","0.12","0.45","0","0",,,"1","15","2024-02-22 15:24:52"
"5ef4d8b87faaa00c0dea0c4e",,"3","50","10","2","5","5","1","0","666","1001","1","0","1","3","0.16","0.63","0","0",,,"1","185","2024-02-22 15:24:54"
"5ef4d8b87faaa00c0dea0c4e",,"3","51","6","2","5","5","1","0","716","1150","1","0","2","3","0.37","0.63","0","0",,,"1","190","2024-02-22 15:24:57"
"5b33a01fa8327d0001003821",,"1","6","7","1","5","5","1","1","648","1549","1","0","3","4","0.55","0.88","0","0",,,"0","15","2024-02-22 15:24:58"
"5ef4d8b87faaa00c0dea0c4e",,"3","52","7","2","5","5","1","0","633","1035","1","0","3","4","0.55","0.88","0","0",,,"1","195","2024-02-22 15:24:59"
"5ef4d8b87faaa00c0dea0c4e",,"3","53","13","2","5","5","1","0","751","1335","1","0","1","4","0.29","0.88","0","0",,,"1","200","2024-02-22 15:25:02"
"5b33a01fa8327d0001003821",,"1","7","4","1","5","5","1","1","655","1512","1","0","3","4","0.55","0.78","0","0",,,"1","20","2024-02-22 15:25:03"
"5ef4d8b87faaa00c0dea0c4e",,"3","54","2","2","5","5","1","0","533","1150","1","0","1","2","0.22","0.37","0","0",,,"0","200","2024-02-22 15:25:05"
"5ef4d8b87faaa00c0dea0c4e",,"3","55","1","2","5","5","0","1","883","1251","0","1","1","1","0.12","0.22","0","0",,,"1","205","2024-02-22 15:25:08"
"5b33a01fa8327d0001003821",,"1","8","9","1","5","5","1","1","1060","1985","1","0","1","4","0.29","0.71","0","0",,,"1","25","2024-02-22 15:25:08"
"5ef4d8b87faaa00c0dea0c4e",,"3","56","10","2","5","5","0","1","717","1618","1","1","1","3","0.16","0.63","0","0",,,"0","205","2024-02-22 15:25:11"
"5b33a01fa8327d0001003821",,"1","9","14","2","5","5","1","0","0","1079","1","0","1","4","0.16","0.84","0","0",,,"1","30","2024-02-22 15:25:13"
"5ef4d8b87faaa00c0dea0c4e",,"3","57","4","1","5","5","0","0","650","950","0","1","3","4","0.55","0.78","0","0",,,"1","210","2024-02-22 15:25:14"
"5ef4d8b87faaa00c0dea0c4e",,"3","58","12","1","5","5","1","1","483","1000","1","0","1","4","0.12","0.71","0","0",,,"0","210","2024-02-22 15:25:16"
"5b33a01fa8327d0001003821",,"1","10","0","1","5","5","1","1","229","1482","1","0","4","4","0.78","0.88","0","0",,,"0","30","2024-02-22 15:25:17"
"5ef4d8b87faaa00c0dea0c4e",,"3","59","9","2","5","5","0","1","582","867","0","1","1","4","0.29","0.71","0","0",,,"1","215","2024-02-22 15:25:19"
"5ef4d8b87faaa00c0dea0c4e",,"3","60","15","2","5","5","1","0","515","1050","1","0","1","4","0.12","0.88","0","0",,,"1","220","2024-02-22 15:25:21"
"5b33a01fa8327d0001003821",,"1","11","11","1","5","5","1","1","1109","2009","1","0","2","4","0.37","0.84","0","0",,,"0","30","2024-02-22 15:25:23"
"5ef4d8b87faaa00c0dea0c4e",,"3","61","9","2","5","5","1","0","549","999","1","0","1","4","0.29","0.71","0","0",,,"1","225","2024-02-22 15:25:24"
"5ef4d8b87faaa00c0dea0c4e",,"3","62","12","2","5","5","1","0","716","1267","1","0","1","4","0.12","0.71","0","0",,,"1","230","2024-02-22 15:25:27"
"5b33a01fa8327d0001003821",,"1","12","5","2","5","5","0","1","1124","2005","0","1","1","2","0.22","0.45","0","0",,,"0","30","2024-02-22 15:25:28"
"5ef4d8b87faaa00c0dea0c4e",,"3","63","4","2","5","5","0","1","1349","1683","0","1","3","4","0.55","0.78","0","0",,,"1","235","2024-02-22 15:25:30"
"5b33a01fa8327d0001003821",,"1","13","13","2","5","5","1","0","1101","1993","1","0","1","4","0.29","0.88","0","0",,,"1","35","2024-02-22 15:25:33"
"5d4869cc692e5400197a980c",,"0","0","15","1","5","5","0","0","1123","1390","2","1","1","4","0.12","0.88","0","0",,,"0","0","2024-02-22 15:25:36"
"5b33a01fa8327d0001003821",,"1","14","14","2","5","5","0","1","1302","2250","0","1","1","4","0.16","0.84","0","0",,,"1","40","2024-02-22 15:25:38"
"5d4869cc692e5400197a980c",,"0","1","10","1","5","5","0","0","864","1981","0","1","1","3","0.16","0.63","0","0",,,"1","5","2024-02-22 15:25:40"
"5d4869cc692e5400197a980c",,"0","2","1","2","5","5","0","1","1057","1565","0","1","1","1","0.12","0.22","0","0",,,"0","5","2024-02-22 15:25:42"
"5b33a01fa8327d0001003821",,"1","15","7","2","5","5","0","1","2199","3071","0","1","3","4","0.55","0.88","0","0",,,"1","45","2024-02-22 15:25:44"
"5d4869cc692e5400197a980c",,"0","3","4","2","5","5","0","1","1339","1699","0","1","3","4","0.55","0.78","0","0",,,"0","5","2024-02-22 15:25:46"
"5d4869cc692e5400197a980c",,"0","4","1","1","5","5","1","1","840","1023","1","0","1","1","0.12","0.22","0","0",,,"0","5","2024-02-22 15:25:48"
"5b33a01fa8327d0001003821",,"1","16","3","2","5","5","0","1","2012","2897","0","1","3","4","0.63","0.78","0","0",,,"1","50","2024-02-22 15:25:50"
"5d4869cc692e5400197a980c",,"0","5","2","1","5","5","0","0","798","1223","0","1","1","2","0.22","0.37","0","0",,,"0","5","2024-02-22 15:25:51"
"5ef4d8b87faaa00c0dea0c4e",,"4","0","11","2","5","5","0","1","767","1151","0","1","2","4","0.37","0.84","0","0",,,"1","5","2024-02-22 15:25:53"
"5b33a01fa8327d0001003821",,"1","17","9","2","5","5","0","1","1358","2301","0","1","1","4","0.29","0.71","0","0",,,"0","50","2024-02-22 15:25:55"
"5d4869cc692e5400197a980c",,"0","6","3","0","5","5","0","0","0","0","0","0","3","4","0.63","0.78","0","0",,,"0","5","2024-02-22 15:25:56"
"5ef4d8b87faaa00c0dea0c4e",,"4","1","1","1","5","5","1","1","1251","1685","1","0","1","1","0.12","0.22","0","0",,,"0","5","2024-02-22 15:25:56"
"5d4869cc692e5400197a980c",,"0","7","3","1","5","5","1","1","499","966","1","0","3","4","0.63","0.78","0","0",,,"0","5","2024-02-22 15:25:58"
"5ef4d8b87faaa00c0dea0c4e",,"4","2","6","2","5","5","0","1","800","1367","0","1","2","3","0.37","0.63","0","0",,,"0","5","2024-02-22 15:25:59"
"5b33a01fa8327d0001003821",,"1","18","14","2","5","5","0","1","1508","2369","0","1","1","4","0.16","0.84","0","0",,,"0","50","2024-02-22 15:26:01"
"5d4869cc692e5400197a980c",,"0","8","11","1","5","5","0","0","939","1057","0","1","2","4","0.37","0.84","0","0",,,"0","5","2024-02-22 15:26:01"
"5ef4d8b87faaa00c0dea0c4e",,"4","3","8","2","5","5","1","0","983","1349","1","0","1","2","0.12","0.45","0","0",,,"0","5","2024-02-22 15:26:02"
"5d4869cc692e5400197a980c",,"0","9","14","1","5","5","1","1","457","1865","2","1","1","4","0.16","0.84","0","0",,,"0","5","2024-02-22 15:26:04"
"5ef4d8b87faaa00c0dea0c4e",,"4","4","13","2","5","5","0","1","684","1385","1","1","1","4","0.29","0.88","0","0",,,"1","10","2024-02-22 15:26:05"
"5b33a01fa8327d0001003821",,"1","19","9","1","5","5","0","0","0","1555","0","1","1","4","0.29","0.71","0","0",,,"1","55","2024-02-22 15:26:06"
"5d4869cc692e5400197a980c",,"0","10","7","2","5","5","1","0","881","1607","1","0","3","4","0.55","0.88","0","0",,,"1","10","2024-02-22 15:26:07"
"5ef4d8b87faaa00c0dea0c4e",,"4","5","8","1","5","5","0","0","1150","1617","0","1","1","2","0.12","0.45","0","0",,,"0","10","2024-02-22 15:26:08"
"5d4869cc692e5400197a980c",,"0","11","10","2","5","5","0","1","957","1232","0","1","1","3","0.16","0.63","0","0",,,"0","10","2024-02-22 15:26:10"
"5ef4d8b87faaa00c0dea0c4e",,"4","6","1","1","5","5","1","1","1618","2036","1","0","1","1","0.12","0.22","0","0",,,"0","10","2024-02-22 15:26:12"
"5b33a01fa8327d0001003821",,"1","20","7","2","5","5","1","0","2235","3070","1","0","3","4","0.55","0.88","0","0",,,"0","55","2024-02-22 15:26:12"
"5d4869cc692e5400197a980c",,"0","12","4","2","5","5","0","1","673","923","0","1","3","4","0.55","0.78","0","0",,,"1","15","2024-02-22 15:26:13"
"5ef4d8b87faaa00c0dea0c4e",,"4","7","13","2","5","5","0","1","1067","1400","0","1","1","4","0.29","0.88","0","0",,,"1","15","2024-02-22 15:26:14"
"5d4869cc692e5400197a980c",,"0","13","13","2","5","5","0","1","640","848","0","1","1","4","0.29","0.88","0","0",,,"1","20","2024-02-22 15:26:15"
"5ef4d8b87faaa00c0dea0c4e",,"4","8","6","2","5","5","1","0","749","1133","1","0","2","3","0.37","0.63","0","0",,,"1","20","2024-02-22 15:26:17"
"5d4869cc692e5400197a980c",,"0","14","5","2","5","5","0","1","756","906","0","1","1","2","0.22","0.45","0","0",,,"0","20","2024-02-22 15:26:17"
"5b33a01fa8327d0001003821",,"1","21","2","2","5","5","1","0","1865","2733","1","0","1","2","0.22","0.37","0","0",,,"0","55","2024-02-22 15:26:18"
"5ef4d8b87faaa00c0dea0c4e",,"4","9","12","2","5","5","1","0","549","916","1","0","1","4","0.12","0.71","0","0",,,"0","20","2024-02-22 15:26:20"
"5d4869cc692e5400197a980c",,"0","15","9","2","5","5","0","1","399","507","0","1","1","4","0.29","0.71","0","0",,,"1","25","2024-02-22 15:26:20"
"5d4869cc692e5400197a980c",,"0","16","13","2","5","5","1","0","382","507","1","0","1","4","0.29","0.88","0","0",,,"0","25","2024-02-22 15:26:22"
"5b33a01fa8327d0001003821",,"1","22","10","1","5","5","0","0","864","1728","0","1","1","3","0.16","0.63","0","0",,,"0","55","2024-02-22 15:26:22"
"5ef4d8b87faaa00c0dea0c4e",,"4","10","5","2","5","5","0","1","482","1301","1","1","1","2","0.22","0.45","0","0",,,"0","20","2024-02-22 15:26:23"
"5d4869cc692e5400197a980c",,"0","17","6","2","5","5","1","0","440","583","1","0","2","3","0.37","0.63","0","0",,,"1","30","2024-02-22 15:26:24"
"5ef4d8b87faaa00c0dea0c4e",,"4","11","7","2","5","5","0","1","917","1283","0","1","3","4","0.55","0.88","0","0",,,"1","25","2024-02-22 15:26:26"
"5d4869cc692e5400197a980c",,"0","18","12","2","5","5","0","1","499","641","0","1","1","4","0.12","0.71","0","0",,,"1","35","2024-02-22 15:26:26"
"5b33a01fa8327d0001003821",,"1","23","13","2","5","5","1","0","676","1522","1","0","1","4","0.29","0.88","0","0",,,"1","60","2024-02-22 15:26:28"
"5ef4d8b87faaa00c0dea0c4e",,"4","12","13","2","5","5","1","0","499","917","1","0","1","4","0.29","0.88","0","0",,,"1","30","2024-02-22 15:26:28"
"5d4869cc692e5400197a980c",,"0","19","8","2","5","5","1","0","457","583","1","0","1","2","0.12","0.45","0","0",,,"0","35","2024-02-22 15:26:28"
"5ef4d8b87faaa00c0dea0c4e",,"4","13","3","2","5","5","0","1","784","1168","0","1","3","4","0.63","0.78","0","0",,,"1","35","2024-02-22 15:26:31"
"5d4869cc692e5400197a980c",,"0","20","12","2","5","5","1","0","599","782","1","0","1","4","0.12","0.71","0","0",,,"1","40","2024-02-22 15:26:31"
"5d4869cc692e5400197a980c",,"0","21","3","2","5","5","0","1","557","732","0","1","3","4","0.63","0.78","0","0",,,"1","45","2024-02-22 15:26:33"
"5ef4d8b87faaa00c0dea0c4e",,"4","14","0","2","5","5","0","1","784","1168","0","1","4","4","0.78","0.88","0","0",,,"1","40","2024-02-22 15:26:33"
"5b33a01fa8327d0001003821",,"1","24","3","2","5","5","1","0","1862","2756","1","0","3","4","0.63","0.78","0","0",,,"1","65","2024-02-22 15:26:34"
"5d4869cc692e5400197a980c",,"0","22","4","2","5","5","1","0","657","774","1","0","3","4","0.55","0.78","0","0",,,"1","50","2024-02-22 15:26:35"
"5ef4d8b87faaa00c0dea0c4e",,"4","15","3","2","5","5","0","1","799","1301","0","1","3","4","0.63","0.78","0","0",,,"1","45","2024-02-22 15:26:36"
"5d4869cc692e5400197a980c",,"0","23","6","2","5","5","1","0","640","815","1","0","2","3","0.37","0.63","0","0",,,"1","55","2024-02-22 15:26:38"
"5b33a01fa8327d0001003821",,"1","25","13","1","5","5","1","1","1035","1986","1","0","1","4","0.29","0.88","0","0",,,"1","70","2024-02-22 15:26:39"
"5ef4d8b87faaa00c0dea0c4e",,"4","16","9","2","5","5","1","0","551","984","1","0","1","4","0.29","0.71","0","0",,,"1","50","2024-02-22 15:26:39"
"5d4869cc692e5400197a980c",,"0","24","0","2","5","5","0","1","682","782","0","1","4","4","0.78","0.88","0","0",,,"1","60","2024-02-22 15:26:40"
"5ef4d8b87faaa00c0dea0c4e",,"4","17","0","2","5","5","0","1","867","1418","0","1","4","4","0.78","0.88","0","0",,,"1","55","2024-02-22 15:26:42"
"5d4869cc692e5400197a980c",,"0","25","6","2","5","5","1","0","540","690","1","0","2","3","0.37","0.63","0","0",,,"1","65","2024-02-22 15:26:42"
"5b33a01fa8327d0001003821",,"1","26","4","2","5","5","0","1","900","1850","0","1","3","4","0.55","0.78","0","0",,,"1","75","2024-02-22 15:26:44"
"5ef4d8b87faaa00c0dea0c4e",,"4","18","9","2","5","5","0","1","616","1117","0","1","1","4","0.29","0.71","0","0",,,"1","60","2024-02-22 15:26:44"
"5d4869cc692e5400197a980c",,"0","26","5","2","5","5","0","1","616","782","0","1","1","2","0.22","0.45","0","0",,,"0","65","2024-02-22 15:26:45"
"5d4869cc692e5400197a980c",,"0","27","12","2","5","5","0","1","465","616","0","1","1","4","0.12","0.71","0","0",,,"1","70","2024-02-22 15:26:47"
"5ef4d8b87faaa00c0dea0c4e",,"4","19","7","2","5","5","0","1","751","1135","0","1","3","4","0.55","0.88","0","0",,,"1","65","2024-02-22 15:26:47"
"5d4869cc692e5400197a980c",,"0","28","10","2","5","5","0","1","615","865","0","1","1","3","0.16","0.63","0","0",,,"0","70","2024-02-22 15:26:49"
"5ef4d8b87faaa00c0dea0c4e",,"4","20","8","2","5","5","0","1","682","1150","0","1","1","2","0.12","0.45","0","0",,,"1","70","2024-02-22 15:26:50"
"5b33a01fa8327d0001003821",,"1","27","6","2","5","5","1","0","1068","2002","1","0","2","3","0.37","0.63","0","0",,,"0","75","2024-02-22 15:26:50"
"5d4869cc692e5400197a980c",,"0","29","6","2","5","5","0","1","540","691","0","1","2","3","0.37","0.63","0","0",,,"0","70","2024-02-22 15:26:52"
"5ef4d8b87faaa00c0dea0c4e",,"4","21","4","2","5","5","1","0","849","1234","1","0","3","4","0.55","0.78","0","0",,,"1","75","2024-02-22 15:26:52"
"5d4869cc692e5400197a980c",,"0","30","9","2","5","5","0","1","582","683","0","1","1","4","0.29","0.71","0","0",,,"1","75","2024-02-22 15:26:54"
"5ef4d8b87faaa00c0dea0c4e",,"4","22","6","2","5","5","0","1","616","1133","0","1","2","3","0.37","0.63","0","0",,,"1","80","2024-02-22 15:26:55"
"5b33a01fa8327d0001003821",,"1","28","12","2","5","5","0","1","1114","1994","0","1","1","4","0.12","0.71","0","0",,,"1","80","2024-02-22 15:26:56"
"5d4869cc692e5400197a980c",,"0","31","2","2","5","5","0","1","599","766","0","1","1","2","0.22","0.37","0","0",,,"0","75","2024-02-22 15:26:56"
"5ef4d8b87faaa00c0dea0c4e",,"4","23","4","2","5","5","0","1","668","1118","0","1","3","4","0.55","0.78","0","0",,,"1","85","2024-02-22 15:26:58"
"5d4869cc692e5400197a980c",,"0","32","9","2","5","5","0","1","483","607","0","1","1","4","0.29","0.71","0","0",,,"0","75","2024-02-22 15:26:59"
"5ef4d8b87faaa00c0dea0c4e",,"4","24","4","2","5","5","0","1","717","1133","0","1","3","4","0.55","0.78","0","0",,,"1","90","2024-02-22 15:27:00"
"5b33a01fa8327d0001003821",,"1","29","12","1","5","5","0","0","853","2261","0","1","1","4","0.12","0.71","0","0",,,"0","80","2024-02-22 15:27:01"
"5d4869cc692e5400197a980c",,"0","33","2","2","5","5","0","1","524","816","0","1","1","2","0.22","0.37","0","0",,,"0","75","2024-02-22 15:27:01"
"5ef4d8b87faaa00c0dea0c4e",,"4","25","9","2","5","5","0","1","650","1034","0","1","1","4","0.29","0.71","0","0",,,"1","95","2024-02-22 15:27:03"
"5d4869cc692e5400197a980c",,"0","34","11","2","5","5","0","1","399","574","0","1","2","4","0.37","0.84","0","0",,,"1","80","2024-02-22 15:27:03"
"5ef4d8b87faaa00c0dea0c4e",,"4","26","11","2","5","5","1","0","784","1217","1","0","2","4","0.37","0.84","0","0",,,"1","100","2024-02-22 15:27:05"
"5d4869cc692e5400197a980c",,"0","35","12","2","5","5","0","1","657","832","0","1","1","4","0.12","0.71","0","0",,,"1","85","2024-02-22 15:27:06"
"5b33a01fa8327d0001003821",,"1","30","6","2","5","5","1","0","959","1834","1","0","2","3","0.37","0.63","0","0",,,"0","80","2024-02-22 15:27:06"
"5d4869cc692e5400197a980c",,"0","36","0","2","5","5","1","0","715","848","1","0","4","4","0.78","0.88","0","0",,,"1","90","2024-02-22 15:27:08"
"5ef4d8b87faaa00c0dea0c4e",,"4","27","6","2","5","5","0","1","517","1800","0","1","2","3","0.37","0.63","0","0",,,"0","100","2024-02-22 15:27:09"
"5d4869cc692e5400197a980c",,"0","37","14","2","5","5","1","0","565","748","1","0","1","4","0.16","0.84","0","0",,,"0","90","2024-02-22 15:27:10"
"5b33a01fa8327d0001003821",,"1","31","12","2","5","5","1","0","265","1422","1","0","1","4","0.12","0.71","0","0",,,"1","85","2024-02-22 15:27:11"
"5ef4d8b87faaa00c0dea0c4e",,"4","28","2","1","5","5","0","0","750","1950","1","1","1","2","0.22","0.37","0","0",,,"0","100","2024-02-22 15:27:12"
"5d4869cc692e5400197a980c",,"0","38","8","2","5","5","1","0","440","632","1","0","1","2","0.12","0.45","0","0",,,"1","95","2024-02-22 15:27:13"
"5d4869cc692e5400197a980c",,"0","39","10","2","5","5","0","1","665","790","0","1","1","3","0.16","0.63","0","0",,,"1","100","2024-02-22 15:27:15"
"5ef4d8b87faaa00c0dea0c4e",,"4","29","0","1","5","5","1","1","650","1568","1","0","4","4","0.78","0.88","0","0",,,"1","105","2024-02-22 15:27:15"
"5b33a01fa8327d0001003821",,"1","32","11","2","5","5","1","0","885","1841","1","0","2","4","0.37","0.84","0","0",,,"1","90","2024-02-22 15:27:16"
"5d4869cc692e5400197a980c",,"0","40","7","2","5","5","0","1","757","890","0","1","3","4","0.55","0.88","0","0",,,"1","105","2024-02-22 15:27:17"
"5ef4d8b87faaa00c0dea0c4e",,"4","30","8","2","5","5","1","0","1199","1634","1","0","1","2","0.12","0.45","0","0",,,"0","105","2024-02-22 15:27:18"
"5d4869cc692e5400197a980c",,"0","41","7","2","5","5","0","1","640","832","0","1","3","4","0.55","0.88","0","0",,,"1","110","2024-02-22 15:27:20"
"5ef4d8b87faaa00c0dea0c4e",,"4","31","1","1","5","5","0","0","1200","1768","0","1","1","1","0.12","0.22","0","0",,,"0","105","2024-02-22 15:27:22"
"5b33a01fa8327d0001003821",,"1","33","13","2","5","5","1","0","1086","1979","1","0","1","4","0.29","0.88","0","0",,,"1","95","2024-02-22 15:27:22"
"5d4869cc692e5400197a980c",,"0","42","3","2","5","5","0","1","499","683","0","1","3","4","0.63","0.78","0","0",,,"0","110","2024-02-22 15:27:22"
"5d4869cc692e5400197a980c",,"0","43","15","2","5","5","0","1","340","541","0","1","1","4","0.12","0.88","0","0",,,"1","115","2024-02-22 15:27:24"
"5ef4d8b87faaa00c0dea0c4e",,"4","32","10","2","5","5","0","1","751","1601","1","1","1","3","0.16","0.63","0","0",,,"1","110","2024-02-22 15:27:25"
"5d4869cc692e5400197a980c",,"0","44","8","2","5","5","1","0","782","932","1","0","1","2","0.12","0.45","0","0",,,"0","115","2024-02-22 15:27:27"
"5b33a01fa8327d0001003821",,"1","34","7","1","5","5","1","1","654","1495","1","0","3","4","0.55","0.88","0","0",,,"0","95","2024-02-22 15:27:27"
"5ef4d8b87faaa00c0dea0c4e",,"4","33","7","2","5","5","0","1","949","1334","0","1","3","4","0.55","0.88","0","0",,,"1","115","2024-02-22 15:27:28"
"5d4869cc692e5400197a980c",,"0","45","14","2","5","5","0","1","440","590","0","1","1","4","0.16","0.84","0","0",,,"1","120","2024-02-22 15:27:29"
"5ef4d8b87faaa00c0dea0c4e",,"4","34","5","1","5","5","1","1","1250","1668","1","0","1","2","0.22","0.45","0","0",,,"0","115","2024-02-22 15:27:31"
"5d4869cc692e5400197a980c",,"0","46","8","2","5","5","1","0","615","790","1","0","1","2","0.12","0.45","0","0",,,"1","125","2024-02-22 15:27:31"
"5b33a01fa8327d0001003821",,"1","35","3","1","5","5","0","0","654","1499","0","1","3","4","0.63","0.78","0","0",,,"1","100","2024-02-22 15:27:33"
"5d4869cc692e5400197a980c",,"0","47","11","2","5","5","0","1","657","799","0","1","2","4","0.37","0.84","0","0",,,"0","125","2024-02-22 15:27:34"
"5ef4d8b87faaa00c0dea0c4e",,"4","35","3","2","5","5","0","1","767","1251","0","1","3","4","0.63","0.78","0","0",,,"0","115","2024-02-22 15:27:34"
"5d4869cc692e5400197a980c",,"0","48","13","2","5","5","1","0","415","565","1","0","1","4","0.29","0.88","0","0",,,"1","130","2024-02-22 15:27:36"
"5ef4d8b87faaa00c0dea0c4e",,"4","36","7","2","5","5","0","1","767","1200","0","1","3","4","0.55","0.88","0","0",,,"1","120","2024-02-22 15:27:37"
"5b33a01fa8327d0001003821",,"1","36","9","2","5","5","1","0","0","1422","1","0","1","4","0.29","0.71","0","0",,,"0","100","2024-02-22 15:27:38"
"5d4869cc692e5400197a980c",,"0","49","7","2","5","5","0","1","640","790","0","1","3","4","0.55","0.88","0","0",,,"1","135","2024-02-22 15:27:38"
"5ef4d8b87faaa00c0dea0c4e",,"4","37","11","2","5","5","0","1","682","1084","0","1","2","4","0.37","0.84","0","0",,,"1","125","2024-02-22 15:27:39"
"5d4869cc692e5400197a980c",,"0","50","9","2","5","5","1","0","582","774","1","0","1","4","0.29","0.71","0","0",,,"0","135","2024-02-22 15:27:40"
"5ef4d8b87faaa00c0dea0c4e",,"4","38","15","2","5","5","0","1","749","1183","0","1","1","4","0.12","0.88","0","0",,,"0","125","2024-02-22 15:27:42"
"5d4869cc692e5400197a980c",,"0","51","14","2","5","5","0","1","523","715","0","1","1","4","0.16","0.84","0","0",,,"0","135","2024-02-22 15:27:43"
"5b33a01fa8327d0001003821",,"1","37","15","2","5","5","0","1","1066","1961","0","1","1","4","0.12","0.88","0","0",,,"1","105","2024-02-22 15:27:43"
"5ef4d8b87faaa00c0dea0c4e",,"4","39","14","2","5","5","0","1","1184","1517","0","1","1","4","0.16","0.84","0","0",,,"1","130","2024-02-22 15:27:45"
"5d4869cc692e5400197a980c",,"0","52","0","2","5","5","1","0","399","549","1","0","4","4","0.78","0.88","0","0",,,"0","135","2024-02-22 15:27:45"
"5ef4d8b87faaa00c0dea0c4e",,"4","40","12","2","5","5","1","0","633","1084","1","0","1","4","0.12","0.71","0","0",,,"1","135","2024-02-22 15:27:48"
"5d4869cc692e5400197a980c",,"0","53","1","2","5","5","1","0","657","790","1","0","1","1","0.12","0.22","0","0",,,"0","135","2024-02-22 15:27:48"
"5d4869cc692e5400197a980c",,"0","54","2","2","5","5","1","0","599","724","1","0","1","2","0.22","0.37","0","0",,,"0","135","2024-02-22 15:27:50"
"5ef4d8b87faaa00c0dea0c4e",,"4","41","10","2","5","5","0","1","617","1151","0","1","1","3","0.16","0.63","0","0",,,"1","140","2024-02-22 15:27:50"
"5b33a01fa8327d0001003821",,"1","38","4","0","5","5","0","1","2821","0","1","0","3","4","0.55","0.78","0","0",,,"0","105","2024-02-22 15:27:51"
"5d4869cc692e5400197a980c",,"0","55","1","2","5","5","1","0","723","848","1","0","1","1","0.12","0.22","0","0",,,"0","135","2024-02-22 15:27:53"
"5ef4d8b87faaa00c0dea0c4e",,"4","42","5","1","5","5","0","0","1384","1752","0","1","1","2","0.22","0.45","0","0",,,"0","140","2024-02-22 15:27:53"
"5d4869cc692e5400197a980c",,"0","56","15","2","5","5","0","1","624","766","0","1","1","4","0.12","0.88","0","0",,,"1","140","2024-02-22 15:27:55"
"5b33a01fa8327d0001003821",,"1","39","11","2","5","5","1","0","1301","2202","1","0","2","4","0.37","0.84","0","0",,,"1","110","2024-02-22 15:27:56"
"5ef4d8b87faaa00c0dea0c4e",,"4","43","15","2","5","5","0","1","666","1050","0","1","1","4","0.12","0.88","0","0",,,"1","145","2024-02-22 15:27:56"
"5d4869cc692e5400197a980c",,"0","57","0","2","5","5","0","1","798","924","0","1","4","4","0.78","0.88","0","0",,,"1","145","2024-02-22 15:27:58"
"5ef4d8b87faaa00c0dea0c4e",,"4","44","15","2","5","5","1","0","583","1534","1","0","1","4","0.12","0.88","0","0",,,"1","150","2024-02-22 15:27:59"
"5d4869cc692e5400197a980c",,"0","58","5","2","5","5","0","1","657","806","0","1","1","2","0.22","0.45","0","0",,,"0","145","2024-02-22 15:28:00"
"5b33a01fa8327d0001003821",,"1","40","8","2","5","5","1","0","1061","1973","1","0","1","2","0.12","0.45","0","0",,,"0","110","2024-02-22 15:28:01"
"5ef4d8b87faaa00c0dea0c4e",,"4","45","12","2","5","5","1","0","599","1200","1","0","1","4","0.12","0.71","0","0",,,"1","155","2024-02-22 15:28:02"
"5d4869cc692e5400197a980c",,"0","59","5","2","5","5","0","1","382","516","0","1","1","2","0.22","0.45","0","0",,,"0","145","2024-02-22 15:28:02"
"5ef4d8b87faaa00c0dea0c4e",,"4","46","12","2","5","5","0","1","716","1101","0","1","1","4","0.12","0.71","0","0",,,"1","160","2024-02-22 15:28:04"
"5d4869cc692e5400197a980c",,"0","60","4","2","5","5","1","0","624","757","1","0","3","4","0.55","0.78","0","0",,,"1","150","2024-02-22 15:28:05"
"5b33a01fa8327d0001003821",,"1","41","5","1","5","5","0","0","1089","1997","0","1","1","2","0.22","0.45","0","0",,,"1","115","2024-02-22 15:28:06"
"5d4869cc692e5400197a980c",,"0","61","11","2","5","5","0","1","615","748","0","1","2","4","0.37","0.84","0","0",,,"1","155","2024-02-22 15:28:07"
"5ef4d8b87faaa00c0dea0c4e",,"4","47","1","2","5","5","0","1","1434","1800","0","1","1","1","0.12","0.22","0","0",,,"0","160","2024-02-22 15:28:08"
"5d4869cc692e5400197a980c",,"0","62","15","2","5","5","0","1","474","616","0","1","1","4","0.12","0.88","0","0",,,"1","160","2024-02-22 15:28:09"
"5ef4d8b87faaa00c0dea0c4e",,"4","48","10","2","5","5","1","0","667","1118","1","0","1","3","0.16","0.63","0","0",,,"1","165","2024-02-22 15:28:10"
"5d4869cc692e5400197a980c",,"0","63","13","2","5","5","1","0","457","599","1","0","1","4","0.29","0.88","0","0",,,"1","165","2024-02-22 15:28:11"
"5b33a01fa8327d0001003821",,"1","42","0","1","5","5","1","1","2019","2923","1","0","4","4","0.78","0.88","0","0",,,"0","115","2024-02-22 15:28:11"
"5ef4d8b87faaa00c0dea0c4e",,"4","49","14","2","5","5","0","1","699","1116","0","1","1","4","0.16","0.84","0","0",,,"0","165","2024-02-22 15:28:13"
"5ef4d8b87faaa00c0dea0c4e",,"4","50","4","2","5","5","0","1","749","1234","0","1","3","4","0.55","0.78","0","0",,,"1","170","2024-02-22 15:28:16"
"5b33a01fa8327d0001003821",,"1","43","1","1","5","5","0","0","664","1596","0","1","1","1","0.12","0.22","0","0",,,"1","120","2024-02-22 15:28:16"
"5ef4d8b87faaa00c0dea0c4e",,"4","51","2","2","5","5","0","1","1001","1384","0","1","1","2","0.22","0.37","0","0",,,"0","170","2024-02-22 15:28:19"
"5b33a01fa8327d0001003821",,"1","44","14","1","5","5","1","1","1358","2288","1","0","1","4","0.16","0.84","0","0",,,"0","120","2024-02-22 15:28:22"
"5ef4d8b87faaa00c0dea0c4e",,"4","52","0","2","5","5","1","0","884","1517","1","0","4","4","0.78","0.88","0","0",,,"1","175","2024-02-22 15:28:22"
"5ef4d8b87faaa00c0dea0c4e",,"4","53","2","1","5","5","0","0","1251","1668","0","1","1","2","0.22","0.37","0","0",,,"0","175","2024-02-22 15:28:25"
"5b33a01fa8327d0001003821",,"1","45","0","1","5","5","0","0","1116","1980","0","1","4","4","0.78","0.88","0","0",,,"1","125","2024-02-22 15:28:27"
"5ef4d8b87faaa00c0dea0c4e",,"4","54","9","2","5","5","0","1","884","1284","0","1","1","4","0.29","0.71","0","0",,,"1","180","2024-02-22 15:28:28"
"5ef4d8b87faaa00c0dea0c4e",,"4","55","2","2","5","5","1","0","999","1584","1","0","1","2","0.22","0.37","0","0",,,"0","180","2024-02-22 15:28:31"
"5b33a01fa8327d0001003821",,"1","46","0","2","5","5","0","1","1052","2010","0","1","4","4","0.78","0.88","0","0",,,"1","130","2024-02-22 15:28:33"
"5ef4d8b87faaa00c0dea0c4e",,"4","56","14","1","5","5","0","0","682","1134","0","1","1","4","0.16","0.84","0","0",,,"0","180","2024-02-22 15:28:34"
"5ef4d8b87faaa00c0dea0c4e",,"4","57","3","2","5","5","0","1","750","1134","0","1","3","4","0.63","0.78","0","0",,,"1","185","2024-02-22 15:28:37"
"5b33a01fa8327d0001003821",,"1","47","10","1","5","5","0","0","1384","2337","0","1","1","3","0.16","0.63","0","0",,,"0","130","2024-02-22 15:28:38"
"5ef4d8b87faaa00c0dea0c4e",,"4","58","5","2","5","5","1","0","800","1618","1","0","1","2","0.22","0.45","0","0",,,"1","190","2024-02-22 15:28:40"
"5ef4d8b87faaa00c0dea0c4e",,"4","59","11","2","5","5","1","0","834","1518","1","0","2","4","0.37","0.84","0","0",,,"1","195","2024-02-22 15:28:42"
"5b33a01fa8327d0001003821",,"1","48","10","2","5","5","0","1","1118","1997","0","1","1","3","0.16","0.63","0","0",,,"0","130","2024-02-22 15:28:43"
"5ef4d8b87faaa00c0dea0c4e",,"4","60","14","2","5","5","0","1","716","1050","0","1","1","4","0.16","0.84","0","0",,,"1","200","2024-02-22 15:28:45"
"5d4869cc692e5400197a980c",,"1","0","4","2","5","5","1","0","715","873","1","0","3","4","0.55","0.78","0","0",,,"1","5","2024-02-22 15:28:46"
"5ef4d8b87faaa00c0dea0c4e",,"4","61","10","2","5","5","1","0","650","1167","1","0","1","3","0.16","0.63","0","0",,,"1","205","2024-02-22 15:28:48"
"5b33a01fa8327d0001003821",,"1","49","6","2","5","5","1","0","665","1561","1","0","2","3","0.37","0.63","0","0",,,"1","135","2024-02-22 15:28:48"
"5d4869cc692e5400197a980c",,"1","1","8","2","5","5","1","0","682","865","1","0","1","2","0.12","0.45","0","0",,,"1","10","2024-02-22 15:28:49"
"5ef4d8b87faaa00c0dea0c4e",,"4","62","13","2","5","5","1","0","699","1101","1","0","1","4","0.29","0.88","0","0",,,"1","210","2024-02-22 15:28:50"
"5d4869cc692e5400197a980c",,"1","2","15","2","5","5","1","0","699","840","1","0","1","4","0.12","0.88","0","0",,,"1","15","2024-02-22 15:28:51"
"5ef4d8b87faaa00c0dea0c4e",,"4","63","15","2","5","5","1","0","583","1200","1","0","1","4","0.12","0.88","0","0",,,"1","215","2024-02-22 15:28:53"
"5d4869cc692e5400197a980c",,"1","3","8","2","5","5","1","0","699","832","1","0","1","2","0.12","0.45","0","0",,,"1","20","2024-02-22 15:28:53"
"5b33a01fa8327d0001003821",,"1","50","15","2","5","5","1","0","1060","1993","1","0","1","4","0.12","0.88","0","0",,,"1","140","2024-02-22 15:28:53"
"5d4869cc692e5400197a980c",,"1","4","7","2","5","5","0","1","699","840","0","1","3","4","0.55","0.88","0","0",,,"1","25","2024-02-22 15:28:56"
"5d4869cc692e5400197a980c",,"1","5","12","2","5","5","0","1","482","624","0","1","1","4","0.12","0.71","0","0",,,"1","30","2024-02-22 15:28:58"
"5b33a01fa8327d0001003821",,"1","51","5","2","5","5","1","0","1519","2410","1","0","1","2","0.22","0.45","0","0",,,"1","145","2024-02-22 15:28:59"
"5d4869cc692e5400197a980c",,"1","6","3","2","5","5","0","1","541","657","0","1","3","4","0.63","0.78","0","0",,,"0","30","2024-02-22 15:29:00"
"5d4869cc692e5400197a980c",,"1","7","0","2","5","5","1","0","823","940","1","0","4","4","0.78","0.88","0","0",,,"1","35","2024-02-22 15:29:03"
"5b33a01fa8327d0001003821",,"1","52","15","2","5","5","0","1","911","1798","0","1","1","4","0.12","0.88","0","0",,,"1","150","2024-02-22 15:29:04"
"5d4869cc692e5400197a980c",,"1","8","11","2","5","5","1","0","665","740","1","0","2","4","0.37","0.84","0","0",,,"1","40","2024-02-22 15:29:05"
"5ef4d8b87faaa00c0dea0c4e",,"5","0","8","2","5","5","1","0","1085","1469","1","0","1","2","0.12","0.45","0","0",,,"1","5","2024-02-22 15:29:07"
"5d4869cc692e5400197a980c",,"1","9","10","2","5","5","1","0","540","716","1","0","1","3","0.16","0.63","0","0",,,"0","40","2024-02-22 15:29:07"
"5d4869cc692e5400197a980c",,"1","10","5","2","5","5","0","1","524","682","0","1","1","2","0.22","0.45","0","0",,,"0","40","2024-02-22 15:29:10"
"5b33a01fa8327d0001003821",,"1","53","1","1","5","5","1","1","911","1960","1","0","1","1","0.12","0.22","0","0",,,"0","150","2024-02-22 15:29:10"
"5ef4d8b87faaa00c0dea0c4e",,"5","1","12","2","5","5","1","0","667","1418","1","1","1","4","0.12","0.71","0","0",,,"1","10","2024-02-22 15:29:10"
"5d4869cc692e5400197a980c",,"1","11","14","2","5","5","1","0","540","666","1","0","1","4","0.16","0.84","0","0",,,"1","45","2024-02-22 15:29:12"
"5ef4d8b87faaa00c0dea0c4e",,"5","2","11","2","5","5","1","0","567","1052","1","0","2","4","0.37","0.84","0","0",,,"1","15","2024-02-22 15:29:13"
"5d4869cc692e5400197a980c",,"1","12","1","1","5","5","1","1","765","874","1","0","1","1","0.12","0.22","0","0",,,"0","45","2024-02-22 15:29:14"
"5ef4d8b87faaa00c0dea0c4e",,"5","3","12","2","5","5","0","1","583","984","0","1","1","4","0.12","0.71","0","0",,,"1","20","2024-02-22 15:29:15"
"5b33a01fa8327d0001003821",,"1","54","2","2","5","5","1","0","1924","2838","1","0","1","2","0.22","0.37","0","0",,,"0","150","2024-02-22 15:29:15"
"5d4869cc692e5400197a980c",,"1","13","2","2","5","5","1","0","557","716","1","0","1","2","0.22","0.37","0","0",,,"0","45","2024-02-22 15:29:17"
"5ef4d8b87faaa00c0dea0c4e",,"5","4","12","2","5","5","1","0","534","1068","1","0","1","4","0.12","0.71","0","0",,,"1","25","2024-02-22 15:29:18"
"5d4869cc692e5400197a980c",,"1","14","0","1","5","5","1","1","699","824","1","0","4","4","0.78","0.88","0","0",,,"1","50","2024-02-22 15:29:19"
"5ef4d8b87faaa00c0dea0c4e",,"5","5","0","2","5","5","0","1","800","1117","0","1","4","4","0.78","0.88","0","0",,,"1","30","2024-02-22 15:29:20"
"5b33a01fa8327d0001003821",,"1","55","8","2","5","5","1","0","1431","2701","1","0","1","2","0.12","0.45","0","0",,,"1","155","2024-02-22 15:29:21"
"5d4869cc692e5400197a980c",,"1","15","12","2","5","5","0","1","699","857","0","1","1","4","0.12","0.71","0","0",,,"0","50","2024-02-22 15:29:22"
"5ef4d8b87faaa00c0dea0c4e",,"5","6","7","2","5","5","0","1","650","1083","0","1","3","4","0.55","0.88","0","0",,,"1","35","2024-02-22 15:29:23"
"5d4869cc692e5400197a980c",,"1","16","2","2","5","5","0","1","857","973","0","1","1","2","0.22","0.37","0","0",,,"0","50","2024-02-22 15:29:24"
"5ef4d8b87faaa00c0dea0c4e",,"5","7","2","2","5","5","1","0","550","1118","1","0","1","2","0.22","0.37","0","0",,,"0","35","2024-02-22 15:29:26"
"5d4869cc692e5400197a980c",,"1","17","13","2","5","5","0","1","658","799","0","1","1","4","0.29","0.88","0","0",,,"1","55","2024-02-22 15:29:27"
"5b33a01fa8327d0001003821",,"1","56","11","0","5","5","0","1","1766","0","1","0","2","4","0.37","0.84","0","0",,,"0","155","2024-02-22 15:29:27"
"5d4869cc692e5400197a980c",,"1","18","15","2","5","5","1","0","498","607","1","0","1","4","0.12","0.88","0","0",,,"1","60","2024-02-22 15:29:29"
"5ef4d8b87faaa00c0dea0c4e",,"5","8","6","2","5","5","0","1","1368","1702","0","1","2","3","0.37","0.63","0","0",,,"0","35","2024-02-22 15:29:29"
"5d4869cc692e5400197a980c",,"1","19","4","2","5","5","0","1","565","665","0","1","3","4","0.55","0.78","0","0",,,"0","60","2024-02-22 15:29:31"
"5ef4d8b87faaa00c0dea0c4e",,"5","9","14","2","5","5","0","1","650","1517","1","1","1","4","0.16","0.84","0","0",,,"1","40","2024-02-22 15:29:32"
"5b33a01fa8327d0001003821",,"1","57","4","2","5","5","1","0","1775","2662","1","0","3","4","0.55","0.78","0","0",,,"1","160","2024-02-22 15:29:32"
"5d4869cc692e5400197a980c",,"1","20","12","2","5","5","0","1","424","532","0","1","1","4","0.12","0.71","0","0",,,"0","60","2024-02-22 15:29:33"
"5ef4d8b87faaa00c0dea0c4e",,"5","10","1","1","5","5","1","1","1817","2235","1","0","1","1","0.12","0.22","0","0",,,"0","40","2024-02-22 15:29:36"
"5d4869cc692e5400197a980c",,"1","21","0","2","5","5","1","0","498","624","1","0","4","4","0.78","0.88","0","0",,,"1","65","2024-02-22 15:29:36"
"5b33a01fa8327d0001003821",,"1","58","3","2","5","5","1","0","921","1847","1","0","3","4","0.63","0.78","0","0",,,"1","165","2024-02-22 15:29:37"
"5d4869cc692e5400197a980c",,"1","22","5","2","5","5","1","0","482","599","1","0","1","2","0.22","0.45","0","0",,,"1","70","2024-02-22 15:29:38"
"5ef4d8b87faaa00c0dea0c4e",,"5","11","10","2","5","5","0","1","868","1252","0","1","1","3","0.16","0.63","0","0",,,"0","40","2024-02-22 15:29:39"
"5d4869cc692e5400197a980c",,"1","23","7","2","5","5","1","0","523","631","1","0","3","4","0.55","0.88","0","0",,,"0","70","2024-02-22 15:29:40"
"5ef4d8b87faaa00c0dea0c4e",,"5","12","6","2","5","5","0","1","716","1434","0","1","2","3","0.37","0.63","0","0",,,"1","45","2024-02-22 15:29:42"
"5b33a01fa8327d0001003821",,"1","59","1","2","5","5","1","0","1292","2218","1","0","1","1","0.12","0.22","0","0",,,"0","165","2024-02-22 15:29:42"
"5d4869cc692e5400197a980c",,"1","24","13","2","5","5","0","1","582","682","0","1","1","4","0.29","0.88","0","0",,,"1","75","2024-02-22 15:29:43"
"5ef4d8b87faaa00c0dea0c4e",,"5","13","0","2","5","5","0","1","1017","1333","0","1","4","4","0.78","0.88","0","0",,,"1","50","2024-02-22 15:29:44"
"5d4869cc692e5400197a980c",,"1","25","5","2","5","5","1","0","482","574","1","0","1","2","0.22","0.45","0","0",,,"0","75","2024-02-22 15:29:45"
"5ef4d8b87faaa00c0dea0c4e",,"5","14","11","2","5","5","1","0","534","934","1","0","2","4","0.37","0.84","0","0",,,"0","50","2024-02-22 15:29:47"
"5b33a01fa8327d0001003821",,"1","60","6","2","5","5","1","0","676","1908","1","0","2","3","0.37","0.63","0","0",,,"1","170","2024-02-22 15:29:47"
"5d4869cc692e5400197a980c",,"1","26","15","2","5","5","1","0","557","907","1","0","1","4","0.12","0.88","0","0",,,"1","80","2024-02-22 15:29:47"
"5d4869cc692e5400197a980c",,"1","27","4","2","5","5","0","1","899","948","0","1","3","4","0.55","0.78","0","0",,,"1","85","2024-02-22 15:29:50"
"5ef4d8b87faaa00c0dea0c4e",,"5","15","8","2","5","5","0","1","617","1001","0","1","1","2","0.12","0.45","0","0",,,"0","50","2024-02-22 15:29:50"
"5d4869cc692e5400197a980c",,"1","28","3","2","5","5","1","0","641","699","1","0","3","4","0.63","0.78","0","0",,,"1","90","2024-02-22 15:29:52"
"5b33a01fa8327d0001003821",,"1","61","5","2","5","5","1","0","940","1817","1","0","1","2","0.22","0.45","0","0",,,"1","175","2024-02-22 15:29:52"
"5ef4d8b87faaa00c0dea0c4e",,"5","16","9","2","5","5","1","0","717","1668","1","0","1","4","0.29","0.71","0","0",,,"1","55","2024-02-22 15:29:53"
"5d4869cc692e5400197a980c",,"1","29","7","2","5","5","0","1","499","574","0","1","3","4","0.55","0.88","0","0",,,"1","95","2024-02-22 15:29:54"
"5ef4d8b87faaa00c0dea0c4e",,"5","17","13","2","5","5","1","0","866","1167","1","0","1","4","0.29","0.88","0","0",,,"1","60","2024-02-22 15:29:56"
"5d4869cc692e5400197a980c",,"1","30","2","2","5","5","1","0","440","557","1","0","1","2","0.22","0.37","0","0",,,"0","95","2024-02-22 15:29:56"
"5b33a01fa8327d0001003821",,"1","62","15","2","5","5","1","0","1296","2210","1","0","1","4","0.12","0.88","0","0",,,"1","180","2024-02-22 15:29:57"
"5d4869cc692e5400197a980c",,"1","31","7","2","5","5","1","0","482","558","1","0","3","4","0.55","0.88","0","0",,,"1","100","2024-02-22 15:29:58"
"5ef4d8b87faaa00c0dea0c4e",,"5","18","5","2","5","5","0","1","800","1150","0","1","1","2","0.22","0.45","0","0",,,"0","60","2024-02-22 15:29:58"
"5d4869cc692e5400197a980c",,"1","32","11","2","5","5","1","0","457","608","1","0","2","4","0.37","0.84","0","0",,,"1","105","2024-02-22 15:30:00"
"5ef4d8b87faaa00c0dea0c4e",,"5","19","4","2","5","5","1","0","1050","1368","1","0","3","4","0.55","0.78","0","0",,,"1","65","2024-02-22 15:30:01"
"5b33a01fa8327d0001003821",,"1","63","10","1","5","5","0","0","1077","2458","0","1","1","3","0.16","0.63","0","0",,,"0","180","2024-02-22 15:30:02"
"5d4869cc692e5400197a980c",,"1","33","0","2","5","5","1","0","666","807","1","0","4","4","0.78","0.88","0","0",,,"1","110","2024-02-22 15:30:03"
"5ef4d8b87faaa00c0dea0c4e",,"5","20","8","2","5","5","1","0","850","1267","1","0","1","2","0.12","0.45","0","0",,,"1","70","2024-02-22 15:30:04"
"5d4869cc692e5400197a980c",,"1","34","6","2","5","5","0","1","656","799","0","1","2","3","0.37","0.63","0","0",,,"1","115","2024-02-22 15:30:05"
"5ef4d8b87faaa00c0dea0c4e",,"5","21","7","2","5","5","0","1","682","1016","0","1","3","4","0.55","0.88","0","0",,,"1","75","2024-02-22 15:30:07"
"5d4869cc692e5400197a980c",,"1","35","9","2","5","5","0","1","499","616","0","1","1","4","0.29","0.71","0","0",,,"1","120","2024-02-22 15:30:07"
"5ef4d8b87faaa00c0dea0c4e",,"5","22","4","2","5","5","0","1","900","1200","0","1","3","4","0.55","0.78","0","0",,,"0","75","2024-02-22 15:30:09"
"5d4869cc692e5400197a980c",,"1","36","2","2","5","5","0","1","540","957","0","1","1","2","0.22","0.37","0","0",,,"1","125","2024-02-22 15:30:10"
"5d4869cc692e5400197a980c",,"1","37","10","2","5","5","0","1","524","932","0","1","1","3","0.16","0.63","0","0",,,"1","130","2024-02-22 15:30:12"
"5ef4d8b87faaa00c0dea0c4e",,"5","23","6","2","5","5","1","0","750","1117","1","0","2","3","0.37","0.63","0","0",,,"1","80","2024-02-22 15:30:12"
"5d4869cc692e5400197a980c",,"1","38","6","2","5","5","0","1","582","691","0","1","2","3","0.37","0.63","0","0",,,"0","130","2024-02-22 15:30:14"
"5ef4d8b87faaa00c0dea0c4e",,"5","24","5","2","5","5","1","0","1050","1401","1","0","1","2","0.22","0.45","0","0",,,"1","85","2024-02-22 15:30:15"
"5d4869cc692e5400197a980c",,"1","39","9","2","5","5","1","0","474","565","1","0","1","4","0.29","0.71","0","0",,,"1","135","2024-02-22 15:30:17"
"5ef4d8b87faaa00c0dea0c4e",,"5","25","5","1","5","5","1","1","1268","1568","1","0","1","2","0.22","0.45","0","0",,,"0","85","2024-02-22 15:30:18"
"5d4869cc692e5400197a980c",,"1","40","15","2","5","5","1","0","457","582","1","0","1","4","0.12","0.88","0","0",,,"0","135","2024-02-22 15:30:19"
"5ef4d8b87faaa00c0dea0c4e",,"5","26","9","2","5","5","0","1","818","1284","0","1","1","4","0.29","0.71","0","0",,,"1","90","2024-02-22 15:30:21"
"5d4869cc692e5400197a980c",,"1","41","10","2","5","5","0","1","598","740","0","1","1","3","0.16","0.63","0","0",,,"1","140","2024-02-22 15:30:21"
"5b33a01fa8327d0001003821",,"2","0","15","2","5","5","1","0","1046","1878","1","0","1","4","0.12","0.88","0","0",,,"0","0","2024-02-22 15:30:23"
"5d4869cc692e5400197a980c",,"1","42","13","2","5","5","1","0","624","749","1","0","1","4","0.29","0.88","0","0",,,"1","145","2024-02-22 15:30:23"
"5ef4d8b87faaa00c0dea0c4e",,"5","27","11","2","5","5","0","1","867","1168","0","1","2","4","0.37","0.84","0","0",,,"0","90","2024-02-22 15:30:24"
"5d4869cc692e5400197a980c",,"1","43","5","2","5","5","1","0","582","682","1","0","1","2","0.22","0.45","0","0",,,"1","150","2024-02-22 15:30:26"
"5ef4d8b87faaa00c0dea0c4e",,"5","28","1","2","5","5","1","0","1234","1534","1","0","1","1","0.12","0.22","0","0",,,"0","90","2024-02-22 15:30:27"
"5b33a01fa8327d0001003821",,"2","1","4","2","5","5","1","0","677","1588","1","0","3","4","0.55","0.78","0","0",,,"0","0","2024-02-22 15:30:28"
"5d4869cc692e5400197a980c",,"1","44","8","2","5","5","0","1","540","699","0","1","1","2","0.12","0.45","0","0",,,"0","150","2024-02-22 15:30:28"
"5ef4d8b87faaa00c0dea0c4e",,"5","29","15","2","5","5","0","1","750","1116","0","1","1","4","0.12","0.88","0","0",,,"1","95","2024-02-22 15:30:30"
"5d4869cc692e5400197a980c",,"1","45","14","2","5","5","0","1","524","632","0","1","1","4","0.16","0.84","0","0",,,"0","150","2024-02-22 15:30:30"
"5ef4d8b87faaa00c0dea0c4e",,"5","30","10","2","5","5","0","1","749","1117","0","1","1","3","0.16","0.63","0","0",,,"0","95","2024-02-22 15:30:32"
"5b33a01fa8327d0001003821",,"2","2","8","2","5","5","1","0","697","1554","1","0","1","2","0.12","0.45","0","0",,,"1","5","2024-02-22 15:30:33"
"5d4869cc692e5400197a980c",,"1","46","12","2","5","5","0","1","757","866","0","1","1","4","0.12","0.71","0","0",,,"0","150","2024-02-22 15:30:33"
"5ef4d8b87faaa00c0dea0c4e",,"5","31","0","2","5","5","1","0","783","1151","1","0","4","4","0.78","0.88","0","0",,,"1","100","2024-02-22 15:30:35"
"5d4869cc692e5400197a980c",,"1","47","9","2","5","5","0","1","424","557","0","1","1","4","0.29","0.71","0","0",,,"0","150","2024-02-22 15:30:35"
"5d4869cc692e5400197a980c",,"1","48","14","2","5","5","1","0","441","574","1","0","1","4","0.16","0.84","0","0",,,"1","155","2024-02-22 15:30:37"
"5ef4d8b87faaa00c0dea0c4e",,"5","32","6","2","5","5","1","0","633","1234","1","0","2","3","0.37","0.63","0","0",,,"1","105","2024-02-22 15:30:38"
"5b33a01fa8327d0001003821",,"2","3","9","2","5","5","0","1","1088","1976","0","1","1","4","0.29","0.71","0","0",,,"0","5","2024-02-22 15:30:38"
"5d4869cc692e5400197a980c",,"1","49","11","2","5","5","0","1","482","583","0","1","2","4","0.37","0.84","0","0",,,"1","160","2024-02-22 15:30:40"
"5ef4d8b87faaa00c0dea0c4e",,"5","33","10","2","5","5","0","1","867","1302","0","1","1","3","0.16","0.63","0","0",,,"1","110","2024-02-22 15:30:41"
"5d4869cc692e5400197a980c",,"1","50","14","2","5","5","1","0","498","632","1","0","1","4","0.16","0.84","0","0",,,"0","160","2024-02-22 15:30:42"
"5b33a01fa8327d0001003821",,"2","4","15","2","5","5","0","1","952","1828","0","1","1","4","0.12","0.88","0","0",,,"1","10","2024-02-22 15:30:43"
"5ef4d8b87faaa00c0dea0c4e",,"5","34","15","2","5","5","0","1","765","1217","0","1","1","4","0.12","0.88","0","0",,,"1","115","2024-02-22 15:30:43"
"5d4869cc692e5400197a980c",,"1","51","3","2","5","5","0","1","457","582","0","1","3","4","0.63","0.78","0","0",,,"1","165","2024-02-22 15:30:44"
"5ef4d8b87faaa00c0dea0c4e",,"5","35","7","2","5","5","0","1","717","1117","0","1","3","4","0.55","0.88","0","0",,,"0","115","2024-02-22 15:30:46"
"5d4869cc692e5400197a980c",,"1","52","13","2","5","5","0","1","498","624","0","1","1","4","0.29","0.88","0","0",,,"1","170","2024-02-22 15:30:46"
"5b33a01fa8327d0001003821",,"2","5","12","2","5","5","0","1","1074","1997","0","1","1","4","0.12","0.71","0","0",,,"1","15","2024-02-22 15:30:48"
"5d4869cc692e5400197a980c",,"1","53","4","2","5","5","1","0","515","632","1","0","3","4","0.55","0.78","0","0",,,"1","175","2024-02-22 15:30:48"
"5ef4d8b87faaa00c0dea0c4e",,"5","36","5","2","5","5","1","0","583","1234","1","0","1","2","0.22","0.45","0","0",,,"1","120","2024-02-22 15:30:49"
"5d4869cc692e5400197a980c",,"1","54","8","2","5","5","1","0","499","649","1","0","1","2","0.12","0.45","0","0",,,"0","175","2024-02-22 15:30:50"
"5ef4d8b87faaa00c0dea0c4e",,"5","37","14","2","5","5","1","0","583","1016","1","0","1","4","0.16","0.84","0","0",,,"0","120","2024-02-22 15:30:51"
"5b33a01fa8327d0001003821",,"2","6","12","2","5","5","0","1","1062","1987","0","1","1","4","0.12","0.71","0","0",,,"1","20","2024-02-22 15:30:53"
"5d4869cc692e5400197a980c",,"1","55","6","2","5","5","1","0","574","766","1","0","2","3","0.37","0.63","0","0",,,"0","175","2024-02-22 15:30:53"
"5ef4d8b87faaa00c0dea0c4e",,"5","38","12","2","5","5","0","1","782","1267","0","1","1","4","0.12","0.71","0","0",,,"0","120","2024-02-22 15:30:54"
"5d4869cc692e5400197a980c",,"1","56","1","2","5","5","1","0","565","890","1","0","1","1","0.12","0.22","0","0",,,"1","180","2024-02-22 15:30:56"
"5ef4d8b87faaa00c0dea0c4e",,"5","39","0","2","5","5","0","1","849","1234","0","1","4","4","0.78","0.88","0","0",,,"1","125","2024-02-22 15:30:57"
"5d4869cc692e5400197a980c",,"1","57","11","2","5","5","0","1","599","707","0","1","2","4","0.37","0.84","0","0",,,"1","185","2024-02-22 15:30:58"
"5b33a01fa8327d0001003821",,"2","7","13","0","5","5","0","0","1340","0","1","0","1","4","0.29","0.88","0","0",,,"0","20","2024-02-22 15:30:59"
"5d4869cc692e5400197a980c",,"1","58","10","2","5","5","1","0","474","607","1","0","1","3","0.16","0.63","0","0",,,"0","185","2024-02-22 15:31:00"
"5ef4d8b87faaa00c0dea0c4e",,"5","40","1","2","5","5","1","0","1418","1801","1","0","1","1","0.12","0.22","0","0",,,"0","125","2024-02-22 15:31:00"
"5d4869cc692e5400197a980c",,"1","59","1","1","5","5","1","1","498","632","1","0","1","1","0.12","0.22","0","0",,,"0","185","2024-02-22 15:31:02"
"5ef4d8b87faaa00c0dea0c4e",,"5","41","15","2","5","5","0","1","717","1018","0","1","1","4","0.12","0.88","0","0",,,"1","130","2024-02-22 15:31:03"
"5b33a01fa8327d0001003821",,"2","8","0","2","5","5","0","1","1066","1929","0","1","4","4","0.78","0.88","0","0",,,"1","25","2024-02-22 15:31:04"
"5d4869cc692e5400197a980c",,"1","60","6","2","5","5","1","0","483","590","1","0","2","3","0.37","0.63","0","0",,,"1","190","2024-02-22 15:31:05"
"5ef4d8b87faaa00c0dea0c4e",,"5","42","9","2","5","5","0","1","783","1167","0","1","1","4","0.29","0.71","0","0",,,"1","135","2024-02-22 15:31:06"
"5d4869cc692e5400197a980c",,"1","61","9","2","5","5","0","1","882","999","0","1","1","4","0.29","0.71","0","0",,,"1","195","2024-02-22 15:31:07"
"5ef4d8b87faaa00c0dea0c4e",,"5","43","2","1","5","5","0","0","1484","1751","0","1","1","2","0.22","0.37","0","0",,,"0","135","2024-02-22 15:31:09"
"5b33a01fa8327d0001003821",,"2","9","12","2","5","5","0","1","1055","1997","0","1","1","4","0.12","0.71","0","0",,,"0","25","2024-02-22 15:31:09"
"5d4869cc692e5400197a980c",,"1","62","1","2","5","5","1","0","682","865","1","0","1","1","0.12","0.22","0","0",,,"0","195","2024-02-22 15:31:10"
"5ef4d8b87faaa00c0dea0c4e",,"5","44","4","2","5","5","0","1","733","1134","0","1","3","4","0.55","0.78","0","0",,,"1","140","2024-02-22 15:31:12"
"5d4869cc692e5400197a980c",,"1","63","3","2","5","5","0","1","515","665","0","1","3","4","0.63","0.78","0","0",,,"1","200","2024-02-22 15:31:12"
"5ef4d8b87faaa00c0dea0c4e",,"5","45","2","2","5","5","0","1","949","1283","0","1","1","2","0.22","0.37","0","0",,,"1","145","2024-02-22 15:31:15"
"5b33a01fa8327d0001003821",,"2","10","9","2","5","5","0","1","1087","2345","0","1","1","4","0.29","0.71","0","0",,,"1","30","2024-02-22 15:31:15"
"5ef4d8b87faaa00c0dea0c4e",,"5","46","3","2","5","5","1","0","884","1284","1","0","3","4","0.63","0.78","0","0",,,"1","150","2024-02-22 15:31:17"
"5b33a01fa8327d0001003821",,"2","11","4","2","5","5","1","0","1074","2004","1","0","3","4","0.55","0.78","0","0",,,"1","35","2024-02-22 15:31:20"
"5ef4d8b87faaa00c0dea0c4e",,"5","47","11","2","5","5","0","1","750","1151","0","1","2","4","0.37","0.84","0","0",,,"1","155","2024-02-22 15:31:20"
"5ef4d8b87faaa00c0dea0c4e",,"5","48","14","2","5","5","0","1","633","967","0","1","1","4","0.16","0.84","0","0",,,"1","160","2024-02-22 15:31:22"
"5ef4d8b87faaa00c0dea0c4e",,"5","49","3","2","5","5","1","0","866","1267","1","0","3","4","0.63","0.78","0","0",,,"0","160","2024-02-22 15:31:25"
"5b33a01fa8327d0001003821",,"2","12","3","2","5","5","1","0","1095","2045","1","0","3","4","0.63","0.78","0","0",,,"1","40","2024-02-22 15:31:25"
"5ef4d8b87faaa00c0dea0c4e",,"5","50","14","2","5","5","0","1","800","1134","0","1","1","4","0.16","0.84","0","0",,,"1","165","2024-02-22 15:31:28"
"5ef4d8b87faaa00c0dea0c4e",,"5","51","4","2","5","5","0","1","683","1083","0","1","3","4","0.55","0.78","0","0",,,"1","170","2024-02-22 15:31:31"
"5b33a01fa8327d0001003821",,"2","13","11","2","5","5","0","1","997","2067","0","1","2","4","0.37","0.84","0","0",,,"1","45","2024-02-22 15:31:31"
"5ef4d8b87faaa00c0dea0c4e",,"5","52","13","2","5","5","0","1","650","1016","0","1","1","4","0.29","0.88","0","0",,,"1","175","2024-02-22 15:31:33"
"5b33a01fa8327d0001003821",,"2","14","3","2","5","5","1","0","924","1870","1","0","3","4","0.63","0.78","0","0",,,"0","45","2024-02-22 15:31:36"
"5ef4d8b87faaa00c0dea0c4e",,"5","53","3","2","5","5","1","0","850","1434","1","0","3","4","0.63","0.78","0","0",,,"1","180","2024-02-22 15:31:36"
"5ef4d8b87faaa00c0dea0c4e",,"5","54","8","2","5","5","1","0","801","1267","1","0","1","2","0.12","0.45","0","0",,,"0","180","2024-02-22 15:31:39"
"5ef4d8b87faaa00c0dea0c4e",,"5","55","7","2","5","5","1","0","632","1034","1","0","3","4","0.55","0.88","0","0",,,"1","185","2024-02-22 15:31:42"
"5b33a01fa8327d0001003821",,"2","15","13","2","5","5","1","0","1066","1934","1","0","1","4","0.29","0.88","0","0",,,"1","50","2024-02-22 15:31:42"
"5ef4d8b87faaa00c0dea0c4e",,"5","56","13","2","5","5","1","0","800","1317","1","0","1","4","0.29","0.88","0","0",,,"1","190","2024-02-22 15:31:45"
"5b33a01fa8327d0001003821",,"2","16","0","2","5","5","1","0","1324","2251","1","0","4","4","0.78","0.88","0","0",,,"1","55","2024-02-22 15:31:47"
"5ef4d8b87faaa00c0dea0c4e",,"5","57","15","2","5","5","1","0","600","1050","1","0","1","4","0.12","0.88","0","0",,,"0","190","2024-02-22 15:31:47"
"5ef4d8b87faaa00c0dea0c4e",,"5","58","1","2","5","5","0","1","1084","1685","0","1","1","1","0.12","0.22","0","0",,,"1","195","2024-02-22 15:31:50"
"5b33a01fa8327d0001003821",,"2","17","6","2","5","5","1","0","1365","2323","1","0","2","3","0.37","0.63","0","0",,,"0","55","2024-02-22 15:31:52"
"5ef4d8b87faaa00c0dea0c4e",,"5","59","13","2","5","5","1","0","699","1117","1","0","1","4","0.29","0.88","0","0",,,"0","195","2024-02-22 15:31:53"
"5ef4d8b87faaa00c0dea0c4e",,"5","60","3","2","5","5","1","0","950","1350","1","0","3","4","0.63","0.78","0","0",,,"0","195","2024-02-22 15:31:56"
"5b33a01fa8327d0001003821",,"2","18","7","2","5","5","1","0","1051","1919","1","0","3","4","0.55","0.88","0","0",,,"1","60","2024-02-22 15:31:58"
"5ef4d8b87faaa00c0dea0c4e",,"5","61","2","1","5","5","0","0","1517","1885","0","1","1","2","0.22","0.37","0","0",,,"0","195","2024-02-22 15:31:59"
"5ef4d8b87faaa00c0dea0c4e",,"5","62","10","2","5","5","1","0","733","1100","1","0","1","3","0.16","0.63","0","0",,,"1","200","2024-02-22 15:32:02"
"5b33a01fa8327d0001003821",,"2","19","5","2","5","5","0","1","1085","2023","0","1","1","2","0.22","0.45","0","0",,,"1","65","2024-02-22 15:32:03"
"5ef4d8b87faaa00c0dea0c4e",,"5","63","9","2","5","5","1","0","750","1218","1","0","1","4","0.29","0.71","0","0",,,"1","205","2024-02-22 15:32:05"
"5b33a01fa8327d0001003821",,"2","20","14","2","5","5","0","1","1085","2041","0","1","1","4","0.16","0.84","0","0",,,"1","70","2024-02-22 15:32:08"
"5b33a01fa8327d0001003821",,"2","21","4","2","5","5","0","1","926","1821","0","1","3","4","0.55","0.78","0","0",,,"1","75","2024-02-22 15:32:13"
"5b33a01fa8327d0001003821",,"2","22","1","2","5","5","0","1","1047","2501","0","1","1","1","0.12","0.22","0","0",,,"0","75","2024-02-22 15:32:18"
"5b33a01fa8327d0001003821",,"2","23","13","2","5","5","0","1","964","1867","0","1","1","4","0.29","0.88","0","0",,,"1","80","2024-02-22 15:32:23"
"5b33a01fa8327d0001003821",,"2","24","2","2","5","5","1","0","1075","1991","1","0","1","2","0.22","0.37","0","0",,,"0","80","2024-02-22 15:32:28"
"5b33a01fa8327d0001003821",,"2","25","15","2","5","5","1","0","1112","1977","1","0","1","4","0.12","0.88","0","0",,,"1","85","2024-02-22 15:32:33"
"5b33a01fa8327d0001003821",,"2","26","1","2","5","5","1","0","890","1815","1","0","1","1","0.12","0.22","0","0",,,"1","90","2024-02-22 15:32:38"
"5b33a01fa8327d0001003821",,"2","27","3","2","5","5","0","1","1514","2909","0","1","3","4","0.63","0.78","0","0",,,"1","95","2024-02-22 15:32:44"
"5d4869cc692e5400197a980c",,"2","0","1","1","5","5","0","0","899","1265","0","1","1","1","0.12","0.22","0","0",,,"0","0","2024-02-22 15:32:47"
"5d4869cc692e5400197a980c",,"2","1","13","2","5","5","0","1","499","890","0","1","1","4","0.29","0.88","0","0",,,"1","5","2024-02-22 15:32:49"
"5b33a01fa8327d0001003821",,"2","28","0","2","5","5","1","0","1405","2326","1","0","4","4","0.78","0.88","0","0",,,"1","100","2024-02-22 15:32:49"
"5d4869cc692e5400197a980c",,"2","2","6","2","5","5","1","0","999","1306","1","0","2","3","0.37","0.63","0","0",,,"0","5","2024-02-22 15:32:52"
"5d4869cc692e5400197a980c",,"2","3","11","2","5","5","1","0","599","740","1","0","2","4","0.37","0.84","0","0",,,"1","10","2024-02-22 15:32:54"
"5b33a01fa8327d0001003821",,"2","29","6","2","5","5","0","1","1954","3070","0","1","2","3","0.37","0.63","0","0",,,"1","105","2024-02-22 15:32:55"
"5d4869cc692e5400197a980c",,"2","4","1","2","5","5","1","0","732","899","1","0","1","1","0.12","0.22","0","0",,,"0","10","2024-02-22 15:32:57"
"5d4869cc692e5400197a980c",,"2","5","12","2","5","5","0","1","724","924","0","1","1","4","0.12","0.71","0","0",,,"1","15","2024-02-22 15:32:59"
"5b33a01fa8327d0001003821",,"2","30","6","2","5","5","0","1","1078","2037","0","1","2","3","0.37","0.63","0","0",,,"1","110","2024-02-22 15:33:01"
"5d4869cc692e5400197a980c",,"2","6","0","2","5","5","0","1","799","932","0","1","4","4","0.78","0.88","0","0",,,"0","15","2024-02-22 15:33:02"
"5d4869cc692e5400197a980c",,"2","7","12","2","5","5","0","1","656","815","0","1","1","4","0.12","0.71","0","0",,,"1","20","2024-02-22 15:33:04"
"5b33a01fa8327d0001003821",,"2","31","9","2","5","5","1","0","1321","2227","1","0","1","4","0.29","0.71","0","0",,,"1","115","2024-02-22 15:33:06"
"5d4869cc692e5400197a980c",,"2","8","15","2","5","5","0","1","640","790","0","1","1","4","0.12","0.88","0","0",,,"1","25","2024-02-22 15:33:07"
"5d4869cc692e5400197a980c",,"2","9","2","2","5","5","0","1","598","757","0","1","1","2","0.22","0.37","0","0",,,"1","30","2024-02-22 15:33:09"
"5b33a01fa8327d0001003821",,"2","32","9","2","5","5","0","1","1517","2467","0","1","1","4","0.29","0.71","0","0",,,"1","120","2024-02-22 15:33:11"
"5d4869cc692e5400197a980c",,"2","10","9","2","5","5","0","1","557","707","0","1","1","4","0.29","0.71","0","0",,,"1","35","2024-02-22 15:33:11"
"5d4869cc692e5400197a980c",,"2","11","10","2","5","5","0","1","773","940","0","1","1","3","0.16","0.63","0","0",,,"0","35","2024-02-22 15:33:14"
"5b33a01fa8327d0001003821",,"2","33","13","2","5","5","0","1","1037","1989","0","1","1","4","0.29","0.88","0","0",,,"1","125","2024-02-22 15:33:16"
"5d4869cc692e5400197a980c",,"2","12","9","2","5","5","0","1","524","724","0","1","1","4","0.29","0.71","0","0",,,"1","40","2024-02-22 15:33:16"
"5d4869cc692e5400197a980c",,"2","13","14","2","5","5","1","0","757","924","1","0","1","4","0.16","0.84","0","0",,,"1","45","2024-02-22 15:33:18"
"5d4869cc692e5400197a980c",,"2","14","3","2","5","5","0","1","482","683","0","1","3","4","0.63","0.78","0","0",,,"1","50","2024-02-22 15:33:21"
"5b33a01fa8327d0001003821",,"2","34","5","2","5","5","1","0","1327","2283","1","0","1","2","0.22","0.45","0","0",,,"1","130","2024-02-22 15:33:21"
"5d4869cc692e5400197a980c",,"2","15","3","2","5","5","1","0","799","1000","1","0","3","4","0.63","0.78","0","0",,,"0","50","2024-02-22 15:33:23"
"5d4869cc692e5400197a980c",,"2","16","2","2","5","5","0","1","615","740","0","1","1","2","0.22","0.37","0","0",,,"0","50","2024-02-22 15:33:26"
"5b33a01fa8327d0001003821",,"2","35","1","2","5","5","0","1","1313","2246","0","1","1","1","0.12","0.22","0","0",,,"0","130","2024-02-22 15:33:26"
"5d4869cc692e5400197a980c",,"2","17","13","2","5","5","0","1","540","616","0","1","1","4","0.29","0.88","0","0",,,"1","55","2024-02-22 15:33:28"
"5d4869cc692e5400197a980c",,"2","18","5","2","5","5","0","1","615","724","0","1","1","2","0.22","0.45","0","0",,,"0","55","2024-02-22 15:33:30"
"5b33a01fa8327d0001003821",,"2","36","4","2","5","5","1","0","1084","1951","1","0","3","4","0.55","0.78","0","0",,,"1","135","2024-02-22 15:33:32"
"5d4869cc692e5400197a980c",,"2","19","9","2","5","5","1","0","1415","1559","1","0","1","4","0.29","0.71","0","0",,,"1","60","2024-02-22 15:33:33"
"5d4869cc692e5400197a980c",,"2","20","10","2","5","5","0","1","540","765","0","1","1","3","0.16","0.63","0","0",,,"0","60","2024-02-22 15:33:36"
"5b33a01fa8327d0001003821",,"2","37","14","2","5","5","1","0","1064","1964","1","0","1","4","0.16","0.84","0","0",,,"1","140","2024-02-22 15:33:37"
"5d4869cc692e5400197a980c",,"2","21","4","2","5","5","1","0","1098","1482","1","0","3","4","0.55","0.78","0","0",,,"1","65","2024-02-22 15:33:39"
"5d4869cc692e5400197a980c",,"2","22","0","2","5","5","0","1","773","882","0","1","4","4","0.78","0.88","0","0",,,"1","70","2024-02-22 15:33:41"
"5b33a01fa8327d0001003821",,"2","38","7","2","5","5","1","0","1040","1973","1","0","3","4","0.55","0.88","0","0",,,"0","140","2024-02-22 15:33:42"
"5d4869cc692e5400197a980c",,"2","23","14","2","5","5","1","0","923","1041","1","0","1","4","0.16","0.84","0","0",,,"0","70","2024-02-22 15:33:44"
"5d4869cc692e5400197a980c",,"2","24","9","2","5","5","1","0","740","1040","1","0","1","4","0.29","0.71","0","0",,,"0","70","2024-02-22 15:33:46"
"5b33a01fa8327d0001003821",,"2","39","12","2","5","5","0","1","1129","2032","0","1","1","4","0.12","0.71","0","0",,,"1","145","2024-02-22 15:33:48"
"5d4869cc692e5400197a980c",,"2","25","12","2","5","5","1","0","432","765","1","0","1","4","0.12","0.71","0","0",,,"1","75","2024-02-22 15:33:49"
"5d4869cc692e5400197a980c",,"2","26","13","2","5","5","0","1","582","974","0","1","1","4","0.29","0.88","0","0",,,"1","80","2024-02-22 15:33:51"
"5b33a01fa8327d0001003821",,"2","40","11","2","5","5","0","1","1299","2249","0","1","2","4","0.37","0.84","0","0",,,"1","150","2024-02-22 15:33:53"
"5d4869cc692e5400197a980c",,"2","27","7","2","5","5","1","0","399","698","1","0","3","4","0.55","0.88","0","0",,,"1","85","2024-02-22 15:33:53"
"5d4869cc692e5400197a980c",,"2","28","11","2","5","5","1","0","524","824","1","0","2","4","0.37","0.84","0","0",,,"1","90","2024-02-22 15:33:56"
"5b33a01fa8327d0001003821",,"2","41","8","2","5","5","1","0","1339","2731","1","0","1","2","0.12","0.45","0","0",,,"0","150","2024-02-22 15:33:58"
"5d4869cc692e5400197a980c",,"2","29","6","2","5","5","0","1","640","1290","0","1","2","3","0.37","0.63","0","0",,,"0","90","2024-02-22 15:33:58"
"5d4869cc692e5400197a980c",,"2","30","5","2","5","5","0","1","482","782","0","1","1","2","0.22","0.45","0","0",,,"1","95","2024-02-22 15:34:01"
"5d4869cc692e5400197a980c",,"2","31","0","2","5","5","0","1","640","899","0","1","4","4","0.78","0.88","0","0",,,"1","100","2024-02-22 15:34:03"
"5b33a01fa8327d0001003821",,"2","42","8","2","5","5","0","1","1063","1932","0","1","1","2","0.12","0.45","0","0",,,"1","155","2024-02-22 15:34:04"
"5d4869cc692e5400197a980c",,"2","32","8","2","5","5","1","0","524","832","1","0","1","2","0.12","0.45","0","0",,,"1","105","2024-02-22 15:34:05"
"5d4869cc692e5400197a980c",,"2","33","4","2","5","5","1","0","524","899","1","0","3","4","0.55","0.78","0","0",,,"0","105","2024-02-22 15:34:08"
"5b33a01fa8327d0001003821",,"2","43","2","2","5","5","1","0","1047","1992","1","0","1","2","0.22","0.37","0","0",,,"0","155","2024-02-22 15:34:08"
"5d4869cc692e5400197a980c",,"2","34","0","2","5","5","1","0","540","1165","1","1","4","4","0.78","0.88","0","0",,,"1","110","2024-02-22 15:34:11"
"5d4869cc692e5400197a980c",,"2","35","5","2","5","5","0","1","598","890","0","1","1","2","0.22","0.45","0","0",,,"1","115","2024-02-22 15:34:13"
"5b33a01fa8327d0001003821",,"2","44","5","2","5","5","1","0","1115","2416","1","0","1","2","0.22","0.45","0","0",,,"1","160","2024-02-22 15:34:14"
"5d4869cc692e5400197a980c",,"2","36","7","2","5","5","0","1","598","890","0","1","3","4","0.55","0.88","0","0",,,"1","120","2024-02-22 15:34:15"
"5d4869cc692e5400197a980c",,"2","37","2","2","5","5","1","0","399","699","1","0","1","2","0.22","0.37","0","0",,,"1","125","2024-02-22 15:34:18"
"5b33a01fa8327d0001003821",,"2","45","7","2","5","5","0","1","855","2267","0","1","3","4","0.55","0.88","0","0",,,"1","165","2024-02-22 15:34:20"
"5d4869cc692e5400197a980c",,"2","38","13","2","5","5","0","1","483","758","0","1","1","4","0.29","0.88","0","0",,,"1","130","2024-02-22 15:34:20"
"5d4869cc692e5400197a980c",,"2","39","11","2","5","5","0","1","640","948","0","1","2","4","0.37","0.84","0","0",,,"1","135","2024-02-22 15:34:22"
"5b33a01fa8327d0001003821",,"2","46","2","2","5","5","0","1","886","1806","0","1","1","2","0.22","0.37","0","0",,,"1","170","2024-02-22 15:34:24"
"5d4869cc692e5400197a980c",,"2","40","6","2","5","5","0","1","715","1007","0","1","2","3","0.37","0.63","0","0",,,"1","140","2024-02-22 15:34:25"
"5d4869cc692e5400197a980c",,"2","41","4","2","5","5","1","0","516","774","1","0","3","4","0.55","0.78","0","0",,,"0","140","2024-02-22 15:34:27"
"5b33a01fa8327d0001003821",,"2","47","1","2","5","5","0","1","1032","1937","0","1","1","1","0.12","0.22","0","0",,,"0","170","2024-02-22 15:34:30"
"5d4869cc692e5400197a980c",,"2","42","8","2","5","5","1","0","640","873","1","0","1","2","0.12","0.45","0","0",,,"1","145","2024-02-22 15:34:30"
"5d4869cc692e5400197a980c",,"2","43","15","2","5","5","1","0","582","915","1","0","1","4","0.12","0.88","0","0",,,"1","150","2024-02-22 15:34:32"
"5d4869cc692e5400197a980c",,"2","44","7","2","5","5","0","1","640","941","0","1","3","4","0.55","0.88","0","0",,,"0","150","2024-02-22 15:34:34"
"5b33a01fa8327d0001003821",,"2","48","8","2","5","5","0","1","1107","1963","0","1","1","2","0.12","0.45","0","0",,,"1","175","2024-02-22 15:34:35"
"5d4869cc692e5400197a980c",,"2","45","6","2","5","5","1","0","441","774","1","0","2","3","0.37","0.63","0","0",,,"0","150","2024-02-22 15:34:37"
"5d4869cc692e5400197a980c",,"2","46","15","2","5","5","0","1","482","782","0","1","1","4","0.12","0.88","0","0",,,"1","155","2024-02-22 15:34:39"
"5b33a01fa8327d0001003821",,"2","49","5","2","5","5","1","0","1038","1937","1","0","1","2","0.22","0.45","0","0",,,"1","180","2024-02-22 15:34:39"
"5d4869cc692e5400197a980c",,"2","47","3","2","5","5","1","0","441","724","1","0","3","4","0.63","0.78","0","0",,,"1","160","2024-02-22 15:34:42"
"5d4869cc692e5400197a980c",,"2","48","1","1","5","5","1","1","940","1248","1","0","1","1","0.12","0.22","0","0",,,"0","160","2024-02-22 15:34:44"
"5b33a01fa8327d0001003821",,"2","50","7","2","5","5","0","1","666","1564","0","1","3","4","0.55","0.88","0","0",,,"1","185","2024-02-22 15:34:45"
"5d4869cc692e5400197a980c",,"2","49","10","2","5","5","0","1","515","790","0","1","1","3","0.16","0.63","0","0",,,"1","165","2024-02-22 15:34:47"
"5d4869cc692e5400197a980c",,"2","50","12","2","5","5","0","1","498","790","0","1","1","4","0.12","0.71","0","0",,,"1","170","2024-02-22 15:34:49"
"5b33a01fa8327d0001003821",,"2","51","2","1","5","5","1","1","1605","2525","1","0","1","2","0.22","0.37","0","0",,,"0","185","2024-02-22 15:34:50"
"5d4869cc692e5400197a980c",,"2","51","10","2","5","5","1","0","457","732","1","0","1","3","0.16","0.63","0","0",,,"1","175","2024-02-22 15:34:51"
"5d4869cc692e5400197a980c",,"2","52","14","2","5","5","1","0","557","873","1","0","1","4","0.16","0.84","0","0",,,"1","180","2024-02-22 15:34:54"
"5b33a01fa8327d0001003821",,"2","52","3","2","5","5","0","1","1136","2039","0","1","3","4","0.63","0.78","0","0",,,"0","185","2024-02-22 15:34:56"
"5d4869cc692e5400197a980c",,"2","53","8","2","5","5","0","1","524","849","0","1","1","2","0.12","0.45","0","0",,,"1","185","2024-02-22 15:34:56"
"5d4869cc692e5400197a980c",,"2","54","11","2","5","5","0","1","540","782","0","1","2","4","0.37","0.84","0","0",,,"1","190","2024-02-22 15:34:58"
"5d4869cc692e5400197a980c",,"2","55","5","2","5","5","1","0","574","815","1","0","1","2","0.22","0.45","0","0",,,"0","190","2024-02-22 15:35:01"
"5b33a01fa8327d0001003821",,"2","53","11","2","5","5","0","1","912","1739","0","1","2","4","0.37","0.84","0","0",,,"1","190","2024-02-22 15:35:01"
"5d4869cc692e5400197a980c",,"2","56","2","2","5","5","1","0","474","724","1","0","1","2","0.22","0.37","0","0",,,"0","190","2024-02-22 15:35:03"
"5d4869cc692e5400197a980c",,"2","57","7","2","5","5","1","0","499","757","1","0","3","4","0.55","0.88","0","0",,,"1","195","2024-02-22 15:35:06"
"5b33a01fa8327d0001003821",,"2","54","6","2","5","5","0","1","1344","2293","0","1","2","3","0.37","0.63","0","0",,,"1","195","2024-02-22 15:35:07"
"5d4869cc692e5400197a980c",,"2","58","15","2","5","5","0","1","557","857","0","1","1","4","0.12","0.88","0","0",,,"1","200","2024-02-22 15:35:08"
"5d4869cc692e5400197a980c",,"2","59","3","2","5","5","1","0","598","916","1","0","3","4","0.63","0.78","0","0",,,"1","205","2024-02-22 15:35:10"
"5b33a01fa8327d0001003821",,"2","55","10","2","5","5","1","0","1363","2706","1","0","1","3","0.16","0.63","0","0",,,"0","195","2024-02-22 15:35:12"
"5d4869cc692e5400197a980c",,"2","60","1","2","5","5","1","0","740","1015","1","0","1","1","0.12","0.22","0","0",,,"0","205","2024-02-22 15:35:13"
"5d4869cc692e5400197a980c",,"2","61","4","2","5","5","0","1","482","774","0","1","3","4","0.55","0.78","0","0",,,"0","205","2024-02-22 15:35:15"
"5b33a01fa8327d0001003821",,"2","56","11","2","5","5","0","1","1117","1971","0","1","2","4","0.37","0.84","0","0",,,"0","195","2024-02-22 15:35:17"
"5d4869cc692e5400197a980c",,"2","62","8","2","5","5","0","1","640","940","0","1","1","2","0.12","0.45","0","0",,,"1","210","2024-02-22 15:35:18"
"5d4869cc692e5400197a980c",,"2","63","14","2","5","5","0","1","598","882","0","1","1","4","0.16","0.84","0","0",,,"1","215","2024-02-22 15:35:20"
"5b33a01fa8327d0001003821",,"2","57","0","2","5","5","1","0","1517","2388","1","0","4","4","0.78","0.88","0","0",,,"1","200","2024-02-22 15:35:23"
"5b33a01fa8327d0001003821",,"2","58","10","2","5","5","0","1","1789","3144","0","1","1","3","0.16","0.63","0","0",,,"1","205","2024-02-22 15:35:29"
"5b33a01fa8327d0001003821",,"2","59","14","2","5","5","0","1","1325","2213","0","1","1","4","0.16","0.84","0","0",,,"1","210","2024-02-22 15:35:35"
"5b33a01fa8327d0001003821",,"2","60","10","2","5","5","1","0","849","1759","1","0","1","3","0.16","0.63","0","0",,,"0","210","2024-02-22 15:35:39"
"5b33a01fa8327d0001003821",,"2","61","15","2","5","5","0","1","977","1837","0","1","1","4","0.12","0.88","0","0",,,"0","210","2024-02-22 15:35:44"
"5b33a01fa8327d0001003821",,"2","62","10","2","5","5","0","1","1107","2892","0","1","1","3","0.16","0.63","0","0",,,"0","210","2024-02-22 15:35:50"
"5b33a01fa8327d0001003821",,"2","63","14","2","5","5","0","1","1099","1998","0","1","1","4","0.16","0.84","0","0",,,"1","215","2024-02-22 15:35:56"
"5b33a01fa8327d0001003821",,"3","0","14","2","5","5","0","1","1069","1906","0","1","1","4","0.16","0.84","0","0",,,"1","5","2024-02-22 15:36:16"
"5b33a01fa8327d0001003821",,"3","1","0","2","5","5","1","0","1086","1950","1","0","4","4","0.78","0.88","0","0",,,"1","10","2024-02-22 15:36:22"
"5b33a01fa8327d0001003821",,"3","2","2","2","5","5","1","0","1129","2027","1","0","1","2","0.22","0.37","0","0",,,"1","15","2024-02-22 15:36:27"
"5b33a01fa8327d0001003821",,"3","3","3","1","5","5","1","1","1022","1942","1","0","3","4","0.63","0.78","0","0",,,"0","15","2024-02-22 15:36:33"
"5d4869cc692e5400197a980c",,"3","0","3","2","5","5","1","0","665","949","1","0","3","4","0.63","0.78","0","0",,,"1","5","2024-02-22 15:36:35"
"5d4869cc692e5400197a980c",,"3","1","11","2","5","5","1","0","615","874","1","0","2","4","0.37","0.84","0","0",,,"1","10","2024-02-22 15:36:37"
"5b33a01fa8327d0001003821",,"3","4","4","2","5","5","1","0","1096","1954","1","0","3","4","0.55","0.78","0","0",,,"1","20","2024-02-22 15:36:38"
"5d4869cc692e5400197a980c",,"3","2","15","2","5","5","0","1","441","765","0","1","1","4","0.12","0.88","0","0",,,"1","15","2024-02-22 15:36:40"
"5d4869cc692e5400197a980c",,"3","3","14","2","5","5","0","1","499","782","0","1","1","4","0.16","0.84","0","0",,,"1","20","2024-02-22 15:36:42"
"5b33a01fa8327d0001003821",,"3","5","11","2","5","5","0","1","917","2303","0","1","2","4","0.37","0.84","0","0",,,"1","25","2024-02-22 15:36:44"
"5d4869cc692e5400197a980c",,"3","4","11","2","5","5","0","1","515","774","0","1","2","4","0.37","0.84","0","0",,,"1","25","2024-02-22 15:36:44"
"5d4869cc692e5400197a980c",,"3","5","6","2","5","5","1","0","482","774","1","0","2","3","0.37","0.63","0","0",,,"0","25","2024-02-22 15:36:47"
"5b33a01fa8327d0001003821",,"3","6","2","2","5","5","0","1","1332","2252","0","1","1","2","0.22","0.37","0","0",,,"0","25","2024-02-22 15:36:49"
"5d4869cc692e5400197a980c",,"3","6","11","2","5","5","0","1","441","715","0","1","2","4","0.37","0.84","0","0",,,"1","30","2024-02-22 15:36:49"
"5d4869cc692e5400197a980c",,"3","7","4","2","5","5","0","1","482","757","0","1","3","4","0.55","0.78","0","0",,,"1","35","2024-02-22 15:36:51"
"5d4869cc692e5400197a980c",,"3","8","0","2","5","5","1","0","482","766","1","0","4","4","0.78","0.88","0","0",,,"1","40","2024-02-22 15:36:54"
"5b33a01fa8327d0001003821",,"3","7","12","1","5","5","0","0","663","1983","0","1","1","4","0.12","0.71","0","0",,,"0","25","2024-02-22 15:36:55"
"5d4869cc692e5400197a980c",,"3","9","13","2","5","5","1","0","557","807","1","0","1","4","0.29","0.88","0","0",,,"1","45","2024-02-22 15:36:56"
"5d4869cc692e5400197a980c",,"3","10","2","2","5","5","1","0","665","932","1","0","1","2","0.22","0.37","0","0",,,"1","50","2024-02-22 15:36:58"
"5b33a01fa8327d0001003821",,"3","8","12","2","5","5","1","0","1076","2801","1","0","1","4","0.12","0.71","0","0",,,"1","30","2024-02-22 15:37:00"
"5d4869cc692e5400197a980c",,"3","11","9","2","5","5","1","0","582","824","1","0","1","4","0.29","0.71","0","0",,,"1","55","2024-02-22 15:37:01"
"5d4869cc692e5400197a980c",,"3","12","3","2","5","5","1","0","740","874","1","0","3","4","0.63","0.78","0","0",,,"1","60","2024-02-22 15:37:03"
"5d4869cc692e5400197a980c",,"3","13","6","2","5","5","0","1","499","649","0","1","2","3","0.37","0.63","0","0",,,"0","60","2024-02-22 15:37:05"
"5b33a01fa8327d0001003821",,"3","9","6","2","5","5","0","1","1064","1956","0","1","2","3","0.37","0.63","0","0",,,"1","35","2024-02-22 15:37:06"
"5d4869cc692e5400197a980c",,"3","14","4","2","5","5","1","0","623","741","1","0","3","4","0.55","0.78","0","0",,,"1","65","2024-02-22 15:37:08"
"5d4869cc692e5400197a980c",,"3","15","13","2","5","5","1","0","882","966","1","0","1","4","0.29","0.88","0","0",,,"1","70","2024-02-22 15:37:10"
"5b33a01fa8327d0001003821",,"3","10","14","2","5","5","1","0","912","2232","1","0","1","4","0.16","0.84","0","0",,,"1","40","2024-02-22 15:37:11"
"5d4869cc692e5400197a980c",,"3","16","4","2","5","5","1","0","624","741","1","0","3","4","0.55","0.78","0","0",,,"1","75","2024-02-22 15:37:12"
"5d4869cc692e5400197a980c",,"3","17","12","2","5","5","1","0","482","599","1","0","1","4","0.12","0.71","0","0",,,"0","75","2024-02-22 15:37:15"
"5b33a01fa8327d0001003821",,"3","11","12","2","5","5","1","0","999","2845","1","0","1","4","0.12","0.71","0","0",,,"0","40","2024-02-22 15:37:16"
"5d4869cc692e5400197a980c",,"3","18","6","2","5","5","1","0","415","532","1","0","2","3","0.37","0.63","0","0",,,"0","75","2024-02-22 15:37:17"
"5d4869cc692e5400197a980c",,"3","19","10","2","5","5","0","1","499","624","0","1","1","3","0.16","0.63","0","0",,,"1","80","2024-02-22 15:37:19"
"5d4869cc692e5400197a980c",,"3","20","12","2","5","5","1","0","615","740","1","0","1","4","0.12","0.71","0","0",,,"1","85","2024-02-22 15:37:21"
"5b33a01fa8327d0001003821",,"3","12","9","2","5","5","1","0","1064","2846","1","0","1","4","0.29","0.71","0","0",,,"1","45","2024-02-22 15:37:23"
"5d4869cc692e5400197a980c",,"3","21","14","2","5","5","1","0","682","782","1","0","1","4","0.16","0.84","0","0",,,"1","90","2024-02-22 15:37:24"
"5d4869cc692e5400197a980c",,"3","22","14","2","5","5","0","1","582","741","0","1","1","4","0.16","0.84","0","0",,,"0","90","2024-02-22 15:37:26"
"5b33a01fa8327d0001003821",,"3","13","11","2","5","5","1","0","1073","2439","1","0","2","4","0.37","0.84","0","0",,,"1","50","2024-02-22 15:37:28"
"5d4869cc692e5400197a980c",,"3","23","5","2","5","5","0","1","815","923","0","1","1","2","0.22","0.45","0","0",,,"1","95","2024-02-22 15:37:29"
"5d4869cc692e5400197a980c",,"3","24","9","2","5","5","1","0","557","657","1","0","1","4","0.29","0.71","0","0",,,"1","100","2024-02-22 15:37:31"
"5b33a01fa8327d0001003821",,"3","14","6","1","5","5","1","1","1021","2420","1","0","2","3","0.37","0.63","0","0",,,"1","55","2024-02-22 15:37:33"
"5d4869cc692e5400197a980c",,"3","25","13","2","5","5","1","0","524","648","1","0","1","4","0.29","0.88","0","0",,,"1","105","2024-02-22 15:37:33"
"5d4869cc692e5400197a980c",,"3","26","3","2","5","5","1","0","657","799","1","0","3","4","0.63","0.78","0","0",,,"1","110","2024-02-22 15:37:35"
"5d4869cc692e5400197a980c",,"3","27","10","2","5","5","0","1","640","723","0","1","1","3","0.16","0.63","0","0",,,"1","115","2024-02-22 15:37:37"
"5b33a01fa8327d0001003821",,"3","15","7","2","5","5","0","1","1069","2401","0","1","3","4","0.55","0.88","0","0",,,"1","60","2024-02-22 15:37:38"
"5d4869cc692e5400197a980c",,"3","28","13","2","5","5","1","0","582","724","1","0","1","4","0.29","0.88","0","0",,,"1","120","2024-02-22 15:37:40"
"5d4869cc692e5400197a980c",,"3","29","14","2","5","5","1","0","465","549","1","0","1","4","0.16","0.84","0","0",,,"0","120","2024-02-22 15:37:42"
"5b33a01fa8327d0001003821",,"3","16","5","2","5","5","0","1","1092","1994","0","1","1","2","0.22","0.45","0","0",,,"1","65","2024-02-22 15:37:43"
"5d4869cc692e5400197a980c",,"3","30","8","2","5","5","0","1","440","532","0","1","1","2","0.12","0.45","0","0",,,"0","120","2024-02-22 15:37:44"
"5d4869cc692e5400197a980c",,"3","31","7","2","5","5","0","1","415","540","0","1","3","4","0.55","0.88","0","0",,,"1","125","2024-02-22 15:37:46"
"5b33a01fa8327d0001003821",,"3","17","8","2","5","5","1","0","1329","2735","1","0","1","2","0.12","0.45","0","0",,,"1","70","2024-02-22 15:37:48"
"5d4869cc692e5400197a980c",,"3","32","15","2","5","5","0","1","457","549","0","1","1","4","0.12","0.88","0","0",,,"0","125","2024-02-22 15:37:49"
"5d4869cc692e5400197a980c",,"3","33","6","2","5","5","0","1","499","582","0","1","2","3","0.37","0.63","0","0",,,"1","130","2024-02-22 15:37:51"
"5d4869cc692e5400197a980c",,"3","34","8","2","5","5","1","0","432","565","1","0","1","2","0.12","0.45","0","0",,,"1","135","2024-02-22 15:37:53"
"5b33a01fa8327d0001003821",,"3","18","9","2","5","5","1","0","1037","2882","1","0","1","4","0.29","0.71","0","0",,,"1","75","2024-02-22 15:37:54"
"5d4869cc692e5400197a980c",,"3","35","3","2","5","5","0","1","457","540","0","1","3","4","0.63","0.78","0","0",,,"1","140","2024-02-22 15:37:55"
"5d4869cc692e5400197a980c",,"3","36","7","2","5","5","1","0","424","524","1","0","3","4","0.55","0.88","0","0",,,"0","140","2024-02-22 15:37:57"
"5b33a01fa8327d0001003821",,"3","19","9","2","5","5","1","0","915","2266","1","0","1","4","0.29","0.71","0","0",,,"1","80","2024-02-22 15:37:59"
"5d4869cc692e5400197a980c",,"3","37","1","1","5","5","1","1","524","624","1","0","1","1","0.12","0.22","0","0",,,"0","140","2024-02-22 15:38:00"
"5d4869cc692e5400197a980c",,"3","38","11","2","5","5","0","1","458","541","0","1","2","4","0.37","0.84","0","0",,,"1","145","2024-02-22 15:38:02"
"5b33a01fa8327d0001003821",,"3","20","13","2","5","5","0","1","1065","2467","0","1","1","4","0.29","0.88","0","0",,,"1","85","2024-02-22 15:38:04"
"5d4869cc692e5400197a980c",,"3","39","0","2","5","5","1","0","998","1107","1","0","4","4","0.78","0.88","0","0",,,"1","150","2024-02-22 15:38:04"
"5d4869cc692e5400197a980c",,"3","40","10","2","5","5","0","1","499","575","0","1","1","3","0.16","0.63","0","0",,,"1","155","2024-02-22 15:38:06"
"5d4869cc692e5400197a980c",,"3","41","12","2","5","5","0","1","457","532","0","1","1","4","0.12","0.71","0","0",,,"1","160","2024-02-22 15:38:09"
"5b33a01fa8327d0001003821",,"3","21","1","2","5","5","1","0","1035","2355","1","0","1","1","0.12","0.22","0","0",,,"0","85","2024-02-22 15:38:09"
"5d4869cc692e5400197a980c",,"3","42","10","2","5","5","1","0","417","549","1","0","1","3","0.16","0.63","0","0",,,"0","160","2024-02-22 15:38:11"
"5d4869cc692e5400197a980c",,"3","43","4","2","5","5","0","1","382","465","0","1","3","4","0.55","0.78","0","0",,,"1","165","2024-02-22 15:38:13"
"5b33a01fa8327d0001003821",,"3","22","10","2","5","5","0","1","1417","2267","0","1","1","3","0.16","0.63","0","0",,,"0","85","2024-02-22 15:38:14"
"5d4869cc692e5400197a980c",,"3","44","0","2","5","5","1","0","616","766","1","0","4","4","0.78","0.88","0","0",,,"0","165","2024-02-22 15:38:15"
"5d4869cc692e5400197a980c",,"3","45","5","2","5","5","0","1","382","449","0","1","1","2","0.22","0.45","0","0",,,"1","170","2024-02-22 15:38:17"
"5b33a01fa8327d0001003821",,"3","23","8","2","5","5","0","1","912","1792","0","1","1","2","0.12","0.45","0","0",,,"1","90","2024-02-22 15:38:19"
"5d4869cc692e5400197a980c",,"3","46","7","2","5","5","1","0","540","624","1","0","3","4","0.55","0.88","0","0",,,"1","175","2024-02-22 15:38:20"
"5d4869cc692e5400197a980c",,"3","47","15","2","5","5","1","0","540","607","1","0","1","4","0.12","0.88","0","0",,,"1","180","2024-02-22 15:38:22"
"5d4869cc692e5400197a980c",,"3","48","8","2","5","5","1","0","665","757","1","0","1","2","0.12","0.45","0","0",,,"0","180","2024-02-22 15:38:24"
"5b33a01fa8327d0001003821",,"3","24","15","2","5","5","1","0","1074","2481","1","0","1","4","0.12","0.88","0","0",,,"1","95","2024-02-22 15:38:24"
"5d4869cc692e5400197a980c",,"3","49","9","2","5","5","0","1","424","515","0","1","1","4","0.29","0.71","0","0",,,"1","185","2024-02-22 15:38:26"
"5d4869cc692e5400197a980c",,"3","50","12","2","5","5","0","1","441","541","0","1","1","4","0.12","0.71","0","0",,,"0","185","2024-02-22 15:38:28"
"5b33a01fa8327d0001003821",,"3","25","6","2","5","5","0","1","1233","2176","0","1","2","3","0.37","0.63","0","0",,,"1","100","2024-02-22 15:38:29"
"5d4869cc692e5400197a980c",,"3","51","1","2","5","5","1","0","516","641","1","0","1","1","0.12","0.22","0","0",,,"0","185","2024-02-22 15:38:31"
"5d4869cc692e5400197a980c",,"3","52","7","2","5","5","1","0","483","590","1","0","3","4","0.55","0.88","0","0",,,"1","190","2024-02-22 15:38:33"
"5b33a01fa8327d0001003821",,"3","26","13","2","5","5","0","1","1070","2018","0","1","1","4","0.29","0.88","0","0",,,"1","105","2024-02-22 15:38:35"
"5d4869cc692e5400197a980c",,"3","53","5","2","5","5","1","0","499","574","1","0","1","2","0.22","0.45","0","0",,,"1","195","2024-02-22 15:38:35"
"5d4869cc692e5400197a980c",,"3","54","15","2","5","5","1","0","499","599","1","0","1","4","0.12","0.88","0","0",,,"1","200","2024-02-22 15:38:37"
"5d4869cc692e5400197a980c",,"3","55","2","2","5","5","1","0","499","566","1","0","1","2","0.22","0.37","0","0",,,"0","200","2024-02-22 15:38:39"
"5b33a01fa8327d0001003821",,"3","27","15","2","5","5","0","1","1040","2444","0","1","1","4","0.12","0.88","0","0",,,"1","110","2024-02-22 15:38:40"
"5d4869cc692e5400197a980c",,"3","56","1","2","5","5","1","0","799","907","1","0","1","1","0.12","0.22","0","0",,,"0","200","2024-02-22 15:38:42"
"5d4869cc692e5400197a980c",,"3","57","0","2","5","5","1","0","657","757","1","0","4","4","0.78","0.88","0","0",,,"0","200","2024-02-22 15:38:44"
"5b33a01fa8327d0001003821",,"3","28","0","2","5","5","0","1","1522","2917","0","1","4","4","0.78","0.88","0","0",,,"1","115","2024-02-22 15:38:46"
"5d4869cc692e5400197a980c",,"3","58","5","2","5","5","1","0","840","932","1","0","1","2","0.22","0.45","0","0",,,"1","205","2024-02-22 15:38:47"
"5d4869cc692e5400197a980c",,"3","59","2","2","5","5","0","1","723","790","0","1","1","2","0.22","0.37","0","0",,,"0","205","2024-02-22 15:38:49"
"5b33a01fa8327d0001003821",,"3","29","1","1","5","5","0","0","1329","2758","0","1","1","1","0.12","0.22","0","0",,,"0","115","2024-02-22 15:38:51"
"5d4869cc692e5400197a980c",,"3","60","2","2","5","5","1","0","399","491","1","0","1","2","0.22","0.37","0","0",,,"0","205","2024-02-22 15:38:52"
"5d4869cc692e5400197a980c",,"3","61","8","2","5","5","0","1","540","624","0","1","1","2","0.12","0.45","0","0",,,"0","205","2024-02-22 15:38:54"
"5d4869cc692e5400197a980c",,"3","62","9","2","5","5","0","1","440","524","0","1","1","4","0.29","0.71","0","0",,,"1","210","2024-02-22 15:38:56"
"5b33a01fa8327d0001003821",,"3","30","2","2","5","5","0","1","1565","2838","0","1","1","2","0.22","0.37","0","0",,,"0","115","2024-02-22 15:38:57"
"5d4869cc692e5400197a980c",,"3","63","1","1","5","5","1","1","424","532","1","0","1","1","0.12","0.22","0","0",,,"0","210","2024-02-22 15:38:58"
"5b33a01fa8327d0001003821",,"3","31","3","2","5","5","0","1","1567","2909","0","1","3","4","0.63","0.78","0","0",,,"1","120","2024-02-22 15:39:03"
"5b33a01fa8327d0001003821",,"3","32","10","2","5","5","0","1","1391","2317","0","1","1","3","0.16","0.63","0","0",,,"1","125","2024-02-22 15:39:08"
"5b33a01fa8327d0001003821",,"3","33","4","2","5","5","1","0","1004","2787","1","0","3","4","0.55","0.78","0","0",,,"1","130","2024-02-22 15:39:14"
"5b33a01fa8327d0001003821",,"3","34","10","2","5","5","0","1","1365","2286","0","1","1","3","0.16","0.63","0","0",,,"0","130","2024-02-22 15:39:19"
"5d4869cc692e5400197a980c",,"4","0","12","2","5","5","1","0","540","632","1","0","1","4","0.12","0.71","0","0",,,"1","5","2024-02-22 15:39:24"
"5b33a01fa8327d0001003821",,"3","35","5","2","5","5","0","1","1394","2252","0","1","1","2","0.22","0.45","0","0",,,"1","135","2024-02-22 15:39:24"
"5d4869cc692e5400197a980c",,"4","1","15","2","5","5","0","1","457","532","0","1","1","4","0.12","0.88","0","0",,,"1","10","2024-02-22 15:39:26"
"5d4869cc692e5400197a980c",,"4","2","6","2","5","5","0","1","724","832","0","1","2","3","0.37","0.63","0","0",,,"1","15","2024-02-22 15:39:28"
"5d4869cc692e5400197a980c",,"4","3","9","2","5","5","1","0","498","582","1","0","1","4","0.29","0.71","0","0",,,"0","15","2024-02-22 15:39:30"
"5b33a01fa8327d0001003821",,"3","36","5","0","5","5","0","1","1536","0","0","1","1","2","0.22","0.45","0","0",,,"0","135","2024-02-22 15:39:32"
"5d4869cc692e5400197a980c",,"4","4","7","2","5","5","1","0","424","532","1","0","3","4","0.55","0.88","0","0",,,"1","20","2024-02-22 15:39:32"
"5d4869cc692e5400197a980c",,"4","5","1","2","5","5","1","0","1181","1306","1","0","1","1","0.12","0.22","0","0",,,"1","25","2024-02-22 15:39:35"
"5b33a01fa8327d0001003821",,"3","37","6","2","5","5","0","1","1293","2154","0","1","2","3","0.37","0.63","0","0",,,"1","140","2024-02-22 15:39:36"
"5d4869cc692e5400197a980c",,"4","6","14","2","5","5","0","1","523","599","0","1","1","4","0.16","0.84","0","0",,,"1","30","2024-02-22 15:39:37"
"5d4869cc692e5400197a980c",,"4","7","13","2","5","5","1","0","357","490","1","0","1","4","0.29","0.88","0","0",,,"1","35","2024-02-22 15:39:39"
"5b33a01fa8327d0001003821",,"3","38","5","2","5","5","0","1","1057","2425","0","1","1","2","0.22","0.45","0","0",,,"0","140","2024-02-22 15:39:42"
"5d4869cc692e5400197a980c",,"4","8","1","1","5","5","0","0","698","848","0","1","1","1","0.12","0.22","0","0",,,"0","35","2024-02-22 15:39:42"
"5d4869cc692e5400197a980c",,"4","9","11","2","5","5","0","1","457","566","0","1","2","4","0.37","0.84","0","0",,,"1","40","2024-02-22 15:39:44"
"5d4869cc692e5400197a980c",,"4","10","13","2","5","5","0","1","599","957","0","1","1","4","0.29","0.88","0","0",,,"1","45","2024-02-22 15:39:47"
"5b33a01fa8327d0001003821",,"3","39","3","2","5","5","0","1","1040","2316","0","1","3","4","0.63","0.78","0","0",,,"1","145","2024-02-22 15:39:47"
"5d4869cc692e5400197a980c",,"4","11","8","2","5","5","1","0","732","815","1","0","1","2","0.12","0.45","0","0",,,"0","45","2024-02-22 15:39:49"
"5d4869cc692e5400197a980c",,"4","12","10","2","5","5","0","1","416","516","0","1","1","3","0.16","0.63","0","0",,,"0","45","2024-02-22 15:39:51"
"5d4869cc692e5400197a980c",,"4","13","4","2","5","5","1","0","440","548","1","0","3","4","0.55","0.78","0","0",,,"1","50","2024-02-22 15:39:53"
"5b33a01fa8327d0001003821",,"3","40","7","0","5","5","0","0","3114","0","1","0","3","4","0.55","0.88","0","0",,,"0","145","2024-02-22 15:39:54"
"5d4869cc692e5400197a980c",,"4","14","6","2","5","5","1","0","540","649","1","0","2","3","0.37","0.63","0","0",,,"1","55","2024-02-22 15:39:56"
"5d4869cc692e5400197a980c",,"4","15","11","2","5","5","0","1","557","649","0","1","2","4","0.37","0.84","0","0",,,"1","60","2024-02-22 15:39:58"
"5b33a01fa8327d0001003821",,"3","41","7","0","5","5","0","1","1270","0","0","1","3","4","0.55","0.88","0","0",,,"0","145","2024-02-22 15:40:00"
"5d4869cc692e5400197a980c",,"4","16","1","2","5","5","0","1","957","1049","0","1","1","1","0.12","0.22","0","0",,,"0","60","2024-02-22 15:40:00"
"5d4869cc692e5400197a980c",,"4","17","4","2","5","5","1","0","515","607","1","0","3","4","0.55","0.78","0","0",,,"1","65","2024-02-22 15:40:03"
"5b33a01fa8327d0001003821",,"3","42","4","2","5","5","1","0","1239","2094","1","0","3","4","0.55","0.78","0","0",,,"0","145","2024-02-22 15:40:04"
"5d4869cc692e5400197a980c",,"4","18","14","2","5","5","1","0","482","574","1","0","1","4","0.16","0.84","0","0",,,"0","65","2024-02-22 15:40:05"
"5d4869cc692e5400197a980c",,"4","19","9","2","5","5","0","1","415","523","0","1","1","4","0.29","0.71","0","0",,,"1","70","2024-02-22 15:40:07"
"5d4869cc692e5400197a980c",,"4","20","5","2","5","5","0","1","540","632","0","1","1","2","0.22","0.45","0","0",,,"0","70","2024-02-22 15:40:09"
"5b33a01fa8327d0001003821",,"3","43","9","2","5","5","1","0","940","2231","1","0","1","4","0.29","0.71","0","0",,,"0","145","2024-02-22 15:40:10"
"5d4869cc692e5400197a980c",,"4","21","0","2","5","5","0","1","641","1040","1","1","4","4","0.78","0.88","0","0",,,"0","70","2024-02-22 15:40:12"
"5d4869cc692e5400197a980c",,"4","22","10","2","5","5","1","0","524","641","1","0","1","3","0.16","0.63","0","0",,,"1","75","2024-02-22 15:40:14"
"5b33a01fa8327d0001003821",,"3","44","1","1","5","5","0","0","1519","2818","0","1","1","1","0.12","0.22","0","0",,,"0","145","2024-02-22 15:40:15"
"5d4869cc692e5400197a980c",,"4","23","8","2","5","5","0","1","681","806","0","1","1","2","0.12","0.45","0","0",,,"0","75","2024-02-22 15:40:16"
"5d4869cc692e5400197a980c",,"4","24","7","2","5","5","1","0","441","524","1","0","3","4","0.55","0.88","0","0",,,"1","80","2024-02-22 15:40:19"
"5d4869cc692e5400197a980c",,"4","25","13","2","5","5","0","1","473","557","0","1","1","4","0.29","0.88","0","0",,,"1","85","2024-02-22 15:40:21"
"5b33a01fa8327d0001003821",,"3","45","8","2","5","5","1","0","1088","1934","1","0","1","2","0.12","0.45","0","0",,,"1","150","2024-02-22 15:40:21"
"5d4869cc692e5400197a980c",,"4","26","2","2","5","5","1","0","598","690","1","0","1","2","0.22","0.37","0","0",,,"1","90","2024-02-22 15:40:23"
"5d4869cc692e5400197a980c",,"4","27","0","1","5","5","0","0","482","565","0","1","4","4","0.78","0.88","0","0",,,"1","95","2024-02-22 15:40:25"
"5b33a01fa8327d0001003821",,"3","46","7","2","5","5","0","1","903","1783","0","1","3","4","0.55","0.88","0","0",,,"1","155","2024-02-22 15:40:26"
"5d4869cc692e5400197a980c",,"4","28","3","2","5","5","1","0","523","641","1","0","3","4","0.63","0.78","0","0",,,"1","100","2024-02-22 15:40:27"
"5d4869cc692e5400197a980c",,"4","29","7","2","5","5","1","0","482","565","1","0","3","4","0.55","0.88","0","0",,,"0","100","2024-02-22 15:40:29"
"5b33a01fa8327d0001003821",,"3","47","8","2","5","5","1","0","1317","2687","1","0","1","2","0.12","0.45","0","0",,,"0","155","2024-02-22 15:40:31"
"5d4869cc692e5400197a980c",,"4","30","12","2","5","5","1","0","399","491","1","0","1","4","0.12","0.71","0","0",,,"1","105","2024-02-22 15:40:32"
"5d4869cc692e5400197a980c",,"4","31","8","2","5","5","0","1","482","548","0","1","1","2","0.12","0.45","0","0",,,"1","110","2024-02-22 15:40:34"
"5d4869cc692e5400197a980c",,"4","32","5","2","5","5","1","0","482","582","1","0","1","2","0.22","0.45","0","0",,,"0","110","2024-02-22 15:40:36"
"5b33a01fa8327d0001003821",,"3","48","3","2","5","5","0","1","972","2276","0","1","3","4","0.63","0.78","0","0",,,"1","160","2024-02-22 15:40:37"
"5d4869cc692e5400197a980c",,"4","33","2","2","5","5","1","0","357","466","1","0","1","2","0.22","0.37","0","0",,,"0","110","2024-02-22 15:40:38"
"5d4869cc692e5400197a980c",,"4","34","14","2","5","5","1","0","357","432","1","0","1","4","0.16","0.84","0","0",,,"1","115","2024-02-22 15:40:40"
"5d4869cc692e5400197a980c",,"4","35","15","2","5","5","1","0","416","474","1","0","1","4","0.12","0.88","0","0",,,"1","120","2024-02-22 15:40:42"
"5b33a01fa8327d0001003821",,"3","49","4","2","5","5","1","0","1817","2741","1","0","3","4","0.55","0.78","0","0",,,"0","160","2024-02-22 15:40:43"
"5d4869cc692e5400197a980c",,"4","36","11","2","5","5","0","1","424","499","0","1","2","4","0.37","0.84","0","0",,,"1","125","2024-02-22 15:40:44"
"5d4869cc692e5400197a980c",,"4","37","4","2","5","5","0","1","399","500","0","1","3","4","0.55","0.78","0","0",,,"1","130","2024-02-22 15:40:46"
"5b33a01fa8327d0001003821",,"3","50","10","2","5","5","1","0","912","2172","1","0","1","3","0.16","0.63","0","0",,,"0","160","2024-02-22 15:40:48"
"5d4869cc692e5400197a980c",,"4","38","3","2","5","5","1","0","582","699","1","0","3","4","0.63","0.78","0","0",,,"1","135","2024-02-22 15:40:49"
"5d4869cc692e5400197a980c",,"4","39","10","2","5","5","1","0","432","524","1","0","1","3","0.16","0.63","0","0",,,"0","135","2024-02-22 15:40:51"
"5d4869cc692e5400197a980c",,"4","40","2","2","5","5","1","0","382","491","1","0","1","2","0.22","0.37","0","0",,,"0","135","2024-02-22 15:40:53"
"5b33a01fa8327d0001003821",,"3","51","13","2","5","5","0","1","1076","1941","0","1","1","4","0.29","0.88","0","0",,,"1","165","2024-02-22 15:40:53"
"5d4869cc692e5400197a980c",,"4","41","6","2","5","5","0","1","441","524","0","1","2","3","0.37","0.63","0","0",,,"1","140","2024-02-22 15:40:55"
"5d4869cc692e5400197a980c",,"4","42","15","2","5","5","0","1","341","840","1","1","1","4","0.12","0.88","0","0",,,"1","145","2024-02-22 15:40:58"
"5b33a01fa8327d0001003821",,"3","52","15","2","5","5","0","1","860","2201","0","1","1","4","0.12","0.88","0","0",,,"0","165","2024-02-22 15:40:58"
"5d4869cc692e5400197a980c",,"4","43","6","2","5","5","0","1","557","632","0","1","2","3","0.37","0.63","0","0",,,"1","150","2024-02-22 15:41:00"
"5d4869cc692e5400197a980c",,"4","44","9","2","5","5","1","0","416","516","1","0","1","4","0.29","0.71","0","0",,,"1","155","2024-02-22 15:41:02"
"5d4869cc692e5400197a980c",,"4","45","8","2","5","5","0","1","508","583","0","1","1","2","0.12","0.45","0","0",,,"1","160","2024-02-22 15:41:04"
"5b33a01fa8327d0001003821",,"3","53","15","2","5","5","0","1","1611","2887","0","1","1","4","0.12","0.88","0","0",,,"1","170","2024-02-22 15:41:04"
"5d4869cc692e5400197a980c",,"4","46","1","2","5","5","1","0","324","416","1","0","1","1","0.12","0.22","0","0",,,"1","165","2024-02-22 15:41:06"
"5d4869cc692e5400197a980c",,"4","47","3","2","5","5","1","0","483","582","1","0","3","4","0.63","0.78","0","0",,,"1","170","2024-02-22 15:41:08"
"5b33a01fa8327d0001003821",,"3","54","12","2","5","5","1","0","1062","1977","1","0","1","4","0.12","0.71","0","0",,,"1","175","2024-02-22 15:41:09"
"5d4869cc692e5400197a980c",,"4","48","0","2","5","5","0","1","682","857","0","1","4","4","0.78","0.88","0","0",,,"1","175","2024-02-22 15:41:10"
"5d4869cc692e5400197a980c",,"4","49","0","2","5","5","1","0","524","615","1","0","4","4","0.78","0.88","0","0",,,"1","180","2024-02-22 15:41:13"
"5b33a01fa8327d0001003821",,"3","55","0","1","5","5","1","1","1427","2336","1","0","4","4","0.78","0.88","0","0",,,"1","180","2024-02-22 15:41:14"
"5d4869cc692e5400197a980c",,"4","50","5","2","5","5","0","1","440","523","0","1","1","2","0.22","0.45","0","0",,,"0","180","2024-02-22 15:41:15"
"5d4869cc692e5400197a980c",,"4","51","11","2","5","5","1","0","415","523","1","0","2","4","0.37","0.84","0","0",,,"1","185","2024-02-22 15:41:17"
"5d4869cc692e5400197a980c",,"4","52","12","2","5","5","1","0","440","541","1","0","1","4","0.12","0.71","0","0",,,"1","190","2024-02-22 15:41:19"
"5b33a01fa8327d0001003821",,"3","56","0","2","5","5","1","0","1524","2468","1","0","4","4","0.78","0.88","0","0",,,"1","185","2024-02-22 15:41:19"
"5d4869cc692e5400197a980c",,"4","53","3","2","5","5","1","0","399","491","1","0","3","4","0.63","0.78","0","0",,,"1","195","2024-02-22 15:41:21"
"5d4869cc692e5400197a980c",,"4","54","7","2","5","5","1","0","398","474","1","0","3","4","0.55","0.88","0","0",,,"1","200","2024-02-22 15:41:23"
"5b33a01fa8327d0001003821",,"3","57","11","2","5","5","1","0","1057","2438","1","0","2","4","0.37","0.84","0","0",,,"1","190","2024-02-22 15:41:24"
"5d4869cc692e5400197a980c",,"4","55","10","2","5","5","0","1","540","616","0","1","1","3","0.16","0.63","0","0",,,"1","205","2024-02-22 15:41:25"
"5d4869cc692e5400197a980c",,"4","56","2","2","5","5","0","1","483","591","0","1","1","2","0.22","0.37","0","0",,,"0","205","2024-02-22 15:41:27"
"5d4869cc692e5400197a980c",,"4","57","9","2","5","5","1","0","357","449","1","0","1","4","0.29","0.71","0","0",,,"1","210","2024-02-22 15:41:29"
"5b33a01fa8327d0001003821",,"3","58","2","2","5","5","0","1","1072","2456","0","1","1","2","0.22","0.37","0","0",,,"1","195","2024-02-22 15:41:30"
"5d4869cc692e5400197a980c",,"4","58","5","2","5","5","1","0","382","491","1","0","1","2","0.22","0.45","0","0",,,"0","210","2024-02-22 15:41:32"
"5d4869cc692e5400197a980c",,"4","59","14","2","5","5","0","1","440","524","0","1","1","4","0.16","0.84","0","0",,,"1","215","2024-02-22 15:41:34"
"5b33a01fa8327d0001003821",,"3","59","13","2","5","5","1","0","1049","2420","1","0","1","4","0.29","0.88","0","0",,,"1","200","2024-02-22 15:41:35"
"5d4869cc692e5400197a980c",,"4","60","13","2","5","5","0","1","440","557","0","1","1","4","0.29","0.88","0","0",,,"1","220","2024-02-22 15:41:36"
"5d4869cc692e5400197a980c",,"4","61","4","2","5","5","0","1","423","523","0","1","3","4","0.55","0.78","0","0",,,"1","225","2024-02-22 15:41:38"
"5d4869cc692e5400197a980c",,"4","62","12","2","5","5","0","1","365","466","0","1","1","4","0.12","0.71","0","0",,,"1","230","2024-02-22 15:41:40"
"5b33a01fa8327d0001003821",,"3","60","1","1","5","5","0","0","1849","3220","0","1","1","1","0.12","0.22","0","0",,,"0","200","2024-02-22 15:41:41"
"5d4869cc692e5400197a980c",,"4","63","15","2","5","5","0","1","365","907","1","1","1","4","0.12","0.88","0","0",,,"1","235","2024-02-22 15:41:42"
"5b33a01fa8327d0001003821",,"3","61","14","2","5","5","0","1","1056","2412","0","1","1","4","0.16","0.84","0","0",,,"1","205","2024-02-22 15:41:46"
"5b33a01fa8327d0001003821",,"3","62","11","2","5","5","1","0","1344","2706","1","0","2","4","0.37","0.84","0","0",,,"1","210","2024-02-22 15:41:51"
"5b33a01fa8327d0001003821",,"3","63","14","2","5","5","0","1","1059","2451","0","1","1","4","0.16","0.84","0","0",,,"1","215","2024-02-22 15:41:56"
"5b33a01fa8327d0001003821",,"4","0","15","2","5","5","1","0","1066","1924","1","0","1","4","0.12","0.88","0","0",,,"1","5","2024-02-22 15:42:16"
"5b33a01fa8327d0001003821",,"4","1","3","2","5","5","0","1","1056","1934","0","1","3","4","0.63","0.78","0","0",,,"1","10","2024-02-22 15:42:21"
"5b33a01fa8327d0001003821",,"4","2","4","2","5","5","1","0","1075","2462","1","0","3","4","0.55","0.78","0","0",,,"1","15","2024-02-22 15:42:26"
"5d4869cc692e5400197a980c",,"5","0","7","2","5","5","0","1","1540","1623","0","1","3","4","0.55","0.88","0","0",,,"1","5","2024-02-22 15:42:27"
"5d4869cc692e5400197a980c",,"5","1","11","2","5","5","1","0","582","682","1","0","2","4","0.37","0.84","0","0",,,"1","10","2024-02-22 15:42:30"
"5b33a01fa8327d0001003821",,"4","3","0","2","5","5","1","0","1471","2920","1","0","4","4","0.78","0.88","0","0",,,"1","20","2024-02-22 15:42:32"
"5d4869cc692e5400197a980c",,"5","2","10","2","5","5","1","0","516","607","1","0","1","3","0.16","0.63","0","0",,,"0","10","2024-02-22 15:42:32"
"5d4869cc692e5400197a980c",,"5","3","8","2","5","5","0","1","440","515","0","1","1","2","0.12","0.45","0","0",,,"0","10","2024-02-22 15:42:34"
"5d4869cc692e5400197a980c",,"5","4","5","2","5","5","0","1","440","532","0","1","1","2","0.22","0.45","0","0",,,"0","10","2024-02-22 15:42:36"
"5b33a01fa8327d0001003821",,"4","4","5","2","5","5","0","1","1131","2101","0","1","1","2","0.22","0.45","0","0",,,"0","20","2024-02-22 15:42:37"
"5d4869cc692e5400197a980c",,"5","5","10","2","5","5","1","0","375","466","1","0","1","3","0.16","0.63","0","0",,,"1","15","2024-02-22 15:42:39"
"5d4869cc692e5400197a980c",,"5","6","0","2","5","5","0","1","499","558","0","1","4","4","0.78","0.88","0","0",,,"1","20","2024-02-22 15:42:41"
"5b33a01fa8327d0001003821",,"4","5","9","2","5","5","1","0","1119","2419","1","0","1","4","0.29","0.71","0","0",,,"0","20","2024-02-22 15:42:43"
"5d4869cc692e5400197a980c",,"5","7","4","2","5","5","1","0","440","532","1","0","3","4","0.55","0.78","0","0",,,"1","25","2024-02-22 15:42:43"
"5d4869cc692e5400197a980c",,"5","8","6","2","5","5","1","0","599","732","1","0","2","3","0.37","0.63","0","0",,,"1","30","2024-02-22 15:42:45"
"5d4869cc692e5400197a980c",,"5","9","11","2","5","5","0","1","416","507","0","1","2","4","0.37","0.84","0","0",,,"1","35","2024-02-22 15:42:47"
"5b33a01fa8327d0001003821",,"4","6","5","2","5","5","0","1","929","2197","0","1","1","2","0.22","0.45","0","0",,,"1","25","2024-02-22 15:42:48"
"5d4869cc692e5400197a980c",,"5","10","1","1","5","5","1","1","516","591","1","0","1","1","0.12","0.22","0","0",,,"0","35","2024-02-22 15:42:49"
"5d4869cc692e5400197a980c",,"5","11","7","2","5","5","0","1","415","507","0","1","3","4","0.55","0.88","0","0",,,"1","40","2024-02-22 15:42:52"
"5b33a01fa8327d0001003821",,"4","7","4","2","5","5","0","1","1058","2443","0","1","3","4","0.55","0.78","0","0",,,"0","25","2024-02-22 15:42:53"
"5d4869cc692e5400197a980c",,"5","12","2","2","5","5","1","0","515","557","1","0","1","2","0.22","0.37","0","0",,,"1","45","2024-02-22 15:42:54"
"5d4869cc692e5400197a980c",,"5","13","10","2","5","5","1","0","465","549","1","0","1","3","0.16","0.63","0","0",,,"1","50","2024-02-22 15:42:56"
"5d4869cc692e5400197a980c",,"5","14","6","2","5","5","0","1","357","416","0","1","2","3","0.37","0.63","0","0",,,"0","50","2024-02-22 15:42:58"
"5b33a01fa8327d0001003821",,"4","8","12","2","5","5","0","1","1119","2415","0","1","1","4","0.12","0.71","0","0",,,"0","25","2024-02-22 15:42:59"
"5d4869cc692e5400197a980c",,"5","15","13","2","5","5","0","1","432","482","0","1","1","4","0.29","0.88","0","0",,,"1","55","2024-02-22 15:43:00"
"5d4869cc692e5400197a980c",,"5","16","5","2","5","5","0","1","582","666","0","1","1","2","0.22","0.45","0","0",,,"1","60","2024-02-22 15:43:02"
"5b33a01fa8327d0001003821",,"4","9","12","2","5","5","1","0","1080","2402","1","0","1","4","0.12","0.71","0","0",,,"1","30","2024-02-22 15:43:04"
"5d4869cc692e5400197a980c",,"5","17","8","2","5","5","1","0","656","749","1","0","1","2","0.12","0.45","0","0",,,"0","60","2024-02-22 15:43:04"
"5d4869cc692e5400197a980c",,"5","18","7","2","5","5","1","0","582","666","1","0","3","4","0.55","0.88","0","0",,,"1","65","2024-02-22 15:43:07"
"5d4869cc692e5400197a980c",,"5","19","10","2","5","5","1","0","482","590","1","0","1","3","0.16","0.63","0","0",,,"0","65","2024-02-22 15:43:09"
"5b33a01fa8327d0001003821",,"4","10","7","2","5","5","1","0","1273","3148","1","0","3","4","0.55","0.88","0","0",,,"1","35","2024-02-22 15:43:09"
"5d4869cc692e5400197a980c",,"5","20","14","2","5","5","1","0","357","415","1","0","1","4","0.16","0.84","0","0",,,"1","70","2024-02-22 15:43:11"
"5d4869cc692e5400197a980c",,"5","21","9","2","5","5","1","0","357","457","1","0","1","4","0.29","0.71","0","0",,,"1","75","2024-02-22 15:43:13"
"5b33a01fa8327d0001003821",,"4","11","2","2","5","5","1","0","1098","2505","1","0","1","2","0.22","0.37","0","0",,,"0","35","2024-02-22 15:43:14"
"5d4869cc692e5400197a980c",,"5","22","4","2","5","5","1","0","399","524","1","0","3","4","0.55","0.78","0","0",,,"1","80","2024-02-22 15:43:15"
"5d4869cc692e5400197a980c",,"5","23","13","2","5","5","0","1","581","599","0","1","1","4","0.29","0.88","0","0",,,"1","85","2024-02-22 15:43:17"
"5d4869cc692e5400197a980c",,"5","24","0","2","5","5","1","0","382","549","1","0","4","4","0.78","0.88","0","0",,,"1","90","2024-02-22 15:43:20"
"5d4869cc692e5400197a980c",,"5","25","15","2","5","5","1","0","358","466","1","0","1","4","0.12","0.88","0","0",,,"0","90","2024-02-22 15:43:22"
"5d4869cc692e5400197a980c",,"5","26","14","2","5","5","1","0","299","391","1","0","1","4","0.16","0.84","0","0",,,"1","95","2024-02-22 15:43:24"
"5d4869cc692e5400197a980c",,"5","27","4","2","5","5","0","1","441","524","0","1","3","4","0.55","0.78","0","0",,,"1","100","2024-02-22 15:43:26"
"5d4869cc692e5400197a980c",,"5","28","9","2","5","5","1","0","323","449","1","0","1","4","0.29","0.71","0","0",,,"1","105","2024-02-22 15:43:28"
"5d4869cc692e5400197a980c",,"5","29","11","2","5","5","1","0","365","457","1","0","2","4","0.37","0.84","0","0",,,"1","110","2024-02-22 15:43:30"
"5d4869cc692e5400197a980c",,"5","30","13","2","5","5","1","0","382","458","1","0","1","4","0.29","0.88","0","0",,,"0","110","2024-02-22 15:43:32"
"5d4869cc692e5400197a980c",,"5","31","0","1","5","5","0","0","440","623","0","1","4","4","0.78","0.88","0","0",,,"1","115","2024-02-22 15:43:34"
"5d4869cc692e5400197a980c",,"5","32","5","2","5","5","0","1","498","615","0","1","1","2","0.22","0.45","0","0",,,"1","120","2024-02-22 15:43:36"
"5d4869cc692e5400197a980c",,"5","33","6","2","5","5","0","1","499","582","0","1","2","3","0.37","0.63","0","0",,,"0","120","2024-02-22 15:43:39"
"5d4869cc692e5400197a980c",,"5","34","11","2","5","5","1","0","440","549","1","0","2","4","0.37","0.84","0","0",,,"1","125","2024-02-22 15:43:41"
"5d4869cc692e5400197a980c",,"5","35","9","2","5","5","0","1","440","549","0","1","1","4","0.29","0.71","0","0",,,"1","130","2024-02-22 15:43:43"
"5d4869cc692e5400197a980c",,"5","36","15","2","5","5","1","0","340","457","1","0","1","4","0.12","0.88","0","0",,,"1","135","2024-02-22 15:43:45"
"5d4869cc692e5400197a980c",,"5","37","2","2","5","5","0","1","382","474","0","1","1","2","0.22","0.37","0","0",,,"0","135","2024-02-22 15:43:47"
"5d4869cc692e5400197a980c",,"5","38","12","2","5","5","0","1","282","658","1","1","1","4","0.12","0.71","0","0",,,"1","140","2024-02-22 15:43:49"
"5d4869cc692e5400197a980c",,"5","39","15","2","5","5","1","0","415","499","1","0","1","4","0.12","0.88","0","0",,,"1","145","2024-02-22 15:43:51"
"5d4869cc692e5400197a980c",,"5","40","8","2","5","5","1","0","440","532","1","0","1","2","0.12","0.45","0","0",,,"1","150","2024-02-22 15:43:53"
"5d4869cc692e5400197a980c",,"5","41","6","2","5","5","1","0","657","741","1","0","2","3","0.37","0.63","0","0",,,"0","150","2024-02-22 15:43:56"
"5d4869cc692e5400197a980c",,"5","42","3","2","5","5","0","1","415","541","0","1","3","4","0.63","0.78","0","0",,,"1","155","2024-02-22 15:43:58"
"5d4869cc692e5400197a980c",,"5","43","12","2","5","5","1","0","382","482","1","0","1","4","0.12","0.71","0","0",,,"1","160","2024-02-22 15:44:00"
"5d4869cc692e5400197a980c",,"5","44","1","2","5","5","1","0","457","649","1","0","1","1","0.12","0.22","0","0",,,"0","160","2024-02-22 15:44:02"
"5d4869cc692e5400197a980c",,"5","45","3","2","5","5","0","1","523","599","0","1","3","4","0.63","0.78","0","0",,,"1","165","2024-02-22 15:44:05"
"5d4869cc692e5400197a980c",,"5","46","5","2","5","5","1","0","440","549","1","0","1","2","0.22","0.45","0","0",,,"0","165","2024-02-22 15:44:07"
"5d4869cc692e5400197a980c",,"5","47","2","2","5","5","0","1","482","583","0","1","1","2","0.22","0.37","0","0",,,"1","170","2024-02-22 15:44:09"
"5d4869cc692e5400197a980c",,"5","48","12","2","5","5","0","1","457","649","0","1","1","4","0.12","0.71","0","0",,,"1","175","2024-02-22 15:44:11"
"5d4869cc692e5400197a980c",,"5","49","3","2","5","5","1","0","1081","1256","1","0","3","4","0.63","0.78","0","0",,,"1","180","2024-02-22 15:44:14"
"5d4869cc692e5400197a980c",,"5","50","13","2","5","5","1","0","540","607","1","0","1","4","0.29","0.88","0","0",,,"1","185","2024-02-22 15:44:16"
"5d4869cc692e5400197a980c",,"5","51","14","2","5","5","0","1","373","475","0","1","1","4","0.16","0.84","0","0",,,"1","190","2024-02-22 15:44:18"
"5d4869cc692e5400197a980c",,"5","52","1","1","5","5","1","1","583","657","1","0","1","1","0.12","0.22","0","0",,,"0","190","2024-02-22 15:44:20"
"5d4869cc692e5400197a980c",,"5","53","1","1","5","5","1","1","524","599","1","0","1","1","0.12","0.22","0","0",,,"1","195","2024-02-22 15:44:23"
"5d4869cc692e5400197a980c",,"5","54","14","2","5","5","1","0","557","641","1","0","1","4","0.16","0.84","0","0",,,"1","200","2024-02-22 15:44:25"
"5d4869cc692e5400197a980c",,"5","55","15","2","5","5","1","0","399","483","1","0","1","4","0.12","0.88","0","0",,,"1","205","2024-02-22 15:44:27"
"5d4869cc692e5400197a980c",,"5","56","3","2","5","5","0","1","457","590","0","1","3","4","0.63","0.78","0","0",,,"1","210","2024-02-22 15:44:29"
"5d4869cc692e5400197a980c",,"5","57","0","1","5","5","1","1","573","666","1","0","4","4","0.78","0.88","0","0",,,"0","210","2024-02-22 15:44:31"
"5d4869cc692e5400197a980c",,"5","58","9","2","5","5","0","1","482","582","0","1","1","4","0.29","0.71","0","0",,,"1","215","2024-02-22 15:44:33"
"5d4869cc692e5400197a980c",,"5","59","12","2","5","5","0","1","556","666","0","1","1","4","0.12","0.71","0","0",,,"1","220","2024-02-22 15:44:36"
"5d4869cc692e5400197a980c",,"5","60","2","2","5","5","0","1","557","699","0","1","1","2","0.22","0.37","0","0",,,"1","225","2024-02-22 15:44:38"
"5d4869cc692e5400197a980c",,"5","61","4","2","5","5","0","1","665","1148","0","1","3","4","0.55","0.78","0","0",,,"1","230","2024-02-22 15:44:40"
"5d4869cc692e5400197a980c",,"5","62","7","2","5","5","0","1","540","656","0","1","3","4","0.55","0.88","0","0",,,"1","235","2024-02-22 15:44:42"
"5d4869cc692e5400197a980c",,"5","63","8","2","5","5","1","0","782","890","1","0","1","2","0.12","0.45","0","0",,,"0","235","2024-02-22 15:44:45"
"5b33a01fa8327d0001003821",,"4","0","3","0","0","0","0","0","2836","0","1","0","3","4","0.63","0.78","0","0",,,"0","0","2024-02-22 15:47:04"
"5b33a01fa8327d0001003821",,"4","1","6","1","5","5","0","0","652","1885","0","1","2","3","0.37","0.63","0","0",,,"1","5","2024-02-22 15:47:09"
"5b33a01fa8327d0001003821",,"4","2","4","2","5","5","1","0","0","1476","1","0","3","4","0.55","0.78","0","0",,,"1","10","2024-02-22 15:47:14"
"5b33a01fa8327d0001003821",,"4","3","7","1","5","5","1","1","655","1612","1","0","3","4","0.55","0.88","0","0",,,"1","15","2024-02-22 15:47:19"
"5b33a01fa8327d0001003821",,"4","4","0","2","5","5","1","0","1083","2042","1","0","4","4","0.78","0.88","0","0",,,"1","20","2024-02-22 15:47:25"
"5b33a01fa8327d0001003821",,"4","5","14","2","5","5","0","1","1062","2032","0","1","1","4","0.16","0.84","0","0",,,"1","25","2024-02-22 15:47:30"
"5b33a01fa8327d0001003821",,"4","6","2","2","5","5","1","0","1046","2451","1","0","1","2","0.22","0.37","0","0",,,"1","30","2024-02-22 15:47:35"
"5b33a01fa8327d0001003821",,"4","7","8","1","5","5","0","0","1102","2053","0","1","1","2","0.12","0.45","0","0",,,"0","30","2024-02-22 15:47:41"
"5b33a01fa8327d0001003821",,"4","8","4","0","5","5","0","1","1544","0","0","1","3","4","0.55","0.78","0","0",,,"0","30","2024-02-22 15:47:48"
"5b33a01fa8327d0001003821",,"4","9","14","2","5","5","0","1","1072","1965","0","1","1","4","0.16","0.84","0","0",,,"1","35","2024-02-22 15:47:53"
"5b33a01fa8327d0001003821",,"4","10","12","2","5","5","1","0","1106","2072","1","0","1","4","0.12","0.71","0","0",,,"1","40","2024-02-22 15:47:58"
"5b33a01fa8327d0001003821",,"4","11","11","2","5","5","1","0","1088","2516","1","0","2","4","0.37","0.84","0","0",,,"1","45","2024-02-22 15:48:03"
"5b33a01fa8327d0001003821",,"4","12","0","2","5","5","1","0","1557","2505","1","0","4","4","0.78","0.88","0","0",,,"1","50","2024-02-22 15:48:09"
"5b33a01fa8327d0001003821",,"4","13","2","2","5","5","1","0","1090","2913","1","0","1","2","0.22","0.37","0","0",,,"0","50","2024-02-22 15:48:15"
"5b33a01fa8327d0001003821",,"4","14","5","2","5","5","0","1","1138","2456","0","1","1","2","0.22","0.45","0","0",,,"1","55","2024-02-22 15:48:20"
"5b33a01fa8327d0001003821",,"4","15","11","2","5","5","0","1","1376","2325","0","1","2","4","0.37","0.84","0","0",,,"1","60","2024-02-22 15:48:25"
"5b33a01fa8327d0001003821",,"4","16","10","2","5","5","0","1","1075","2474","0","1","1","3","0.16","0.63","0","0",,,"1","65","2024-02-22 15:48:30"
"5b33a01fa8327d0001003821",,"4","17","5","2","5","5","0","1","1340","2771","0","1","1","2","0.22","0.45","0","0",,,"0","65","2024-02-22 15:48:35"
"5b33a01fa8327d0001003821",,"4","18","13","2","5","5","0","1","1114","1997","0","1","1","4","0.29","0.88","0","0",,,"1","70","2024-02-22 15:48:41"
"5b33a01fa8327d0001003821",,"4","19","9","2","5","5","1","0","1067","2473","1","0","1","4","0.29","0.71","0","0",,,"1","75","2024-02-22 15:48:46"
"5b33a01fa8327d0001003821",,"4","20","6","2","5","5","1","0","1537","2941","1","0","2","3","0.37","0.63","0","0",,,"0","75","2024-02-22 15:48:52"
"5b33a01fa8327d0001003821",,"4","21","13","2","5","5","0","1","939","2282","0","1","1","4","0.29","0.88","0","0",,,"1","80","2024-02-22 15:48:57"
"5b33a01fa8327d0001003821",,"4","22","2","2","5","5","0","1","930","2349","0","1","1","2","0.22","0.37","0","0",,,"1","85","2024-02-22 15:49:03"
"5b33a01fa8327d0001003821",,"4","23","10","2","5","5","1","0","1023","2452","1","0","1","3","0.16","0.63","0","0",,,"1","90","2024-02-22 15:49:07"
"5b33a01fa8327d0001003821",,"4","24","2","1","5","5","1","1","1050","2477","1","0","1","2","0.22","0.37","0","0",,,"0","90","2024-02-22 15:49:13"
"5b33a01fa8327d0001003821",,"4","25","4","2","5","5","1","0","1104","2439","1","0","3","4","0.55","0.78","0","0",,,"1","95","2024-02-22 15:49:18"
"5b33a01fa8327d0001003821",,"4","26","12","2","5","5","0","1","921","2314","0","1","1","4","0.12","0.71","0","0",,,"1","100","2024-02-22 15:49:23"
"5b33a01fa8327d0001003821",,"4","27","11","2","5","5","1","0","1040","2424","1","0","2","4","0.37","0.84","0","0",,,"1","105","2024-02-22 15:49:28"
"5b33a01fa8327d0001003821",,"4","28","6","2","5","5","0","1","1014","2427","0","1","2","3","0.37","0.63","0","0",,,"1","110","2024-02-22 15:49:33"
"5b33a01fa8327d0001003821",,"4","29","8","2","5","5","1","0","1049","2459","1","0","1","2","0.12","0.45","0","0",,,"0","110","2024-02-22 15:49:38"
"5b33a01fa8327d0001003821",,"4","30","14","2","5","5","1","0","1119","2485","1","0","1","4","0.16","0.84","0","0",,,"1","115","2024-02-22 15:49:43"
"5b33a01fa8327d0001003821",,"4","31","1","2","5","5","0","1","1035","2427","0","1","1","1","0.12","0.22","0","0",,,"1","120","2024-02-22 15:49:48"
"5b33a01fa8327d0001003821",,"4","32","9","2","5","5","1","0","1068","2484","1","0","1","4","0.29","0.71","0","0",,,"0","120","2024-02-22 15:49:53"
"5b33a01fa8327d0001003821",,"4","33","13","2","5","5","1","0","1122","2480","1","0","1","4","0.29","0.88","0","0",,,"1","125","2024-02-22 15:49:59"
"5b33a01fa8327d0001003821",,"4","34","1","2","5","5","1","0","1535","2480","1","0","1","1","0.12","0.22","0","0",,,"0","125","2024-02-22 15:50:04"
"5b33a01fa8327d0001003821",,"4","35","13","2","5","5","1","0","1147","2462","1","0","1","4","0.29","0.88","0","0",,,"1","130","2024-02-22 15:50:09"
"5b33a01fa8327d0001003821",,"4","36","15","2","5","5","0","1","1083","2033","0","1","1","4","0.12","0.88","0","0",,,"1","135","2024-02-22 15:50:14"
"5b33a01fa8327d0001003821",,"4","37","1","1","5","5","0","0","2303","3193","0","1","1","1","0.12","0.22","0","0",,,"0","135","2024-02-22 15:50:20"
"5b33a01fa8327d0001003821",,"4","38","5","2","5","5","0","1","1131","2494","0","1","1","2","0.22","0.45","0","0",,,"1","140","2024-02-22 15:50:25"
"5b33a01fa8327d0001003821",,"4","39","15","2","5","5","0","1","901","2314","0","1","1","4","0.12","0.88","0","0",,,"1","145","2024-02-22 15:50:30"
"5b33a01fa8327d0001003821",,"4","40","3","2","5","5","1","0","1069","2465","1","0","3","4","0.63","0.78","0","0",,,"0","145","2024-02-22 15:50:35"
"5b33a01fa8327d0001003821",,"4","41","0","1","5","5","1","1","1113","2482","1","0","4","4","0.78","0.88","0","0",,,"1","150","2024-02-22 15:50:40"
"5b33a01fa8327d0001003821",,"4","42","12","2","5","5","0","1","1083","2483","0","1","1","4","0.12","0.71","0","0",,,"1","155","2024-02-22 15:50:45"
"5b33a01fa8327d0001003821",,"4","43","11","2","5","5","0","1","1381","2959","0","1","2","4","0.37","0.84","0","0",,,"1","160","2024-02-22 15:50:50"
"5b33a01fa8327d0001003821",,"4","44","7","2","5","5","1","0","1075","2499","1","0","3","4","0.55","0.88","0","0",,,"1","165","2024-02-22 15:50:55"
"5b33a01fa8327d0001003821",,"4","45","14","2","5","5","0","1","1078","2491","0","1","1","4","0.16","0.84","0","0",,,"1","170","2024-02-22 15:51:00"
"5b33a01fa8327d0001003821",,"4","46","10","2","5","5","1","0","1083","2496","1","0","1","3","0.16","0.63","0","0",,,"1","175","2024-02-22 15:51:06"
"5b33a01fa8327d0001003821",,"4","47","12","2","5","5","0","1","1489","2910","0","1","1","4","0.12","0.71","0","0",,,"1","180","2024-02-22 15:51:11"
"5b33a01fa8327d0001003821",,"4","48","4","2","5","5","1","0","1507","2455","1","0","3","4","0.55","0.78","0","0",,,"1","185","2024-02-22 15:51:16"
"5b33a01fa8327d0001003821",,"4","49","9","2","5","5","0","1","1032","2456","0","1","1","4","0.29","0.71","0","0",,,"1","190","2024-02-22 15:51:21"
"5b33a01fa8327d0001003821",,"4","50","8","2","5","5","1","0","1041","2448","1","0","1","2","0.12","0.45","0","0",,,"1","195","2024-02-22 15:51:26"
"5b33a01fa8327d0001003821",,"4","51","10","2","5","5","1","0","1380","2318","1","0","1","3","0.16","0.63","0","0",,,"0","195","2024-02-22 15:51:32"
"5b33a01fa8327d0001003821",,"4","52","3","2","5","5","0","1","1132","2002","0","1","3","4","0.63","0.78","0","0",,,"1","200","2024-02-22 15:51:38"
"5b33a01fa8327d0001003821",,"4","53","5","2","5","5","0","1","1362","2290","0","1","1","2","0.22","0.45","0","0",,,"0","200","2024-02-22 15:51:43"
"5b33a01fa8327d0001003821",,"4","54","15","2","5","5","0","1","1086","2397","0","1","1","4","0.12","0.88","0","0",,,"1","205","2024-02-22 15:51:48"
"5b33a01fa8327d0001003821",,"4","55","0","2","5","5","1","0","1602","3006","1","0","4","4","0.78","0.88","0","0",,,"0","205","2024-02-22 15:51:54"
"5b33a01fa8327d0001003821",,"4","56","15","2","5","5","0","1","938","2284","0","1","1","4","0.12","0.88","0","0",,,"1","210","2024-02-22 15:51:59"
"5b33a01fa8327d0001003821",,"4","57","3","2","5","5","0","1","1349","2310","0","1","3","4","0.63","0.78","0","0",,,"1","215","2024-02-22 15:52:05"
"5b33a01fa8327d0001003821",,"4","58","7","2","5","5","1","0","1071","2450","1","0","3","4","0.55","0.88","0","0",,,"1","220","2024-02-22 15:52:09"
"5b33a01fa8327d0001003821",,"4","59","1","1","5","5","0","0","1840","2787","0","1","1","1","0.12","0.22","0","0",,,"0","220","2024-02-22 15:52:15"
"5b33a01fa8327d0001003821",,"4","60","9","2","5","5","1","0","1604","2914","1","0","1","4","0.29","0.71","0","0",,,"0","220","2024-02-22 15:52:20"
"5b33a01fa8327d0001003821",,"4","61","6","2","5","5","1","0","1540","2857","1","0","2","3","0.37","0.63","0","0",,,"1","225","2024-02-22 15:52:26"
"5b33a01fa8327d0001003821",,"4","62","7","2","5","5","0","1","1046","2452","0","1","3","4","0.55","0.88","0","0",,,"1","230","2024-02-22 15:52:31"
"5b33a01fa8327d0001003821",,"4","63","8","2","5","5","0","1","1079","2490","0","1","1","2","0.12","0.45","0","0",,,"0","230","2024-02-22 15:52:36"
"5b33a01fa8327d0001003821",,"5","0","14","2","5","5","0","1","0","3275","1","1","1","4","0.16","0.84","0","0",,,"1","5","2024-02-22 15:52:57"
"5b33a01fa8327d0001003821",,"5","1","2","2","5","5","1","0","1096","1981","1","0","1","2","0.22","0.37","0","0",,,"0","5","2024-02-22 15:53:02"
"5b33a01fa8327d0001003821",,"5","2","11","2","5","5","1","0","1067","2387","1","0","2","4","0.37","0.84","0","0",,,"1","10","2024-02-22 15:53:07"
"5b33a01fa8327d0001003821",,"5","3","11","2","5","5","0","1","1315","2712","0","1","2","4","0.37","0.84","0","0",,,"1","15","2024-02-22 15:53:13"
"5b33a01fa8327d0001003821",,"5","4","2","2","5","5","1","0","1503","2864","1","0","1","2","0.22","0.37","0","0",,,"0","15","2024-02-22 15:53:18"
"5b33a01fa8327d0001003821",,"5","5","8","2","5","5","0","1","1572","2432","0","1","1","2","0.12","0.45","0","0",,,"0","15","2024-02-22 15:53:23"
"5b33a01fa8327d0001003821",,"5","6","0","2","5","5","0","1","1597","2938","0","1","4","4","0.78","0.88","0","0",,,"1","20","2024-02-22 15:53:29"
"5b33a01fa8327d0001003821",,"5","7","2","2","5","5","0","1","1520","2469","0","1","1","2","0.22","0.37","0","0",,,"1","25","2024-02-22 15:53:34"
"5b33a01fa8327d0001003821",,"5","8","1","2","5","5","1","0","1335","2769","1","0","1","1","0.12","0.22","0","0",,,"0","25","2024-02-22 15:53:39"
"5b33a01fa8327d0001003821",,"5","9","3","2","5","5","0","1","1128","2443","0","1","3","4","0.63","0.78","0","0",,,"0","25","2024-02-22 15:53:46"
"5b33a01fa8327d0001003821",,"5","10","2","2","5","5","1","0","1595","2935","1","0","1","2","0.22","0.37","0","0",,,"0","25","2024-02-22 15:53:51"
"5b33a01fa8327d0001003821",,"5","11","8","2","5","5","0","1","1148","2448","0","1","1","2","0.12","0.45","0","0",,,"0","25","2024-02-22 15:53:56"
"5b33a01fa8327d0001003821",,"5","12","5","2","5","5","1","0","1125","2918","1","0","1","2","0.22","0.45","0","0",,,"0","25","2024-02-22 15:54:02"
"5b33a01fa8327d0001003821",,"5","13","11","2","5","5","0","1","1795","2690","0","1","2","4","0.37","0.84","0","0",,,"1","30","2024-02-22 15:54:07"
"5b33a01fa8327d0001003821",,"5","14","10","2","5","5","0","1","925","2298","0","1","1","3","0.16","0.63","0","0",,,"1","35","2024-02-22 15:54:13"
"5b33a01fa8327d0001003821",,"5","15","0","1","5","5","1","1","1413","2305","1","0","4","4","0.78","0.88","0","0",,,"1","40","2024-02-22 15:54:19"
"5b33a01fa8327d0001003821",,"5","16","12","2","5","5","0","1","1044","1970","0","1","1","4","0.12","0.71","0","0",,,"1","45","2024-02-22 15:54:23"
"5b33a01fa8327d0001003821",,"5","17","7","2","5","5","0","1","1053","2445","0","1","3","4","0.55","0.88","0","0",,,"1","50","2024-02-22 15:54:28"
"5b33a01fa8327d0001003821",,"5","18","9","2","5","5","0","1","1058","1983","0","1","1","4","0.29","0.71","0","0",,,"1","55","2024-02-22 15:54:34"
"5b33a01fa8327d0001003821",,"5","19","14","2","5","5","1","0","915","2269","1","0","1","4","0.16","0.84","0","0",,,"1","60","2024-02-22 15:54:39"
"5b33a01fa8327d0001003821",,"5","20","3","2","5","5","1","0","1071","2517","1","0","3","4","0.63","0.78","0","0",,,"0","60","2024-02-22 15:54:45"
"5b33a01fa8327d0001003821",,"5","21","9","2","5","5","1","0","1107","2835","1","0","1","4","0.29","0.71","0","0",,,"0","60","2024-02-22 15:54:50"
"5b33a01fa8327d0001003821",,"5","22","13","2","5","5","0","1","955","2299","0","1","1","4","0.29","0.88","0","0",,,"0","60","2024-02-22 15:54:56"
"5b33a01fa8327d0001003821",,"5","23","5","2","5","5","1","0","1112","2400","1","0","1","2","0.22","0.45","0","0",,,"1","65","2024-02-22 15:55:02"
"5b33a01fa8327d0001003821",,"5","24","4","2","5","5","0","1","1077","2488","0","1","3","4","0.55","0.78","0","0",,,"1","70","2024-02-22 15:55:07"
"5b33a01fa8327d0001003821",,"5","25","7","2","5","5","1","0","1064","2904","1","0","3","4","0.55","0.88","0","0",,,"1","75","2024-02-22 15:55:12"
"5b33a01fa8327d0001003821",,"5","26","4","2","5","5","0","1","1360","3204","0","1","3","4","0.55","0.78","0","0",,,"1","80","2024-02-22 15:55:18"
"5b33a01fa8327d0001003821",,"5","27","3","2","5","5","0","1","1046","2928","0","1","3","4","0.63","0.78","0","0",,,"1","85","2024-02-22 15:55:23"
"5b33a01fa8327d0001003821",,"5","28","5","2","5","5","1","0","1552","2903","1","0","1","2","0.22","0.45","0","0",,,"0","85","2024-02-22 15:55:29"
"5b33a01fa8327d0001003821",,"5","29","13","2","5","5","0","1","962","2290","0","1","1","4","0.29","0.88","0","0",,,"1","90","2024-02-22 15:55:34"
"5b33a01fa8327d0001003821",,"5","30","9","2","5","5","0","1","1058","2444","0","1","1","4","0.29","0.71","0","0",,,"1","95","2024-02-22 15:55:39"
"5b33a01fa8327d0001003821",,"5","31","15","2","5","5","1","0","1052","2442","1","0","1","4","0.12","0.88","0","0",,,"1","100","2024-02-22 15:55:44"
"5b33a01fa8327d0001003821",,"5","32","7","2","5","5","0","1","1050","2879","0","1","3","4","0.55","0.88","0","0",,,"0","100","2024-02-22 15:55:50"
"5b33a01fa8327d0001003821",,"5","33","12","2","5","5","0","1","946","1871","0","1","1","4","0.12","0.71","0","0",,,"0","100","2024-02-22 15:55:55"
"5b33a01fa8327d0001003821",,"5","34","1","1","5","5","1","1","1612","2897","1","0","1","1","0.12","0.22","0","0",,,"0","100","2024-02-22 15:56:00"
"5b33a01fa8327d0001003821",,"5","35","10","2","5","5","0","1","1147","2460","0","1","1","3","0.16","0.63","0","0",,,"1","105","2024-02-22 15:56:06"
"5b33a01fa8327d0001003821",,"5","36","15","2","5","5","0","1","1021","1945","0","1","1","4","0.12","0.88","0","0",,,"1","110","2024-02-22 15:56:11"
"5b33a01fa8327d0001003821",,"5","37","15","2","5","5","1","0","1065","2497","1","0","1","4","0.12","0.88","0","0",,,"0","110","2024-02-22 15:56:16"
"5b33a01fa8327d0001003821",,"5","38","10","2","5","5","1","0","978","2316","1","0","1","3","0.16","0.63","0","0",,,"1","115","2024-02-22 15:56:22"
"5b33a01fa8327d0001003821",,"5","39","12","2","5","5","1","0","1071","2458","1","0","1","4","0.12","0.71","0","0",,,"1","120","2024-02-22 15:56:26"
"5b33a01fa8327d0001003821",,"5","40","3","2","5","5","1","0","1068","2475","1","0","3","4","0.63","0.78","0","0",,,"1","125","2024-02-22 15:56:32"
"5b33a01fa8327d0001003821",,"5","41","8","2","5","5","1","0","1421","2797","1","0","1","2","0.12","0.45","0","0",,,"1","130","2024-02-22 15:56:37"
"5b33a01fa8327d0001003821",,"5","42","13","2","5","5","0","1","1072","2926","0","1","1","4","0.29","0.88","0","0",,,"0","130","2024-02-22 15:56:43"
"5b33a01fa8327d0001003821",,"5","43","4","2","5","5","1","0","1123","2429","1","0","3","4","0.55","0.78","0","0",,,"1","135","2024-02-22 15:56:48"
"5b33a01fa8327d0001003821",,"5","44","6","2","5","5","1","0","1064","1966","1","0","2","3","0.37","0.63","0","0",,,"1","140","2024-02-22 15:56:53"
"5b33a01fa8327d0001003821",,"5","45","0","2","5","5","1","0","1485","2882","1","0","4","4","0.78","0.88","0","0",,,"1","145","2024-02-22 15:56:58"
"5b33a01fa8327d0001003821",,"5","46","13","2","5","5","0","1","1069","2874","0","1","1","4","0.29","0.88","0","0",,,"1","150","2024-02-22 15:57:03"
"5b33a01fa8327d0001003821",,"5","47","14","2","5","5","1","0","1070","2461","1","0","1","4","0.16","0.84","0","0",,,"1","155","2024-02-22 15:57:09"
"5b33a01fa8327d0001003821",,"5","48","6","2","5","5","0","1","926","2319","0","1","2","3","0.37","0.63","0","0",,,"1","160","2024-02-22 15:57:14"
"5b33a01fa8327d0001003821",,"5","49","0","2","5","5","1","0","1337","2269","1","0","4","4","0.78","0.88","0","0",,,"1","165","2024-02-22 15:57:20"
"5b33a01fa8327d0001003821",,"5","50","7","2","5","5","0","1","866","2193","0","1","3","4","0.55","0.88","0","0",,,"1","170","2024-02-22 15:57:25"
"5b33a01fa8327d0001003821",,"5","51","4","2","5","5","0","1","1035","1973","0","1","3","4","0.55","0.78","0","0",,,"1","175","2024-02-22 15:57:30"
"5b33a01fa8327d0001003821",,"5","52","15","2","5","5","0","1","1053","1990","0","1","1","4","0.12","0.88","0","0",,,"0","175","2024-02-22 15:57:35"
"5b33a01fa8327d0001003821",,"5","53","6","2","5","5","1","0","1057","1915","1","0","2","3","0.37","0.63","0","0",,,"1","180","2024-02-22 15:57:40"
"5b33a01fa8327d0001003821",,"5","54","12","2","5","5","1","0","1045","2389","1","0","1","4","0.12","0.71","0","0",,,"1","185","2024-02-22 15:57:45"
"5b33a01fa8327d0001003821",,"5","55","5","2","5","5","1","0","1075","2478","1","0","1","2","0.22","0.45","0","0",,,"1","190","2024-02-22 15:57:50"
"5b33a01fa8327d0001003821",,"5","56","1","2","5","5","1","0","1045","2479","1","0","1","1","0.12","0.22","0","0",,,"0","190","2024-02-22 15:57:55"
"5b33a01fa8327d0001003821",,"5","57","10","2","5","5","0","1","1106","2453","0","1","1","3","0.16","0.63","0","0",,,"0","190","2024-02-22 15:58:01"
"5b33a01fa8327d0001003821",,"5","58","6","2","5","5","1","0","1118","2472","1","0","2","3","0.37","0.63","0","0",,,"1","195","2024-02-22 15:58:06"
"5b33a01fa8327d0001003821",,"5","59","9","2","5","5","1","0","1043","2469","1","0","1","4","0.29","0.71","0","0",,,"0","195","2024-02-22 15:58:11"
"5b33a01fa8327d0001003821",,"5","60","14","2","5","5","1","0","958","2286","1","0","1","4","0.16","0.84","0","0",,,"1","200","2024-02-22 15:58:17"
"5b33a01fa8327d0001003821",,"5","61","11","2","5","5","0","1","890","2286","0","1","2","4","0.37","0.84","0","0",,,"1","205","2024-02-22 15:58:22"
"5b33a01fa8327d0001003821",,"5","62","1","2","5","5","1","0","1047","2423","1","0","1","1","0.12","0.22","0","0",,,"0","205","2024-02-22 15:58:27"
"5b33a01fa8327d0001003821",,"5","63","8","2","5","5","1","0","1097","2409","1","0","1","2","0.12","0.45","0","0",,,"1","210","2024-02-22 15:58:32"
"58a229e74d580c0001e0a766",,"0","0","11","2","5","5","1","0","557","866","7","4","2","4","0.37","0.84","0","0",,,"1","5","2024-02-22 16:11:25"
"58a229e74d580c0001e0a766",,"0","1","8","2","5","5","1","0","483","874","1","0","1","2","0.12","0.45","0","0",,,"0","5","2024-02-22 16:11:27"
"58a229e74d580c0001e0a766",,"0","2","15","1","5","5","0","0","382","632","0","1","1","4","0.12","0.88","0","0",,,"0","5","2024-02-22 16:11:30"
"58a229e74d580c0001e0a766",,"0","3","12","2","5","5","0","1","474","716","0","1","1","4","0.12","0.71","0","0",,,"1","10","2024-02-22 16:11:32"
"58a229e74d580c0001e0a766",,"0","4","10","2","5","5","0","1","516","903","0","1","1","3","0.16","0.63","0","0",,,"0","10","2024-02-22 16:11:35"
"58a229e74d580c0001e0a766",,"0","5","10","2","5","5","1","0","524","882","1","0","1","3","0.16","0.63","0","0",,,"0","10","2024-02-22 16:11:37"
"58a229e74d580c0001e0a766",,"0","6","15","2","5","5","0","1","400","624","0","1","1","4","0.12","0.88","0","0",,,"1","15","2024-02-22 16:11:40"
"58a229e74d580c0001e0a766",,"0","7","1","1","5","5","0","0","800","1051","0","1","1","1","0.12","0.22","0","0",,,"0","15","2024-02-22 16:11:42"
"58a229e74d580c0001e0a766",,"0","8","2","2","5","5","1","0","16","1932","2","0","1","2","0.22","0.37","0","0",,,"1","20","2024-02-22 16:11:45"
"58a229e74d580c0001e0a766",,"0","9","13","2","5","5","1","0","525","800","1","0","1","4","0.29","0.88","0","0",,,"1","25","2024-02-22 16:11:48"
"58a229e74d580c0001e0a766",,"0","10","6","2","5","5","1","0","641","941","1","0","2","3","0.37","0.63","0","0",,,"0","25","2024-02-22 16:11:50"
"58a229e74d580c0001e0a766",,"0","11","5","2","5","5","0","1","224","375","0","1","1","2","0.22","0.45","0","0",,,"0","25","2024-02-22 16:11:52"
"58a229e74d580c0001e0a766",,"0","12","8","2","5","5","1","0","383","645","1","0","1","2","0.12","0.45","0","0",,,"1","30","2024-02-22 16:11:55"
"58a229e74d580c0001e0a766",,"0","13","9","1","5","5","0","0","424","724","0","1","1","4","0.29","0.71","0","0",,,"0","30","2024-02-22 16:11:57"
"58a229e74d580c0001e0a766",,"0","14","7","2","5","5","0","1","382","1166","1","1","3","4","0.55","0.88","0","0",,,"0","30","2024-02-22 16:12:00"
"58a229e74d580c0001e0a766",,"0","15","14","2","5","5","0","1","16","824","1","1","1","4","0.16","0.84","0","0",,,"1","35","2024-02-22 16:12:02"
"58a229e74d580c0001e0a766",,"0","16","0","2","5","5","1","0","440","1349","1","1","4","4","0.78","0.88","0","0",,,"1","40","2024-02-22 16:12:05"
"58a229e74d580c0001e0a766",,"0","17","1","2","5","5","1","0","615","1466","1","1","1","1","0.12","0.22","0","0",,,"0","40","2024-02-22 16:12:08"
"58a229e74d580c0001e0a766",,"0","18","11","2","5","5","1","0","540","891","1","0","2","4","0.37","0.84","0","0",,,"1","45","2024-02-22 16:12:10"
"58a229e74d580c0001e0a766",,"0","19","13","2","5","5","1","0","573","832","1","0","1","4","0.29","0.88","0","0",,,"1","50","2024-02-22 16:12:13"
"58a229e74d580c0001e0a766",,"0","20","7","2","5","5","1","0","482","758","1","0","3","4","0.55","0.88","0","0",,,"1","55","2024-02-22 16:12:15"
"58a229e74d580c0001e0a766",,"0","21","14","2","5","5","0","1","457","740","0","1","1","4","0.16","0.84","0","0",,,"1","60","2024-02-22 16:12:17"
"58a229e74d580c0001e0a766",,"0","22","11","2","5","5","1","0","440","699","1","0","2","4","0.37","0.84","0","0",,,"1","65","2024-02-22 16:12:19"
"58a229e74d580c0001e0a766",,"0","23","4","2","5","5","1","0","459","792","1","0","3","4","0.55","0.78","0","0",,,"1","70","2024-02-22 16:12:22"
"58a229e74d580c0001e0a766",,"0","24","8","2","5","5","1","0","799","1108","1","0","1","2","0.12","0.45","0","0",,,"1","75","2024-02-22 16:12:24"
"58a229e74d580c0001e0a766",,"0","25","14","2","5","5","1","0","467","807","1","0","1","4","0.16","0.84","0","0",,,"1","80","2024-02-22 16:12:27"
"58a229e74d580c0001e0a766",,"0","26","10","2","5","5","1","0","474","666","1","0","1","3","0.16","0.63","0","0",,,"1","85","2024-02-22 16:12:29"
"58a229e74d580c0001e0a766",,"0","27","15","2","5","5","0","1","474","641","0","1","1","4","0.12","0.88","0","0",,,"1","90","2024-02-22 16:12:31"
"58a229e74d580c0001e0a766",,"0","28","7","2","5","5","1","0","357","625","1","0","3","4","0.55","0.88","0","0",,,"1","95","2024-02-22 16:12:33"
"58a229e74d580c0001e0a766",,"0","29","6","2","5","5","1","0","492","750","1","0","2","3","0.37","0.63","0","0",,,"1","100","2024-02-22 16:12:35"
"58a229e74d580c0001e0a766",,"0","30","7","2","5","5","1","0","498","634","1","0","3","4","0.55","0.88","0","0",,,"1","105","2024-02-22 16:12:38"
"58a229e74d580c0001e0a766",,"0","31","12","2","5","5","0","1","574","1150","1","1","1","4","0.12","0.71","0","0",,,"1","110","2024-02-22 16:12:40"
"58a229e74d580c0001e0a766",,"0","32","12","2","5","5","1","0","384","653","1","0","1","4","0.12","0.71","0","0",,,"1","115","2024-02-22 16:12:42"
"58a229e74d580c0001e0a766",,"0","33","3","2","5","5","0","1","682","924","0","1","3","4","0.63","0.78","0","0",,,"1","120","2024-02-22 16:12:45"
"58a229e74d580c0001e0a766",,"0","34","3","2","5","5","1","0","397","705","1","0","3","4","0.63","0.78","0","0",,,"1","125","2024-02-22 16:12:47"
"58a229e74d580c0001e0a766",,"0","35","14","2","5","5","0","1","415","699","0","1","1","4","0.16","0.84","0","0",,,"0","125","2024-02-22 16:12:49"
"58a229e74d580c0001e0a766",,"0","36","13","2","5","5","0","1","242","850","1","1","1","4","0.29","0.88","0","0",,,"0","125","2024-02-22 16:12:52"
"58a229e74d580c0001e0a766",,"0","37","15","2","5","5","0","1","376","550","0","1","1","4","0.12","0.88","0","0",,,"0","125","2024-02-22 16:12:54"
"58a229e74d580c0001e0a766",,"0","38","5","1","5","5","1","1","374","642","1","0","1","2","0.22","0.45","0","0",,,"1","130","2024-02-22 16:12:56"
"58a229e74d580c0001e0a766",,"0","39","5","1","5","5","0","0","457","817","0","1","1","2","0.22","0.45","0","0",,,"0","130","2024-02-22 16:12:59"
"58a229e74d580c0001e0a766",,"0","40","2","2","5","5","0","1","415","648","0","1","1","2","0.22","0.37","0","0",,,"1","135","2024-02-22 16:13:01"
"58a229e74d580c0001e0a766",,"0","41","10","2","5","5","1","0","598","782","1","0","1","3","0.16","0.63","0","0",,,"1","140","2024-02-22 16:13:03"
"58a229e74d580c0001e0a766",,"0","42","11","2","5","5","1","0","485","626","1","0","2","4","0.37","0.84","0","0",,,"1","145","2024-02-22 16:13:05"
"58a229e74d580c0001e0a766",,"0","43","4","2","5","5","0","1","398","565","0","1","3","4","0.55","0.78","0","0",,,"1","150","2024-02-22 16:13:08"
"58a229e74d580c0001e0a766",,"0","44","4","2","5","5","1","0","474","750","1","0","3","4","0.55","0.78","0","0",,,"1","155","2024-02-22 16:13:10"
"58a229e74d580c0001e0a766",,"0","45","9","2","5","5","1","0","399","982","1","1","1","4","0.29","0.71","0","0",,,"1","160","2024-02-22 16:13:12"
"58a229e74d580c0001e0a766",,"0","46","12","2","5","5","0","1","374","624","0","1","1","4","0.12","0.71","0","0",,,"0","160","2024-02-22 16:13:14"
"58a229e74d580c0001e0a766",,"0","47","3","2","5","5","1","0","399","624","1","0","3","4","0.63","0.78","0","0",,,"1","165","2024-02-22 16:13:17"
"58a229e74d580c0001e0a766",,"0","48","6","2","5","5","0","1","457","666","0","1","2","3","0.37","0.63","0","0",,,"1","170","2024-02-22 16:13:19"
"58a229e74d580c0001e0a766",,"0","49","8","2","5","5","0","1","458","708","0","1","1","2","0.12","0.45","0","0",,,"1","175","2024-02-22 16:13:21"
"58a229e74d580c0001e0a766",,"0","50","3","2","5","5","1","0","399","658","1","0","3","4","0.63","0.78","0","0",,,"1","180","2024-02-22 16:13:23"
"58a229e74d580c0001e0a766",,"0","51","2","2","5","5","1","0","415","1098","1","1","1","2","0.22","0.37","0","0",,,"0","180","2024-02-22 16:13:26"
"58a229e74d580c0001e0a766",,"0","52","0","2","5","5","1","0","582","758","1","0","4","4","0.78","0.88","0","0",,,"0","180","2024-02-22 16:13:29"
"58a229e74d580c0001e0a766",,"0","53","5","2","5","5","0","1","356","632","0","1","1","2","0.22","0.45","0","0",,,"0","180","2024-02-22 16:13:31"
"58a229e74d580c0001e0a766",,"0","54","13","2","5","5","0","1","423","531","0","1","1","4","0.29","0.88","0","0",,,"1","185","2024-02-22 16:13:33"
"58a229e74d580c0001e0a766",,"0","55","0","2","5","5","1","0","500","625","1","0","4","4","0.78","0.88","0","0",,,"1","190","2024-02-22 16:13:35"
"58a229e74d580c0001e0a766",,"0","56","2","2","5","5","0","1","399","616","0","1","1","2","0.22","0.37","0","0",,,"1","195","2024-02-22 16:13:37"
"58a229e74d580c0001e0a766",,"0","57","1","1","5","5","1","1","524","723","1","0","1","1","0.12","0.22","0","0",,,"0","195","2024-02-22 16:13:40"
"58a229e74d580c0001e0a766",,"0","58","1","2","5","5","1","0","500","675","1","0","1","1","0.12","0.22","0","0",,,"0","195","2024-02-22 16:13:42"
"58a229e74d580c0001e0a766",,"0","59","9","2","5","5","0","1","16","366","0","2","1","4","0.29","0.71","0","0",,,"1","200","2024-02-22 16:13:44"
"58a229e74d580c0001e0a766",,"0","60","6","2","5","5","0","1","643","775","0","1","2","3","0.37","0.63","0","0",,,"0","200","2024-02-22 16:13:47"
"58a229e74d580c0001e0a766",,"0","61","0","2","5","5","0","1","724","1032","0","1","4","4","0.78","0.88","0","0",,,"1","205","2024-02-22 16:13:49"
"58a229e74d580c0001e0a766",,"0","62","9","2","5","5","1","0","499","642","1","0","1","4","0.29","0.71","0","0",,,"0","205","2024-02-22 16:13:51"
"58a229e74d580c0001e0a766",,"0","63","4","2","5","5","1","0","482","633","1","0","3","4","0.55","0.78","0","0",,,"1","210","2024-02-22 16:13:54"
"58a229e74d580c0001e0a766",,"1","0","14","2","5","5","0","1","16","666","0","2","1","4","0.16","0.84","0","0",,,"1","5","2024-02-22 16:14:11"
"58a229e74d580c0001e0a766",,"1","1","1","1","5","5","1","1","641","832","1","0","1","1","0.12","0.22","0","0",,,"1","10","2024-02-22 16:14:13"
"63b9d3abc3ddc61c8c08fd84",,"0","0","7","2","5","5","1","0","1970","2371","1","0","3","4","0.55","0.88","0","0",,,"1","5","2024-02-22 16:14:15"
"58a229e74d580c0001e0a766",,"1","2","0","2","5","5","1","0","398","1132","1","1","4","4","0.78","0.88","0","0",,,"1","15","2024-02-22 16:14:16"
"63b9d3abc3ddc61c8c08fd84",,"0","1","12","2","5","5","1","0","834","1202","1","0","1","4","0.12","0.71","0","0",,,"0","5","2024-02-22 16:14:18"
"58a229e74d580c0001e0a766",,"1","3","9","2","5","5","1","0","457","607","1","0","1","4","0.29","0.71","0","0",,,"1","20","2024-02-22 16:14:18"
"58a229e74d580c0001e0a766",,"1","4","15","2","5","5","0","1","582","724","0","1","1","4","0.12","0.88","0","0",,,"1","25","2024-02-22 16:14:20"
"63b9d3abc3ddc61c8c08fd84",,"0","2","11","2","5","5","1","0","567","1001","1","0","2","4","0.37","0.84","0","0",,,"0","5","2024-02-22 16:14:21"
"58a229e74d580c0001e0a766",,"1","5","0","2","5","5","0","1","482","1833","1","2","4","4","0.78","0.88","0","0",,,"1","30","2024-02-22 16:14:23"
"63b9d3abc3ddc61c8c08fd84",,"0","3","9","2","5","5","1","0","551","1103","1","0","1","4","0.29","0.71","0","0",,,"1","10","2024-02-22 16:14:23"
"58a229e74d580c0001e0a766",,"1","6","9","2","5","5","1","0","497","628","1","0","1","4","0.29","0.71","0","0",,,"1","35","2024-02-22 16:14:25"
"63b9d3abc3ddc61c8c08fd84",,"0","4","13","2","5","5","1","0","802","1386","1","0","1","4","0.29","0.88","0","0",,,"1","15","2024-02-22 16:14:26"
"58a229e74d580c0001e0a766",,"1","7","3","2","5","5","0","1","465","1548","1","2","3","4","0.63","0.78","0","0",,,"0","35","2024-02-22 16:14:28"
"63b9d3abc3ddc61c8c08fd84",,"0","5","4","2","5","5","0","1","952","1520","0","1","3","4","0.55","0.78","0","0",,,"1","20","2024-02-22 16:14:29"
"58a229e74d580c0001e0a766",,"1","8","13","2","5","5","0","1","456","564","0","1","1","4","0.29","0.88","0","0",,,"1","40","2024-02-22 16:14:31"
"63b9d3abc3ddc61c8c08fd84",,"0","6","11","2","5","5","0","1","685","1136","0","1","2","4","0.37","0.84","0","0",,,"0","20","2024-02-22 16:14:32"
"58a229e74d580c0001e0a766",,"1","9","6","2","5","5","0","1","500","650","0","1","2","3","0.37","0.63","0","0",,,"0","40","2024-02-22 16:14:33"
"63b9d3abc3ddc61c8c08fd84",,"0","7","0","2","5","5","0","1","601","1370","0","1","4","4","0.78","0.88","0","0",,,"1","25","2024-02-22 16:14:35"
"58a229e74d580c0001e0a766",,"1","10","12","2","5","5","0","1","458","575","0","1","1","4","0.12","0.71","0","0",,,"1","45","2024-02-22 16:14:35"
"58a229e74d580c0001e0a766",,"1","11","15","2","5","5","0","1","441","525","0","1","1","4","0.12","0.88","0","0",,,"1","50","2024-02-22 16:14:37"
"63b9d3abc3ddc61c8c08fd84",,"0","8","1","1","5","5","1","1","1586","1920","1","0","1","1","0.12","0.22","0","0",,,"0","25","2024-02-22 16:14:38"
"58a229e74d580c0001e0a766",,"1","12","14","2","5","5","0","1","457","524","0","1","1","4","0.16","0.84","0","0",,,"1","55","2024-02-22 16:14:39"
"63b9d3abc3ddc61c8c08fd84",,"0","9","3","2","5","5","0","1","801","1119","0","1","3","4","0.63","0.78","0","0",,,"1","30","2024-02-22 16:14:41"
"58a229e74d580c0001e0a766",,"1","13","15","2","5","5","1","0","441","574","1","0","1","4","0.12","0.88","0","0",,,"0","55","2024-02-22 16:14:41"
"63b9d3abc3ddc61c8c08fd84",,"0","10","9","2","5","5","1","0","835","1287","1","0","1","4","0.29","0.71","0","0",,,"0","30","2024-02-22 16:14:44"
"58a229e74d580c0001e0a766",,"1","14","12","2","5","5","1","0","441","508","1","0","1","4","0.12","0.71","0","0",,,"1","60","2024-02-22 16:14:44"
"58a229e74d580c0001e0a766",,"1","15","2","2","5","5","0","1","441","558","0","1","1","2","0.22","0.37","0","0",,,"0","60","2024-02-22 16:14:46"
"63b9d3abc3ddc61c8c08fd84",,"0","11","15","2","5","5","1","0","968","1268","1","0","1","4","0.12","0.88","0","0",,,"1","35","2024-02-22 16:14:46"
"58a229e74d580c0001e0a766",,"1","16","5","2","5","5","1","0","431","582","1","0","1","2","0.22","0.45","0","0",,,"0","60","2024-02-22 16:14:48"
"63b9d3abc3ddc61c8c08fd84",,"0","12","9","2","5","5","1","0","718","1035","1","0","1","4","0.29","0.71","0","0",,,"1","40","2024-02-22 16:14:49"
"58a229e74d580c0001e0a766",,"1","17","4","2","5","5","0","1","682","850","0","1","3","4","0.55","0.78","0","0",,,"1","65","2024-02-22 16:14:51"
"63b9d3abc3ddc61c8c08fd84",,"0","13","12","2","5","5","1","0","585","969","1","0","1","4","0.12","0.71","0","0",,,"1","45","2024-02-22 16:14:51"
"58a229e74d580c0001e0a766",,"1","18","11","2","5","5","1","0","440","540","1","0","2","4","0.37","0.84","0","0",,,"1","70","2024-02-22 16:14:53"
"63b9d3abc3ddc61c8c08fd84",,"0","14","2","2","5","5","1","0","534","1236","1","0","1","2","0.22","0.37","0","0",,,"1","50","2024-02-22 16:14:54"
"58a229e74d580c0001e0a766",,"1","19","1","1","5","5","0","0","716","858","0","1","1","1","0.12","0.22","0","0",,,"0","70","2024-02-22 16:14:55"
"63b9d3abc3ddc61c8c08fd84",,"0","15","14","2","5","5","0","1","651","1169","0","1","1","4","0.16","0.84","0","0",,,"1","55","2024-02-22 16:14:57"
"58a229e74d580c0001e0a766",,"1","20","10","2","5","5","1","0","415","508","1","0","1","3","0.16","0.63","0","0",,,"1","75","2024-02-22 16:14:57"
"63b9d3abc3ddc61c8c08fd84",,"0","16","15","2","5","5","1","0","567","935","1","0","1","4","0.12","0.88","0","0",,,"1","60","2024-02-22 16:14:59"
"58a229e74d580c0001e0a766",,"1","21","2","2","5","5","0","1","565","716","0","1","1","2","0.22","0.37","0","0",,,"1","80","2024-02-22 16:15:00"
"58a229e74d580c0001e0a766",,"1","22","13","2","5","5","1","0","483","642","1","0","1","4","0.29","0.88","0","0",,,"1","85","2024-02-22 16:15:02"
"63b9d3abc3ddc61c8c08fd84",,"0","17","8","2","5","5","0","1","1119","1436","0","1","1","2","0.12","0.45","0","0",,,"1","65","2024-02-22 16:15:02"
"58a229e74d580c0001e0a766",,"1","23","4","2","5","5","1","0","681","773","1","0","3","4","0.55","0.78","0","0",,,"1","90","2024-02-22 16:15:04"
"63b9d3abc3ddc61c8c08fd84",,"0","18","6","2","5","5","0","1","568","886","0","1","2","3","0.37","0.63","0","0",,,"1","70","2024-02-22 16:15:05"
"58a229e74d580c0001e0a766",,"1","24","2","2","5","5","0","1","540","600","0","1","1","2","0.22","0.37","0","0",,,"0","90","2024-02-22 16:15:06"
"63b9d3abc3ddc61c8c08fd84",,"0","19","11","2","5","5","1","0","550","901","1","0","2","4","0.37","0.84","0","0",,,"1","75","2024-02-22 16:15:07"
"58a229e74d580c0001e0a766",,"1","25","7","2","5","5","0","1","597","698","0","1","3","4","0.55","0.88","0","0",,,"1","95","2024-02-22 16:15:09"
"63b9d3abc3ddc61c8c08fd84",,"0","20","1","2","5","5","1","0","1069","1353","1","0","1","1","0.12","0.22","0","0",,,"0","75","2024-02-22 16:15:10"
"58a229e74d580c0001e0a766",,"1","26","11","2","5","5","0","1","898","999","0","1","2","4","0.37","0.84","0","0",,,"1","100","2024-02-22 16:15:11"
"63b9d3abc3ddc61c8c08fd84",,"0","21","10","2","5","5","0","1","584","901","0","1","1","3","0.16","0.63","0","0",,,"0","75","2024-02-22 16:15:12"
"58a229e74d580c0001e0a766",,"1","27","3","2","5","5","0","1","740","865","0","1","3","4","0.63","0.78","0","0",,,"0","100","2024-02-22 16:15:13"
"63b9d3abc3ddc61c8c08fd84",,"0","22","3","2","5","5","1","0","868","1219","1","0","3","4","0.63","0.78","0","0",,,"1","80","2024-02-22 16:15:15"
"58a229e74d580c0001e0a766",,"1","28","8","2","5","5","0","1","658","808","0","1","1","2","0.12","0.45","0","0",,,"1","105","2024-02-22 16:15:16"
"63b9d3abc3ddc61c8c08fd84",,"0","23","8","2","5","5","0","1","568","936","0","1","1","2","0.12","0.45","0","0",,,"0","80","2024-02-22 16:15:18"
"58a229e74d580c0001e0a766",,"1","29","9","2","5","5","1","0","399","516","1","0","1","4","0.29","0.71","0","0",,,"0","105","2024-02-22 16:15:18"
"58a229e74d580c0001e0a766",,"1","30","10","2","5","5","0","1","500","625","0","1","1","3","0.16","0.63","0","0",,,"1","110","2024-02-22 16:15:20"
"63b9d3abc3ddc61c8c08fd84",,"0","24","14","2","5","5","1","0","936","1788","1","1","1","4","0.16","0.84","0","0",,,"0","80","2024-02-22 16:15:21"
"58a229e74d580c0001e0a766",,"1","31","4","2","5","5","1","0","782","916","1","0","3","4","0.55","0.78","0","0",,,"1","115","2024-02-22 16:15:23"
"63b9d3abc3ddc61c8c08fd84",,"0","25","4","1","5","5","1","1","885","1887","1","0","3","4","0.55","0.78","0","0",,,"0","80","2024-02-22 16:15:24"
"58a229e74d580c0001e0a766",,"1","32","5","2","5","5","0","1","525","633","0","1","1","2","0.22","0.45","0","0",,,"1","120","2024-02-22 16:15:25"
"63b9d3abc3ddc61c8c08fd84",,"0","26","13","2","5","5","0","1","501","802","0","1","1","4","0.29","0.88","0","0",,,"1","85","2024-02-22 16:15:27"
"58a229e74d580c0001e0a766",,"1","33","6","2","5","5","0","1","456","540","0","1","2","3","0.37","0.63","0","0",,,"0","120","2024-02-22 16:15:27"
"58a229e74d580c0001e0a766",,"1","34","13","2","5","5","1","0","441","583","1","0","1","4","0.29","0.88","0","0",,,"1","125","2024-02-22 16:15:29"
"63b9d3abc3ddc61c8c08fd84",,"0","27","1","1","5","5","1","1","1203","1604","1","0","1","1","0.12","0.22","0","0",,,"0","85","2024-02-22 16:15:30"
"58a229e74d580c0001e0a766",,"1","35","9","2","5","5","0","1","416","700","0","1","1","4","0.29","0.71","0","0",,,"1","130","2024-02-22 16:15:31"
"63b9d3abc3ddc61c8c08fd84",,"0","28","3","2","5","5","1","0","501","1369","1","1","3","4","0.63","0.78","0","0",,,"1","90","2024-02-22 16:15:33"
"58a229e74d580c0001e0a766",,"1","36","5","2","5","5","1","0","467","683","1","0","1","2","0.22","0.45","0","0",,,"0","130","2024-02-22 16:15:34"
"63b9d3abc3ddc61c8c08fd84",,"0","29","14","2","5","5","1","0","651","985","1","0","1","4","0.16","0.84","0","0",,,"1","95","2024-02-22 16:15:35"
"58a229e74d580c0001e0a766",,"1","37","14","2","5","5","1","0","491","674","1","0","1","4","0.16","0.84","0","0",,,"1","135","2024-02-22 16:15:36"
"63b9d3abc3ddc61c8c08fd84",,"0","30","15","2","5","5","1","0","517","818","1","0","1","4","0.12","0.88","0","0",,,"1","100","2024-02-22 16:15:38"
"58a229e74d580c0001e0a766",,"1","38","6","2","5","5","0","1","439","581","0","1","2","3","0.37","0.63","0","0",,,"0","135","2024-02-22 16:15:38"
"63b9d3abc3ddc61c8c08fd84",,"0","31","10","2","5","5","0","1","534","885","0","1","1","3","0.16","0.63","0","0",,,"0","100","2024-02-22 16:15:40"
"58a229e74d580c0001e0a766",,"1","39","13","2","5","5","0","1","416","533","0","1","1","4","0.29","0.88","0","0",,,"0","135","2024-02-22 16:15:40"
"58a229e74d580c0001e0a766",,"1","40","2","1","5","5","1","1","416","565","1","0","1","2","0.22","0.37","0","0",,,"0","135","2024-02-22 16:15:43"
"63b9d3abc3ddc61c8c08fd84",,"0","32","9","1","5","5","1","1","1052","1319","1","0","1","4","0.29","0.71","0","0",,,"0","100","2024-02-22 16:15:43"
"58a229e74d580c0001e0a766",,"1","41","7","2","5","5","1","0","423","548","1","0","3","4","0.55","0.88","0","0",,,"0","135","2024-02-22 16:15:45"
"63b9d3abc3ddc61c8c08fd84",,"0","33","10","2","5","5","0","1","533","934","0","1","1","3","0.16","0.63","0","0",,,"0","100","2024-02-22 16:15:46"
"58a229e74d580c0001e0a766",,"1","42","0","2","5","5","1","0","433","1017","1","1","4","4","0.78","0.88","0","0",,,"0","135","2024-02-22 16:15:48"
"63b9d3abc3ddc61c8c08fd84",,"0","34","12","2","5","5","1","0","718","1953","1","1","1","4","0.12","0.71","0","0",,,"1","105","2024-02-22 16:15:49"
"58a229e74d580c0001e0a766",,"1","43","0","1","5","5","0","0","400","674","0","1","4","4","0.78","0.88","0","0",,,"1","140","2024-02-22 16:15:50"
"63b9d3abc3ddc61c8c08fd84",,"0","35","4","2","5","5","1","0","584","918","1","0","3","4","0.55","0.78","0","0",,,"1","110","2024-02-22 16:15:52"
"58a229e74d580c0001e0a766",,"1","44","12","2","5","5","0","1","458","567","0","1","1","4","0.12","0.71","0","0",,,"1","145","2024-02-22 16:15:52"
"58a229e74d580c0001e0a766",,"1","45","12","2","5","5","1","0","398","523","1","0","1","4","0.12","0.71","0","0",,,"1","150","2024-02-22 16:15:54"
"63b9d3abc3ddc61c8c08fd84",,"0","36","2","1","5","5","0","0","1319","1553","0","1","1","2","0.22","0.37","0","0",,,"0","110","2024-02-22 16:15:55"
"58a229e74d580c0001e0a766",,"1","46","3","2","5","5","0","1","575","732","0","1","3","4","0.63","0.78","0","0",,,"0","150","2024-02-22 16:15:57"
"63b9d3abc3ddc61c8c08fd84",,"0","37","0","2","5","5","1","0","1102","1353","1","0","4","4","0.78","0.88","0","0",,,"1","115","2024-02-22 16:15:58"
"58a229e74d580c0001e0a766",,"1","47","1","2","5","5","1","0","382","466","1","0","1","1","0.12","0.22","0","0",,,"0","150","2024-02-22 16:15:59"
"63b9d3abc3ddc61c8c08fd84",,"0","38","7","2","5","5","1","0","601","936","1","0","3","4","0.55","0.88","0","0",,,"1","120","2024-02-22 16:16:00"
"58a229e74d580c0001e0a766",,"1","48","7","2","5","5","0","1","433","525","0","1","3","4","0.55","0.88","0","0",,,"1","155","2024-02-22 16:16:01"
"63b9d3abc3ddc61c8c08fd84",,"0","39","7","2","5","5","0","1","785","1103","0","1","3","4","0.55","0.88","0","0",,,"1","125","2024-02-22 16:16:03"
"58a229e74d580c0001e0a766",,"1","49","11","2","5","5","1","0","441","516","1","0","2","4","0.37","0.84","0","0",,,"0","155","2024-02-22 16:16:03"
"63b9d3abc3ddc61c8c08fd84",,"0","40","8","2","5","5","1","0","751","1018","1","0","1","2","0.12","0.45","0","0",,,"1","130","2024-02-22 16:16:05"
"58a229e74d580c0001e0a766",,"1","50","8","2","5","5","0","1","416","533","0","1","1","2","0.12","0.45","0","0",,,"0","155","2024-02-22 16:16:05"
"58a229e74d580c0001e0a766",,"1","51","10","2","5","5","0","1","474","566","0","1","1","3","0.16","0.63","0","0",,,"0","155","2024-02-22 16:16:08"
"63b9d3abc3ddc61c8c08fd84",,"0","41","13","2","5","5","0","1","1102","1920","1","1","1","4","0.29","0.88","0","0",,,"1","135","2024-02-22 16:16:08"
"63b9d3abc3ddc61c8c08fd84",,"0","42","4","2","5","5","1","0","634","952","1","0","3","4","0.55","0.78","0","0",,,"1","140","2024-02-22 16:16:11"
"58a229e74d580c0001e0a766",,"1","52","8","2","5","5","0","1","781","1689","0","1","1","2","0.12","0.45","0","0",,,"1","160","2024-02-22 16:16:11"
"63b9d3abc3ddc61c8c08fd84",,"0","43","13","2","5","5","1","0","819","1203","1","0","1","4","0.29","0.88","0","0",,,"1","145","2024-02-22 16:16:13"
"58a229e74d580c0001e0a766",,"1","53","7","2","5","5","1","0","558","1667","1","0","3","4","0.55","0.88","0","0",,,"1","165","2024-02-22 16:16:14"
"63b9d3abc3ddc61c8c08fd84",,"0","44","6","2","5","5","1","0","801","1219","1","0","2","3","0.37","0.63","0","0",,,"0","145","2024-02-22 16:16:16"
"58a229e74d580c0001e0a766",,"1","54","1","2","5","5","1","0","657","1358","1","1","1","1","0.12","0.22","0","0",,,"1","170","2024-02-22 16:16:17"
"63b9d3abc3ddc61c8c08fd84",,"0","45","5","2","5","5","1","0","902","1321","1","0","1","2","0.22","0.45","0","0",,,"0","145","2024-02-22 16:16:19"
"58a229e74d580c0001e0a766",,"1","55","4","2","5","5","0","1","341","1865","0","1","3","4","0.55","0.78","0","0",,,"1","175","2024-02-22 16:16:20"
"63b9d3abc3ddc61c8c08fd84",,"0","46","11","2","5","5","0","1","868","1252","0","1","2","4","0.37","0.84","0","0",,,"0","145","2024-02-22 16:16:22"
"58a229e74d580c0001e0a766",,"1","56","10","2","5","5","1","0","442","1382","1","0","1","3","0.16","0.63","0","0",,,"1","180","2024-02-22 16:16:23"
"63b9d3abc3ddc61c8c08fd84",,"0","47","14","2","5","5","1","0","868","1286","1","0","1","4","0.16","0.84","0","0",,,"1","150","2024-02-22 16:16:25"
"58a229e74d580c0001e0a766",,"1","57","3","2","5","5","0","1","433","804","0","1","3","4","0.63","0.78","0","0",,,"1","185","2024-02-22 16:16:25"
"58a229e74d580c0001e0a766",,"1","58","6","2","5","5","0","1","533","883","0","1","2","3","0.37","0.63","0","0",,,"1","190","2024-02-22 16:16:27"
"63b9d3abc3ddc61c8c08fd84",,"0","48","8","2","5","5","1","0","1151","1686","1","0","1","2","0.12","0.45","0","0",,,"1","155","2024-02-22 16:16:28"
"58a229e74d580c0001e0a766",,"1","59","8","2","5","5","1","0","441","1600","1","0","1","2","0.12","0.45","0","0",,,"0","190","2024-02-22 16:16:30"
"63b9d3abc3ddc61c8c08fd84",,"0","49","12","2","5","5","0","1","751","1169","0","1","1","4","0.12","0.71","0","0",,,"1","160","2024-02-22 16:16:31"
"58a229e74d580c0001e0a766",,"1","60","5","2","5","5","0","1","432","558","0","1","1","2","0.22","0.45","0","0",,,"1","195","2024-02-22 16:16:33"
"63b9d3abc3ddc61c8c08fd84",,"0","50","0","2","5","5","1","0","785","1219","1","0","4","4","0.78","0.88","0","0",,,"1","165","2024-02-22 16:16:33"
"58a229e74d580c0001e0a766",,"1","61","15","2","5","5","0","1","457","700","0","1","1","4","0.12","0.88","0","0",,,"1","200","2024-02-22 16:16:35"
"63b9d3abc3ddc61c8c08fd84",,"0","51","5","2","5","5","0","1","702","1103","0","1","1","2","0.22","0.45","0","0",,,"1","170","2024-02-22 16:16:36"
"58a229e74d580c0001e0a766",,"1","62","14","2","5","5","0","1","383","566","0","1","1","4","0.16","0.84","0","0",,,"1","205","2024-02-22 16:16:37"
"63b9d3abc3ddc61c8c08fd84",,"0","52","5","2","5","5","0","1","818","1153","0","1","1","2","0.22","0.45","0","0",,,"1","175","2024-02-22 16:16:39"
"58a229e74d580c0001e0a766",,"1","63","11","2","5","5","0","1","376","516","0","1","2","4","0.37","0.84","0","0",,,"1","210","2024-02-22 16:16:39"
"63b9d3abc3ddc61c8c08fd84",,"0","53","2","2","5","5","0","1","1152","1552","0","1","1","2","0.22","0.37","0","0",,,"1","180","2024-02-22 16:16:41"
"63b9d3abc3ddc61c8c08fd84",,"0","54","3","2","5","5","0","1","1168","1485","0","1","3","4","0.63","0.78","0","0",,,"1","185","2024-02-22 16:16:44"
"63b9d3abc3ddc61c8c08fd84",,"0","55","0","2","5","5","1","0","835","1203","1","0","4","4","0.78","0.88","0","0",,,"1","190","2024-02-22 16:16:47"
"63b9d3abc3ddc61c8c08fd84",,"0","56","6","2","5","5","1","0","1002","1336","1","0","2","3","0.37","0.63","0","0",,,"1","195","2024-02-22 16:16:50"
"63b9d3abc3ddc61c8c08fd84",,"0","57","15","2","5","5","1","0","618","985","1","0","1","4","0.12","0.88","0","0",,,"1","200","2024-02-22 16:16:52"
"63b9d3abc3ddc61c8c08fd84",,"0","58","2","2","5","5","0","1","735","1136","0","1","1","2","0.22","0.37","0","0",,,"1","205","2024-02-22 16:16:55"
"63b9d3abc3ddc61c8c08fd84",,"0","59","1","2","5","5","0","1","1069","1353","0","1","1","1","0.12","0.22","0","0",,,"0","205","2024-02-22 16:16:58"
"63b9d3abc3ddc61c8c08fd84",,"0","60","5","2","5","5","1","0","818","2136","1","1","1","2","0.22","0.45","0","0",,,"1","210","2024-02-22 16:17:01"
"58a229e74d580c0001e0a766",,"2","0","8","2","5","5","0","1","541","792","0","1","1","2","0.12","0.45","0","0",,,"1","5","2024-02-22 16:17:02"
"58a229e74d580c0001e0a766",,"2","1","0","2","5","5","0","1","615","824","0","1","4","4","0.78","0.88","0","0",,,"1","10","2024-02-22 16:17:04"
"63b9d3abc3ddc61c8c08fd84",,"0","61","10","2","5","5","1","0","734","1336","1","0","1","3","0.16","0.63","0","0",,,"1","215","2024-02-22 16:17:04"
"58a229e74d580c0001e0a766",,"2","2","5","2","5","5","0","1","465","606","0","1","1","2","0.22","0.45","0","0",,,"1","15","2024-02-22 16:17:06"
"63b9d3abc3ddc61c8c08fd84",,"0","62","7","2","5","5","0","1","1102","1420","0","1","3","4","0.55","0.88","0","0",,,"1","220","2024-02-22 16:17:07"
"58a229e74d580c0001e0a766",,"2","3","15","2","5","5","1","0","375","567","1","0","1","4","0.12","0.88","0","0",,,"1","20","2024-02-22 16:17:08"
"63b9d3abc3ddc61c8c08fd84",,"0","63","6","2","5","5","1","0","668","1219","1","0","2","3","0.37","0.63","0","0",,,"1","225","2024-02-22 16:17:10"
"58a229e74d580c0001e0a766",,"2","4","0","2","5","5","1","0","600","909","1","0","4","4","0.78","0.88","0","0",,,"1","25","2024-02-22 16:17:10"
"58a229e74d580c0001e0a766",,"2","5","12","2","5","5","1","0","525","775","1","0","1","4","0.12","0.71","0","0",,,"1","30","2024-02-22 16:17:13"
"58a229e74d580c0001e0a766",,"2","6","7","2","5","5","0","1","416","600","0","1","3","4","0.55","0.88","0","0",,,"1","35","2024-02-22 16:17:15"
"58a229e74d580c0001e0a766",,"2","7","8","2","5","5","0","1","473","715","0","1","1","2","0.12","0.45","0","0",,,"0","35","2024-02-22 16:17:17"
"58a229e74d580c0001e0a766",,"2","8","10","2","5","5","1","0","442","567","1","0","1","3","0.16","0.63","0","0",,,"0","35","2024-02-22 16:17:19"
"58a229e74d580c0001e0a766",,"2","9","3","2","5","5","1","0","441","733","1","0","3","4","0.63","0.78","0","0",,,"1","40","2024-02-22 16:17:22"
"58a229e74d580c0001e0a766",,"2","10","9","2","5","5","1","0","500","607","1","0","1","4","0.29","0.71","0","0",,,"1","45","2024-02-22 16:17:24"
"58a229e74d580c0001e0a766",,"2","11","8","2","5","5","1","0","458","1467","2","1","1","2","0.12","0.45","0","0",,,"0","45","2024-02-22 16:17:27"
"58a229e74d580c0001e0a766",,"2","12","5","2","5","5","0","1","458","700","0","1","1","2","0.22","0.45","0","0",,,"0","45","2024-02-22 16:17:29"
"58a229e74d580c0001e0a766",,"2","13","0","2","5","5","0","1","557","725","0","1","4","4","0.78","0.88","0","0",,,"0","45","2024-02-22 16:17:32"
"58a229e74d580c0001e0a766",,"2","14","10","2","5","5","0","1","475","632","0","1","1","3","0.16","0.63","0","0",,,"1","50","2024-02-22 16:17:34"
"58a229e74d580c0001e0a766",,"2","15","2","2","5","5","1","0","483","592","1","0","1","2","0.22","0.37","0","0",,,"0","50","2024-02-22 16:17:36"
"58a229e74d580c0001e0a766",,"2","16","2","2","5","5","0","1","525","750","0","1","1","2","0.22","0.37","0","0",,,"0","50","2024-02-22 16:17:39"
"58a229e74d580c0001e0a766",,"2","17","1","1","5","5","1","1","500","642","1","0","1","1","0.12","0.22","0","0",,,"0","50","2024-02-22 16:17:41"
"58a229e74d580c0001e0a766",,"2","18","3","2","5","5","1","0","874","1108","1","0","3","4","0.63","0.78","0","0",,,"1","55","2024-02-22 16:17:44"
"58a229e74d580c0001e0a766",,"2","19","11","2","5","5","1","0","456","616","1","0","2","4","0.37","0.84","0","0",,,"1","60","2024-02-22 16:17:46"
"58a229e74d580c0001e0a766",,"2","20","6","2","5","5","1","0","559","801","1","0","2","3","0.37","0.63","0","0",,,"1","65","2024-02-22 16:17:48"
"58a229e74d580c0001e0a766",,"2","21","13","2","5","5","1","0","516","616","1","0","1","4","0.29","0.88","0","0",,,"1","70","2024-02-22 16:17:50"
"58a229e74d580c0001e0a766",,"2","22","6","2","5","5","0","1","465","757","0","1","2","3","0.37","0.63","0","0",,,"1","75","2024-02-22 16:17:53"
"58a229e74d580c0001e0a766",,"2","23","14","2","5","5","1","0","356","524","1","0","1","4","0.16","0.84","0","0",,,"1","80","2024-02-22 16:17:55"
"58a229e74d580c0001e0a766",,"2","24","1","2","5","5","0","1","699","808","0","1","1","1","0.12","0.22","0","0",,,"1","85","2024-02-22 16:17:57"
"58a229e74d580c0001e0a766",,"2","25","11","2","5","5","0","1","500","575","0","1","2","4","0.37","0.84","0","0",,,"1","90","2024-02-22 16:17:59"
"58a229e74d580c0001e0a766",,"2","26","13","2","5","5","0","1","423","532","0","1","1","4","0.29","0.88","0","0",,,"0","90","2024-02-22 16:18:01"
"58a229e74d580c0001e0a766",,"2","27","14","2","5","5","1","0","342","483","1","0","1","4","0.16","0.84","0","0",,,"1","95","2024-02-22 16:18:03"
"58a229e74d580c0001e0a766",,"2","28","5","2","5","5","1","0","742","1276","1","1","1","2","0.22","0.45","0","0",,,"0","95","2024-02-22 16:18:06"
"58a229e74d580c0001e0a766",,"2","29","12","2","5","5","0","1","375","442","0","1","1","4","0.12","0.71","0","0",,,"1","100","2024-02-22 16:18:08"
"58a229e74d580c0001e0a766",,"2","30","4","2","5","5","1","0","399","491","1","0","3","4","0.55","0.78","0","0",,,"0","100","2024-02-22 16:18:10"
"58a229e74d580c0001e0a766",,"2","31","13","1","5","5","0","0","224","308","0","1","1","4","0.29","0.88","0","0",,,"0","100","2024-02-22 16:18:12"
"58a229e74d580c0001e0a766",,"2","32","2","2","5","5","0","1","424","550","0","1","1","2","0.22","0.37","0","0",,,"0","100","2024-02-22 16:18:15"
"58a229e74d580c0001e0a766",,"2","33","5","2","5","5","0","1","483","558","0","1","1","2","0.22","0.45","0","0",,,"0","100","2024-02-22 16:18:17"
"58a229e74d580c0001e0a766",,"2","34","15","2","5","5","1","0","425","533","1","0","1","4","0.12","0.88","0","0",,,"1","105","2024-02-22 16:18:19"
"58a229e74d580c0001e0a766",,"2","35","7","2","5","5","1","0","498","575","1","0","3","4","0.55","0.88","0","0",,,"1","110","2024-02-22 16:18:21"
"58a229e74d580c0001e0a766",,"2","36","11","2","5","5","0","1","440","558","0","1","2","4","0.37","0.84","0","0",,,"1","115","2024-02-22 16:18:23"
"58a229e74d580c0001e0a766",,"2","37","10","2","5","5","1","0","441","549","1","0","1","3","0.16","0.63","0","0",,,"1","120","2024-02-22 16:18:26"
"58a229e74d580c0001e0a766",,"2","38","7","2","5","5","1","0","540","657","1","0","3","4","0.55","0.88","0","0",,,"1","125","2024-02-22 16:18:28"
"58a229e74d580c0001e0a766",,"2","39","0","2","5","5","0","1","573","1408","1","1","4","4","0.78","0.88","0","0",,,"1","130","2024-02-22 16:18:30"
"58a229e74d580c0001e0a766",,"2","40","3","2","5","5","0","1","514","1364","0","1","3","4","0.63","0.78","0","0",,,"1","135","2024-02-22 16:18:33"
"58a229e74d580c0001e0a766",,"2","41","4","2","5","5","1","0","441","566","1","0","3","4","0.55","0.78","0","0",,,"0","135","2024-02-22 16:18:35"
"58a229e74d580c0001e0a766",,"2","42","12","2","5","5","1","0","398","524","1","0","1","4","0.12","0.71","0","0",,,"0","135","2024-02-22 16:18:38"
"58a229e74d580c0001e0a766",,"2","43","13","2","5","5","1","0","399","491","1","0","1","4","0.29","0.88","0","0",,,"1","140","2024-02-22 16:18:40"
"58a229e74d580c0001e0a766",,"2","44","10","2","5","5","0","1","475","516","0","1","1","3","0.16","0.63","0","0",,,"0","140","2024-02-22 16:18:42"
"58a229e74d580c0001e0a766",,"2","45","3","2","5","5","1","0","357","483","1","0","3","4","0.63","0.78","0","0",,,"1","145","2024-02-22 16:18:44"
"58a229e74d580c0001e0a766",,"2","46","6","2","5","5","1","0","406","515","1","0","2","3","0.37","0.63","0","0",,,"0","145","2024-02-22 16:18:46"
"58a229e74d580c0001e0a766",,"2","47","2","2","5","5","0","1","601","683","0","1","1","2","0.22","0.37","0","0",,,"0","145","2024-02-22 16:18:49"
"63b9d3abc3ddc61c8c08fd84",,"1","0","0","2","5","5","1","0","735","969","1","0","4","4","0.78","0.88","0","0",,,"1","5","2024-02-22 16:18:51"
"58a229e74d580c0001e0a766",,"2","48","8","2","5","5","0","1","440","973","1","1","1","2","0.12","0.45","0","0",,,"1","150","2024-02-22 16:18:51"
"63b9d3abc3ddc61c8c08fd84",,"1","1","12","2","5","5","0","1","601","952","0","1","1","4","0.12","0.71","0","0",,,"0","5","2024-02-22 16:18:53"
"58a229e74d580c0001e0a766",,"2","49","9","2","5","5","0","1","474","742","0","1","1","4","0.29","0.71","0","0",,,"1","155","2024-02-22 16:18:53"
"58a229e74d580c0001e0a766",,"2","50","4","2","5","5","1","0","396","514","1","0","3","4","0.55","0.78","0","0",,,"1","160","2024-02-22 16:18:56"
"63b9d3abc3ddc61c8c08fd84",,"1","2","5","2","5","5","0","1","1253","1503","0","1","1","2","0.22","0.45","0","0",,,"1","10","2024-02-22 16:18:56"
"58a229e74d580c0001e0a766",,"2","51","9","2","5","5","0","1","374","541","0","1","1","4","0.29","0.71","0","0",,,"0","160","2024-02-22 16:18:58"
"63b9d3abc3ddc61c8c08fd84",,"1","3","14","2","5","5","0","1","751","1102","0","1","1","4","0.16","0.84","0","0",,,"1","15","2024-02-22 16:18:59"
"58a229e74d580c0001e0a766",,"2","52","11","2","5","5","1","0","375","500","1","0","2","4","0.37","0.84","0","0",,,"1","165","2024-02-22 16:19:00"
"63b9d3abc3ddc61c8c08fd84",,"1","4","12","2","5","5","0","1","852","1119","0","1","1","4","0.12","0.71","0","0",,,"1","20","2024-02-22 16:19:01"
"58a229e74d580c0001e0a766",,"2","53","15","2","5","5","1","0","716","1266","1","0","1","4","0.12","0.88","0","0",,,"0","165","2024-02-22 16:19:03"
"63b9d3abc3ddc61c8c08fd84",,"1","5","7","2","5","5","0","1","901","1285","0","1","3","4","0.55","0.88","0","0",,,"1","25","2024-02-22 16:19:04"
"58a229e74d580c0001e0a766",,"2","54","14","2","5","5","0","1","340","441","0","1","1","4","0.16","0.84","0","0",,,"1","170","2024-02-22 16:19:05"
"63b9d3abc3ddc61c8c08fd84",,"1","6","15","2","5","5","0","1","518","885","0","1","1","4","0.12","0.88","0","0",,,"1","30","2024-02-22 16:19:06"
"58a229e74d580c0001e0a766",,"2","55","12","2","5","5","1","0","358","650","1","0","1","4","0.12","0.71","0","0",,,"1","175","2024-02-22 16:19:07"
"63b9d3abc3ddc61c8c08fd84",,"1","7","9","2","5","5","1","0","583","900","1","0","1","4","0.29","0.71","0","0",,,"0","30","2024-02-22 16:19:09"
"58a229e74d580c0001e0a766",,"2","56","6","2","5","5","0","1","358","482","0","1","2","3","0.37","0.63","0","0",,,"0","175","2024-02-22 16:19:09"
"58a229e74d580c0001e0a766",,"2","57","1","2","5","5","1","0","399","691","1","0","1","1","0.12","0.22","0","0",,,"0","175","2024-02-22 16:19:11"
"63b9d3abc3ddc61c8c08fd84",,"1","8","5","2","5","5","0","1","1052","1402","0","1","1","2","0.22","0.45","0","0",,,"0","30","2024-02-22 16:19:12"
"58a229e74d580c0001e0a766",,"2","58","9","2","5","5","0","1","443","525","0","1","1","4","0.29","0.71","0","0",,,"1","180","2024-02-22 16:19:14"
"63b9d3abc3ddc61c8c08fd84",,"1","9","12","2","5","5","0","1","1068","1336","0","1","1","4","0.12","0.71","0","0",,,"0","30","2024-02-22 16:19:15"
"58a229e74d580c0001e0a766",,"2","59","14","2","5","5","1","0","440","574","1","0","1","4","0.16","0.84","0","0",,,"1","185","2024-02-22 16:19:16"
"63b9d3abc3ddc61c8c08fd84",,"1","10","11","2","5","5","1","0","768","1236","1","0","2","4","0.37","0.84","0","0",,,"1","35","2024-02-22 16:19:18"
"58a229e74d580c0001e0a766",,"2","60","1","1","5","5","0","0","441","591","0","1","1","1","0.12","0.22","0","0",,,"0","185","2024-02-22 16:19:18"
"58a229e74d580c0001e0a766",,"2","61","7","2","5","5","0","1","424","516","0","1","3","4","0.55","0.88","0","0",,,"1","190","2024-02-22 16:19:20"
"63b9d3abc3ddc61c8c08fd84",,"1","11","6","2","5","5","1","0","600","1419","1","0","2","3","0.37","0.63","0","0",,,"1","40","2024-02-22 16:19:21"
"58a229e74d580c0001e0a766",,"2","62","15","2","5","5","0","1","420","580","0","1","1","4","0.12","0.88","0","0",,,"1","195","2024-02-22 16:19:22"
"63b9d3abc3ddc61c8c08fd84",,"1","12","10","2","5","5","1","0","568","1020","1","0","1","3","0.16","0.63","0","0",,,"0","40","2024-02-22 16:19:23"
"58a229e74d580c0001e0a766",,"2","63","4","2","5","5","1","0","481","773","1","0","3","4","0.55","0.78","0","0",,,"1","200","2024-02-22 16:19:25"
"63b9d3abc3ddc61c8c08fd84",,"1","13","1","2","5","5","1","0","1370","2289","1","0","1","1","0.12","0.22","0","0",,,"0","40","2024-02-22 16:19:27"
"63b9d3abc3ddc61c8c08fd84",,"1","14","9","2","5","5","1","0","651","1018","1","0","1","4","0.29","0.71","0","0",,,"1","45","2024-02-22 16:19:29"
"63b9d3abc3ddc61c8c08fd84",,"1","15","0","2","5","5","0","1","767","1586","1","1","4","4","0.78","0.88","0","0",,,"1","50","2024-02-22 16:19:33"
"63b9d3abc3ddc61c8c08fd84",,"1","16","3","2","5","5","0","1","667","1068","0","1","3","4","0.63","0.78","0","0",,,"1","55","2024-02-22 16:19:35"
"63b9d3abc3ddc61c8c08fd84",,"1","17","0","2","5","5","0","1","751","1085","0","1","4","4","0.78","0.88","0","0",,,"0","55","2024-02-22 16:19:38"
"63b9d3abc3ddc61c8c08fd84",,"1","18","8","2","5","5","0","1","802","1268","0","1","1","2","0.12","0.45","0","0",,,"1","60","2024-02-22 16:19:41"
"63b9d3abc3ddc61c8c08fd84",,"1","19","5","2","5","5","1","0","885","1152","1","0","1","2","0.22","0.45","0","0",,,"0","60","2024-02-22 16:19:43"
"63b9d3abc3ddc61c8c08fd84",,"1","20","14","2","5","5","1","0","767","1052","1","0","1","4","0.16","0.84","0","0",,,"1","65","2024-02-22 16:19:46"
"58a229e74d580c0001e0a766",,"3","0","5","2","5","5","0","1","25","575","0","2","1","2","0.22","0.45","0","0",,,"1","5","2024-02-22 16:19:46"
"58a229e74d580c0001e0a766",,"3","1","10","2","5","5","0","1","499","617","0","1","1","3","0.16","0.63","0","0",,,"1","10","2024-02-22 16:19:48"
"63b9d3abc3ddc61c8c08fd84",,"1","21","11","2","5","5","0","1","684","1018","0","1","2","4","0.37","0.84","0","0",,,"1","70","2024-02-22 16:19:48"
"58a229e74d580c0001e0a766",,"3","2","9","2","5","5","0","1","442","600","0","1","1","4","0.29","0.71","0","0",,,"1","15","2024-02-22 16:19:50"
"63b9d3abc3ddc61c8c08fd84",,"1","22","2","2","5","5","0","1","785","1153","0","1","1","2","0.22","0.37","0","0",,,"1","75","2024-02-22 16:19:51"
"58a229e74d580c0001e0a766",,"3","3","14","2","5","5","1","0","400","550","1","0","1","4","0.16","0.84","0","0",,,"0","15","2024-02-22 16:19:52"
"63b9d3abc3ddc61c8c08fd84",,"1","23","9","2","5","5","0","1","650","1101","0","1","1","4","0.29","0.71","0","0",,,"1","80","2024-02-22 16:19:54"
"58a229e74d580c0001e0a766",,"3","4","12","2","5","5","1","0","474","566","1","0","1","4","0.12","0.71","0","0",,,"1","20","2024-02-22 16:19:55"
"63b9d3abc3ddc61c8c08fd84",,"1","24","13","2","5","5","0","1","869","1336","0","1","1","4","0.29","0.88","0","0",,,"1","85","2024-02-22 16:19:56"
"58a229e74d580c0001e0a766",,"3","5","14","2","5","5","1","0","481","566","1","0","1","4","0.16","0.84","0","0",,,"1","25","2024-02-22 16:19:57"
"58a229e74d580c0001e0a766",,"3","6","10","2","5","5","0","1","398","732","0","1","1","3","0.16","0.63","0","0",,,"0","25","2024-02-22 16:19:59"
"63b9d3abc3ddc61c8c08fd84",,"1","25","7","2","5","5","1","0","968","1319","1","0","3","4","0.55","0.88","0","0",,,"0","85","2024-02-22 16:19:59"
"58a229e74d580c0001e0a766",,"3","7","6","2","5","5","1","0","400","575","1","0","2","3","0.37","0.63","0","0",,,"1","30","2024-02-22 16:20:01"
"63b9d3abc3ddc61c8c08fd84",,"1","26","10","2","5","5","0","1","1001","1286","0","1","1","3","0.16","0.63","0","0",,,"0","85","2024-02-22 16:20:02"
"58a229e74d580c0001e0a766",,"3","8","2","2","5","5","0","1","416","718","0","1","1","2","0.22","0.37","0","0",,,"1","35","2024-02-22 16:20:04"
"63b9d3abc3ddc61c8c08fd84",,"1","27","6","2","5","5","0","1","1085","1353","0","1","2","3","0.37","0.63","0","0",,,"1","90","2024-02-22 16:20:05"
"58a229e74d580c0001e0a766",,"3","9","1","2","5","5","0","1","642","818","0","1","1","1","0.12","0.22","0","0",,,"1","40","2024-02-22 16:20:06"
"63b9d3abc3ddc61c8c08fd84",,"1","28","5","2","5","5","1","0","633","1068","1","0","1","2","0.22","0.45","0","0",,,"0","90","2024-02-22 16:20:08"
"58a229e74d580c0001e0a766",,"3","10","1","1","5","5","0","0","615","750","0","1","1","1","0.12","0.22","0","0",,,"1","45","2024-02-22 16:20:08"
"58a229e74d580c0001e0a766",,"3","11","9","2","5","5","0","1","541","641","0","1","1","4","0.29","0.71","0","0",,,"0","45","2024-02-22 16:20:11"
"63b9d3abc3ddc61c8c08fd84",,"1","29","15","2","5","5","1","0","751","1252","1","0","1","4","0.12","0.88","0","0",,,"1","95","2024-02-22 16:20:11"
"58a229e74d580c0001e0a766",,"3","12","15","2","5","5","1","0","382","499","1","0","1","4","0.12","0.88","0","0",,,"1","50","2024-02-22 16:20:13"
"63b9d3abc3ddc61c8c08fd84",,"1","30","3","2","5","5","0","1","1301","1653","0","1","3","4","0.63","0.78","0","0",,,"1","100","2024-02-22 16:20:14"
"58a229e74d580c0001e0a766",,"3","13","3","2","5","5","0","1","374","750","0","1","3","4","0.63","0.78","0","0",,,"1","55","2024-02-22 16:20:15"
"63b9d3abc3ddc61c8c08fd84",,"1","31","15","2","5","5","0","1","583","984","0","1","1","4","0.12","0.88","0","0",,,"0","100","2024-02-22 16:20:16"
"58a229e74d580c0001e0a766",,"3","14","7","2","5","5","1","0","441","567","1","0","3","4","0.55","0.88","0","0",,,"1","60","2024-02-22 16:20:17"
"63b9d3abc3ddc61c8c08fd84",,"1","32","8","2","5","5","0","1","1119","1436","0","1","1","2","0.12","0.45","0","0",,,"1","105","2024-02-22 16:20:19"
"58a229e74d580c0001e0a766",,"3","15","8","2","5","5","1","0","700","808","1","0","1","2","0.12","0.45","0","0",,,"1","65","2024-02-22 16:20:19"
"58a229e74d580c0001e0a766",,"3","16","11","2","5","5","1","0","475","575","1","0","2","4","0.37","0.84","0","0",,,"0","65","2024-02-22 16:20:22"
"63b9d3abc3ddc61c8c08fd84",,"1","33","10","2","5","5","0","1","651","1051","0","1","1","3","0.16","0.63","0","0",,,"1","110","2024-02-22 16:20:22"
"58a229e74d580c0001e0a766",,"3","17","11","2","5","5","1","0","441","508","1","0","2","4","0.37","0.84","0","0",,,"0","65","2024-02-22 16:20:24"
"63b9d3abc3ddc61c8c08fd84",,"1","34","7","2","5","5","0","1","567","986","0","1","3","4","0.55","0.88","0","0",,,"1","115","2024-02-22 16:20:24"
"58a229e74d580c0001e0a766",,"3","18","15","2","5","5","1","0","423","490","1","0","1","4","0.12","0.88","0","0",,,"0","65","2024-02-22 16:20:26"
"63b9d3abc3ddc61c8c08fd84",,"1","35","4","2","5","5","0","1","418","919","0","1","3","4","0.55","0.78","0","0",,,"1","120","2024-02-22 16:20:27"
"58a229e74d580c0001e0a766",,"3","19","0","2","5","5","0","1","483","599","0","1","4","4","0.78","0.88","0","0",,,"1","70","2024-02-22 16:20:28"
"63b9d3abc3ddc61c8c08fd84",,"1","36","14","2","5","5","0","1","467","1085","0","1","1","4","0.16","0.84","0","0",,,"1","125","2024-02-22 16:20:29"
"58a229e74d580c0001e0a766",,"3","20","6","2","5","5","0","1","683","916","0","1","2","3","0.37","0.63","0","0",,,"1","75","2024-02-22 16:20:31"
"63b9d3abc3ddc61c8c08fd84",,"1","37","11","2","5","5","0","1","483","867","0","1","2","4","0.37","0.84","0","0",,,"0","125","2024-02-22 16:20:32"
"58a229e74d580c0001e0a766",,"3","21","4","2","5","5","0","1","424","558","0","1","3","4","0.55","0.78","0","0",,,"1","80","2024-02-22 16:20:33"
"63b9d3abc3ddc61c8c08fd84",,"1","38","2","2","5","5","0","1","785","1203","0","1","1","2","0.22","0.37","0","0",,,"1","130","2024-02-22 16:20:34"
"58a229e74d580c0001e0a766",,"3","22","10","2","5","5","1","0","457","624","1","0","1","3","0.16","0.63","0","0",,,"1","85","2024-02-22 16:20:35"
"63b9d3abc3ddc61c8c08fd84",,"1","39","10","2","5","5","1","0","684","1052","1","0","1","3","0.16","0.63","0","0",,,"1","135","2024-02-22 16:20:37"
"58a229e74d580c0001e0a766",,"3","23","3","2","5","5","1","0","559","767","1","0","3","4","0.63","0.78","0","0",,,"1","90","2024-02-22 16:20:37"
"63b9d3abc3ddc61c8c08fd84",,"1","40","2","2","5","5","0","1","551","934","0","1","1","2","0.22","0.37","0","0",,,"0","135","2024-02-22 16:20:39"
"58a229e74d580c0001e0a766",,"3","24","13","2","5","5","1","0","483","608","1","0","1","4","0.29","0.88","0","0",,,"1","95","2024-02-22 16:20:39"
"58a229e74d580c0001e0a766",,"3","25","8","2","5","5","0","1","614","765","0","1","1","2","0.12","0.45","0","0",,,"1","100","2024-02-22 16:20:42"
"63b9d3abc3ddc61c8c08fd84",,"1","41","13","2","5","5","0","1","501","819","0","1","1","4","0.29","0.88","0","0",,,"1","140","2024-02-22 16:20:42"
"58a229e74d580c0001e0a766",,"3","26","6","2","5","5","0","1","566","707","0","1","2","3","0.37","0.63","0","0",,,"1","105","2024-02-22 16:20:44"
"63b9d3abc3ddc61c8c08fd84",,"1","42","1","2","5","5","1","0","936","1303","1","0","1","1","0.12","0.22","0","0",,,"0","140","2024-02-22 16:20:45"
"58a229e74d580c0001e0a766",,"3","27","2","2","5","5","1","0","425","608","1","0","1","2","0.22","0.37","0","0",,,"1","110","2024-02-22 16:20:46"
"63b9d3abc3ddc61c8c08fd84",,"1","43","15","2","5","5","0","1","835","1086","0","1","1","4","0.12","0.88","0","0",,,"1","145","2024-02-22 16:20:47"
"58a229e74d580c0001e0a766",,"3","28","0","2","5","5","1","0","416","975","1","1","4","4","0.78","0.88","0","0",,,"1","115","2024-02-22 16:20:49"
"63b9d3abc3ddc61c8c08fd84",,"1","44","4","2","5","5","0","1","935","1185","0","1","3","4","0.55","0.78","0","0",,,"0","145","2024-02-22 16:20:50"
"58a229e74d580c0001e0a766",,"3","29","0","2","5","5","0","1","316","458","0","1","4","4","0.78","0.88","0","0",,,"1","120","2024-02-22 16:20:51"
"58a229e74d580c0001e0a766",,"3","30","7","2","5","5","1","0","498","575","1","0","3","4","0.55","0.88","0","0",,,"1","125","2024-02-22 16:20:53"
"63b9d3abc3ddc61c8c08fd84",,"1","45","1","2","5","5","0","1","919","1369","0","1","1","1","0.12","0.22","0","0",,,"1","150","2024-02-22 16:20:53"
"58a229e74d580c0001e0a766",,"3","31","6","2","5","5","1","0","683","792","1","0","2","3","0.37","0.63","0","0",,,"1","130","2024-02-22 16:20:55"
"63b9d3abc3ddc61c8c08fd84",,"1","46","4","2","5","5","0","1","952","1286","0","1","3","4","0.55","0.78","0","0",,,"1","155","2024-02-22 16:20:56"
"58a229e74d580c0001e0a766",,"3","32","1","1","5","5","0","0","716","909","0","1","1","1","0.12","0.22","0","0",,,"0","130","2024-02-22 16:20:57"
"63b9d3abc3ddc61c8c08fd84",,"1","47","1","1","5","5","0","0","1002","1320","0","1","1","1","0.12","0.22","0","0",,,"0","155","2024-02-22 16:20:59"
"58a229e74d580c0001e0a766",,"3","33","9","2","5","5","1","0","399","508","1","0","1","4","0.29","0.71","0","0",,,"1","135","2024-02-22 16:21:00"
"63b9d3abc3ddc61c8c08fd84",,"1","48","14","2","5","5","1","0","1402","1719","1","0","1","4","0.16","0.84","0","0",,,"1","160","2024-02-22 16:21:02"
"58a229e74d580c0001e0a766",,"3","34","8","2","5","5","1","0","524","707","1","0","1","2","0.12","0.45","0","0",,,"1","140","2024-02-22 16:21:02"
"58a229e74d580c0001e0a766",,"3","35","7","2","5","5","1","0","540","640","1","0","3","4","0.55","0.88","0","0",,,"1","145","2024-02-22 16:21:04"
"63b9d3abc3ddc61c8c08fd84",,"1","49","9","2","5","5","0","1","934","1235","0","1","1","4","0.29","0.71","0","0",,,"0","160","2024-02-22 16:21:04"
"58a229e74d580c0001e0a766",,"3","36","4","2","5","5","1","0","599","757","1","0","3","4","0.55","0.78","0","0",,,"1","150","2024-02-22 16:21:06"
"63b9d3abc3ddc61c8c08fd84",,"1","50","13","2","5","5","0","1","835","1152","0","1","1","4","0.29","0.88","0","0",,,"1","165","2024-02-22 16:21:07"
"58a229e74d580c0001e0a766",,"3","37","9","2","5","5","0","1","441","583","0","1","1","4","0.29","0.71","0","0",,,"0","150","2024-02-22 16:21:08"
"63b9d3abc3ddc61c8c08fd84",,"1","51","6","2","5","5","1","0","752","1086","1","0","2","3","0.37","0.63","0","0",,,"1","170","2024-02-22 16:21:10"
"58a229e74d580c0001e0a766",,"3","38","10","2","5","5","0","1","700","833","0","1","1","3","0.16","0.63","0","0",,,"0","150","2024-02-22 16:21:11"
"63b9d3abc3ddc61c8c08fd84",,"1","52","8","2","5","5","1","0","818","1152","1","0","1","2","0.12","0.45","0","0",,,"1","175","2024-02-22 16:21:12"
"58a229e74d580c0001e0a766",,"3","39","15","2","5","5","0","1","374","458","0","1","1","4","0.12","0.88","0","0",,,"1","155","2024-02-22 16:21:13"
"58a229e74d580c0001e0a766",,"3","40","11","2","5","5","0","1","484","591","0","1","2","4","0.37","0.84","0","0",,,"1","160","2024-02-22 16:21:15"
"63b9d3abc3ddc61c8c08fd84",,"1","53","8","2","5","5","1","0","1102","1370","1","0","1","2","0.12","0.45","0","0",,,"1","180","2024-02-22 16:21:15"
"58a229e74d580c0001e0a766",,"3","41","4","2","5","5","1","0","457","567","1","0","3","4","0.55","0.78","0","0",,,"1","165","2024-02-22 16:21:17"
"63b9d3abc3ddc61c8c08fd84",,"1","54","12","2","5","5","1","0","517","918","1","0","1","4","0.12","0.71","0","0",,,"1","185","2024-02-22 16:21:18"
"58a229e74d580c0001e0a766",,"3","42","12","2","5","5","0","1","357","466","0","1","1","4","0.12","0.71","0","0",,,"1","170","2024-02-22 16:21:19"
"63b9d3abc3ddc61c8c08fd84",,"1","55","6","2","5","5","0","1","719","1052","0","1","2","3","0.37","0.63","0","0",,,"0","185","2024-02-22 16:21:20"
"58a229e74d580c0001e0a766",,"3","43","2","2","5","5","1","0","432","558","1","0","1","2","0.22","0.37","0","0",,,"1","175","2024-02-22 16:21:21"
"63b9d3abc3ddc61c8c08fd84",,"1","56","13","2","5","5","0","1","885","1169","0","1","1","4","0.29","0.88","0","0",,,"1","190","2024-02-22 16:21:23"
"58a229e74d580c0001e0a766",,"3","44","12","2","5","5","0","1","398","474","0","1","1","4","0.12","0.71","0","0",,,"0","175","2024-02-22 16:21:24"
"63b9d3abc3ddc61c8c08fd84",,"1","57","3","2","5","5","1","0","685","986","1","0","3","4","0.63","0.78","0","0",,,"0","190","2024-02-22 16:21:25"
"58a229e74d580c0001e0a766",,"3","45","0","2","5","5","1","0","424","566","1","0","4","4","0.78","0.88","0","0",,,"1","180","2024-02-22 16:21:26"
"58a229e74d580c0001e0a766",,"3","46","14","2","5","5","1","0","482","575","1","0","1","4","0.16","0.84","0","0",,,"1","185","2024-02-22 16:21:28"
"63b9d3abc3ddc61c8c08fd84",,"1","58","4","2","5","5","1","0","551","885","1","0","3","4","0.55","0.78","0","0",,,"1","195","2024-02-22 16:21:28"
"58a229e74d580c0001e0a766",,"3","47","12","2","5","5","0","1","374","600","0","1","1","4","0.12","0.71","0","0",,,"1","190","2024-02-22 16:21:30"
"63b9d3abc3ddc61c8c08fd84",,"1","59","7","2","5","5","0","1","652","953","0","1","3","4","0.55","0.88","0","0",,,"1","200","2024-02-22 16:21:31"
"58a229e74d580c0001e0a766",,"3","48","3","2","5","5","1","0","380","540","1","0","3","4","0.63","0.78","0","0",,,"1","195","2024-02-22 16:21:32"
"63b9d3abc3ddc61c8c08fd84",,"1","60","3","2","5","5","1","0","684","1002","1","0","3","4","0.63","0.78","0","0",,,"1","205","2024-02-22 16:21:33"
"58a229e74d580c0001e0a766",,"3","49","2","2","5","5","0","1","440","683","0","1","1","2","0.22","0.37","0","0",,,"1","200","2024-02-22 16:21:34"
"63b9d3abc3ddc61c8c08fd84",,"1","61","11","2","5","5","1","0","535","851","1","0","2","4","0.37","0.84","0","0",,,"1","210","2024-02-22 16:21:35"
"58a229e74d580c0001e0a766",,"3","50","1","1","5","5","1","1","800","984","1","0","1","1","0.12","0.22","0","0",,,"0","200","2024-02-22 16:21:37"
"63b9d3abc3ddc61c8c08fd84",,"1","62","0","2","5","5","0","1","1285","1719","0","1","4","4","0.78","0.88","0","0",,,"1","215","2024-02-22 16:21:39"
"58a229e74d580c0001e0a766",,"3","51","3","2","5","5","0","1","415","557","0","1","3","4","0.63","0.78","0","0",,,"1","205","2024-02-22 16:21:39"
"63b9d3abc3ddc61c8c08fd84",,"1","63","2","2","5","5","1","0","650","1319","1","0","1","2","0.22","0.37","0","0",,,"0","215","2024-02-22 16:21:41"
"58a229e74d580c0001e0a766",,"3","52","7","2","5","5","1","0","558","749","1","0","3","4","0.55","0.88","0","0",,,"1","210","2024-02-22 16:21:41"
"58a229e74d580c0001e0a766",,"3","53","5","2","5","5","0","1","482","640","0","1","1","2","0.22","0.45","0","0",,,"1","215","2024-02-22 16:21:44"
"58a229e74d580c0001e0a766",,"3","54","11","2","5","5","1","0","382","675","1","0","2","4","0.37","0.84","0","0",,,"1","220","2024-02-22 16:21:46"
"58a229e74d580c0001e0a766",,"3","55","13","2","5","5","1","0","400","483","1","0","1","4","0.29","0.88","0","0",,,"1","225","2024-02-22 16:21:48"
"58a229e74d580c0001e0a766",,"3","56","15","2","5","5","0","1","358","459","0","1","1","4","0.12","0.88","0","0",,,"1","230","2024-02-22 16:21:50"
"58a229e74d580c0001e0a766",,"3","57","14","2","5","5","1","0","381","483","1","0","1","4","0.16","0.84","0","0",,,"1","235","2024-02-22 16:21:52"
"58a229e74d580c0001e0a766",,"3","58","8","1","5","5","0","0","525","641","0","1","1","2","0.12","0.45","0","0",,,"0","235","2024-02-22 16:21:54"
"58a229e74d580c0001e0a766",,"3","59","13","2","5","5","1","0","399","508","1","0","1","4","0.29","0.88","0","0",,,"1","240","2024-02-22 16:21:56"
"58a229e74d580c0001e0a766",,"3","60","4","2","5","5","0","1","383","482","0","1","3","4","0.55","0.78","0","0",,,"1","245","2024-02-22 16:21:58"
"58a229e74d580c0001e0a766",,"3","61","5","2","5","5","1","0","433","783","1","0","1","2","0.22","0.45","0","0",,,"1","250","2024-02-22 16:22:01"
"58a229e74d580c0001e0a766",,"3","62","5","2","5","5","0","1","457","557","0","1","1","2","0.22","0.45","0","0",,,"0","250","2024-02-22 16:22:03"
"58a229e74d580c0001e0a766",,"3","63","13","2","5","5","0","1","499","608","0","1","1","4","0.29","0.88","0","0",,,"0","250","2024-02-22 16:22:05"
"58a229e74d580c0001e0a766",,"4","0","10","2","5","5","1","0","499","924","1","1","1","3","0.16","0.63","0","0",,,"0","0","2024-02-22 16:22:15"
"63b9d3abc3ddc61c8c08fd84",,"2","0","6","2","5","5","1","0","903","1120","1","0","2","3","0.37","0.63","0","0",,,"0","0","2024-02-22 16:22:16"
"58a229e74d580c0001e0a766",,"4","1","11","2","5","5","0","1","475","591","0","1","2","4","0.37","0.84","0","0",,,"1","5","2024-02-22 16:22:17"
"63b9d3abc3ddc61c8c08fd84",,"2","1","7","2","5","5","1","0","533","834","1","0","3","4","0.55","0.88","0","0",,,"1","5","2024-02-22 16:22:18"
"58a229e74d580c0001e0a766",,"4","2","11","2","5","5","0","1","458","550","0","1","2","4","0.37","0.84","0","0",,,"1","10","2024-02-22 16:22:19"
"63b9d3abc3ddc61c8c08fd84",,"2","2","3","2","5","5","0","1","851","1151","0","1","3","4","0.63","0.78","0","0",,,"0","5","2024-02-22 16:22:21"
"58a229e74d580c0001e0a766",,"4","3","5","2","5","5","0","1","582","783","0","1","1","2","0.22","0.45","0","0",,,"1","15","2024-02-22 16:22:22"
"58a229e74d580c0001e0a766",,"4","4","0","2","5","5","0","1","499","624","0","1","4","4","0.78","0.88","0","0",,,"1","20","2024-02-22 16:22:24"
"63b9d3abc3ddc61c8c08fd84",,"2","3","2","2","5","5","1","0","784","1051","1","0","1","2","0.22","0.37","0","0",,,"0","5","2024-02-22 16:22:24"
"58a229e74d580c0001e0a766",,"4","5","11","2","5","5","1","0","500","642","1","0","2","4","0.37","0.84","0","0",,,"1","25","2024-02-22 16:22:26"
"63b9d3abc3ddc61c8c08fd84",,"2","4","0","2","5","5","1","0","1570","1753","1","0","4","4","0.78","0.88","0","0",,,"1","10","2024-02-22 16:22:27"
"58a229e74d580c0001e0a766",,"4","6","15","2","5","5","1","0","440","514","1","0","1","4","0.12","0.88","0","0",,,"1","30","2024-02-22 16:22:28"
"63b9d3abc3ddc61c8c08fd84",,"2","5","2","2","5","5","0","1","718","985","0","1","1","2","0.22","0.37","0","0",,,"0","10","2024-02-22 16:22:30"
"58a229e74d580c0001e0a766",,"4","7","15","2","5","5","0","1","424","542","0","1","1","4","0.12","0.88","0","0",,,"1","35","2024-02-22 16:22:30"
"63b9d3abc3ddc61c8c08fd84",,"2","6","14","2","5","5","1","0","801","1069","1","0","1","4","0.16","0.84","0","0",,,"1","15","2024-02-22 16:22:32"
"58a229e74d580c0001e0a766",,"4","8","1","1","5","5","1","1","701","816","1","0","1","1","0.12","0.22","0","0",,,"0","35","2024-02-22 16:22:32"
"58a229e74d580c0001e0a766",,"4","9","4","2","5","5","1","0","474","717","1","0","3","4","0.55","0.78","0","0",,,"1","40","2024-02-22 16:22:35"
"63b9d3abc3ddc61c8c08fd84",,"2","7","8","2","5","5","1","0","902","1152","1","0","1","2","0.12","0.45","0","0",,,"1","20","2024-02-22 16:22:35"
"58a229e74d580c0001e0a766",,"4","10","0","2","5","5","1","0","516","774","1","0","4","4","0.78","0.88","0","0",,,"1","45","2024-02-22 16:22:37"
"63b9d3abc3ddc61c8c08fd84",,"2","8","8","2","5","5","1","0","618","968","1","0","1","2","0.12","0.45","0","0",,,"0","20","2024-02-22 16:22:37"
"58a229e74d580c0001e0a766",,"4","11","3","2","5","5","1","0","541","700","1","0","3","4","0.63","0.78","0","0",,,"1","50","2024-02-22 16:22:39"
"63b9d3abc3ddc61c8c08fd84",,"2","9","3","2","5","5","0","1","785","1804","1","1","3","4","0.63","0.78","0","0",,,"1","25","2024-02-22 16:22:41"
"58a229e74d580c0001e0a766",,"4","12","13","2","5","5","1","0","484","600","1","0","1","4","0.29","0.88","0","0",,,"0","50","2024-02-22 16:22:42"
"63b9d3abc3ddc61c8c08fd84",,"2","10","12","2","5","5","0","1","585","869","0","1","1","4","0.12","0.71","0","0",,,"1","30","2024-02-22 16:22:43"
"58a229e74d580c0001e0a766",,"4","13","9","2","5","5","0","1","397","523","0","1","1","4","0.29","0.71","0","0",,,"1","55","2024-02-22 16:22:44"
"63b9d3abc3ddc61c8c08fd84",,"2","11","8","2","5","5","1","0","886","1102","1","0","1","2","0.12","0.45","0","0",,,"0","30","2024-02-22 16:22:46"
"58a229e74d580c0001e0a766",,"4","14","12","2","5","5","0","1","416","542","0","1","1","4","0.12","0.71","0","0",,,"0","55","2024-02-22 16:22:46"
"58a229e74d580c0001e0a766",,"4","15","3","2","5","5","1","0","416","525","1","0","3","4","0.63","0.78","0","0",,,"1","60","2024-02-22 16:22:48"
"63b9d3abc3ddc61c8c08fd84",,"2","12","14","2","5","5","1","0","1002","1186","1","0","1","4","0.16","0.84","0","0",,,"1","35","2024-02-22 16:22:49"
"58a229e74d580c0001e0a766",,"4","16","7","2","5","5","0","1","541","658","0","1","3","4","0.55","0.88","0","0",,,"1","65","2024-02-22 16:22:50"
"63b9d3abc3ddc61c8c08fd84",,"2","13","14","2","5","5","1","0","718","1019","1","0","1","4","0.16","0.84","0","0",,,"1","40","2024-02-22 16:22:51"
"58a229e74d580c0001e0a766",,"4","17","15","2","5","5","1","0","442","550","1","0","1","4","0.12","0.88","0","0",,,"1","70","2024-02-22 16:22:52"
"63b9d3abc3ddc61c8c08fd84",,"2","14","8","1","5","5","0","0","1220","1470","0","1","1","2","0.12","0.45","0","0",,,"0","40","2024-02-22 16:22:54"
"58a229e74d580c0001e0a766",,"4","18","11","2","5","5","1","0","502","608","1","0","2","4","0.37","0.84","0","0",,,"1","75","2024-02-22 16:22:55"
"58a229e74d580c0001e0a766",,"4","19","14","2","5","5","0","1","400","526","0","1","1","4","0.16","0.84","0","0",,,"1","80","2024-02-22 16:22:57"
"63b9d3abc3ddc61c8c08fd84",,"2","15","13","2","5","5","0","1","718","935","0","1","1","4","0.29","0.88","0","0",,,"1","45","2024-02-22 16:22:57"
"58a229e74d580c0001e0a766",,"4","20","7","2","5","5","1","0","440","545","1","0","3","4","0.55","0.88","0","0",,,"1","85","2024-02-22 16:22:59"
"63b9d3abc3ddc61c8c08fd84",,"2","16","11","2","5","5","0","1","735","1036","0","1","2","4","0.37","0.84","0","0",,,"0","45","2024-02-22 16:22:59"
"58a229e74d580c0001e0a766",,"4","21","6","2","5","5","1","0","476","725","1","0","2","3","0.37","0.63","0","0",,,"0","85","2024-02-22 16:23:01"
"63b9d3abc3ddc61c8c08fd84",,"2","17","13","2","5","5","0","1","986","1253","0","1","1","4","0.29","0.88","0","0",,,"1","50","2024-02-22 16:23:02"
"58a229e74d580c0001e0a766",,"4","22","2","2","5","5","0","1","507","681","0","1","1","2","0.22","0.37","0","0",,,"0","85","2024-02-22 16:23:03"
"63b9d3abc3ddc61c8c08fd84",,"2","18","11","2","5","5","0","1","601","902","0","1","2","4","0.37","0.84","0","0",,,"1","55","2024-02-22 16:23:04"
"58a229e74d580c0001e0a766",,"4","23","14","2","5","5","0","1","539","665","0","1","1","4","0.16","0.84","0","0",,,"1","90","2024-02-22 16:23:06"
"63b9d3abc3ddc61c8c08fd84",,"2","19","15","2","5","5","0","1","717","884","0","1","1","4","0.12","0.88","0","0",,,"1","60","2024-02-22 16:23:07"
"58a229e74d580c0001e0a766",,"4","24","10","2","5","5","1","0","399","526","1","0","1","3","0.16","0.63","0","0",,,"1","95","2024-02-22 16:23:08"
"63b9d3abc3ddc61c8c08fd84",,"2","20","6","2","5","5","0","1","535","702","0","1","2","3","0.37","0.63","0","0",,,"1","65","2024-02-22 16:23:09"
"58a229e74d580c0001e0a766",,"4","25","9","2","5","5","0","1","382","491","0","1","1","4","0.29","0.71","0","0",,,"1","100","2024-02-22 16:23:10"
"58a229e74d580c0001e0a766",,"4","26","12","2","5","5","0","1","423","507","0","1","1","4","0.12","0.71","0","0",,,"1","105","2024-02-22 16:23:12"
"63b9d3abc3ddc61c8c08fd84",,"2","21","1","1","5","5","0","0","1520","1686","0","1","1","1","0.12","0.22","0","0",,,"0","65","2024-02-22 16:23:12"
"58a229e74d580c0001e0a766",,"4","27","3","2","5","5","1","0","416","499","1","0","3","4","0.63","0.78","0","0",,,"0","105","2024-02-22 16:23:14"
"63b9d3abc3ddc61c8c08fd84",,"2","22","15","2","5","5","1","0","1068","1269","1","0","1","4","0.12","0.88","0","0",,,"1","70","2024-02-22 16:23:15"
"58a229e74d580c0001e0a766",,"4","28","9","2","5","5","1","0","468","542","1","0","1","4","0.29","0.71","0","0",,,"0","105","2024-02-22 16:23:16"
"63b9d3abc3ddc61c8c08fd84",,"2","23","2","2","5","5","1","0","1169","1352","1","0","1","2","0.22","0.37","0","0",,,"0","70","2024-02-22 16:23:18"
"58a229e74d580c0001e0a766",,"4","29","10","2","5","5","0","1","441","549","0","1","1","3","0.16","0.63","0","0",,,"1","110","2024-02-22 16:23:18"
"58a229e74d580c0001e0a766",,"4","30","1","2","5","5","0","1","465","857","0","1","1","1","0.12","0.22","0","0",,,"0","110","2024-02-22 16:23:21"
"63b9d3abc3ddc61c8c08fd84",,"2","24","12","2","5","5","0","1","902","1653","1","1","1","4","0.12","0.71","0","0",,,"1","75","2024-02-22 16:23:21"
"58a229e74d580c0001e0a766",,"4","31","4","2","5","5","0","1","541","691","0","1","3","4","0.55","0.78","0","0",,,"1","115","2024-02-22 16:23:23"
"63b9d3abc3ddc61c8c08fd84",,"2","25","1","2","5","5","0","1","1236","1736","0","1","1","1","0.12","0.22","0","0",,,"0","75","2024-02-22 16:23:24"
"58a229e74d580c0001e0a766",,"4","32","3","2","5","5","0","1","639","1415","1","1","3","4","0.63","0.78","0","0",,,"1","120","2024-02-22 16:23:26"
"63b9d3abc3ddc61c8c08fd84",,"2","26","5","2","5","5","0","1","602","1320","0","1","1","2","0.22","0.45","0","0",,,"1","80","2024-02-22 16:23:27"
"58a229e74d580c0001e0a766",,"4","33","5","2","5","5","1","0","399","567","1","0","1","2","0.22","0.45","0","0",,,"0","120","2024-02-22 16:23:28"
"63b9d3abc3ddc61c8c08fd84",,"2","27","9","2","5","5","0","1","802","1070","0","1","1","4","0.29","0.71","0","0",,,"1","85","2024-02-22 16:23:30"
"58a229e74d580c0001e0a766",,"4","34","1","2","5","5","0","1","1024","1266","0","1","1","1","0.12","0.22","0","0",,,"0","120","2024-02-22 16:23:31"
"63b9d3abc3ddc61c8c08fd84",,"2","28","9","2","5","5","1","0","667","968","1","0","1","4","0.29","0.71","0","0",,,"1","90","2024-02-22 16:23:32"
"58a229e74d580c0001e0a766",,"4","35","15","2","5","5","1","0","441","524","1","0","1","4","0.12","0.88","0","0",,,"1","125","2024-02-22 16:23:33"
"63b9d3abc3ddc61c8c08fd84",,"2","29","7","2","5","5","1","0","652","919","1","0","3","4","0.55","0.88","0","0",,,"1","95","2024-02-22 16:23:35"
"58a229e74d580c0001e0a766",,"4","36","4","2","5","5","1","0","423","1007","1","1","3","4","0.55","0.78","0","0",,,"1","130","2024-02-22 16:23:36"
"63b9d3abc3ddc61c8c08fd84",,"2","30","7","2","5","5","1","0","500","751","1","0","3","4","0.55","0.88","0","0",,,"1","100","2024-02-22 16:23:37"
"58a229e74d580c0001e0a766",,"4","37","6","2","5","5","1","0","557","640","1","0","2","3","0.37","0.63","0","0",,,"1","135","2024-02-22 16:23:38"
"63b9d3abc3ddc61c8c08fd84",,"2","31","4","2","5","5","1","0","600","918","1","0","3","4","0.55","0.78","0","0",,,"1","105","2024-02-22 16:23:39"
"58a229e74d580c0001e0a766",,"4","38","6","2","5","5","1","0","524","632","1","0","2","3","0.37","0.63","0","0",,,"1","140","2024-02-22 16:23:40"
"63b9d3abc3ddc61c8c08fd84",,"2","32","0","1","5","5","1","1","484","1268","1","0","4","4","0.78","0.88","0","0",,,"1","110","2024-02-22 16:23:42"
"58a229e74d580c0001e0a766",,"4","39","13","2","5","5","0","1","433","570","0","1","1","4","0.29","0.88","0","0",,,"1","145","2024-02-22 16:23:42"
"58a229e74d580c0001e0a766",,"4","40","10","2","5","5","1","0","407","550","1","0","1","3","0.16","0.63","0","0",,,"0","145","2024-02-22 16:23:44"
"63b9d3abc3ddc61c8c08fd84",,"2","33","0","2","5","5","1","0","534","934","1","0","4","4","0.78","0.88","0","0",,,"1","115","2024-02-22 16:23:45"
"58a229e74d580c0001e0a766",,"4","41","13","2","5","5","1","0","432","507","1","0","1","4","0.29","0.88","0","0",,,"1","150","2024-02-22 16:23:47"
"63b9d3abc3ddc61c8c08fd84",,"2","34","13","2","5","5","1","0","518","802","1","0","1","4","0.29","0.88","0","0",,,"1","120","2024-02-22 16:23:47"
"58a229e74d580c0001e0a766",,"4","42","6","2","5","5","0","1","399","515","0","1","2","3","0.37","0.63","0","0",,,"1","155","2024-02-22 16:23:49"
"63b9d3abc3ddc61c8c08fd84",,"2","35","5","2","5","5","1","0","484","1185","1","0","1","2","0.22","0.45","0","0",,,"0","120","2024-02-22 16:23:50"
"58a229e74d580c0001e0a766",,"4","43","2","2","5","5","0","1","499","607","0","1","1","2","0.22","0.37","0","0",,,"0","155","2024-02-22 16:23:51"
"63b9d3abc3ddc61c8c08fd84",,"2","36","10","2","5","5","1","0","934","1202","1","0","1","3","0.16","0.63","0","0",,,"0","120","2024-02-22 16:23:52"
"58a229e74d580c0001e0a766",,"4","44","8","2","5","5","0","1","423","524","0","1","1","2","0.12","0.45","0","0",,,"0","155","2024-02-22 16:23:53"
"63b9d3abc3ddc61c8c08fd84",,"2","37","12","2","5","5","1","0","1202","1386","1","0","1","4","0.12","0.71","0","0",,,"0","120","2024-02-22 16:23:55"
"58a229e74d580c0001e0a766",,"4","45","4","2","5","5","0","1","574","684","0","1","3","4","0.55","0.78","0","0",,,"1","160","2024-02-22 16:23:55"
"58a229e74d580c0001e0a766",,"4","46","7","2","5","5","0","1","540","649","0","1","3","4","0.55","0.88","0","0",,,"0","160","2024-02-22 16:23:58"
"63b9d3abc3ddc61c8c08fd84",,"2","38","10","1","5","5","0","0","668","1018","0","1","1","3","0.16","0.63","0","0",,,"0","120","2024-02-22 16:23:58"
"58a229e74d580c0001e0a766",,"4","47","5","2","5","5","1","0","556","714","1","0","1","2","0.22","0.45","0","0",,,"0","160","2024-02-22 16:24:00"
"63b9d3abc3ddc61c8c08fd84",,"2","39","1","1","5","5","1","1","619","1036","1","0","1","1","0.12","0.22","0","0",,,"0","120","2024-02-22 16:24:01"
"58a229e74d580c0001e0a766",,"4","48","13","2","5","5","0","1","398","533","0","1","1","4","0.29","0.88","0","0",,,"1","165","2024-02-22 16:24:02"
"63b9d3abc3ddc61c8c08fd84",,"2","40","11","2","5","5","1","0","784","1118","1","0","2","4","0.37","0.84","0","0",,,"1","125","2024-02-22 16:24:04"
"58a229e74d580c0001e0a766",,"4","49","0","2","5","5","0","1","458","625","0","1","4","4","0.78","0.88","0","0",,,"1","170","2024-02-22 16:24:04"
"63b9d3abc3ddc61c8c08fd84",,"2","41","10","2","5","5","1","0","517","851","1","0","1","3","0.16","0.63","0","0",,,"1","130","2024-02-22 16:24:06"
"58a229e74d580c0001e0a766",,"4","50","9","2","5","5","1","0","414","565","1","0","1","4","0.29","0.71","0","0",,,"0","170","2024-02-22 16:24:07"
"63b9d3abc3ddc61c8c08fd84",,"2","42","4","2","5","5","1","0","434","836","1","0","3","4","0.55","0.78","0","0",,,"0","130","2024-02-22 16:24:09"
"58a229e74d580c0001e0a766",,"4","51","14","2","5","5","1","0","417","509","1","0","1","4","0.16","0.84","0","0",,,"1","175","2024-02-22 16:24:09"
"58a229e74d580c0001e0a766",,"4","52","8","2","5","5","0","1","400","524","0","1","1","2","0.12","0.45","0","0",,,"0","175","2024-02-22 16:24:11"
"63b9d3abc3ddc61c8c08fd84",,"2","43","11","2","5","5","0","1","800","1118","0","1","2","4","0.37","0.84","0","0",,,"1","135","2024-02-22 16:24:11"
"58a229e74d580c0001e0a766",,"4","53","12","2","5","5","1","0","399","483","1","0","1","4","0.12","0.71","0","0",,,"1","180","2024-02-22 16:24:13"
"63b9d3abc3ddc61c8c08fd84",,"2","44","6","2","5","5","0","1","552","835","0","1","2","3","0.37","0.63","0","0",,,"1","140","2024-02-22 16:24:14"
"58a229e74d580c0001e0a766",,"4","54","1","2","5","5","1","0","583","649","1","0","1","1","0.12","0.22","0","0",,,"1","185","2024-02-22 16:24:15"
"63b9d3abc3ddc61c8c08fd84",,"2","45","5","2","5","5","0","1","501","868","0","1","1","2","0.22","0.45","0","0",,,"1","145","2024-02-22 16:24:16"
"58a229e74d580c0001e0a766",,"4","55","8","2","5","5","0","1","398","490","0","1","1","2","0.12","0.45","0","0",,,"0","185","2024-02-22 16:24:17"
"63b9d3abc3ddc61c8c08fd84",,"2","46","9","2","5","5","1","0","668","918","1","0","1","4","0.29","0.71","0","0",,,"0","145","2024-02-22 16:24:19"
"58a229e74d580c0001e0a766",,"4","56","8","2","5","5","0","1","541","635","0","1","1","2","0.12","0.45","0","0",,,"1","190","2024-02-22 16:24:20"
"63b9d3abc3ddc61c8c08fd84",,"2","47","9","2","5","5","1","0","651","901","1","0","1","4","0.29","0.71","0","0",,,"1","150","2024-02-22 16:24:21"
"58a229e74d580c0001e0a766",,"4","57","0","1","5","5","1","1","633","1016","1","0","4","4","0.78","0.88","0","0",,,"1","195","2024-02-22 16:24:22"
"63b9d3abc3ddc61c8c08fd84",,"2","48","2","2","5","5","0","1","667","1052","0","1","1","2","0.22","0.37","0","0",,,"1","155","2024-02-22 16:24:24"
"58a229e74d580c0001e0a766",,"4","58","14","2","5","5","1","0","437","537","1","0","1","4","0.16","0.84","0","0",,,"1","200","2024-02-22 16:24:24"
"58a229e74d580c0001e0a766",,"4","59","7","2","5","5","0","1","424","566","0","1","3","4","0.55","0.88","0","0",,,"1","205","2024-02-22 16:24:26"
"63b9d3abc3ddc61c8c08fd84",,"2","49","5","2","5","5","1","0","901","1118","1","0","1","2","0.22","0.45","0","0",,,"1","160","2024-02-22 16:24:26"
"test",,"0","0","9","2","5","5","0","1","919","1046","0","1","1","4","0.29","0.71","0","0",,,"0","0","2024-02-22 16:24:27"
"63b9d3abc3ddc61c8c08fd84",,"2","50","12","2","5","5","0","1","601","851","0","1","1","4","0.12","0.71","0","0",,,"1","165","2024-02-22 16:24:29"
"58a229e74d580c0001e0a766",,"4","60","5","2","5","5","0","1","424","1067","1","1","1","2","0.22","0.45","0","0",,,"1","210","2024-02-22 16:24:29"
"test",,"0","1","11","2","5","5","1","0","419","574","1","0","2","4","0.37","0.84","0","0",,,"1","5","2024-02-22 16:24:29"
"63b9d3abc3ddc61c8c08fd84",,"2","51","4","2","5","5","1","0","702","902","1","0","3","4","0.55","0.78","0","0",,,"1","170","2024-02-22 16:24:31"
"58a229e74d580c0001e0a766",,"4","61","2","2","5","5","1","0","383","775","1","0","1","2","0.22","0.37","0","0",,,"1","215","2024-02-22 16:24:31"
"test",,"0","2","10","2","5","5","1","0","1039","1163","1","0","1","3","0.16","0.63","0","0",,,"0","5","2024-02-22 16:24:32"
"58a229e74d580c0001e0a766",,"4","62","12","2","5","5","0","1","341","700","0","1","1","4","0.12","0.71","0","0",,,"0","215","2024-02-22 16:24:33"
"63b9d3abc3ddc61c8c08fd84",,"2","52","3","2","5","5","0","1","551","802","0","1","3","4","0.63","0.78","0","0",,,"1","175","2024-02-22 16:24:33"
"test",,"0","3","0","2","5","5","1","0","1060","1210","1","0","4","4","0.78","0.88","0","0",,,"1","10","2024-02-22 16:24:35"
"58a229e74d580c0001e0a766",,"4","63","2","2","5","5","1","0","374","582","1","0","1","2","0.22","0.37","0","0",,,"0","215","2024-02-22 16:24:36"
"63b9d3abc3ddc61c8c08fd84",,"2","53","13","2","5","5","1","0","550","752","1","0","1","4","0.29","0.88","0","0",,,"0","175","2024-02-22 16:24:36"
"63b9d3abc3ddc61c8c08fd84",,"2","54","6","2","5","5","0","1","551","835","0","1","2","3","0.37","0.63","0","0",,,"1","180","2024-02-22 16:24:38"
"63b9d3abc3ddc61c8c08fd84",,"2","55","0","2","5","5","1","0","935","1152","1","0","4","4","0.78","0.88","0","0",,,"1","185","2024-02-22 16:24:41"
"63b9d3abc3ddc61c8c08fd84",,"2","56","15","2","5","5","0","1","618","919","0","1","1","4","0.12","0.88","0","0",,,"1","190","2024-02-22 16:24:43"
"63b9d3abc3ddc61c8c08fd84",,"2","57","4","2","5","5","0","1","551","835","0","1","3","4","0.55","0.78","0","0",,,"1","195","2024-02-22 16:24:46"
"63b9d3abc3ddc61c8c08fd84",,"2","58","3","2","5","5","0","1","500","768","0","1","3","4","0.63","0.78","0","0",,,"1","200","2024-02-22 16:24:48"
"58a229e74d580c0001e0a766",,"5","0","10","2","5","5","1","0","624","758","1","0","1","3","0.16","0.63","0","0",,,"0","0","2024-02-22 16:24:49"
"test",,"0","4","15","2","5","5","1","0","12667","12754","1","0","1","4","0.12","0.88","0","0",,,"1","15","2024-02-22 16:24:49"
"63b9d3abc3ddc61c8c08fd84",,"2","59","15","2","5","5","0","1","501","802","0","1","1","4","0.12","0.88","0","0",,,"0","200","2024-02-22 16:24:50"
"58a229e74d580c0001e0a766",,"5","1","8","2","5","5","0","1","581","740","0","1","1","2","0.12","0.45","0","0",,,"0","0","2024-02-22 16:24:51"
"test",,"0","5","4","2","5","5","1","0","1099","1231","1","0","3","4","0.55","0.78","0","0",,,"0","15","2024-02-22 16:24:52"
"63b9d3abc3ddc61c8c08fd84",,"2","60","14","2","5","5","1","0","584","768","1","0","1","4","0.16","0.84","0","0",,,"0","200","2024-02-22 16:24:53"
"58a229e74d580c0001e0a766",,"5","2","1","2","5","5","0","1","582","1233","1","1","1","1","0.12","0.22","0","0",,,"1","5","2024-02-22 16:24:54"
"test",,"0","6","3","2","5","5","0","1","899","1034","0","1","3","4","0.63","0.78","0","0",,,"1","20","2024-02-22 16:24:55"
"63b9d3abc3ddc61c8c08fd84",,"2","61","1","1","5","5","0","0","535","1436","0","1","1","1","0.12","0.22","0","0",,,"0","200","2024-02-22 16:24:56"
"58a229e74d580c0001e0a766",,"5","3","5","2","5","5","1","0","499","632","1","0","1","2","0.22","0.45","0","0",,,"0","5","2024-02-22 16:24:56"
"test",,"0","7","4","2","5","5","1","0","1120","1331","1","0","3","4","0.55","0.78","0","0",,,"0","20","2024-02-22 16:24:57"
"63b9d3abc3ddc61c8c08fd84",,"2","62","7","2","5","5","1","0","618","835","1","0","3","4","0.55","0.88","0","0",,,"1","205","2024-02-22 16:24:58"
"58a229e74d580c0001e0a766",,"5","4","8","2","5","5","1","0","457","566","1","0","1","2","0.12","0.45","0","0",,,"1","10","2024-02-22 16:24:59"
"test",,"0","8","14","2","5","5","0","1","539","617","0","1","1","4","0.16","0.84","0","0",,,"1","25","2024-02-22 16:25:00"
"58a229e74d580c0001e0a766",,"5","5","6","2","5","5","1","0","458","583","1","0","2","3","0.37","0.63","0","0",,,"1","15","2024-02-22 16:25:01"
"63b9d3abc3ddc61c8c08fd84",,"2","63","10","2","5","5","0","1","901","1168","0","1","1","3","0.16","0.63","0","0",,,"0","205","2024-02-22 16:25:01"
"test",,"0","9","12","2","5","5","0","1","739","861","0","1","1","4","0.12","0.71","0","0",,,"1","30","2024-02-22 16:25:02"
"58a229e74d580c0001e0a766",,"5","6","3","2","5","5","1","0","381","989","1","1","3","4","0.63","0.78","0","0",,,"1","20","2024-02-22 16:25:03"
"test",,"0","10","14","2","5","5","1","0","559","657","1","0","1","4","0.16","0.84","0","0",,,"1","35","2024-02-22 16:25:04"
"58a229e74d580c0001e0a766",,"5","7","10","2","5","5","0","1","483","641","0","1","1","3","0.16","0.63","0","0",,,"1","25","2024-02-22 16:25:05"
"test",,"0","11","3","1","5","5","1","1","599","918","1","1","3","4","0.63","0.78","0","0",,,"1","40","2024-02-22 16:25:07"
"58a229e74d580c0001e0a766",,"5","8","2","2","5","5","1","0","358","717","1","0","1","2","0.22","0.37","0","0",,,"1","30","2024-02-22 16:25:08"
"test",,"0","12","7","2","5","5","1","0","639","781","1","0","3","4","0.55","0.88","0","0",,,"1","45","2024-02-22 16:25:09"
"58a229e74d580c0001e0a766",,"5","9","15","2","5","5","1","0","483","583","1","0","1","4","0.12","0.88","0","0",,,"1","35","2024-02-22 16:25:10"
"test",,"0","13","3","2","5","5","0","1","700","813","0","1","3","4","0.63","0.78","0","0",,,"0","45","2024-02-22 16:25:12"
"58a229e74d580c0001e0a766",,"5","10","4","2","5","5","1","0","542","642","1","0","3","4","0.55","0.78","0","0",,,"1","40","2024-02-22 16:25:12"
"test",,"0","14","7","2","5","5","1","0","459","552","1","0","3","4","0.55","0.88","0","0",,,"0","45","2024-02-22 16:25:14"
"58a229e74d580c0001e0a766",,"5","11","4","2","5","5","0","1","400","567","0","1","3","4","0.55","0.78","0","0",,,"1","45","2024-02-22 16:25:14"
"63b9d3abc3ddc61c8c08fd84",,"3","0","10","2","5","5","0","1","617","835","0","1","1","3","0.16","0.63","0","0",,,"1","5","2024-02-22 16:25:15"
"test",,"0","15","13","2","5","5","0","1","399","523","0","1","1","4","0.29","0.88","0","0",,,"1","50","2024-02-22 16:25:16"
"58a229e74d580c0001e0a766",,"5","12","6","2","5","5","1","0","398","723","1","0","2","3","0.37","0.63","0","0",,,"0","45","2024-02-22 16:25:16"
"63b9d3abc3ddc61c8c08fd84",,"3","1","12","2","5","5","1","0","567","751","1","0","1","4","0.12","0.71","0","0",,,"1","10","2024-02-22 16:25:18"
"58a229e74d580c0001e0a766",,"5","13","3","2","5","5","1","0","482","574","1","0","3","4","0.63","0.78","0","0",,,"1","50","2024-02-22 16:25:19"
"test",,"0","16","14","2","5","5","0","1","1155","1360","0","1","1","4","0.16","0.84","0","0",,,"1","55","2024-02-22 16:25:19"
"63b9d3abc3ddc61c8c08fd84",,"3","2","13","2","5","5","0","1","500","701","0","1","1","4","0.29","0.88","0","0",,,"1","15","2024-02-22 16:25:20"
"58a229e74d580c0001e0a766",,"5","14","14","2","5","5","0","1","418","517","0","1","1","4","0.16","0.84","0","0",,,"1","55","2024-02-22 16:25:21"
"test",,"0","17","2","2","5","5","1","0","1079","1452","1","0","1","2","0.22","0.37","0","0",,,"1","60","2024-02-22 16:25:22"
"63b9d3abc3ddc61c8c08fd84",,"3","3","14","2","5","5","0","1","501","785","0","1","1","4","0.16","0.84","0","0",,,"1","20","2024-02-22 16:25:22"
"58a229e74d580c0001e0a766",,"5","15","7","2","5","5","0","1","382","474","0","1","3","4","0.55","0.88","0","0",,,"1","60","2024-02-22 16:25:23"
"63b9d3abc3ddc61c8c08fd84",,"3","4","12","2","5","5","0","1","467","701","0","1","1","4","0.12","0.71","0","0",,,"1","25","2024-02-22 16:25:24"
"test",,"0","18","0","2","5","5","1","0","739","883","1","0","4","4","0.78","0.88","0","0",,,"0","60","2024-02-22 16:25:24"
"58a229e74d580c0001e0a766",,"5","16","3","2","5","5","1","0","358","509","1","0","3","4","0.63","0.78","0","0",,,"1","65","2024-02-22 16:25:25"
"63b9d3abc3ddc61c8c08fd84",,"3","5","8","2","5","5","1","0","499","817","1","0","1","2","0.12","0.45","0","0",,,"0","25","2024-02-22 16:25:27"
"test",,"0","19","8","2","5","5","1","0","540","651","1","0","1","2","0.12","0.45","0","0",,,"0","60","2024-02-22 16:25:27"
"58a229e74d580c0001e0a766",,"5","17","7","2","5","5","1","0","474","682","1","0","3","4","0.55","0.88","0","0",,,"1","70","2024-02-22 16:25:27"
"58a229e74d580c0001e0a766",,"5","18","12","2","5","5","1","0","440","600","1","0","1","4","0.12","0.71","0","0",,,"1","75","2024-02-22 16:25:29"
"test",,"0","20","6","1","5","5","1","1","499","609","1","0","2","3","0.37","0.63","0","0",,,"0","60","2024-02-22 16:25:29"
"63b9d3abc3ddc61c8c08fd84",,"3","6","2","2","5","5","0","1","952","1219","0","1","1","2","0.22","0.37","0","0",,,"0","25","2024-02-22 16:25:29"
"58a229e74d580c0001e0a766",,"5","19","0","2","5","5","0","1","499","608","0","1","4","4","0.78","0.88","0","0",,,"1","80","2024-02-22 16:25:31"
"test",,"0","21","5","2","5","5","1","0","519","637","1","0","1","2","0.22","0.45","0","0",,,"0","60","2024-02-22 16:25:32"
"63b9d3abc3ddc61c8c08fd84",,"3","7","2","2","5","5","1","0","836","1103","1","0","1","2","0.22","0.37","0","0",,,"0","25","2024-02-22 16:25:32"
"58a229e74d580c0001e0a766",,"5","20","11","2","5","5","0","1","523","673","0","1","2","4","0.37","0.84","0","0",,,"1","85","2024-02-22 16:25:33"
"test",,"0","22","12","2","5","5","0","1","619","700","0","1","1","4","0.12","0.71","0","0",,,"1","65","2024-02-22 16:25:34"
"63b9d3abc3ddc61c8c08fd84",,"3","8","2","2","5","5","1","0","701","968","1","0","1","2","0.22","0.37","0","0",,,"0","25","2024-02-22 16:25:35"
"58a229e74d580c0001e0a766",,"5","21","14","2","5","5","1","0","772","1205","1","0","1","4","0.16","0.84","0","0",,,"0","85","2024-02-22 16:25:36"
"test",,"0","23","2","2","5","5","0","1","620","740","0","1","1","2","0.22","0.37","0","0",,,"1","70","2024-02-22 16:25:36"
"63b9d3abc3ddc61c8c08fd84",,"3","9","11","2","5","5","0","1","869","1587","1","1","2","4","0.37","0.84","0","0",,,"0","25","2024-02-22 16:25:38"
"test",,"0","24","7","2","5","5","1","0","539","636","1","0","3","4","0.55","0.88","0","0",,,"1","75","2024-02-22 16:25:38"
"58a229e74d580c0001e0a766",,"5","22","5","2","5","5","0","1","542","960","0","1","1","2","0.22","0.45","0","0",,,"0","85","2024-02-22 16:25:39"
"58a229e74d580c0001e0a766",,"5","23","5","2","5","5","1","0","315","440","1","0","1","2","0.22","0.45","0","0",,,"0","85","2024-02-22 16:25:41"
"test",,"0","25","5","2","5","5","1","0","659","776","1","0","1","2","0.22","0.45","0","0",,,"1","80","2024-02-22 16:25:41"
"63b9d3abc3ddc61c8c08fd84",,"3","10","0","2","5","5","1","0","919","1838","1","0","4","4","0.78","0.88","0","0",,,"0","25","2024-02-22 16:25:41"
"58a229e74d580c0001e0a766",,"5","24","15","2","5","5","1","0","483","575","1","0","1","4","0.12","0.88","0","0",,,"1","90","2024-02-22 16:25:43"
"test",,"0","26","1","2","5","5","1","0","739","920","1","0","1","1","0.12","0.22","0","0",,,"0","80","2024-02-22 16:25:43"
"63b9d3abc3ddc61c8c08fd84",,"3","11","9","2","5","5","0","1","935","1269","0","1","1","4","0.29","0.71","0","0",,,"1","30","2024-02-22 16:25:44"
"58a229e74d580c0001e0a766",,"5","25","2","2","5","5","1","0","499","591","1","0","1","2","0.22","0.37","0","0",,,"0","90","2024-02-22 16:25:45"
"test",,"0","27","9","2","5","5","0","1","1119","1263","0","1","1","4","0.29","0.71","0","0",,,"0","80","2024-02-22 16:25:46"
"63b9d3abc3ddc61c8c08fd84",,"3","12","13","2","5","5","1","0","568","869","1","0","1","4","0.29","0.88","0","0",,,"1","35","2024-02-22 16:25:47"
"58a229e74d580c0001e0a766",,"5","26","9","2","5","5","0","1","425","516","0","1","1","4","0.29","0.71","0","0",,,"1","95","2024-02-22 16:25:47"
"63b9d3abc3ddc61c8c08fd84",,"3","13","4","2","5","5","1","0","801","1052","1","0","3","4","0.55","0.78","0","0",,,"1","40","2024-02-22 16:25:49"
"58a229e74d580c0001e0a766",,"5","27","14","2","5","5","1","0","399","508","1","0","1","4","0.16","0.84","0","0",,,"1","100","2024-02-22 16:25:50"
"58a229e74d580c0001e0a766",,"5","28","0","2","5","5","0","1","699","916","0","1","4","4","0.78","0.88","0","0",,,"1","105","2024-02-22 16:25:52"
"63b9d3abc3ddc61c8c08fd84",,"3","14","2","2","5","5","1","0","1085","1319","1","0","1","2","0.22","0.37","0","0",,,"1","45","2024-02-22 16:25:52"
"58a229e74d580c0001e0a766",,"5","29","11","2","5","5","0","1","441","599","0","1","2","4","0.37","0.84","0","0",,,"1","110","2024-02-22 16:25:54"
"63b9d3abc3ddc61c8c08fd84",,"3","15","4","2","5","5","1","0","568","801","1","0","3","4","0.55","0.78","0","0",,,"1","50","2024-02-22 16:25:54"
"58a229e74d580c0001e0a766",,"5","30","15","2","5","5","1","0","442","508","1","0","1","4","0.12","0.88","0","0",,,"1","115","2024-02-22 16:25:56"
"63b9d3abc3ddc61c8c08fd84",,"3","16","6","2","5","5","0","1","718","1035","0","1","2","3","0.37","0.63","0","0",,,"1","55","2024-02-22 16:25:57"
"58a229e74d580c0001e0a766",,"5","31","7","2","5","5","1","0","514","682","1","0","3","4","0.55","0.88","0","0",,,"1","120","2024-02-22 16:25:58"
"63b9d3abc3ddc61c8c08fd84",,"3","17","10","2","5","5","1","0","551","768","1","0","1","3","0.16","0.63","0","0",,,"1","60","2024-02-22 16:25:59"
"58a229e74d580c0001e0a766",,"5","32","2","2","5","5","0","1","458","643","0","1","1","2","0.22","0.37","0","0",,,"1","125","2024-02-22 16:26:01"
"63b9d3abc3ddc61c8c08fd84",,"3","18","13","2","5","5","0","1","584","819","0","1","1","4","0.29","0.88","0","0",,,"1","65","2024-02-22 16:26:02"
"58a229e74d580c0001e0a766",,"5","33","9","2","5","5","0","1","540","674","0","1","1","4","0.29","0.71","0","0",,,"1","130","2024-02-22 16:26:03"
"63b9d3abc3ddc61c8c08fd84",,"3","19","9","2","5","5","1","0","518","668","1","0","1","4","0.29","0.71","0","0",,,"1","70","2024-02-22 16:26:04"
"58a229e74d580c0001e0a766",,"5","34","13","2","5","5","1","0","358","491","1","0","1","4","0.29","0.88","0","0",,,"1","135","2024-02-22 16:26:05"
"63b9d3abc3ddc61c8c08fd84",,"3","20","14","2","5","5","1","0","634","802","1","0","1","4","0.16","0.84","0","0",,,"1","75","2024-02-22 16:26:06"
"58a229e74d580c0001e0a766",,"5","35","7","2","5","5","1","0","507","624","1","0","3","4","0.55","0.88","0","0",,,"1","140","2024-02-22 16:26:07"
"63b9d3abc3ddc61c8c08fd84",,"3","21","7","2","5","5","0","1","501","835","0","1","3","4","0.55","0.88","0","0",,,"1","80","2024-02-22 16:26:09"
"58a229e74d580c0001e0a766",,"5","36","6","2","5","5","1","0","540","657","1","0","2","3","0.37","0.63","0","0",,,"1","145","2024-02-22 16:26:09"
"63b9d3abc3ddc61c8c08fd84",,"3","22","6","2","5","5","0","1","568","818","0","1","2","3","0.37","0.63","0","0",,,"0","80","2024-02-22 16:26:11"
"58a229e74d580c0001e0a766",,"5","37","4","2","5","5","0","1","482","640","0","1","3","4","0.55","0.78","0","0",,,"0","145","2024-02-22 16:26:11"
"58a229e74d580c0001e0a766",,"5","38","1","2","5","5","1","0","416","575","1","0","1","1","0.12","0.22","0","0",,,"1","150","2024-02-22 16:26:14"
"63b9d3abc3ddc61c8c08fd84",,"3","23","14","2","5","5","1","0","785","1069","1","0","1","4","0.16","0.84","0","0",,,"0","80","2024-02-22 16:26:14"
"58a229e74d580c0001e0a766",,"5","39","5","2","5","5","1","0","674","774","1","0","1","2","0.22","0.45","0","0",,,"1","155","2024-02-22 16:26:16"
"63b9d3abc3ddc61c8c08fd84",,"3","24","9","2","5","5","1","0","1136","1386","1","0","1","4","0.29","0.71","0","0",,,"1","85","2024-02-22 16:26:17"
"58a229e74d580c0001e0a766",,"5","40","10","2","5","5","0","1","525","691","0","1","1","3","0.16","0.63","0","0",,,"0","155","2024-02-22 16:26:18"
"63b9d3abc3ddc61c8c08fd84",,"3","25","5","2","5","5","1","0","701","1052","1","0","1","2","0.22","0.45","0","0",,,"1","90","2024-02-22 16:26:19"
"58a229e74d580c0001e0a766",,"5","41","12","2","5","5","0","1","415","557","0","1","1","4","0.12","0.71","0","0",,,"1","160","2024-02-22 16:26:20"
"63b9d3abc3ddc61c8c08fd84",,"3","26","15","2","5","5","1","0","617","968","1","0","1","4","0.12","0.88","0","0",,,"0","90","2024-02-22 16:26:22"
"58a229e74d580c0001e0a766",,"5","42","8","2","5","5","1","0","400","633","1","0","1","2","0.12","0.45","0","0",,,"1","165","2024-02-22 16:26:23"
"58a229e74d580c0001e0a766",,"5","43","14","2","5","5","0","1","399","574","0","1","1","4","0.16","0.84","0","0",,,"1","170","2024-02-22 16:26:25"
"63b9d3abc3ddc61c8c08fd84",,"3","27","4","2","5","5","0","1","1352","1602","0","1","3","4","0.55","0.78","0","0",,,"1","95","2024-02-22 16:26:25"
"58a229e74d580c0001e0a766",,"5","44","3","2","5","5","0","1","458","716","0","1","3","4","0.63","0.78","0","0",,,"1","175","2024-02-22 16:26:27"
"63b9d3abc3ddc61c8c08fd84",,"3","28","13","2","5","5","1","0","584","834","1","0","1","4","0.29","0.88","0","0",,,"1","100","2024-02-22 16:26:27"
"58a229e74d580c0001e0a766",,"5","45","9","2","5","5","1","0","341","758","1","0","1","4","0.29","0.71","0","0",,,"1","180","2024-02-22 16:26:29"
"63b9d3abc3ddc61c8c08fd84",,"3","29","0","2","5","5","1","0","834","1102","1","0","4","4","0.78","0.88","0","0",,,"0","100","2024-02-22 16:26:30"
"58a229e74d580c0001e0a766",,"5","46","11","2","5","5","0","1","400","559","0","1","2","4","0.37","0.84","0","0",,,"1","185","2024-02-22 16:26:31"
"58a229e74d580c0001e0a766",,"5","47","11","2","5","5","1","0","375","500","1","0","2","4","0.37","0.84","0","0",,,"1","190","2024-02-22 16:26:33"
"63b9d3abc3ddc61c8c08fd84",,"3","30","14","2","5","5","0","1","668","1086","0","1","1","4","0.16","0.84","0","0",,,"1","105","2024-02-22 16:26:34"
"58a229e74d580c0001e0a766",,"5","48","9","2","5","5","1","0","483","616","1","0","1","4","0.29","0.71","0","0",,,"1","195","2024-02-22 16:26:36"
"63b9d3abc3ddc61c8c08fd84",,"3","31","3","2","5","5","1","0","918","1203","1","0","3","4","0.63","0.78","0","0",,,"1","110","2024-02-22 16:26:36"
"58a229e74d580c0001e0a766",,"5","49","2","2","5","5","0","1","458","767","0","1","1","2","0.22","0.37","0","0",,,"0","195","2024-02-22 16:26:38"
"63b9d3abc3ddc61c8c08fd84",,"3","32","3","2","5","5","0","1","751","1018","0","1","3","4","0.63","0.78","0","0",,,"1","115","2024-02-22 16:26:39"
"58a229e74d580c0001e0a766",,"5","50","15","2","5","5","0","1","441","708","0","1","1","4","0.12","0.88","0","0",,,"1","200","2024-02-22 16:26:40"
"63b9d3abc3ddc61c8c08fd84",,"3","33","7","2","5","5","0","1","651","902","0","1","3","4","0.55","0.88","0","0",,,"1","120","2024-02-22 16:26:41"
"58a229e74d580c0001e0a766",,"5","51","13","2","5","5","0","1","516","609","0","1","1","4","0.29","0.88","0","0",,,"1","205","2024-02-22 16:26:42"
"63b9d3abc3ddc61c8c08fd84",,"3","34","5","2","5","5","1","0","634","851","1","0","1","2","0.22","0.45","0","0",,,"0","120","2024-02-22 16:26:44"
"58a229e74d580c0001e0a766",,"5","52","0","2","5","5","0","1","483","1042","1","1","4","4","0.78","0.88","0","0",,,"1","210","2024-02-22 16:26:45"
"63b9d3abc3ddc61c8c08fd84",,"3","35","10","2","5","5","1","0","751","986","1","0","1","3","0.16","0.63","0","0",,,"0","120","2024-02-22 16:26:46"
"58a229e74d580c0001e0a766",,"5","53","0","2","5","5","0","1","640","874","0","1","4","4","0.78","0.88","0","0",,,"1","215","2024-02-22 16:26:47"
"63b9d3abc3ddc61c8c08fd84",,"3","36","10","1","5","5","0","0","635","969","0","1","1","3","0.16","0.63","0","0",,,"1","125","2024-02-22 16:26:49"
"58a229e74d580c0001e0a766",,"5","54","4","2","5","5","0","1","483","625","0","1","3","4","0.55","0.78","0","0",,,"1","220","2024-02-22 16:26:49"
"58a229e74d580c0001e0a766",,"5","55","10","2","5","5","0","1","441","574","0","1","1","3","0.16","0.63","0","0",,,"1","225","2024-02-22 16:26:52"
"63b9d3abc3ddc61c8c08fd84",,"3","37","3","1","5","5","1","1","1436","1670","1","0","3","4","0.63","0.78","0","0",,,"0","125","2024-02-22 16:26:52"
"58a229e74d580c0001e0a766",,"5","56","1","1","5","5","1","1","898","1098","1","0","1","1","0.12","0.22","0","0",,,"0","225","2024-02-22 16:26:54"
"63b9d3abc3ddc61c8c08fd84",,"3","38","6","2","5","5","1","0","618","901","1","0","2","3","0.37","0.63","0","0",,,"0","125","2024-02-22 16:26:55"
"58a229e74d580c0001e0a766",,"5","57","13","2","5","5","0","1","324","441","0","1","1","4","0.29","0.88","0","0",,,"1","230","2024-02-22 16:26:56"
"63b9d3abc3ddc61c8c08fd84",,"3","39","11","2","5","5","1","0","1168","1368","1","0","2","4","0.37","0.84","0","0",,,"1","130","2024-02-22 16:26:58"
"58a229e74d580c0001e0a766",,"5","58","6","2","5","5","0","1","400","508","0","1","2","3","0.37","0.63","0","0",,,"1","235","2024-02-22 16:26:58"
"63b9d3abc3ddc61c8c08fd84",,"3","40","7","2","5","5","1","0","518","802","1","0","3","4","0.55","0.88","0","0",,,"1","135","2024-02-22 16:27:00"
"58a229e74d580c0001e0a766",,"5","59","12","2","5","5","0","1","375","491","0","1","1","4","0.12","0.71","0","0",,,"0","235","2024-02-22 16:27:00"
"63b9d3abc3ddc61c8c08fd84",,"3","41","9","2","5","5","1","0","435","652","1","0","1","4","0.29","0.71","0","0",,,"1","140","2024-02-22 16:27:02"
"58a229e74d580c0001e0a766",,"5","60","13","2","5","5","1","0","375","449","1","0","1","4","0.29","0.88","0","0",,,"1","240","2024-02-22 16:27:03"
"58a229e74d580c0001e0a766",,"5","61","8","2","5","5","0","1","383","507","0","1","1","2","0.12","0.45","0","0",,,"1","245","2024-02-22 16:27:05"
"63b9d3abc3ddc61c8c08fd84",,"3","42","7","2","5","5","0","1","701","968","0","1","3","4","0.55","0.88","0","0",,,"0","140","2024-02-22 16:27:05"
"58a229e74d580c0001e0a766",,"5","62","1","2","5","5","1","0","440","557","1","0","1","1","0.12","0.22","0","0",,,"0","245","2024-02-22 16:27:07"
"63b9d3abc3ddc61c8c08fd84",,"3","43","12","2","5","5","1","0","1102","1335","1","0","1","4","0.12","0.71","0","0",,,"1","145","2024-02-22 16:27:08"
"58a229e74d580c0001e0a766",,"5","63","12","2","5","5","1","0","339","857","1","1","1","4","0.12","0.71","0","0",,,"0","245","2024-02-22 16:27:09"
"63b9d3abc3ddc61c8c08fd84",,"3","44","5","2","5","5","1","0","902","1169","1","0","1","2","0.22","0.45","0","0",,,"0","145","2024-02-22 16:27:10"
"63b9d3abc3ddc61c8c08fd84",,"3","45","0","2","5","5","1","0","1202","1403","1","0","4","4","0.78","0.88","0","0",,,"1","150","2024-02-22 16:27:13"
"63b9d3abc3ddc61c8c08fd84",,"3","46","1","1","5","5","0","0","1469","1653","0","1","1","1","0.12","0.22","0","0",,,"0","150","2024-02-22 16:27:16"
"63b9d3abc3ddc61c8c08fd84",,"3","47","1","2","5","5","1","0","1067","1235","1","0","1","1","0.12","0.22","0","0",,,"0","150","2024-02-22 16:27:19"
"63b9d3abc3ddc61c8c08fd84",,"3","48","11","2","5","5","0","1","902","2053","1","1","2","4","0.37","0.84","0","0",,,"1","155","2024-02-22 16:27:23"
"63b9d3abc3ddc61c8c08fd84",,"3","49","15","2","5","5","0","1","568","769","0","1","1","4","0.12","0.88","0","0",,,"1","160","2024-02-22 16:27:25"
"63b9d3abc3ddc61c8c08fd84",,"3","50","5","2","5","5","1","0","668","885","1","0","1","2","0.22","0.45","0","0",,,"0","160","2024-02-22 16:27:27"
"63b9d3abc3ddc61c8c08fd84",,"3","51","4","2","5","5","0","1","869","1085","0","1","3","4","0.55","0.78","0","0",,,"1","165","2024-02-22 16:27:30"
"63b9d3abc3ddc61c8c08fd84",,"3","52","11","2","5","5","0","1","600","868","0","1","2","4","0.37","0.84","0","0",,,"1","170","2024-02-22 16:27:33"
"63b9d3abc3ddc61c8c08fd84",,"3","53","8","1","5","5","1","1","952","1119","1","0","1","2","0.12","0.45","0","0",,,"1","175","2024-02-22 16:27:35"
"63b9d3abc3ddc61c8c08fd84",,"3","54","8","2","5","5","1","0","785","1470","1","0","1","2","0.12","0.45","0","0",,,"0","175","2024-02-22 16:27:38"
"63b9d3abc3ddc61c8c08fd84",,"3","55","1","2","5","5","0","1","969","1553","0","1","1","1","0.12","0.22","0","0",,,"0","175","2024-02-22 16:27:41"
"63b9d3abc3ddc61c8c08fd84",,"3","56","15","2","5","5","0","1","1252","1503","0","1","1","4","0.12","0.88","0","0",,,"1","180","2024-02-22 16:27:44"
"63b9d3abc3ddc61c8c08fd84",,"3","57","6","2","5","5","0","1","467","918","0","1","2","3","0.37","0.63","0","0",,,"1","185","2024-02-22 16:27:47"
"63b9d3abc3ddc61c8c08fd84",,"3","58","1","1","5","5","1","1","818","1102","1","0","1","1","0.12","0.22","0","0",,,"0","185","2024-02-22 16:27:49"
"63b9d3abc3ddc61c8c08fd84",,"3","59","3","2","5","5","1","0","1102","1319","1","0","3","4","0.63","0.78","0","0",,,"1","190","2024-02-22 16:27:52"
"63b9d3abc3ddc61c8c08fd84",,"3","60","0","2","5","5","1","0","751","985","1","0","4","4","0.78","0.88","0","0",,,"1","195","2024-02-22 16:27:55"
"63b9d3abc3ddc61c8c08fd84",,"3","61","15","2","5","5","1","0","618","885","1","0","1","4","0.12","0.88","0","0",,,"1","200","2024-02-22 16:27:57"
"63b9d3abc3ddc61c8c08fd84",,"3","62","12","2","5","5","0","1","534","852","0","1","1","4","0.12","0.71","0","0",,,"1","205","2024-02-22 16:28:00"
"63b9d3abc3ddc61c8c08fd84",,"3","63","8","2","5","5","1","0","651","919","1","0","1","2","0.12","0.45","0","0",,,"0","205","2024-02-22 16:28:02"
"63b9d3abc3ddc61c8c08fd84",,"4","0","2","2","5","5","1","0","768","952","1","0","1","2","0.22","0.37","0","0",,,"0","0","2024-02-22 16:28:15"
"63b9d3abc3ddc61c8c08fd84",,"4","1","10","2","5","5","0","1","967","1185","0","1","1","3","0.16","0.63","0","0",,,"0","0","2024-02-22 16:28:18"
"63b9d3abc3ddc61c8c08fd84",,"4","2","9","1","5","5","1","1","851","1136","1","0","1","4","0.29","0.71","0","0",,,"0","0","2024-02-22 16:28:21"
"63b9d3abc3ddc61c8c08fd84",,"4","3","0","2","5","5","1","0","784","1067","1","0","4","4","0.78","0.88","0","0",,,"1","5","2024-02-22 16:28:23"
"63b9d3abc3ddc61c8c08fd84",,"4","4","15","2","5","5","1","0","584","801","1","0","1","4","0.12","0.88","0","0",,,"1","10","2024-02-22 16:28:26"
"63b9d3abc3ddc61c8c08fd84",,"4","5","15","2","5","5","0","1","718","935","0","1","1","4","0.12","0.88","0","0",,,"1","15","2024-02-22 16:28:28"
"63b9d3abc3ddc61c8c08fd84",,"4","6","11","2","5","5","1","0","702","903","1","0","2","4","0.37","0.84","0","0",,,"1","20","2024-02-22 16:28:31"
"63b9d3abc3ddc61c8c08fd84",,"4","7","12","2","5","5","1","0","450","634","1","0","1","4","0.12","0.71","0","0",,,"1","25","2024-02-22 16:28:33"
"63b9d3abc3ddc61c8c08fd84",,"4","8","12","2","5","5","1","0","434","700","1","0","1","4","0.12","0.71","0","0",,,"1","30","2024-02-22 16:28:35"
"63b9d3abc3ddc61c8c08fd84",,"4","9","1","1","5","5","0","0","801","1068","0","1","1","1","0.12","0.22","0","0",,,"0","30","2024-02-22 16:28:37"
"63b9d3abc3ddc61c8c08fd84",,"4","10","3","2","5","5","0","1","902","1102","0","1","3","4","0.63","0.78","0","0",,,"1","35","2024-02-22 16:28:40"
"63b9d3abc3ddc61c8c08fd84",,"4","11","6","2","5","5","1","0","685","919","1","0","2","3","0.37","0.63","0","0",,,"1","40","2024-02-22 16:28:43"
"63b9d3abc3ddc61c8c08fd84",,"4","12","3","1","5","5","1","1","1553","1787","1","0","3","4","0.63","0.78","0","0",,,"0","40","2024-02-22 16:28:46"
"63b9d3abc3ddc61c8c08fd84",,"4","13","9","2","5","5","1","0","651","868","1","0","1","4","0.29","0.71","0","0",,,"1","45","2024-02-22 16:28:48"
"63b9d3abc3ddc61c8c08fd84",,"4","14","5","2","5","5","1","0","1269","1403","1","0","1","2","0.22","0.45","0","0",,,"0","45","2024-02-22 16:28:51"
"63b9d3abc3ddc61c8c08fd84",,"4","15","14","2","5","5","0","1","1102","1403","0","1","1","4","0.16","0.84","0","0",,,"0","45","2024-02-22 16:28:54"
"63b9d3abc3ddc61c8c08fd84",,"4","16","1","2","5","5","1","0","1385","1619","1","0","1","1","0.12","0.22","0","0",,,"0","45","2024-02-22 16:28:58"
"63b9d3abc3ddc61c8c08fd84",,"4","17","13","1","5","5","1","1","817","1002","1","0","1","4","0.29","0.88","0","0",,,"0","45","2024-02-22 16:29:00"
"63b9d3abc3ddc61c8c08fd84",,"4","18","14","2","5","5","0","1","500","1335","1","1","1","4","0.16","0.84","0","0",,,"1","50","2024-02-22 16:29:03"
"63b9d3abc3ddc61c8c08fd84",,"4","19","4","2","5","5","1","0","651","885","1","0","3","4","0.55","0.78","0","0",,,"1","55","2024-02-22 16:29:06"
"63b9d3abc3ddc61c8c08fd84",,"4","20","15","2","5","5","0","1","1002","1220","0","1","1","4","0.12","0.88","0","0",,,"1","60","2024-02-22 16:29:08"
"63b9d3abc3ddc61c8c08fd84",,"4","21","6","2","5","5","1","0","416","650","1","0","2","3","0.37","0.63","0","0",,,"0","60","2024-02-22 16:29:11"
"63b9d3abc3ddc61c8c08fd84",,"4","22","2","2","5","5","1","0","851","1086","1","0","1","2","0.22","0.37","0","0",,,"0","60","2024-02-22 16:29:13"
"63b9d3abc3ddc61c8c08fd84",,"4","23","4","2","5","5","0","1","685","902","0","1","3","4","0.55","0.78","0","0",,,"1","65","2024-02-22 16:29:16"
"63b9d3abc3ddc61c8c08fd84",,"4","24","13","2","5","5","1","0","618","802","1","0","1","4","0.29","0.88","0","0",,,"1","70","2024-02-22 16:29:18"
"63b9d3abc3ddc61c8c08fd84",,"4","25","8","2","5","5","0","1","969","1169","0","1","1","2","0.12","0.45","0","0",,,"0","70","2024-02-22 16:29:21"
"63b9d3abc3ddc61c8c08fd84",,"4","26","15","2","5","5","0","1","768","968","0","1","1","4","0.12","0.88","0","0",,,"0","70","2024-02-22 16:29:24"
"63b9d3abc3ddc61c8c08fd84",,"4","27","13","2","5","5","1","0","701","852","1","0","1","4","0.29","0.88","0","0",,,"1","75","2024-02-22 16:29:26"
"63b9d3abc3ddc61c8c08fd84",,"4","28","10","2","5","5","0","1","584","818","0","1","1","3","0.16","0.63","0","0",,,"0","75","2024-02-22 16:29:28"
"63b9d3abc3ddc61c8c08fd84",,"4","29","8","2","5","5","0","1","969","1285","0","1","1","2","0.12","0.45","0","0",,,"1","80","2024-02-22 16:29:31"
"63b9d3abc3ddc61c8c08fd84",,"4","30","5","2","5","5","0","1","701","884","0","1","1","2","0.22","0.45","0","0",,,"0","80","2024-02-22 16:29:34"
"63b9d3abc3ddc61c8c08fd84",,"4","31","2","2","5","5","1","0","1018","1286","1","0","1","2","0.22","0.37","0","0",,,"1","85","2024-02-22 16:29:37"
"63b9d3abc3ddc61c8c08fd84",,"4","32","6","2","5","5","1","0","584","1018","1","0","2","3","0.37","0.63","0","0",,,"0","85","2024-02-22 16:29:39"
"63b9d3abc3ddc61c8c08fd84",,"4","33","13","2","5","5","0","1","868","1101","0","1","1","4","0.29","0.88","0","0",,,"1","90","2024-02-22 16:29:42"
"63b9d3abc3ddc61c8c08fd84",,"4","34","4","2","5","5","0","1","1135","1368","0","1","3","4","0.55","0.78","0","0",,,"1","95","2024-02-22 16:29:45"
"63b9d3abc3ddc61c8c08fd84",,"4","35","6","2","5","5","1","0","585","802","1","0","2","3","0.37","0.63","0","0",,,"1","100","2024-02-22 16:29:47"
"63b9d3abc3ddc61c8c08fd84",,"4","36","12","2","5","5","1","0","667","884","1","0","1","4","0.12","0.71","0","0",,,"1","105","2024-02-22 16:29:49"
"63b9d3abc3ddc61c8c08fd84",,"4","37","11","2","5","5","0","1","834","1053","0","1","2","4","0.37","0.84","0","0",,,"1","110","2024-02-22 16:29:52"
"63b9d3abc3ddc61c8c08fd84",,"4","38","3","2","5","5","1","0","651","834","1","0","3","4","0.63","0.78","0","0",,,"1","115","2024-02-22 16:29:54"
"63b9d3abc3ddc61c8c08fd84",,"4","39","1","2","5","5","0","1","1370","1671","0","1","1","1","0.12","0.22","0","0",,,"0","115","2024-02-22 16:29:57"
"63b9d3abc3ddc61c8c08fd84",,"4","40","10","2","5","5","1","0","684","901","1","0","1","3","0.16","0.63","0","0",,,"1","120","2024-02-22 16:30:01"
"63b9d3abc3ddc61c8c08fd84",,"4","41","8","2","5","5","0","1","567","784","0","1","1","2","0.12","0.45","0","0",,,"0","120","2024-02-22 16:30:03"
"63b9d3abc3ddc61c8c08fd84",,"4","42","14","2","5","5","1","0","818","985","1","0","1","4","0.16","0.84","0","0",,,"1","125","2024-02-22 16:30:06"
"63b9d3abc3ddc61c8c08fd84",,"4","43","9","2","5","5","1","0","1086","1269","1","0","1","4","0.29","0.71","0","0",,,"1","130","2024-02-22 16:30:08"
"63b9d3abc3ddc61c8c08fd84",,"4","44","0","2","5","5","0","1","869","1119","0","1","4","4","0.78","0.88","0","0",,,"1","135","2024-02-22 16:30:11"
"63b9d3abc3ddc61c8c08fd84",,"4","45","5","2","5","5","0","1","701","901","0","1","1","2","0.22","0.45","0","0",,,"0","135","2024-02-22 16:30:13"
"63b9d3abc3ddc61c8c08fd84",,"4","46","4","2","5","5","1","0","652","818","1","0","3","4","0.55","0.78","0","0",,,"0","135","2024-02-22 16:30:16"
"63b9d3abc3ddc61c8c08fd84",,"4","47","3","2","5","5","0","1","717","935","0","1","3","4","0.63","0.78","0","0",,,"1","140","2024-02-22 16:30:19"
"63b9d3abc3ddc61c8c08fd84",,"4","48","7","2","5","5","1","0","718","868","1","0","3","4","0.55","0.88","0","0",,,"1","145","2024-02-22 16:30:21"
"63b9d3abc3ddc61c8c08fd84",,"4","49","7","2","5","5","0","1","484","668","0","1","3","4","0.55","0.88","0","0",,,"1","150","2024-02-22 16:30:23"
"63b9d3abc3ddc61c8c08fd84",,"4","50","0","2","5","5","1","0","735","886","1","0","4","4","0.78","0.88","0","0",,,"1","155","2024-02-22 16:30:26"
"63b9d3abc3ddc61c8c08fd84",,"4","51","7","2","5","5","1","0","550","751","1","0","3","4","0.55","0.88","0","0",,,"1","160","2024-02-22 16:30:28"
"63b9d3abc3ddc61c8c08fd84",,"4","52","9","2","5","5","0","1","1469","1685","0","1","1","4","0.29","0.71","0","0",,,"1","165","2024-02-22 16:30:31"
"63b9d3abc3ddc61c8c08fd84",,"4","53","11","2","5","5","0","1","501","751","0","1","2","4","0.37","0.84","0","0",,,"1","170","2024-02-22 16:30:33"
"63b9d3abc3ddc61c8c08fd84",,"4","54","11","2","5","5","0","1","534","701","0","1","2","4","0.37","0.84","0","0",,,"1","175","2024-02-22 16:30:36"
"63b9d3abc3ddc61c8c08fd84",,"4","55","12","2","5","5","1","0","518","702","1","0","1","4","0.12","0.71","0","0",,,"1","180","2024-02-22 16:30:38"
"63b9d3abc3ddc61c8c08fd84",,"4","56","10","2","5","5","1","0","535","718","1","0","1","3","0.16","0.63","0","0",,,"1","185","2024-02-22 16:30:40"
"63b9d3abc3ddc61c8c08fd84",,"4","57","8","2","5","5","1","0","851","1019","1","0","1","2","0.12","0.45","0","0",,,"0","185","2024-02-22 16:30:43"
"63b9d3abc3ddc61c8c08fd84",,"4","58","1","1","5","5","1","1","1219","1870","1","1","1","1","0.12","0.22","0","0",,,"0","185","2024-02-22 16:30:46"
"63b9d3abc3ddc61c8c08fd84",,"4","59","7","2","5","5","1","0","785","1019","1","0","3","4","0.55","0.88","0","0",,,"1","190","2024-02-22 16:30:49"
"63b9d3abc3ddc61c8c08fd84",,"4","60","5","2","5","5","1","0","835","1119","1","0","1","2","0.22","0.45","0","0",,,"1","195","2024-02-22 16:30:51"
"63b9d3abc3ddc61c8c08fd84",,"4","61","2","2","5","5","1","0","685","935","1","0","1","2","0.22","0.37","0","0",,,"0","195","2024-02-22 16:30:54"
"63b9d3abc3ddc61c8c08fd84",,"4","62","14","2","5","5","0","1","801","1085","0","1","1","4","0.16","0.84","0","0",,,"1","200","2024-02-22 16:30:57"
"63b9d3abc3ddc61c8c08fd84",,"4","63","0","2","5","5","0","1","1102","1335","0","1","4","4","0.78","0.88","0","0",,,"0","200","2024-02-22 16:30:59"
"63b9d3abc3ddc61c8c08fd84",,"5","0","5","2","5","5","0","1","752","986","0","1","1","2","0.22","0.45","0","0",,,"0","0","2024-02-22 16:31:15"
"63b9d3abc3ddc61c8c08fd84",,"5","1","2","1","5","5","0","0","1320","2087","1","1","1","2","0.22","0.37","0","0",,,"0","0","2024-02-22 16:31:19"
"63b9d3abc3ddc61c8c08fd84",,"5","2","12","2","5","5","1","0","485","769","1","0","1","4","0.12","0.71","0","0",,,"1","5","2024-02-22 16:31:21"
"63b9d3abc3ddc61c8c08fd84",,"5","3","3","2","5","5","0","1","635","852","0","1","3","4","0.63","0.78","0","0",,,"1","10","2024-02-22 16:31:23"
"63b9d3abc3ddc61c8c08fd84",,"5","4","8","2","5","5","1","0","851","1035","1","0","1","2","0.12","0.45","0","0",,,"0","10","2024-02-22 16:31:26"
"63b9d3abc3ddc61c8c08fd84",,"5","5","7","2","5","5","1","0","918","1135","1","0","3","4","0.55","0.88","0","0",,,"1","15","2024-02-22 16:31:29"
"63b9d3abc3ddc61c8c08fd84",,"5","6","9","2","5","5","0","1","534","835","0","1","1","4","0.29","0.71","0","0",,,"0","15","2024-02-22 16:31:31"
"63b9d3abc3ddc61c8c08fd84",,"5","7","6","1","5","5","0","0","985","1186","0","1","2","3","0.37","0.63","0","0",,,"0","15","2024-02-22 16:31:34"
"63b9d3abc3ddc61c8c08fd84",,"5","8","12","2","5","5","1","0","684","868","1","0","1","4","0.12","0.71","0","0",,,"0","15","2024-02-22 16:31:36"
"63b9d3abc3ddc61c8c08fd84",,"5","9","9","2","5","5","1","0","618","802","1","0","1","4","0.29","0.71","0","0",,,"1","20","2024-02-22 16:31:39"
"63b9d3abc3ddc61c8c08fd84",,"5","10","12","2","5","5","0","1","651","902","0","1","1","4","0.12","0.71","0","0",,,"1","25","2024-02-22 16:31:41"
"63b9d3abc3ddc61c8c08fd84",,"5","11","1","2","5","5","1","0","1269","1520","1","0","1","1","0.12","0.22","0","0",,,"0","25","2024-02-22 16:31:44"
"63b9d3abc3ddc61c8c08fd84",,"5","12","6","2","5","5","1","0","1102","1303","1","0","2","3","0.37","0.63","0","0",,,"1","30","2024-02-22 16:31:47"
"63b9d3abc3ddc61c8c08fd84",,"5","13","6","1","5","5","0","0","918","1235","0","1","2","3","0.37","0.63","0","0",,,"1","35","2024-02-22 16:31:50"
"63b9d3abc3ddc61c8c08fd84",,"5","14","6","1","5","5","0","0","1019","1236","0","1","2","3","0.37","0.63","0","0",,,"0","35","2024-02-22 16:31:53"
"63b9d3abc3ddc61c8c08fd84",,"5","15","12","2","5","5","1","0","918","1069","1","0","1","4","0.12","0.71","0","0",,,"1","40","2024-02-22 16:31:55"
"63b9d3abc3ddc61c8c08fd84",,"5","16","15","2","5","5","1","0","501","684","1","0","1","4","0.12","0.88","0","0",,,"1","45","2024-02-22 16:31:58"
"63b9d3abc3ddc61c8c08fd84",,"5","17","15","2","5","5","0","1","568","802","0","1","1","4","0.12","0.88","0","0",,,"1","50","2024-02-22 16:32:00"
"63b9d3abc3ddc61c8c08fd84",,"5","18","7","2","5","5","0","1","567","751","0","1","3","4","0.55","0.88","0","0",,,"1","55","2024-02-22 16:32:02"
"63b9d3abc3ddc61c8c08fd84",,"5","19","5","2","5","5","1","0","768","986","1","0","1","2","0.22","0.45","0","0",,,"0","55","2024-02-22 16:32:05"
"63b9d3abc3ddc61c8c08fd84",,"5","20","15","2","5","5","0","1","835","1553","1","1","1","4","0.12","0.88","0","0",,,"1","60","2024-02-22 16:32:08"
"63b9d3abc3ddc61c8c08fd84",,"5","21","4","2","5","5","0","1","601","952","0","1","3","4","0.55","0.78","0","0",,,"1","65","2024-02-22 16:32:10"
"63b9d3abc3ddc61c8c08fd84",,"5","22","9","2","5","5","0","1","534","818","0","1","1","4","0.29","0.71","0","0",,,"1","70","2024-02-22 16:32:13"
"63b9d3abc3ddc61c8c08fd84",,"5","23","4","2","5","5","0","1","685","985","0","1","3","4","0.55","0.78","0","0",,,"1","75","2024-02-22 16:32:15"
"63b9d3abc3ddc61c8c08fd84",,"5","24","15","2","5","5","0","1","518","752","0","1","1","4","0.12","0.88","0","0",,,"1","80","2024-02-22 16:32:17"
"63b9d3abc3ddc61c8c08fd84",,"5","25","8","2","5","5","0","1","669","902","0","1","1","2","0.12","0.45","0","0",,,"0","80","2024-02-22 16:32:20"
"63b9d3abc3ddc61c8c08fd84",,"5","26","8","1","5","5","1","1","702","936","1","0","1","2","0.12","0.45","0","0",,,"0","80","2024-02-22 16:32:23"
"63b9d3abc3ddc61c8c08fd84",,"5","27","10","2","5","5","1","0","651","918","1","0","1","3","0.16","0.63","0","0",,,"0","80","2024-02-22 16:32:25"
"63b9d3abc3ddc61c8c08fd84",,"5","28","2","2","5","5","0","1","901","1101","0","1","1","2","0.22","0.37","0","0",,,"0","80","2024-02-22 16:32:28"
"63b9d3abc3ddc61c8c08fd84",,"5","29","10","2","5","5","0","1","701","919","0","1","1","3","0.16","0.63","0","0",,,"0","80","2024-02-22 16:32:31"
"63b9d3abc3ddc61c8c08fd84",,"5","30","13","2","5","5","0","1","785","968","0","1","1","4","0.29","0.88","0","0",,,"1","85","2024-02-22 16:32:33"
"63b9d3abc3ddc61c8c08fd84",,"5","31","0","2","5","5","0","1","651","1152","0","1","4","4","0.78","0.88","0","0",,,"1","90","2024-02-22 16:32:36"
"63b9d3abc3ddc61c8c08fd84",,"5","32","10","2","5","5","1","0","601","802","1","0","1","3","0.16","0.63","0","0",,,"0","90","2024-02-22 16:32:38"
"63b9d3abc3ddc61c8c08fd84",,"5","33","1","2","5","5","0","1","1519","1737","0","1","1","1","0.12","0.22","0","0",,,"1","95","2024-02-22 16:32:41"
"63b9d3abc3ddc61c8c08fd84",,"5","34","14","2","5","5","0","1","634","802","0","1","1","4","0.16","0.84","0","0",,,"1","100","2024-02-22 16:32:44"
"63b9d3abc3ddc61c8c08fd84",,"5","35","5","2","5","5","0","1","902","1086","0","1","1","2","0.22","0.45","0","0",,,"1","105","2024-02-22 16:32:46"
"63b9d3abc3ddc61c8c08fd84",,"5","36","11","2","5","5","1","0","601","802","1","0","2","4","0.37","0.84","0","0",,,"1","110","2024-02-22 16:32:49"
"63b9d3abc3ddc61c8c08fd84",,"5","37","2","2","5","5","0","1","802","986","0","1","1","2","0.22","0.37","0","0",,,"1","115","2024-02-22 16:32:51"
"63b9d3abc3ddc61c8c08fd84",,"5","38","11","2","5","5","0","1","718","919","0","1","2","4","0.37","0.84","0","0",,,"1","120","2024-02-22 16:32:54"
"63b9d3abc3ddc61c8c08fd84",,"5","39","7","2","5","5","0","1","534","768","0","1","3","4","0.55","0.88","0","0",,,"1","125","2024-02-22 16:32:56"
"63b9d3abc3ddc61c8c08fd84",,"5","40","13","2","5","5","0","1","534","718","0","1","1","4","0.29","0.88","0","0",,,"1","130","2024-02-22 16:32:58"
"63b9d3abc3ddc61c8c08fd84",,"5","41","1","2","5","5","0","1","718","1002","0","1","1","1","0.12","0.22","0","0",,,"0","130","2024-02-22 16:33:01"
"63b9d3abc3ddc61c8c08fd84",,"5","42","2","2","5","5","0","1","685","886","0","1","1","2","0.22","0.37","0","0",,,"1","135","2024-02-22 16:33:03"
"63b9d3abc3ddc61c8c08fd84",,"5","43","0","2","5","5","1","0","583","1502","1","1","4","4","0.78","0.88","0","0",,,"1","140","2024-02-22 16:33:06"
"63b9d3abc3ddc61c8c08fd84",,"5","44","0","2","5","5","1","0","618","835","1","0","4","4","0.78","0.88","0","0",,,"1","145","2024-02-22 16:33:09"
"63b9d3abc3ddc61c8c08fd84",,"5","45","0","2","5","5","0","1","701","935","0","1","4","4","0.78","0.88","0","0",,,"1","150","2024-02-22 16:33:11"
"63b9d3abc3ddc61c8c08fd84",,"5","46","7","2","5","5","0","1","567","768","0","1","3","4","0.55","0.88","0","0",,,"1","155","2024-02-22 16:33:14"
"63b9d3abc3ddc61c8c08fd84",,"5","47","4","2","5","5","1","0","834","985","1","0","3","4","0.55","0.78","0","0",,,"0","155","2024-02-22 16:33:16"
"63b9d3abc3ddc61c8c08fd84",,"5","48","14","2","5","5","0","1","518","735","0","1","1","4","0.16","0.84","0","0",,,"1","160","2024-02-22 16:33:19"
"63b9d3abc3ddc61c8c08fd84",,"5","49","3","2","5","5","0","1","600","903","0","1","3","4","0.63","0.78","0","0",,,"0","160","2024-02-22 16:33:21"
"63b9d3abc3ddc61c8c08fd84",,"5","50","8","2","5","5","1","0","668","884","1","0","1","2","0.12","0.45","0","0",,,"0","160","2024-02-22 16:33:24"
"63b9d3abc3ddc61c8c08fd84",,"5","51","13","2","5","5","0","1","467","684","0","1","1","4","0.29","0.88","0","0",,,"1","165","2024-02-22 16:33:26"
"63b9d3abc3ddc61c8c08fd84",,"5","52","10","2","5","5","1","0","550","718","1","0","1","3","0.16","0.63","0","0",,,"0","165","2024-02-22 16:33:28"
"63b9d3abc3ddc61c8c08fd84",,"5","53","3","2","5","5","0","1","601","835","0","1","3","4","0.63","0.78","0","0",,,"1","170","2024-02-22 16:33:31"
"63b9d3abc3ddc61c8c08fd84",,"5","54","4","2","5","5","0","1","552","785","0","1","3","4","0.55","0.78","0","0",,,"1","175","2024-02-22 16:33:33"
"63b9d3abc3ddc61c8c08fd84",,"5","55","11","2","5","5","0","1","534","785","0","1","2","4","0.37","0.84","0","0",,,"1","180","2024-02-22 16:33:35"
"63b9d3abc3ddc61c8c08fd84",,"5","56","11","2","5","5","1","0","651","835","1","0","2","4","0.37","0.84","0","0",,,"1","185","2024-02-22 16:33:38"
"63b9d3abc3ddc61c8c08fd84",,"5","57","14","2","5","5","0","1","517","734","0","1","1","4","0.16","0.84","0","0",,,"1","190","2024-02-22 16:33:40"
"63b9d3abc3ddc61c8c08fd84",,"5","58","14","2","5","5","1","0","718","868","1","0","1","4","0.16","0.84","0","0",,,"0","190","2024-02-22 16:33:42"
"63b9d3abc3ddc61c8c08fd84",,"5","59","13","2","5","5","0","1","568","734","0","1","1","4","0.29","0.88","0","0",,,"0","190","2024-02-22 16:33:45"
"63b9d3abc3ddc61c8c08fd84",,"5","60","9","2","5","5","1","0","518","685","1","0","1","4","0.29","0.71","0","0",,,"1","195","2024-02-22 16:33:47"
"63b9d3abc3ddc61c8c08fd84",,"5","61","5","2","5","5","0","1","468","1286","1","1","1","2","0.22","0.45","0","0",,,"0","195","2024-02-22 16:33:50"
"63b9d3abc3ddc61c8c08fd84",,"5","62","3","2","5","5","1","0","702","903","1","0","3","4","0.63","0.78","0","0",,,"1","200","2024-02-22 16:33:53"
"63b9d3abc3ddc61c8c08fd84",,"5","63","1","2","5","5","1","0","919","1236","1","0","1","1","0.12","0.22","0","0",,,"0","200","2024-02-22 16:33:55"
"test",,"0","0","1","1","5","5","0","0","1000","1623","1","2","1","1","0.12","0.22","0","0",,,"0","0","2024-02-26 13:16:44"
"test",,"0","1","6","2","5","5","1","0","559","788","1","0","2","3","0.37","0.63","0","0",,,"1","5","2024-02-26 13:16:46"
"test",,"0","2","15","2","5","5","1","0","959","1081","1","0","1","4","0.12","0.88","0","0",,,"1","10","2024-02-26 13:16:49"
"test",,"0","3","9","2","5","5","1","0","659","859","1","0","1","4","0.29","0.71","0","0",,,"1","15","2024-02-26 13:16:51"
"test",,"0","4","15","2","5","5","0","1","740","1081","0","1","1","4","0.12","0.88","0","0",,,"1","20","2024-02-26 13:16:54"
"test",,"0","5","1","2","5","5","1","0","779","1427","1","0","1","1","0.12","0.22","0","0",,,"0","20","2024-02-26 13:16:57"
"test",,"0","6","15","1","5","5","1","1","559","1198","1","0","1","4","0.12","0.88","0","0",,,"0","20","2024-02-26 13:17:00"
"test",,"0","7","4","1","5","5","0","0","680","770","0","1","3","4","0.55","0.78","0","0",,,"1","25","2024-02-26 13:17:02"
"test",,"0","8","6","2","5","5","0","1","660","721","0","1","2","3","0.37","0.63","0","0",,,"0","25","2024-02-26 13:17:04"
"test",,"0","9","5","2","5","5","1","0","1459","1588","1","0","1","2","0.22","0.45","0","0",,,"0","25","2024-02-26 13:17:08"
"test",,"0","10","12","2","5","5","0","1","439","556","0","1","1","4","0.12","0.71","0","0",,,"1","30","2024-02-26 13:17:10"
"test",,"0","11","6","2","5","5","0","1","579","644","0","1","2","3","0.37","0.63","0","0",,,"1","35","2024-02-26 13:17:12"
"test",,"0","12","7","2","5","5","0","1","540","696","0","1","3","4","0.55","0.88","0","0",,,"1","40","2024-02-26 13:17:14"
"test",,"0","13","8","2","5","5","0","1","1159","1280","0","1","1","2","0.12","0.45","0","0",,,"1","45","2024-02-26 13:17:17"
"test",,"0","0","15","2","5","5","0","1","979","1118","0","1","1","4","0.12","0.88","0","0",,,"1","5","2024-02-26 13:20:05"
"test",,"0","1","3","2","5","5","0","1","940","1078","0","1","3","4","0.63","0.78","0","0",,,"1","10","2024-02-26 13:20:08"
"test",,"0","2","12","0","5","5","0","1","3320","0","0","1","1","4","0.12","0.71","0","0",,,"0","10","2024-02-26 13:20:12"
"test",,"0","3","4","2","5","5","1","0","660","818","1","0","3","4","0.55","0.78","0","0",,,"1","15","2024-02-26 13:20:14"
"test",,"0","0","9","0","0","0","0","1","0","0","0","0","1","4","0.29","0.71","0","0",,,"0","0","2024-02-26 13:35:50"
"test",,"0","1","15","2","5","5","1","0","1060","1361","1","1","1","4","0.12","0.88","0","0",,,"1","5","2024-02-26 13:35:52"
"test",,"0","2","7","2","5","5","0","1","900","1057","0","1","3","4","0.55","0.88","0","0",,,"1","10","2024-02-26 13:35:55"
"test",,"0","3","13","2","5","5","0","1","979","1184","0","1","1","4","0.29","0.88","0","0",,,"0","10","2024-02-26 13:35:58"
"test",,"0","0","4","2","5","5","1","0","959","1446","1","1","3","4","0.55","0.78","0","0",,,"1","5","2024-02-26 13:37:57"
"test",,"0","1","6","2","5","5","0","1","1119","1194","0","1","2","3","0.37","0.63","0","0",,,"1","10","2024-02-26 13:38:00"
"test",,"0","2","8","1","5","5","0","0","820","923","0","1","1","2","0.12","0.45","0","0",,,"0","10","2024-02-26 13:38:02"
"test",,"0","3","8","1","5","5","1","1","1059","1225","1","0","1","2","0.12","0.45","0","0",,,"1","15","2024-02-26 13:38:05"
"test",,"0","4","8","1","5","5","1","1","600","721","1","0","1","2","0.12","0.45","0","0",,,"0","15","2024-02-26 13:38:07"
"test",,"0","5","13","2","5","5","1","0","520","683","1","0","1","4","0.29","0.88","0","0",,,"1","20","2024-02-26 13:38:10"
"test",,"0","0","10","2","5","5","0","1","820","970","0","1","1","3","0.16","0.63","0","0",,,"0","0","2024-02-26 13:45:56"
"test",,"0","0","12","2","5","5","0","1","600","772","0","1","1","4","0.12","0.71","0","0",,,"1","5","2024-02-26 13:48:13"
"test",,"0","1","10","2","5","5","0","1","639","791","0","1","1","3","0.16","0.63","0","0",,,"1","10","2024-02-26 13:48:16"
"test",,"0","2","4","0","5","5","0","1","0","0","0","0","3","4","0.55","0.78","0","0",,,"0","10","2024-02-26 13:48:20"
"test",,"0","3","0","2","5","5","1","0","839","976","1","0","4","4","0.78","0.88","0","0",,,"1","15","2024-02-26 13:48:22"
"test",,"0","4","9","1","5","5","0","0","439","528","0","1","1","4","0.29","0.71","0","0",,,"0","15","2024-02-26 13:48:25"
"test",,"0","0","5","1","5","5","1","1","680","902","1","0","1","2","0.22","0.45","0","0",,,"0","0","2024-02-26 14:54:58"
"test",,"0","1","0","2","5","5","1","0","800","895","1","0","4","4","0.78","0.88","0","0",,,"1","5","2024-02-26 14:55:01"
"test",,"0","2","13","2","5","5","0","1","1620","1700","0","1","1","4","0.29","0.88","0","0",,,"0","5","2024-02-26 14:55:04"
"test",,"0","3","8","2","5","5","1","0","860","1011","1","0","1","2","0.12","0.45","0","0",,,"0","5","2024-02-26 14:55:07"
"test",,"0","4","10","2","5","5","1","0","940","1022","1","0","1","3","0.16","0.63","0","0",,,"0","5","2024-02-26 14:55:11"
"test",,"0","0","12","2","5","5","0","1","1339","1494","0","1","1","4","0.12","0.71","0","0",,,"1","5","2024-02-26 15:07:11"
"test",,"0","1","8","2","5","5","1","0","859","1097","1","0","1","2","0.12","0.45","0","0",,,"0","5","2024-02-26 15:07:14"
"test",,"0","2","12","2","5","5","0","1","539","696","0","1","1","4","0.12","0.71","0","0",,,"1","10","2024-02-26 15:07:17"
"test",,"0","3","2","1","5","5","1","1","1059","1220","1","0","1","2","0.22","0.37","0","0",,,"1","15","2024-02-26 15:07:19"
"test",,"0","4","10","2","5","5","0","1","440","613","0","1","1","3","0.16","0.63","0","0",,,"1","20","2024-02-26 15:07:22"
"test",,"0","5","11","2","5","5","0","1","439","712","0","1","2","4","0.37","0.84","0","0",,,"1","25","2024-02-26 15:07:24"
"test",,"0","6","3","2","5","5","0","1","439","944","0","1","3","4","0.63","0.78","0","0",,,"0","25","2024-02-26 15:07:27"
"test",,"0","7","11","2","5","5","1","0","420","604","1","0","2","4","0.37","0.84","0","0",,,"1","30","2024-02-26 15:07:30"
"test",,"0","8","10","2","5","5","1","0","479","832","1","0","1","3","0.16","0.63","0","0",,,"1","35","2024-02-26 15:07:32"
"test",,"0","9","1","2","5","5","0","1","859","961","0","1","1","1","0.12","0.22","0","0",,,"0","35","2024-02-26 15:07:35"
"test",,"0","10","7","2","5","5","1","0","799","887","1","0","3","4","0.55","0.88","0","0",,,"1","40","2024-02-26 15:07:38"
"test",,"0","11","6","2","5","5","0","1","580","1060","0","1","2","3","0.37","0.63","0","0",,,"1","45","2024-02-26 15:07:40"
"test",,"0","12","14","2","5","5","0","1","460","551","0","1","1","4","0.16","0.84","0","0",,,"1","50","2024-02-26 15:07:43"
"test",,"0","13","0","2","5","5","1","0","559","696","1","0","4","4","0.78","0.88","0","0",,,"1","55","2024-02-26 15:07:45"
"test",,"0","14","2","2","5","5","0","1","640","759","0","1","1","2","0.22","0.37","0","0",,,"1","60","2024-02-26 15:07:48"
"test",,"0","15","14","2","5","5","0","1","500","680","0","1","1","4","0.16","0.84","0","0",,,"0","60","2024-02-26 15:07:50"
"test",,"0","16","15","2","5","5","0","1","380","482","0","1","1","4","0.12","0.88","0","0",,,"1","65","2024-02-26 15:07:53"
"test",,"0","17","4","1","5","5","0","0","460","554","0","1","3","4","0.55","0.78","0","0",,,"0","65","2024-02-26 15:07:55"
"test",,"0","18","11","1","5","5","0","0","619","757","0","1","2","4","0.37","0.84","0","0",,,"0","65","2024-02-26 15:07:58"
"test",,"0","19","6","2","5","5","1","0","599","1353","1","1","2","3","0.37","0.63","0","0",,,"1","70","2024-02-26 15:08:01"
"test",,"0","20","1","1","5","5","0","0","620","749","0","1","1","1","0.12","0.22","0","0",,,"0","70","2024-02-26 15:08:03"
"test",,"0","21","7","1","5","5","0","0","1479","1544","0","1","3","4","0.55","0.88","0","0",,,"0","70","2024-02-26 15:08:07"
"test",,"0","22","8","2","5","5","0","1","1100","1383","0","1","1","2","0.12","0.45","0","0",,,"0","70","2024-02-26 15:08:10"
"test",,"0","0","1","1","5","5","0","0","1580","1776","0","1","1","1","0.12","0.22","0","0",,,"0","0","2024-02-27 10:26:30"
"test",,"0","1","12","1","5","5","0","0","779","909","0","1","1","4","0.12","0.71","0","0",,,"0","0","2024-02-27 10:26:33"
"test",,"0","2","4","2","5","5","1","0","1599","1725","1","0","3","4","0.55","0.78","0","0",,,"1","5","2024-02-27 10:26:36"
"test",,"0","3","6","2","5","5","0","1","999","1121","0","1","2","3","0.37","0.63","0","0",,,"0","5","2024-02-27 10:26:39"
"test",,"0","4","8","2","5","5","1","0","919","1220","1","0","1","2","0.12","0.45","0","0",,,"1","10","2024-02-27 10:26:42"
"test",,"0","5","3","2","5","5","0","1","1000","1132","0","1","3","4","0.63","0.78","0","0",,,"1","15","2024-02-27 10:26:45"
"test",,"0","6","10","2","5","5","0","1","599","700","0","1","1","3","0.16","0.63","0","0",,,"1","20","2024-02-27 10:26:47"
"test",,"0","7","11","2","5","5","1","0","579","724","1","0","2","4","0.37","0.84","0","0",,,"1","25","2024-02-27 10:26:50"
"test",,"0","8","11","2","5","5","0","1","800","924","0","1","2","4","0.37","0.84","0","0",,,"1","30","2024-02-27 10:26:52"
"test",,"0","9","8","2","5","5","0","1","1300","1788","1","2","1","2","0.12","0.45","0","0",,,"1","35","2024-02-27 10:26:56"
"test",,"0","10","10","2","5","5","0","1","1200","1288","0","1","1","3","0.16","0.63","0","0",,,"1","40","2024-02-27 10:26:59"
"test",,"0","11","14","2","5","5","1","0","460","560","1","0","1","4","0.16","0.84","0","0",,,"1","45","2024-02-27 10:27:01"
"test",,"0","12","7","2","5","5","0","1","939","1084","0","1","3","4","0.55","0.88","0","0",,,"1","50","2024-02-27 10:27:04"
"test",,"0","13","2","2","5","5","0","1","1040","1160","0","1","1","2","0.22","0.37","0","0",,,"1","55","2024-02-27 10:27:07"
"test",,"0","14","13","2","5","5","0","1","540","627","0","1","1","4","0.29","0.88","0","0",,,"1","60","2024-02-27 10:27:09"
"test",,"0","15","0","2","5","5","1","0","719","824","1","0","4","4","0.78","0.88","0","0",,,"1","65","2024-02-27 10:27:12"
"test",,"0","16","1","2","5","5","0","1","1360","1452","0","1","1","1","0.12","0.22","0","0",,,"0","65","2024-02-27 10:27:15"
"test",,"0","17","9","2","5","5","1","0","1119","1214","1","0","1","4","0.29","0.71","0","0",,,"1","70","2024-02-27 10:27:18"
"test",,"0","0","13","2","5","5","1","0","1159","1296","1","0","1","4","0.29","0.88","0","0",,,"1","5","2024-02-27 10:33:05"
"test",,"0","1","8","2","5","5","0","1","1219","1352","0","1","1","2","0.12","0.45","0","0",,,"0","5","2024-02-27 10:33:08"
"test",,"0","2","8","2","5","5","1","0","719","937","1","0","1","2","0.12","0.45","0","0",,,"0","5","2024-02-27 10:33:11"
"test",,"0","3","15","2","5","5","0","1","599","672","0","1","1","4","0.12","0.88","0","0",,,"1","10","2024-02-27 10:33:13"
"test",,"0","4","5","2","5","5","0","1","1079","1256","0","1","1","2","0.22","0.45","0","0",,,"1","15","2024-02-27 10:33:16"
"test",,"0","5","12","2","5","5","0","1","1379","1609","0","1","1","4","0.12","0.71","0","0",,,"1","20","2024-02-27 10:33:19"
"test",,"0","6","2","2","5","5","0","1","1760","1897","0","1","1","2","0.22","0.37","0","0",,,"0","20","2024-02-27 10:33:23"
"test",,"0","7","8","2","5","5","1","0","1060","1171","1","0","1","2","0.12","0.45","0","0",,,"0","20","2024-02-27 10:33:26"
"test",,"0","8","9","2","5","5","1","0","719","970","1","0","1","4","0.29","0.71","0","0",,,"1","25","2024-02-27 10:33:29"
"test",,"0","9","2","2","5","5","1","0","1579","2250","2","2","1","2","0.22","0.37","0","0",,,"1","30","2024-02-27 10:33:33"
"test",,"0","10","10","2","5","5","1","0","879","1054","1","0","1","3","0.16","0.63","0","0",,,"0","30","2024-02-27 10:33:35"
"test",,"0","11","4","2","5","5","0","1","600","738","0","1","3","4","0.55","0.78","0","0",,,"1","35","2024-02-27 10:33:38"
"test",,"0","12","2","2","5","5","0","1","999","1090","0","1","1","2","0.22","0.37","0","0",,,"0","35","2024-02-27 10:33:41"
"test",,"0","13","14","2","5","5","0","1","779","853","0","1","1","4","0.16","0.84","0","0",,,"1","40","2024-02-27 10:33:44"
"test",,"0","14","1","2","5","5","0","1","1020","1161","0","1","1","1","0.12","0.22","0","0",,,"0","40","2024-02-27 10:33:46"
"test",,"0","15","12","1","5","5","1","1","779","872","1","0","1","4","0.12","0.71","0","0",,,"0","40","2024-02-27 10:33:49"
"test",,"0","16","6","2","5","5","0","1","1159","1263","0","1","2","3","0.37","0.63","0","0",,,"1","45","2024-02-27 10:33:52"
"test",,"0","17","5","2","5","5","0","1","640","803","0","1","1","2","0.22","0.45","0","0",,,"1","50","2024-02-27 10:33:55"
"test",,"0","18","3","2","5","5","0","1","1800","1840","0","1","3","4","0.63","0.78","0","0",,,"0","50","2024-02-27 10:33:58"
"test",,"0","19","6","2","5","5","0","1","520","607","0","1","2","3","0.37","0.63","0","0",,,"0","50","2024-02-27 10:34:01"
"test",,"0","20","11","2","5","5","0","1","540","630","0","1","2","4","0.37","0.84","0","0",,,"1","55","2024-02-27 10:34:04"
"test",,"0","21","1","2","5","5","1","0","1680","1873","1","0","1","1","0.12","0.22","0","0",,,"0","55","2024-02-27 10:34:07"
"test",,"0","22","0","2","5","5","0","1","979","1132","0","1","4","4","0.78","0.88","0","0",,,"1","60","2024-02-27 10:34:10"
"test",,"0","23","7","2","5","5","1","0","1939","2113","1","0","3","4","0.55","0.88","0","0",,,"1","65","2024-02-27 10:34:14"
"test",,"0","0","5","2","5","5","1","0","700","904","1","0","1","2","0.22","0.45","0","0",,,"0","0","2024-02-27 10:35:19"
"test",,"0","1","15","2","5","5","0","1","659","729","0","1","1","4","0.12","0.88","0","0",,,"1","5","2024-02-27 10:35:21"
"test",,"0","2","9","2","5","5","1","0","460","529","1","0","1","4","0.29","0.71","0","0",,,"0","5","2024-02-27 10:35:23"
"test",,"0","3","6","2","5","5","1","0","779","864","1","0","2","3","0.37","0.63","0","0",,,"1","10","2024-02-27 10:35:26"
"test",,"0","4","4","2","5","5","1","0","479","540","1","0","3","4","0.55","0.78","0","0",,,"1","15","2024-02-27 10:35:29"
"test",,"0","5","14","2","5","5","1","0","580","685","1","0","1","4","0.16","0.84","0","0",,,"0","15","2024-02-27 10:35:31"
"test",,"0","6","10","2","5","5","0","1","499","560","0","1","1","3","0.16","0.63","0","0",,,"0","15","2024-02-27 10:35:34"
"test",,"0","7","4","2","5","5","1","0","419","514","1","0","3","4","0.55","0.78","0","0",,,"0","15","2024-02-27 10:35:36"
"test",,"0","8","13","2","5","5","0","1","399","487","0","1","1","4","0.29","0.88","0","0",,,"1","20","2024-02-27 10:35:39"
"test",,"0","9","12","2","5","5","1","0","699","831","1","0","1","4","0.12","0.71","0","0",,,"1","25","2024-02-27 10:35:41"
"test",,"0","10","2","2","5","5","0","1","699","803","0","1","1","2","0.22","0.37","0","0",,,"1","30","2024-02-27 10:35:44"
"test",,"0","11","3","1","5","5","1","1","1119","1234","1","0","3","4","0.63","0.78","0","0",,,"0","30","2024-02-27 10:35:47"
"test",,"0","12","15","2","5","5","1","0","420","530","1","0","1","4","0.12","0.88","0","0",,,"1","35","2024-02-27 10:35:49"
"test",,"0","13","13","2","5","5","0","1","780","865","0","1","1","4","0.29","0.88","0","0",,,"1","40","2024-02-27 10:35:52"
"test",,"0","14","11","2","5","5","0","1","960","1126","0","1","2","4","0.37","0.84","0","0",,,"1","45","2024-02-27 10:35:55"
"test",,"0","15","10","2","5","5","1","0","860","982","1","0","1","3","0.16","0.63","0","0",,,"0","45","2024-02-27 10:35:57"
"test",,"0","16","11","2","5","5","0","1","399","537","0","1","2","4","0.37","0.84","0","0",,,"1","50","2024-02-27 10:36:00"
"test",,"0","17","0","2","5","5","0","1","799","921","0","1","1","1","0.16","0.29","0","0",,,"0","50","2024-02-27 10:36:02"
"test",,"0","18","14","2","5","5","0","1","580","645","0","1","1","4","0.16","0.84","0","0",,,"1","55","2024-02-27 10:36:05"
"test",,"0","0","15","2","5","5","0","1","2180","2410","1","1","1","4","0.12","0.88","0","0",,,"1","5","2024-02-27 12:19:05"
"test",,"0","1","0","2","5","5","1","0","2359","2537","1","0","1","1","0.16","0.29","0","0",,,"0","5","2024-02-27 12:19:09"
"5f765a3c8a6ec010370c9cc1",,"0","0","13","1","5","5","1","1","1250","1748","1","0","1","4","0.29","0.88","0","0",,,"0","0","2024-02-27 13:23:56"
"5f765a3c8a6ec010370c9cc1",,"0","1","4","1","5","5","0","0","421","656","0","1","3","4","0.55","0.78","0","0",,,"1","5","2024-02-27 13:23:59"
"5f765a3c8a6ec010370c9cc1",,"0","2","10","1","5","5","1","1","526","708","1","0","1","3","0.16","0.63","0","0",,,"0","5","2024-02-27 13:24:01"
"5f765a3c8a6ec010370c9cc1",,"0","3","10","2","5","5","1","0","529","761","1","0","1","3","0.16","0.63","0","0",,,"1","10","2024-02-27 13:24:04"
"5f765a3c8a6ec010370c9cc1",,"0","4","14","2","5","5","0","1","504","749","0","1","1","4","0.16","0.84","0","0",,,"1","15","2024-02-27 13:24:07"
"5f765a3c8a6ec010370c9cc1",,"0","5","2","2","5","5","0","1","660","903","0","1","1","2","0.22","0.37","0","0",,,"0","15","2024-02-27 13:24:10"
"5f765a3c8a6ec010370c9cc1",,"0","6","11","2","5","5","1","0","487","663","1","0","2","4","0.37","0.84","0","0",,,"1","20","2024-02-27 13:24:12"
"5f765a3c8a6ec010370c9cc1",,"0","7","3","2","5","5","0","1","593","769","0","1","3","4","0.63","0.78","0","0",,,"1","25","2024-02-27 13:24:15"
"5f765a3c8a6ec010370c9cc1",,"0","8","1","2","5","5","1","0","530","653","1","0","4","4","0.71","0.84","0","0",,,"1","30","2024-02-27 13:24:17"
"5f765a3c8a6ec010370c9cc1",,"0","9","6","2","5","5","0","1","584","754","0","1","2","3","0.37","0.63","0","0",,,"0","30","2024-02-27 13:24:20"
"5f765a3c8a6ec010370c9cc1",,"0","10","11","2","5","5","1","0","431","547","1","0","2","4","0.37","0.84","0","0",,,"1","35","2024-02-27 13:24:23"
"5f765a3c8a6ec010370c9cc1",,"0","11","11","2","5","5","1","0","427","592","1","0","2","4","0.37","0.84","0","0",,,"1","40","2024-02-27 13:24:25"
"5f765a3c8a6ec010370c9cc1",,"0","12","2","2","5","5","1","0","553","790","1","0","1","2","0.22","0.37","0","0",,,"1","45","2024-02-27 13:24:28"
"5f765a3c8a6ec010370c9cc1",,"0","13","7","2","5","5","0","1","495","612","0","1","3","4","0.55","0.88","0","0",,,"1","50","2024-02-27 13:24:31"
"5f765a3c8a6ec010370c9cc1",,"0","14","0","2","5","5","1","0","630","802","1","0","1","1","0.16","0.29","0","0",,,"0","50","2024-02-27 13:24:33"
"5f765a3c8a6ec010370c9cc1",,"0","15","10","2","5","5","1","0","493","665","1","0","1","3","0.16","0.63","0","0",,,"0","50","2024-02-27 13:24:36"
"5f765a3c8a6ec010370c9cc1",,"0","16","13","2","5","5","0","1","434","605","0","1","1","4","0.29","0.88","0","0",,,"0","50","2024-02-27 13:24:39"
"5f765a3c8a6ec010370c9cc1",,"0","17","15","2","5","5","1","0","420","590","1","0","1","4","0.12","0.88","0","0",,,"1","55","2024-02-27 13:24:42"
"5f765a3c8a6ec010370c9cc1",,"0","18","5","2","5","5","1","0","577","758","1","0","1","2","0.22","0.45","0","0",,,"1","60","2024-02-27 13:24:44"
"5f765a3c8a6ec010370c9cc1",,"0","19","8","2","5","5","1","0","551","787","1","0","1","2","0.12","0.45","0","0",,,"1","65","2024-02-27 13:24:47"
"5f765a3c8a6ec010370c9cc1",,"0","20","6","2","5","5","1","0","573","747","1","0","2","3","0.37","0.63","0","0",,,"1","70","2024-02-27 13:24:49"
"5f765a3c8a6ec010370c9cc1",,"0","21","3","2","5","5","1","0","536","783","1","0","3","4","0.63","0.78","0","0",,,"1","75","2024-02-27 13:24:52"
"5f765a3c8a6ec010370c9cc1",,"0","22","6","2","5","5","0","1","604","955","0","1","2","3","0.37","0.63","0","0",,,"0","75","2024-02-27 13:24:55"
"5f765a3c8a6ec010370c9cc1",,"0","23","9","2","5","5","0","1","500","677","0","1","1","4","0.29","0.71","0","0",,,"1","80","2024-02-27 13:24:57"
"5f765a3c8a6ec010370c9cc1",,"0","24","1","2","5","5","1","0","529","765","1","0","4","4","0.71","0.84","0","0",,,"1","85","2024-02-27 13:25:00"
"5f765a3c8a6ec010370c9cc1",,"0","25","0","2","5","5","0","1","803","1554","1","1","1","1","0.16","0.29","0","0",,,"0","85","2024-02-27 13:25:03"
"5f765a3c8a6ec010370c9cc1",,"0","26","12","2","5","5","1","0","506","618","1","0","1","4","0.12","0.71","0","0",,,"1","90","2024-02-27 13:25:06"
"5f765a3c8a6ec010370c9cc1",,"0","27","3","2","5","5","1","0","497","608","1","0","3","4","0.63","0.78","0","0",,,"1","95","2024-02-27 13:25:09"
"5fb9eb323531776e460fe5e0",,"0","0","5","1","5","5","0","0","118","1102","1","2","1","2","0.22","0.45","0","0",,,"0","0","2024-02-27 13:25:10"
"5f765a3c8a6ec010370c9cc1",,"0","28","10","2","5","5","1","0","478","713","1","0","1","3","0.16","0.63","0","0",,,"1","100","2024-02-27 13:25:11"
"5fb9eb323531776e460fe5e0",,"0","1","1","2","5","5","0","1","662","1002","0","1","4","4","0.71","0.84","0","0",,,"1","5","2024-02-27 13:25:13"
"5f765a3c8a6ec010370c9cc1",,"0","29","5","2","5","5","0","1","845","1025","0","1","1","2","0.22","0.45","0","0",,,"0","100","2024-02-27 13:25:14"
"5fb9eb323531776e460fe5e0",,"0","2","11","2","5","5","0","1","594","983","0","1","2","4","0.37","0.84","0","0",,,"1","10","2024-02-27 13:25:16"
"5f765a3c8a6ec010370c9cc1",,"0","30","9","2","5","5","0","1","538","660","0","1","1","4","0.29","0.71","0","0",,,"1","105","2024-02-27 13:25:17"
"5fb9eb323531776e460fe5e0",,"0","3","15","2","5","5","1","0","678","1069","1","0","1","4","0.12","0.88","0","0",,,"1","15","2024-02-27 13:25:18"
"5f765a3c8a6ec010370c9cc1",,"0","31","5","2","5","5","0","1","685","871","0","1","1","2","0.22","0.45","0","0",,,"0","105","2024-02-27 13:25:20"
"5fb9eb323531776e460fe5e0",,"0","4","12","2","5","5","1","0","492","881","1","0","1","4","0.12","0.71","0","0",,,"0","15","2024-02-27 13:25:21"
"5f765a3c8a6ec010370c9cc1",,"0","32","11","1","5","5","1","1","552","733","1","0","2","4","0.37","0.84","0","0",,,"1","110","2024-02-27 13:25:22"
"5fb9eb323531776e460fe5e0",,"0","5","15","2","5","5","1","0","474","865","1","0","1","4","0.12","0.88","0","0",,,"1","20","2024-02-27 13:25:24"
"5f765a3c8a6ec010370c9cc1",,"0","33","12","2","5","5","0","1","632","882","0","1","1","4","0.12","0.71","0","0",,,"1","115","2024-02-27 13:25:25"
"5fb9eb323531776e460fe5e0",,"0","6","12","2","5","5","0","1","627","1068","0","1","1","4","0.12","0.71","0","0",,,"0","20","2024-02-27 13:25:27"
"5f765a3c8a6ec010370c9cc1",,"0","34","12","2","5","5","1","0","593","763","1","0","1","4","0.12","0.71","0","0",,,"1","120","2024-02-27 13:25:28"
"5fb9eb323531776e460fe5e0",,"0","7","10","2","5","5","0","1","967","1339","0","1","1","3","0.16","0.63","0","0",,,"0","20","2024-02-27 13:25:30"
"5f765a3c8a6ec010370c9cc1",,"0","35","7","2","5","5","1","0","480","704","1","0","3","4","0.55","0.88","0","0",,,"1","125","2024-02-27 13:25:30"
"5fb9eb323531776e460fe5e0",,"0","8","6","1","5","5","0","0","577","1000","0","1","2","3","0.37","0.63","0","0",,,"0","20","2024-02-27 13:25:33"
"5f765a3c8a6ec010370c9cc1",,"0","36","4","2","5","5","0","1","657","837","0","1","3","4","0.55","0.78","0","0",,,"1","130","2024-02-27 13:25:33"
"5f765a3c8a6ec010370c9cc1",,"0","37","15","2","5","5","1","0","603","779","1","0","1","4","0.12","0.88","0","0",,,"1","135","2024-02-27 13:25:36"
"5fb9eb323531776e460fe5e0",,"0","9","7","1","5","5","1","1","576","1018","1","0","3","4","0.55","0.88","0","0",,,"1","25","2024-02-27 13:25:36"
"5f765a3c8a6ec010370c9cc1",,"0","38","9","2","5","5","1","0","493","722","1","0","1","4","0.29","0.71","0","0",,,"1","140","2024-02-27 13:25:38"
"5fb9eb323531776e460fe5e0",,"0","10","12","1","5","5","0","0","661","1068","0","1","1","4","0.12","0.71","0","0",,,"0","25","2024-02-27 13:25:39"
"5f765a3c8a6ec010370c9cc1",,"0","39","14","2","5","5","1","0","483","664","1","0","1","4","0.16","0.84","0","0",,,"0","140","2024-02-27 13:25:41"
"5fb9eb323531776e460fe5e0",,"0","11","13","1","5","5","1","1","643","982","1","0","1","4","0.29","0.88","0","0",,,"0","25","2024-02-27 13:25:42"
"5f765a3c8a6ec010370c9cc1",,"0","40","4","2","5","5","1","0","441","675","1","0","3","4","0.55","0.78","0","0",,,"1","145","2024-02-27 13:25:43"
"5fb9eb323531776e460fe5e0",,"0","12","10","2","5","5","1","0","609","1068","1","0","1","3","0.16","0.63","0","0",,,"0","25","2024-02-27 13:25:45"
"5f765a3c8a6ec010370c9cc1",,"0","41","12","2","5","5","0","1","587","835","0","1","1","4","0.12","0.71","0","0",,,"1","150","2024-02-27 13:25:46"
"5fb9eb323531776e460fe5e0",,"0","13","10","1","5","5","0","0","576","949","0","1","1","3","0.16","0.63","0","0",,,"0","25","2024-02-27 13:25:47"
"5f765a3c8a6ec010370c9cc1",,"0","42","13","2","5","5","1","0","477","650","1","0","1","4","0.29","0.88","0","0",,,"1","155","2024-02-27 13:25:49"
"5fb9eb323531776e460fe5e0",,"0","14","8","2","5","5","1","0","932","1288","1","0","1","2","0.12","0.45","0","0",,,"0","25","2024-02-27 13:25:51"
"5f765a3c8a6ec010370c9cc1",,"0","43","14","2","5","5","1","0","490","664","1","0","1","4","0.16","0.84","0","0",,,"1","160","2024-02-27 13:25:51"
"5fb9eb323531776e460fe5e0",,"0","15","11","2","5","5","1","0","814","1204","1","0","2","4","0.37","0.84","0","0",,,"1","30","2024-02-27 13:25:54"
"5f765a3c8a6ec010370c9cc1",,"0","44","8","2","5","5","1","0","1226","1418","1","0","1","2","0.12","0.45","0","0",,,"1","165","2024-02-27 13:25:54"
"5fb9eb323531776e460fe5e0",,"0","16","5","2","5","5","0","1","779","1203","0","1","1","2","0.22","0.45","0","0",,,"0","30","2024-02-27 13:25:57"
"5f765a3c8a6ec010370c9cc1",,"0","45","1","2","5","5","1","0","771","894","1","0","4","4","0.71","0.84","0","0",,,"1","170","2024-02-27 13:25:57"
"5f765a3c8a6ec010370c9cc1",,"0","46","3","2","5","5","1","0","496","737","1","0","3","4","0.63","0.78","0","0",,,"1","175","2024-02-27 13:26:00"
"5fb9eb323531776e460fe5e0",,"0","17","15","2","5","5","0","1","1000","1373","0","1","1","4","0.12","0.88","0","0",,,"0","30","2024-02-27 13:26:00"
"5f765a3c8a6ec010370c9cc1",,"0","47","15","2","5","5","0","1","783","972","0","1","1","4","0.12","0.88","0","0",,,"1","180","2024-02-27 13:26:02"
"5fb9eb323531776e460fe5e0",,"0","18","2","1","5","5","0","0","999","1372","0","1","1","2","0.22","0.37","0","0",,,"0","30","2024-02-27 13:26:03"
"5f765a3c8a6ec010370c9cc1",,"0","48","15","2","5","5","1","0","433","659","1","0","1","4","0.12","0.88","0","0",,,"0","180","2024-02-27 13:26:05"
"5fb9eb323531776e460fe5e0",,"0","19","13","2","5","5","1","0","508","1374","1","0","1","4","0.29","0.88","0","0",,,"1","35","2024-02-27 13:26:07"
"5f765a3c8a6ec010370c9cc1",,"0","49","5","1","5","5","1","1","1110","1372","1","0","1","2","0.22","0.45","0","0",,,"1","185","2024-02-27 13:26:08"
"5fb9eb323531776e460fe5e0",,"0","20","6","2","5","5","1","0","643","1272","1","0","2","3","0.37","0.63","0","0",,,"0","35","2024-02-27 13:26:10"
"5f765a3c8a6ec010370c9cc1",,"0","50","8","1","5","5","0","0","888","1009","0","1","1","2","0.12","0.45","0","0",,,"0","185","2024-02-27 13:26:11"
"5fb9eb323531776e460fe5e0",,"0","21","7","1","5","5","0","0","610","1933","1","1","3","4","0.55","0.88","0","0",,,"1","40","2024-02-27 13:26:13"
"5f765a3c8a6ec010370c9cc1",,"0","51","0","2","5","5","0","1","865","992","0","1","1","1","0.16","0.29","0","0",,,"0","185","2024-02-27 13:26:14"
"5fb9eb323531776e460fe5e0",,"0","22","14","1","5","5","1","1","881","1238","1","0","1","4","0.16","0.84","0","0",,,"0","40","2024-02-27 13:26:16"
"5f765a3c8a6ec010370c9cc1",,"0","52","6","2","5","5","0","1","791","911","0","1","2","3","0.37","0.63","0","0",,,"0","185","2024-02-27 13:26:17"
"5fb9eb323531776e460fe5e0",,"0","23","3","2","5","5","1","0","1170","1508","1","0","3","4","0.63","0.78","0","0",,,"1","45","2024-02-27 13:26:19"
"5f765a3c8a6ec010370c9cc1",,"0","53","4","2","5","5","0","1","773","957","0","1","3","4","0.55","0.78","0","0",,,"1","190","2024-02-27 13:26:20"
"5fb9eb323531776e460fe5e0",,"0","24","1","2","5","5","0","1","1018","1408","0","1","4","4","0.71","0.84","0","0",,,"1","50","2024-02-27 13:26:22"
"5f765a3c8a6ec010370c9cc1",,"0","54","7","2","5","5","0","1","612","794","0","1","3","4","0.55","0.88","0","0",,,"1","195","2024-02-27 13:26:23"
"5f765a3c8a6ec010370c9cc1",,"0","55","7","2","5","5","1","0","597","835","1","0","3","4","0.55","0.88","0","0",,,"1","200","2024-02-27 13:26:26"
"5fb9eb323531776e460fe5e0",,"0","25","11","2","5","5","1","0","1237","1678","1","0","2","4","0.37","0.84","0","0",,,"1","55","2024-02-27 13:26:26"
"5f765a3c8a6ec010370c9cc1",,"0","56","13","2","5","5","1","0","439","680","1","0","1","4","0.29","0.88","0","0",,,"1","205","2024-02-27 13:26:28"
"5fb9eb323531776e460fe5e0",,"0","26","0","2","5","5","0","1","1390","1763","0","1","1","1","0.16","0.29","0","0",,,"0","55","2024-02-27 13:26:29"
"5f765a3c8a6ec010370c9cc1",,"0","57","2","1","5","5","1","1","885","1065","1","0","1","2","0.22","0.37","0","0",,,"1","210","2024-02-27 13:26:31"
"5fb9eb323531776e460fe5e0",,"0","27","9","1","5","5","1","1","1034","1408","1","0","1","4","0.29","0.71","0","0",,,"1","60","2024-02-27 13:26:32"
"5f765a3c8a6ec010370c9cc1",,"0","58","9","2","5","5","1","0","558","735","1","0","1","4","0.29","0.71","0","0",,,"1","215","2024-02-27 13:26:34"
"5fb9eb323531776e460fe5e0",,"0","28","4","2","5","5","1","0","982","1695","1","1","3","4","0.55","0.78","0","0",,,"1","65","2024-02-27 13:26:36"
"5f765a3c8a6ec010370c9cc1",,"0","59","14","2","5","5","0","1","648","890","0","1","1","4","0.16","0.84","0","0",,,"1","220","2024-02-27 13:26:36"
"5fb9eb323531776e460fe5e0",,"0","29","3","2","5","5","1","0","1085","1457","1","0","3","4","0.63","0.78","0","0",,,"1","70","2024-02-27 13:26:39"
"5f765a3c8a6ec010370c9cc1",,"0","60","2","1","5","5","1","1","1018","1270","1","0","1","2","0.22","0.37","0","0",,,"0","220","2024-02-27 13:26:39"
"5fb9eb323531776e460fe5e0",,"0","30","0","2","5","5","0","1","1067","1526","0","1","1","1","0.16","0.29","0","0",,,"0","70","2024-02-27 13:26:42"
"5f765a3c8a6ec010370c9cc1",,"0","61","0","2","5","5","1","0","557","799","1","0","1","1","0.16","0.29","0","0",,,"1","225","2024-02-27 13:26:42"
"5fb9eb323531776e460fe5e0",,"0","31","10","1","5","5","0","0","914","1220","0","1","1","3","0.16","0.63","0","0",,,"1","75","2024-02-27 13:26:45"
"5f765a3c8a6ec010370c9cc1",,"0","62","1","2","5","5","0","1","793","1168","0","1","4","4","0.71","0.84","0","0",,,"1","230","2024-02-27 13:26:45"
"5f765a3c8a6ec010370c9cc1",,"0","63","8","2","5","5","1","0","587","776","1","0","1","2","0.12","0.45","0","0",,,"1","235","2024-02-27 13:26:48"
"5fb9eb323531776e460fe5e0",,"0","32","9","1","5","5","1","1","728","1151","1","0","1","4","0.29","0.71","0","0",,,"0","75","2024-02-27 13:26:48"
"5fb9eb323531776e460fe5e0",,"0","33","5","1","5","5","1","1","950","1306","1","0","1","2","0.22","0.45","0","0",,,"0","75","2024-02-27 13:26:51"
"5fb9eb323531776e460fe5e0",,"0","34","14","1","5","5","0","0","1152","1474","0","1","1","4","0.16","0.84","0","0",,,"1","80","2024-02-27 13:26:55"
"5fb9eb323531776e460fe5e0",,"0","35","4","2","5","5","0","1","1322","2373","1","1","3","4","0.55","0.78","0","0",,,"0","80","2024-02-27 13:26:59"
"5fb9eb323531776e460fe5e0",,"0","36","8","1","5","5","1","1","1051","1390","1","0","1","2","0.12","0.45","0","0",,,"0","80","2024-02-27 13:27:02"
"5fb9eb323531776e460fe5e0",,"0","37","7","1","5","5","1","1","999","1354","1","0","3","4","0.55","0.88","0","0",,,"1","85","2024-02-27 13:27:05"
"5f765a3c8a6ec010370c9cc1",,"1","0","3","2","5","5","0","1","232","1671","1","1","3","4","0.63","0.78","0","0",,,"0","0","2024-02-27 13:27:07"
"5fb9eb323531776e460fe5e0",,"0","38","0","2","5","5","0","1","1355","2441","1","1","1","1","0.16","0.29","0","0",,,"0","85","2024-02-27 13:27:09"
"5f765a3c8a6ec010370c9cc1",,"1","1","13","2","5","5","1","0","543","720","1","0","1","4","0.29","0.88","0","0",,,"1","5","2024-02-27 13:27:10"
"5fb9eb323531776e460fe5e0",,"0","39","13","1","5","5","1","1","492","848","1","0","1","4","0.29","0.88","0","0",,,"0","85","2024-02-27 13:27:12"
"5f765a3c8a6ec010370c9cc1",,"1","2","5","2","5","5","1","0","677","855","1","0","1","2","0.22","0.45","0","0",,,"0","5","2024-02-27 13:27:13"
"5fb9eb323531776e460fe5e0",,"0","40","4","1","5","5","1","1","509","1136","1","0","3","4","0.55","0.78","0","0",,,"1","90","2024-02-27 13:27:15"
"5f765a3c8a6ec010370c9cc1",,"1","3","0","1","5","5","0","0","968","1159","0","1","1","1","0.16","0.29","0","0",,,"0","5","2024-02-27 13:27:16"
"5fb9eb323531776e460fe5e0",,"0","41","2","1","5","5","1","1","1084","1492","1","0","1","2","0.22","0.37","0","0",,,"0","90","2024-02-27 13:27:18"
"5f765a3c8a6ec010370c9cc1",,"1","4","14","2","5","5","1","0","592","715","1","0","1","4","0.16","0.84","0","0",,,"1","10","2024-02-27 13:27:19"
"5f765a3c8a6ec010370c9cc1",,"1","5","11","2","5","5","0","1","499","683","0","1","2","4","0.37","0.84","0","0",,,"1","15","2024-02-27 13:27:21"
"5fb9eb323531776e460fe5e0",,"0","42","4","1","5","5","0","0","864","1710","1","1","3","4","0.55","0.78","0","0",,,"0","90","2024-02-27 13:27:22"
"5f765a3c8a6ec010370c9cc1",,"1","6","1","2","5","5","1","0","379","550","1","0","4","4","0.71","0.84","0","0",,,"1","20","2024-02-27 13:27:24"
"5fb9eb323531776e460fe5e0",,"0","43","6","1","5","5","1","1","931","1303","1","0","2","3","0.37","0.63","0","0",,,"0","90","2024-02-27 13:27:25"
"5f765a3c8a6ec010370c9cc1",,"1","7","5","2","5","5","1","0","651","766","1","0","1","2","0.22","0.45","0","0",,,"1","25","2024-02-27 13:27:26"
"5fb9eb323531776e460fe5e0",,"0","44","6","2","5","5","1","0","814","1238","1","0","2","3","0.37","0.63","0","0",,,"1","95","2024-02-27 13:27:28"
"5f765a3c8a6ec010370c9cc1",,"1","8","0","2","5","5","0","1","900","1091","0","1","1","1","0.16","0.29","0","0",,,"0","25","2024-02-27 13:27:29"
"5fb9eb323531776e460fe5e0",,"0","45","8","2","5","5","0","1","1119","1474","0","1","1","2","0.12","0.45","0","0",,,"0","95","2024-02-27 13:27:31"
"5f765a3c8a6ec010370c9cc1",,"1","9","8","2","5","5","1","0","611","786","1","0","1","2","0.12","0.45","0","0",,,"1","30","2024-02-27 13:27:32"
"5fb9eb323531776e460fe5e0",,"0","46","9","2","5","5","1","0","1237","1593","1","0","1","4","0.29","0.71","0","0",,,"1","100","2024-02-27 13:27:35"
"5f765a3c8a6ec010370c9cc1",,"1","10","12","2","5","5","0","1","701","823","0","1","1","4","0.12","0.71","0","0",,,"1","35","2024-02-27 13:27:35"
"5f765a3c8a6ec010370c9cc1",,"1","11","7","2","5","5","0","1","530","706","0","1","3","4","0.55","0.88","0","0",,,"1","40","2024-02-27 13:27:37"
"5fb9eb323531776e460fe5e0",,"0","47","11","2","5","5","0","1","1018","1458","0","1","2","4","0.37","0.84","0","0",,,"1","105","2024-02-27 13:27:38"
"5f765a3c8a6ec010370c9cc1",,"1","12","15","2","5","5","1","0","544","719","1","0","1","4","0.12","0.88","0","0",,,"1","45","2024-02-27 13:27:40"
"5fb9eb323531776e460fe5e0",,"0","48","2","2","5","5","0","1","1474","1813","0","1","1","2","0.22","0.37","0","0",,,"1","110","2024-02-27 13:27:41"
"5f765a3c8a6ec010370c9cc1",,"1","13","12","2","5","5","1","0","492","671","1","0","1","4","0.12","0.71","0","0",,,"1","50","2024-02-27 13:27:42"
"5fb9eb323531776e460fe5e0",,"0","49","1","2","5","5","0","1","1373","1729","0","1","4","4","0.71","0.84","0","0",,,"1","115","2024-02-27 13:27:44"
"5f765a3c8a6ec010370c9cc1",,"1","14","12","2","5","5","0","1","1080","1263","0","1","1","4","0.12","0.71","0","0",,,"0","50","2024-02-27 13:27:45"
"5fb9eb323531776e460fe5e0",,"0","50","1","2","5","5","1","0","1033","1423","1","0","4","4","0.71","0.84","0","0",,,"0","115","2024-02-27 13:27:47"
"5f765a3c8a6ec010370c9cc1",,"1","15","9","2","5","5","0","1","908","1038","0","1","1","4","0.29","0.71","0","0",,,"1","55","2024-02-27 13:27:48"
"5fb9eb323531776e460fe5e0",,"0","51","8","1","5","5","0","0","1051","1424","0","1","1","2","0.12","0.45","0","0",,,"0","115","2024-02-27 13:27:51"
"5f765a3c8a6ec010370c9cc1",,"1","16","10","2","5","5","1","0","526","698","1","0","1","3","0.16","0.63","0","0",,,"1","60","2024-02-27 13:27:51"
"5fb9eb323531776e460fe5e0",,"0","52","9","2","5","5","0","1","1067","1440","0","1","1","4","0.29","0.71","0","0",,,"1","120","2024-02-27 13:27:54"
"5f765a3c8a6ec010370c9cc1",,"1","17","5","2","5","5","1","0","1104","1296","1","0","1","2","0.22","0.45","0","0",,,"1","65","2024-02-27 13:27:54"
"5f765a3c8a6ec010370c9cc1",,"1","18","8","2","5","5","1","0","557","731","1","0","1","2","0.12","0.45","0","0",,,"1","70","2024-02-27 13:27:57"
"5fb9eb323531776e460fe5e0",,"0","53","14","1","5","5","1","1","1170","1559","1","0","1","4","0.16","0.84","0","0",,,"0","120","2024-02-27 13:27:57"
"5f765a3c8a6ec010370c9cc1",,"1","19","15","2","5","5","0","1","557","731","0","1","1","4","0.12","0.88","0","0",,,"0","70","2024-02-27 13:27:59"
"5fb9eb323531776e460fe5e0",,"0","54","0","1","5","5","1","1","966","1322","1","0","1","1","0.16","0.29","0","0",,,"0","120","2024-02-27 13:28:00"
"5f765a3c8a6ec010370c9cc1",,"1","20","4","2","5","5","0","1","548","722","0","1","3","4","0.55","0.78","0","0",,,"1","75","2024-02-27 13:28:02"
"5fb9eb323531776e460fe5e0",,"0","55","2","2","5","5","1","0","695","1118","1","0","1","2","0.22","0.37","0","0",,,"1","125","2024-02-27 13:28:03"
"5f765a3c8a6ec010370c9cc1",,"1","21","9","2","5","5","1","0","532","714","1","0","1","4","0.29","0.71","0","0",,,"1","80","2024-02-27 13:28:05"
"5fb9eb323531776e460fe5e0",,"0","56","12","1","5","5","1","1","1237","1644","1","0","1","4","0.12","0.71","0","0",,,"0","125","2024-02-27 13:28:07"
"5f765a3c8a6ec010370c9cc1",,"1","22","14","2","5","5","1","0","499","740","1","0","1","4","0.16","0.84","0","0",,,"1","85","2024-02-27 13:28:07"
"5fb9eb323531776e460fe5e0",,"0","57","15","2","5","5","1","0","847","1287","1","0","1","4","0.12","0.88","0","0",,,"1","130","2024-02-27 13:28:10"
"5f765a3c8a6ec010370c9cc1",,"1","23","5","2","5","5","0","1","602","969","0","1","1","2","0.22","0.45","0","0",,,"1","90","2024-02-27 13:28:10"
"5f765a3c8a6ec010370c9cc1",,"1","24","15","2","5","5","0","1","471","653","0","1","1","4","0.12","0.88","0","0",,,"1","95","2024-02-27 13:28:12"
"5fb9eb323531776e460fe5e0",,"0","58","13","2","5","5","0","1","1136","1458","0","1","1","4","0.29","0.88","0","0",,,"1","135","2024-02-27 13:28:13"
"5f765a3c8a6ec010370c9cc1",,"1","25","0","2","5","5","1","0","639","884","1","0","1","1","0.16","0.29","0","0",,,"0","95","2024-02-27 13:28:15"
"5fb9eb323531776e460fe5e0",,"0","59","3","2","5","5","0","1","1678","2067","0","1","3","4","0.63","0.78","0","0",,,"1","140","2024-02-27 13:28:17"
"5f765a3c8a6ec010370c9cc1",,"1","26","7","2","5","5","0","1","711","837","0","1","3","4","0.55","0.88","0","0",,,"1","100","2024-02-27 13:28:18"
"5fb9eb323531776e460fe5e0",,"0","60","14","2","5","5","1","0","1338","2118","1","1","1","4","0.16","0.84","0","0",,,"1","145","2024-02-27 13:28:20"
"5f765a3c8a6ec010370c9cc1",,"1","27","11","2","5","5","1","0","474","772","1","0","2","4","0.37","0.84","0","0",,,"1","105","2024-02-27 13:28:21"
"5fb9eb323531776e460fe5e0",,"0","61","7","2","5","5","0","1","745","1152","0","1","3","4","0.55","0.88","0","0",,,"0","145","2024-02-27 13:28:23"
"5f765a3c8a6ec010370c9cc1",,"1","28","3","1","5","5","1","1","677","921","1","0","3","4","0.63","0.78","0","0",,,"1","110","2024-02-27 13:28:24"
"5f765a3c8a6ec010370c9cc1",,"1","29","2","2","5","5","0","1","965","1087","0","1","1","2","0.22","0.37","0","0",,,"1","115","2024-02-27 13:28:26"
"5fb9eb323531776e460fe5e0",,"0","62","3","1","5","5","0","0","1338","1659","0","1","3","4","0.63","0.78","0","0",,,"0","145","2024-02-27 13:28:27"
"5f765a3c8a6ec010370c9cc1",,"1","30","11","2","5","5","0","1","546","787","0","1","2","4","0.37","0.84","0","0",,,"1","120","2024-02-27 13:28:29"
"5fb9eb323531776e460fe5e0",,"0","63","5","2","5","5","0","1","1422","1761","0","1","1","2","0.22","0.45","0","0",,,"0","145","2024-02-27 13:28:30"
"5f765a3c8a6ec010370c9cc1",,"1","31","1","2","5","5","1","0","510","740","1","0","4","4","0.71","0.84","0","0",,,"1","125","2024-02-27 13:28:32"
"5f765a3c8a6ec010370c9cc1",,"1","32","6","2","5","5","1","0","532","707","1","0","2","3","0.37","0.63","0","0",,,"1","130","2024-02-27 13:28:34"
"5f765a3c8a6ec010370c9cc1",,"1","33","7","2","5","5","1","0","524","770","1","0","3","4","0.55","0.88","0","0",,,"0","130","2024-02-27 13:28:37"
"5f765a3c8a6ec010370c9cc1",,"1","34","10","2","5","5","1","0","431","656","1","0","1","3","0.16","0.63","0","0",,,"0","130","2024-02-27 13:28:40"
"5f765a3c8a6ec010370c9cc1",,"1","35","8","2","5","5","1","0","375","605","1","0","1","2","0.12","0.45","0","0",,,"1","135","2024-02-27 13:28:42"
"5f765a3c8a6ec010370c9cc1",,"1","36","2","2","5","5","0","1","730","911","0","1","1","2","0.22","0.37","0","0",,,"0","135","2024-02-27 13:28:45"
"5f765a3c8a6ec010370c9cc1",,"1","37","4","2","5","5","0","1","531","709","0","1","3","4","0.55","0.78","0","0",,,"1","140","2024-02-27 13:28:48"
"5f765a3c8a6ec010370c9cc1",,"1","38","12","2","5","5","1","0","610","799","1","0","1","4","0.12","0.71","0","0",,,"1","145","2024-02-27 13:28:50"
"5f765a3c8a6ec010370c9cc1",,"1","39","0","1","5","5","1","1","824","1008","1","0","1","1","0.16","0.29","0","0",,,"0","145","2024-02-27 13:28:53"
"5fb9eb323531776e460fe5e0",,"1","0","11","2","5","5","0","1","813","1185","0","1","2","4","0.37","0.84","0","0",,,"1","5","2024-02-27 13:28:54"
"5f765a3c8a6ec010370c9cc1",,"1","40","3","2","5","5","0","1","711","898","0","1","3","4","0.63","0.78","0","0",,,"1","150","2024-02-27 13:28:56"
"5fb9eb323531776e460fe5e0",,"1","1","0","1","5","5","0","0","1338","1628","0","1","1","1","0.16","0.29","0","0",,,"0","5","2024-02-27 13:28:58"
"5f765a3c8a6ec010370c9cc1",,"1","41","6","1","5","5","1","1","849","1219","1","0","2","3","0.37","0.63","0","0",,,"1","155","2024-02-27 13:28:59"
"5fb9eb323531776e460fe5e0",,"1","2","8","2","5","5","0","1","864","1238","0","1","1","2","0.12","0.45","0","0",,,"1","10","2024-02-27 13:29:01"
"5f765a3c8a6ec010370c9cc1",,"1","42","13","2","5","5","1","0","595","826","1","0","1","4","0.29","0.88","0","0",,,"1","160","2024-02-27 13:29:02"
"5fb9eb323531776e460fe5e0",,"1","3","13","1","5","5","1","1","1186","1509","1","0","1","4","0.29","0.88","0","0",,,"1","15","2024-02-27 13:29:04"
"5f765a3c8a6ec010370c9cc1",,"1","43","15","2","5","5","0","1","486","596","0","1","1","4","0.12","0.88","0","0",,,"1","165","2024-02-27 13:29:04"
"5f765a3c8a6ec010370c9cc1",,"1","44","7","2","5","5","0","1","546","719","0","1","3","4","0.55","0.88","0","0",,,"1","170","2024-02-27 13:29:07"
"5fb9eb323531776e460fe5e0",,"1","4","6","1","5","5","1","1","1373","1712","1","0","2","3","0.37","0.63","0","0",,,"0","15","2024-02-27 13:29:07"
"5f765a3c8a6ec010370c9cc1",,"1","45","13","2","5","5","0","1","420","597","0","1","1","4","0.29","0.88","0","0",,,"1","175","2024-02-27 13:29:09"
"5fb9eb323531776e460fe5e0",,"1","5","7","1","5","5","1","1","1016","1373","1","0","3","4","0.55","0.88","0","0",,,"0","15","2024-02-27 13:29:10"
"5f765a3c8a6ec010370c9cc1",,"1","46","6","2","5","5","0","1","562","800","0","1","2","3","0.37","0.63","0","0",,,"0","175","2024-02-27 13:29:12"
"5fb9eb323531776e460fe5e0",,"1","6","1","1","5","5","0","0","1152","1627","0","1","4","4","0.71","0.84","0","0",,,"1","20","2024-02-27 13:29:14"
"5f765a3c8a6ec010370c9cc1",,"1","47","2","1","5","5","1","1","537","774","1","0","1","2","0.22","0.37","0","0",,,"0","175","2024-02-27 13:29:15"
"5fb9eb323531776e460fe5e0",,"1","7","15","1","5","5","0","0","1542","1915","0","1","1","4","0.12","0.88","0","0",,,"1","25","2024-02-27 13:29:17"
"5f765a3c8a6ec010370c9cc1",,"1","48","4","2","5","5","1","0","478","663","1","0","3","4","0.55","0.78","0","0",,,"1","180","2024-02-27 13:29:18"
"5f765a3c8a6ec010370c9cc1",,"1","49","1","2","5","5","1","0","497","664","1","0","4","4","0.71","0.84","0","0",,,"1","185","2024-02-27 13:29:20"
"5fb9eb323531776e460fe5e0",,"1","8","6","1","5","5","0","0","1340","1697","0","1","2","3","0.37","0.63","0","0",,,"0","25","2024-02-27 13:29:21"
"5f765a3c8a6ec010370c9cc1",,"1","50","1","1","5","5","1","1","444","789","1","0","4","4","0.71","0.84","0","0",,,"1","190","2024-02-27 13:29:23"
"5fb9eb323531776e460fe5e0",,"1","9","0","2","5","5","1","0","1118","1475","1","0","1","1","0.16","0.29","0","0",,,"0","25","2024-02-27 13:29:24"
"5f765a3c8a6ec010370c9cc1",,"1","51","14","2","5","5","1","0","434","606","1","0","1","4","0.16","0.84","0","0",,,"1","195","2024-02-27 13:29:25"
"5fb9eb323531776e460fe5e0",,"1","10","15","1","5","5","0","0","543","1748","0","1","1","4","0.12","0.88","0","0",,,"0","25","2024-02-27 13:29:28"
"5f765a3c8a6ec010370c9cc1",,"1","52","10","2","5","5","1","0","491","720","1","0","1","3","0.16","0.63","0","0",,,"1","200","2024-02-27 13:29:28"
"5f765a3c8a6ec010370c9cc1",,"1","53","4","2","5","5","1","0","532","831","1","0","3","4","0.55","0.78","0","0",,,"0","200","2024-02-27 13:29:31"
"5fb9eb323531776e460fe5e0",,"1","11","4","2","5","5","0","1","1560","1914","0","1","3","4","0.55","0.78","0","0",,,"1","30","2024-02-27 13:29:31"
"5f765a3c8a6ec010370c9cc1",,"1","54","9","2","5","5","1","0","420","602","1","0","1","4","0.29","0.71","0","0",,,"1","205","2024-02-27 13:29:33"
"5fb9eb323531776e460fe5e0",,"1","12","7","2","5","5","1","0","982","1339","1","0","3","4","0.55","0.88","0","0",,,"0","30","2024-02-27 13:29:34"
"5f765a3c8a6ec010370c9cc1",,"1","55","2","2","5","5","1","0","556","858","1","0","1","2","0.22","0.37","0","0",,,"1","210","2024-02-27 13:29:36"
"5fb9eb323531776e460fe5e0",,"1","13","15","1","5","5","1","1","693","1084","1","0","1","4","0.12","0.88","0","0",,,"0","30","2024-02-27 13:29:37"
"5f765a3c8a6ec010370c9cc1",,"1","56","10","2","5","5","1","0","491","727","1","0","1","3","0.16","0.63","0","0",,,"1","215","2024-02-27 13:29:39"
"5fb9eb323531776e460fe5e0",,"1","14","6","1","5","5","1","1","575","1288","1","0","2","3","0.37","0.63","0","0",,,"1","35","2024-02-27 13:29:41"
"5f765a3c8a6ec010370c9cc1",,"1","57","11","2","5","5","0","1","615","848","0","1","2","4","0.37","0.84","0","0",,,"1","220","2024-02-27 13:29:41"
"5fb9eb323531776e460fe5e0",,"1","15","9","2","5","5","0","1","900","1205","0","1","1","4","0.29","0.71","0","0",,,"1","40","2024-02-27 13:29:43"
"5f765a3c8a6ec010370c9cc1",,"1","58","3","2","5","5","1","0","476","698","1","0","3","4","0.63","0.78","0","0",,,"1","225","2024-02-27 13:29:44"
"5fb9eb323531776e460fe5e0",,"1","16","9","2","5","5","1","0","865","1220","1","0","1","4","0.29","0.71","0","0",,,"1","45","2024-02-27 13:29:46"
"5f765a3c8a6ec010370c9cc1",,"1","59","9","2","5","5","0","1","641","1437","1","1","1","4","0.29","0.71","0","0",,,"1","230","2024-02-27 13:29:47"
"5fb9eb323531776e460fe5e0",,"1","17","8","2","5","5","1","0","983","1373","1","0","1","2","0.12","0.45","0","0",,,"0","45","2024-02-27 13:29:49"
"5f765a3c8a6ec010370c9cc1",,"1","60","13","2","5","5","0","1","543","784","0","1","1","4","0.29","0.88","0","0",,,"0","230","2024-02-27 13:29:50"
"5f765a3c8a6ec010370c9cc1",,"1","61","14","2","5","5","0","1","608","788","0","1","1","4","0.16","0.84","0","0",,,"0","230","2024-02-27 13:29:53"
"5fb9eb323531776e460fe5e0",,"1","18","5","2","5","5","1","0","932","1339","1","0","1","2","0.22","0.45","0","0",,,"0","45","2024-02-27 13:29:53"
"5f765a3c8a6ec010370c9cc1",,"1","62","8","1","5","5","1","1","604","891","1","0","1","2","0.12","0.45","0","0",,,"0","230","2024-02-27 13:29:56"
"5fb9eb323531776e460fe5e0",,"1","19","4","2","5","5","0","1","693","1101","0","1","3","4","0.55","0.78","0","0",,,"1","50","2024-02-27 13:29:56"
"5f765a3c8a6ec010370c9cc1",,"1","63","6","2","5","5","1","0","484","668","1","0","2","3","0.37","0.63","0","0",,,"1","235","2024-02-27 13:29:58"
"5fb9eb323531776e460fe5e0",,"1","20","15","1","5","5","1","1","1118","1458","1","0","1","4","0.12","0.88","0","0",,,"0","50","2024-02-27 13:29:59"
"5fb9eb323531776e460fe5e0",,"1","21","1","1","5","5","1","1","1474","1814","1","0","4","4","0.71","0.84","0","0",,,"0","50","2024-02-27 13:30:02"
"5fb9eb323531776e460fe5e0",,"1","22","12","2","5","5","1","0","1440","1797","1","0","1","4","0.12","0.71","0","0",,,"0","50","2024-02-27 13:30:06"
"5fb9eb323531776e460fe5e0",,"1","23","2","1","5","5","1","1","745","1118","1","0","1","2","0.22","0.37","0","0",,,"0","50","2024-02-27 13:30:09"
"5fb9eb323531776e460fe5e0",,"1","24","14","2","5","5","0","1","526","1289","0","1","1","4","0.16","0.84","0","0",,,"1","55","2024-02-27 13:30:12"
"5f765a3c8a6ec010370c9cc1",,"2","0","9","2","5","5","1","0","634","876","1","0","1","4","0.29","0.71","0","0",,,"0","0","2024-02-27 13:30:13"
"5fb9eb323531776e460fe5e0",,"1","25","4","2","5","5","0","1","610","1000","0","1","3","4","0.55","0.78","0","0",,,"0","55","2024-02-27 13:30:15"
"5f765a3c8a6ec010370c9cc1",,"2","1","5","2","5","5","0","1","545","778","0","1","1","2","0.22","0.45","0","0",,,"0","0","2024-02-27 13:30:16"
"5fb9eb323531776e460fe5e0",,"1","26","2","2","5","5","0","1","643","1202","0","1","1","2","0.22","0.37","0","0",,,"1","60","2024-02-27 13:30:18"
"5f765a3c8a6ec010370c9cc1",,"2","2","10","2","5","5","1","0","548","794","1","0","1","3","0.16","0.63","0","0",,,"0","0","2024-02-27 13:30:19"
"5fb9eb323531776e460fe5e0",,"1","27","7","1","5","5","1","1","1000","1338","1","0","3","4","0.55","0.88","0","0",,,"0","60","2024-02-27 13:30:21"
"5f765a3c8a6ec010370c9cc1",,"2","3","6","2","5","5","0","1","543","780","0","1","2","3","0.37","0.63","0","0",,,"0","0","2024-02-27 13:30:22"
"5fb9eb323531776e460fe5e0",,"1","28","7","2","5","5","1","0","627","1034","1","0","3","4","0.55","0.88","0","0",,,"1","65","2024-02-27 13:30:24"
"5f765a3c8a6ec010370c9cc1",,"2","4","12","2","5","5","1","0","599","788","1","0","1","4","0.12","0.71","0","0",,,"1","5","2024-02-27 13:30:25"
"5fb9eb323531776e460fe5e0",,"1","29","5","2","5","5","0","1","763","1186","0","1","1","2","0.22","0.45","0","0",,,"0","65","2024-02-27 13:30:27"
"5f765a3c8a6ec010370c9cc1",,"2","5","3","2","5","5","1","0","437","604","1","0","3","4","0.63","0.78","0","0",,,"1","10","2024-02-27 13:30:27"
"5f765a3c8a6ec010370c9cc1",,"2","6","15","2","5","5","0","1","478","603","0","1","1","4","0.12","0.88","0","0",,,"1","15","2024-02-27 13:30:30"
"5fb9eb323531776e460fe5e0",,"1","30","13","1","5","5","1","1","728","1236","1","0","1","4","0.29","0.88","0","0",,,"0","65","2024-02-27 13:30:30"
"5f765a3c8a6ec010370c9cc1",,"2","7","12","2","5","5","1","0","424","538","1","0","1","4","0.12","0.71","0","0",,,"0","15","2024-02-27 13:30:32"
"5fb9eb323531776e460fe5e0",,"1","31","14","1","5","5","1","1","846","1422","1","0","1","4","0.16","0.84","0","0",,,"0","65","2024-02-27 13:30:33"
"5f765a3c8a6ec010370c9cc1",,"2","8","11","1","5","5","0","0","687","874","0","1","2","4","0.37","0.84","0","0",,,"1","20","2024-02-27 13:30:35"
"5fb9eb323531776e460fe5e0",,"1","32","11","2","5","5","0","1","830","1169","0","1","2","4","0.37","0.84","0","0",,,"1","70","2024-02-27 13:30:36"
"5f765a3c8a6ec010370c9cc1",,"2","9","9","1","5","5","0","0","556","667","0","1","1","4","0.29","0.71","0","0",,,"0","20","2024-02-27 13:30:38"
"5fb9eb323531776e460fe5e0",,"1","33","10","2","5","5","1","0","661","1084","1","0","1","3","0.16","0.63","0","0",,,"0","70","2024-02-27 13:30:39"
"5f765a3c8a6ec010370c9cc1",,"2","10","7","2","5","5","1","0","603","729","1","0","3","4","0.55","0.88","0","0",,,"0","20","2024-02-27 13:30:41"
"5fb9eb323531776e460fe5e0",,"1","34","3","1","5","5","1","1","576","966","1","0","3","4","0.63","0.78","0","0",,,"1","75","2024-02-27 13:30:42"
"5f765a3c8a6ec010370c9cc1",,"2","11","15","1","5","5","1","1","654","835","1","0","1","4","0.12","0.88","0","0",,,"0","20","2024-02-27 13:30:43"
"5fb9eb323531776e460fe5e0",,"1","35","3","1","5","5","1","1","745","1117","1","0","3","4","0.63","0.78","0","0",,,"1","80","2024-02-27 13:30:45"
"5f765a3c8a6ec010370c9cc1",,"2","12","1","2","5","5","1","0","496","729","1","0","4","4","0.71","0.84","0","0",,,"0","20","2024-02-27 13:30:46"
"5fb9eb323531776e460fe5e0",,"1","36","11","1","5","5","1","1","931","1440","1","0","2","4","0.37","0.84","0","0",,,"0","80","2024-02-27 13:30:48"
"5f765a3c8a6ec010370c9cc1",,"2","13","8","2","5","5","1","0","718","834","1","0","1","2","0.12","0.45","0","0",,,"0","20","2024-02-27 13:30:49"
"5fb9eb323531776e460fe5e0",,"1","37","4","1","5","5","0","0","525","1355","0","1","3","4","0.55","0.78","0","0",,,"1","85","2024-02-27 13:30:51"
"5f765a3c8a6ec010370c9cc1",,"2","14","6","2","5","5","0","1","438","1285","1","1","2","3","0.37","0.63","0","0",,,"1","25","2024-02-27 13:30:52"
"5fb9eb323531776e460fe5e0",,"1","38","12","2","5","5","1","0","881","1237","1","0","1","4","0.12","0.71","0","0",,,"1","90","2024-02-27 13:30:54"
"5f765a3c8a6ec010370c9cc1",,"2","15","6","2","5","5","0","1","663","846","0","1","2","3","0.37","0.63","0","0",,,"1","30","2024-02-27 13:30:55"
"5fb9eb323531776e460fe5e0",,"1","39","12","1","5","5","0","0","661","2136","1","1","1","4","0.12","0.71","0","0",,,"0","90","2024-02-27 13:30:58"
"5f765a3c8a6ec010370c9cc1",,"2","16","11","2","5","5","1","0","467","633","1","0","2","4","0.37","0.84","0","0",,,"1","35","2024-02-27 13:30:58"
"5f765a3c8a6ec010370c9cc1",,"2","17","4","2","5","5","1","0","495","668","1","0","3","4","0.55","0.78","0","0",,,"1","40","2024-02-27 13:31:00"
"5fb9eb323531776e460fe5e0",,"1","40","13","1","5","5","0","0","610","1475","1","1","1","4","0.29","0.88","0","0",,,"0","90","2024-02-27 13:31:01"
"5f765a3c8a6ec010370c9cc1",,"2","18","7","2","5","5","0","1","476","705","0","1","3","4","0.55","0.88","0","0",,,"1","45","2024-02-27 13:31:03"
"5fb9eb323531776e460fe5e0",,"1","41","5","1","5","5","0","0","560","1424","1","1","1","2","0.22","0.45","0","0",,,"0","90","2024-02-27 13:31:04"
"5f765a3c8a6ec010370c9cc1",,"2","19","9","2","5","5","0","1","533","656","0","1","1","4","0.29","0.71","0","0",,,"1","50","2024-02-27 13:31:05"
"5fb9eb323531776e460fe5e0",,"1","42","0","1","5","5","0","0","983","1355","0","1","1","1","0.16","0.29","0","0",,,"0","90","2024-02-27 13:31:08"
"5f765a3c8a6ec010370c9cc1",,"2","20","11","2","5","5","0","1","376","546","0","1","2","4","0.37","0.84","0","0",,,"1","55","2024-02-27 13:31:08"
"5f765a3c8a6ec010370c9cc1",,"2","21","14","2","5","5","0","1","540","783","0","1","1","4","0.16","0.84","0","0",,,"1","60","2024-02-27 13:31:10"
"5fb9eb323531776e460fe5e0",,"1","43","12","2","5","5","1","0","1084","1425","1","0","1","4","0.12","0.71","0","0",,,"1","95","2024-02-27 13:31:11"
"5f765a3c8a6ec010370c9cc1",,"2","22","7","2","5","5","0","1","488","721","0","1","3","4","0.55","0.88","0","0",,,"1","65","2024-02-27 13:31:13"
"5fb9eb323531776e460fe5e0",,"1","44","1","2","5","5","1","0","1204","1542","1","0","4","4","0.71","0.84","0","0",,,"1","100","2024-02-27 13:31:14"
"5f765a3c8a6ec010370c9cc1",,"2","23","0","2","5","5","0","1","1026","1154","0","1","1","1","0.16","0.29","0","0",,,"0","65","2024-02-27 13:31:16"
"5fb9eb323531776e460fe5e0",,"1","45","9","2","5","5","0","1","1288","2119","1","1","1","4","0.29","0.71","0","0",,,"0","100","2024-02-27 13:31:18"
"5f765a3c8a6ec010370c9cc1",,"2","24","2","2","5","5","1","0","914","1035","1","0","1","2","0.22","0.37","0","0",,,"1","70","2024-02-27 13:31:19"
"5fb9eb323531776e460fe5e0",,"1","46","0","1","5","5","1","1","1694","1982","1","0","1","1","0.16","0.29","0","0",,,"0","100","2024-02-27 13:31:21"
"5f765a3c8a6ec010370c9cc1",,"2","25","10","2","5","5","1","0","593","719","1","0","1","3","0.16","0.63","0","0",,,"1","75","2024-02-27 13:31:22"
"5f765a3c8a6ec010370c9cc1",,"2","26","14","2","5","5","0","1","448","627","0","1","1","4","0.16","0.84","0","0",,,"1","80","2024-02-27 13:31:24"
"5fb9eb323531776e460fe5e0",,"1","47","10","2","5","5","1","0","592","966","1","0","1","3","0.16","0.63","0","0",,,"0","100","2024-02-27 13:31:24"
"5f765a3c8a6ec010370c9cc1",,"2","27","1","2","5","5","0","1","610","791","0","1","4","4","0.71","0.84","0","0",,,"1","85","2024-02-27 13:31:27"
"5fb9eb323531776e460fe5e0",,"1","48","10","1","5","5","1","1","830","1153","1","0","1","3","0.16","0.63","0","0",,,"0","100","2024-02-27 13:31:27"
"5f765a3c8a6ec010370c9cc1",,"2","28","5","2","5","5","0","1","602","842","0","1","1","2","0.22","0.45","0","0",,,"1","90","2024-02-27 13:31:29"
"5fb9eb323531776e460fe5e0",,"1","49","1","1","5","5","1","1","1068","2052","1","1","4","4","0.71","0.84","0","0",,,"1","105","2024-02-27 13:31:31"
"5f765a3c8a6ec010370c9cc1",,"2","29","14","2","5","5","1","0","484","600","1","0","1","4","0.16","0.84","0","0",,,"1","95","2024-02-27 13:31:32"
"5f765a3c8a6ec010370c9cc1",,"2","30","6","2","5","5","1","0","525","698","1","0","2","3","0.37","0.63","0","0",,,"1","100","2024-02-27 13:31:35"
"5fb9eb323531776e460fe5e0",,"1","50","9","1","5","5","1","1","898","1813","1","1","1","4","0.29","0.71","0","0",,,"0","105","2024-02-27 13:31:35"
"5f765a3c8a6ec010370c9cc1",,"2","31","8","2","5","5","1","0","442","724","1","0","1","2","0.12","0.45","0","0",,,"0","100","2024-02-27 13:31:37"
"5fb9eb323531776e460fe5e0",,"1","51","10","2","5","5","0","1","677","983","0","1","1","3","0.16","0.63","0","0",,,"1","110","2024-02-27 13:31:38"
"5f765a3c8a6ec010370c9cc1",,"2","32","0","2","5","5","0","1","553","673","0","1","1","1","0.16","0.29","0","0",,,"0","100","2024-02-27 13:31:40"
"5fb9eb323531776e460fe5e0",,"1","52","8","1","5","5","0","0","984","2154","1","1","1","2","0.12","0.45","0","0",,,"0","110","2024-02-27 13:31:41"
"5f765a3c8a6ec010370c9cc1",,"2","33","1","2","5","5","0","1","781","912","0","1","4","4","0.71","0.84","0","0",,,"0","100","2024-02-27 13:31:43"
"5fb9eb323531776e460fe5e0",,"1","53","5","2","5","5","1","0","931","1238","1","0","1","2","0.22","0.45","0","0",,,"1","115","2024-02-27 13:31:44"
"5f765a3c8a6ec010370c9cc1",,"2","34","3","2","5","5","1","0","531","701","1","0","3","4","0.63","0.78","0","0",,,"1","105","2024-02-27 13:31:46"
"5fb9eb323531776e460fe5e0",,"1","54","3","2","5","5","0","1","711","1694","1","1","3","4","0.63","0.78","0","0",,,"1","120","2024-02-27 13:31:48"
"5f765a3c8a6ec010370c9cc1",,"2","35","13","2","5","5","1","0","480","652","1","0","1","4","0.29","0.88","0","0",,,"1","110","2024-02-27 13:31:48"
"5f765a3c8a6ec010370c9cc1",,"2","36","14","2","5","5","0","1","546","728","0","1","1","4","0.16","0.84","0","0",,,"0","110","2024-02-27 13:31:51"
"5fb9eb323531776e460fe5e0",,"1","55","2","2","5","5","0","1","1509","1831","0","1","1","2","0.22","0.37","0","0",,,"0","120","2024-02-27 13:31:51"
"5f765a3c8a6ec010370c9cc1",,"2","37","5","2","5","5","1","0","738","864","1","0","1","2","0.22","0.45","0","0",,,"1","115","2024-02-27 13:31:54"
"5fb9eb323531776e460fe5e0",,"1","56","14","1","5","5","0","0","1017","1423","0","1","1","4","0.16","0.84","0","0",,,"0","120","2024-02-27 13:31:54"
"5f765a3c8a6ec010370c9cc1",,"2","38","5","2","5","5","0","1","494","607","0","1","1","2","0.22","0.45","0","0",,,"0","115","2024-02-27 13:31:56"
"5fb9eb323531776e460fe5e0",,"1","57","13","2","5","5","1","0","1117","1509","1","0","1","4","0.29","0.88","0","0",,,"1","125","2024-02-27 13:31:58"
"5f765a3c8a6ec010370c9cc1",,"2","39","2","1","5","5","1","1","827","958","1","0","1","2","0.22","0.37","0","0",,,"0","115","2024-02-27 13:31:59"
"5fb9eb323531776e460fe5e0",,"1","58","14","2","5","5","0","1","966","1304","0","1","1","4","0.16","0.84","0","0",,,"1","130","2024-02-27 13:32:01"
"5f765a3c8a6ec010370c9cc1",,"2","40","3","2","5","5","0","1","638","764","0","1","3","4","0.63","0.78","0","0",,,"1","120","2024-02-27 13:32:02"
"5fb9eb323531776e460fe5e0",,"1","59","11","2","5","5","1","0","900","1273","1","0","2","4","0.37","0.84","0","0",,,"1","135","2024-02-27 13:32:04"
"5f765a3c8a6ec010370c9cc1",,"2","41","13","2","5","5","0","1","498","609","0","1","1","4","0.29","0.88","0","0",,,"1","125","2024-02-27 13:32:05"
"5fb9eb323531776e460fe5e0",,"1","60","6","2","5","5","1","0","745","1204","1","0","2","3","0.37","0.63","0","0",,,"0","135","2024-02-27 13:32:07"
"5f765a3c8a6ec010370c9cc1",,"2","42","12","2","5","5","0","1","495","611","0","1","1","4","0.12","0.71","0","0",,,"0","125","2024-02-27 13:32:07"
"5fb9eb323531776e460fe5e0",,"1","61","8","2","5","5","1","0","626","1000","1","0","1","2","0.12","0.45","0","0",,,"0","135","2024-02-27 13:32:10"
"5f765a3c8a6ec010370c9cc1",,"2","43","10","2","5","5","0","1","437","553","0","1","1","3","0.16","0.63","0","0",,,"1","130","2024-02-27 13:32:10"
"5f765a3c8a6ec010370c9cc1",,"2","44","4","2","5","5","0","1","436","605","0","1","3","4","0.55","0.78","0","0",,,"0","130","2024-02-27 13:32:12"
"5fb9eb323531776e460fe5e0",,"1","62","3","1","5","5","1","1","794","1657","1","1","3","4","0.63","0.78","0","0",,,"0","135","2024-02-27 13:32:13"
"5f765a3c8a6ec010370c9cc1",,"2","45","1","1","5","5","1","1","1080","1210","1","0","4","4","0.71","0.84","0","0",,,"1","135","2024-02-27 13:32:16"
"5fb9eb323531776e460fe5e0",,"1","63","2","2","5","5","1","0","1100","1525","1","0","1","2","0.22","0.37","0","0",,,"1","140","2024-02-27 13:32:16"
"5f765a3c8a6ec010370c9cc1",,"2","46","0","2","5","5","0","1","865","992","0","1","1","1","0.16","0.29","0","0",,,"0","135","2024-02-27 13:32:18"
"5f765a3c8a6ec010370c9cc1",,"2","47","11","2","5","5","1","0","537","710","1","0","2","4","0.37","0.84","0","0",,,"1","140","2024-02-27 13:32:21"
"5f765a3c8a6ec010370c9cc1",,"2","48","13","1","5","5","0","0","722","848","0","1","1","4","0.29","0.88","0","0",,,"1","145","2024-02-27 13:32:24"
"5f765a3c8a6ec010370c9cc1",,"2","49","15","2","5","5","1","0","833","1018","1","0","1","4","0.12","0.88","0","0",,,"1","150","2024-02-27 13:32:27"
"5fb9eb323531776e460fe5e0",,"2","0","7","2","5","5","1","0","1083","1592","1","0","3","4","0.55","0.88","0","0",,,"1","5","2024-02-27 13:32:28"
"5f765a3c8a6ec010370c9cc1",,"2","50","3","1","5","5","0","0","842","964","0","1","3","4","0.63","0.78","0","0",,,"1","155","2024-02-27 13:32:29"
"5fb9eb323531776e460fe5e0",,"2","1","4","2","5","5","1","0","779","1118","1","0","3","4","0.55","0.78","0","0",,,"1","10","2024-02-27 13:32:31"
"5f765a3c8a6ec010370c9cc1",,"2","51","7","1","5","5","0","0","794","974","0","1","3","4","0.55","0.88","0","0",,,"0","155","2024-02-27 13:32:32"
"5fb9eb323531776e460fe5e0",,"2","2","2","2","5","5","0","1","864","1136","0","1","1","2","0.22","0.37","0","0",,,"0","10","2024-02-27 13:32:34"
"5f765a3c8a6ec010370c9cc1",,"2","52","8","2","5","5","0","1","723","1042","0","1","1","2","0.12","0.45","0","0",,,"0","155","2024-02-27 13:32:35"
"5fb9eb323531776e460fe5e0",,"2","3","4","2","5","5","1","0","1016","1372","1","0","3","4","0.55","0.78","0","0",,,"1","15","2024-02-27 13:32:37"
"5f765a3c8a6ec010370c9cc1",,"2","53","12","2","5","5","0","1","773","900","0","1","1","4","0.12","0.71","0","0",,,"1","160","2024-02-27 13:32:38"
"5fb9eb323531776e460fe5e0",,"2","4","6","2","5","5","0","1","728","1153","0","1","2","3","0.37","0.63","0","0",,,"1","20","2024-02-27 13:32:40"
"5f765a3c8a6ec010370c9cc1",,"2","54","8","2","5","5","0","1","668","787","0","1","1","2","0.12","0.45","0","0",,,"0","160","2024-02-27 13:32:41"
"5fb9eb323531776e460fe5e0",,"2","5","14","2","5","5","1","0","1186","1915","1","0","1","4","0.16","0.84","0","0",,,"1","25","2024-02-27 13:32:43"
"5f765a3c8a6ec010370c9cc1",,"2","55","13","2","5","5","0","1","484","655","0","1","1","4","0.29","0.88","0","0",,,"1","165","2024-02-27 13:32:44"
"5f765a3c8a6ec010370c9cc1",,"2","56","0","2","5","5","1","0","690","813","1","0","1","1","0.16","0.29","0","0",,,"0","165","2024-02-27 13:32:46"
"5fb9eb323531776e460fe5e0",,"2","6","14","1","5","5","1","1","1068","1457","1","0","1","4","0.16","0.84","0","0",,,"0","25","2024-02-27 13:32:47"
"5f765a3c8a6ec010370c9cc1",,"2","57","4","1","5","5","0","0","363","593","0","1","3","4","0.55","0.78","0","0",,,"0","165","2024-02-27 13:32:49"
"5fb9eb323531776e460fe5e0",,"2","7","10","2","5","5","0","1","711","966","0","1","1","3","0.16","0.63","0","0",,,"1","30","2024-02-27 13:32:50"
"5f765a3c8a6ec010370c9cc1",,"2","58","15","2","5","5","0","1","445","628","0","1","1","4","0.12","0.88","0","0",,,"1","170","2024-02-27 13:32:52"
"5fb9eb323531776e460fe5e0",,"2","8","7","2","5","5","1","0","745","1067","1","0","3","4","0.55","0.88","0","0",,,"1","35","2024-02-27 13:32:52"
"5f765a3c8a6ec010370c9cc1",,"2","59","4","2","5","5","1","0","676","804","1","0","3","4","0.55","0.78","0","0",,,"1","175","2024-02-27 13:32:54"
"5fb9eb323531776e460fe5e0",,"2","9","4","2","5","5","1","0","593","966","1","0","3","4","0.55","0.78","0","0",,,"0","35","2024-02-27 13:32:55"
"5f765a3c8a6ec010370c9cc1",,"2","60","2","2","5","5","0","1","850","976","0","1","1","2","0.22","0.37","0","0",,,"0","175","2024-02-27 13:32:57"
"5fb9eb323531776e460fe5e0",,"2","10","9","2","5","5","0","1","661","1441","1","1","1","4","0.29","0.71","0","0",,,"1","40","2024-02-27 13:32:58"
"5f765a3c8a6ec010370c9cc1",,"2","61","2","1","5","5","1","1","1022","1151","1","0","1","2","0.22","0.37","0","0",,,"0","175","2024-02-27 13:33:00"
"5fb9eb323531776e460fe5e0",,"2","11","7","2","5","5","1","0","1220","1643","1","0","3","4","0.55","0.88","0","0",,,"1","45","2024-02-27 13:33:01"
"5f765a3c8a6ec010370c9cc1",,"2","62","9","2","5","5","0","1","1026","1153","0","1","1","4","0.29","0.71","0","0",,,"0","175","2024-02-27 13:33:04"
"5fb9eb323531776e460fe5e0",,"2","12","0","2","5","5","0","1","1170","1508","0","1","1","1","0.16","0.29","0","0",,,"0","45","2024-02-27 13:33:05"
"5f765a3c8a6ec010370c9cc1",,"2","63","10","2","5","5","1","0","779","971","1","0","1","3","0.16","0.63","0","0",,,"1","180","2024-02-27 13:33:07"
"5fb9eb323531776e460fe5e0",,"2","13","0","2","5","5","0","1","1050","1356","0","1","1","1","0.16","0.29","0","0",,,"0","45","2024-02-27 13:33:08"
"5fb9eb323531776e460fe5e0",,"2","14","9","2","5","5","1","0","712","1017","1","0","1","4","0.29","0.71","0","0",,,"1","50","2024-02-27 13:33:11"
"5fb9eb323531776e460fe5e0",,"2","15","9","2","5","5","0","1","713","967","0","1","1","4","0.29","0.71","0","0",,,"1","55","2024-02-27 13:33:14"
"5fb9eb323531776e460fe5e0",,"2","16","11","2","5","5","1","0","592","899","1","0","2","4","0.37","0.84","0","0",,,"1","60","2024-02-27 13:33:16"
"5f765a3c8a6ec010370c9cc1",,"3","0","11","2","5","5","1","0","0","932","2","0","2","4","0.37","0.84","0","0",,,"1","5","2024-02-27 13:33:18"
"5fb9eb323531776e460fe5e0",,"2","17","12","2","5","5","0","1","575","880","0","1","1","4","0.12","0.71","0","0",,,"0","60","2024-02-27 13:33:19"
"5f765a3c8a6ec010370c9cc1",,"3","1","10","2","5","5","0","1","500","623","0","1","1","3","0.16","0.63","0","0",,,"1","10","2024-02-27 13:33:21"
"5fb9eb323531776e460fe5e0",,"2","18","1","2","5","5","0","1","1034","1458","0","1","4","4","0.71","0.84","0","0",,,"1","65","2024-02-27 13:33:22"
"5f765a3c8a6ec010370c9cc1",,"3","2","2","2","5","5","0","1","467","640","0","1","1","2","0.22","0.37","0","0",,,"0","10","2024-02-27 13:33:23"
"5fb9eb323531776e460fe5e0",,"2","19","10","2","5","5","1","0","762","1068","1","0","1","3","0.16","0.63","0","0",,,"0","65","2024-02-27 13:33:25"
"5f765a3c8a6ec010370c9cc1",,"3","3","7","2","5","5","1","0","594","718","1","0","3","4","0.55","0.88","0","0",,,"1","15","2024-02-27 13:33:26"
"5fb9eb323531776e460fe5e0",,"2","20","1","2","5","5","0","1","1068","1306","0","1","4","4","0.71","0.84","0","0",,,"1","70","2024-02-27 13:33:28"
"5f765a3c8a6ec010370c9cc1",,"3","4","15","1","5","5","1","1","889","1070","1","0","1","4","0.12","0.88","0","0",,,"0","15","2024-02-27 13:33:29"
"5fb9eb323531776e460fe5e0",,"2","21","5","2","5","5","1","0","660","1033","1","0","1","2","0.22","0.45","0","0",,,"0","70","2024-02-27 13:33:31"
"5f765a3c8a6ec010370c9cc1",,"3","5","14","2","5","5","0","1","846","966","0","1","1","4","0.16","0.84","0","0",,,"1","20","2024-02-27 13:33:32"
"5fb9eb323531776e460fe5e0",,"2","22","8","2","5","5","1","0","543","898","1","0","1","2","0.12","0.45","0","0",,,"1","75","2024-02-27 13:33:34"
"5f765a3c8a6ec010370c9cc1",,"3","6","8","1","5","5","0","0","960","1650","1","1","1","2","0.12","0.45","0","0",,,"0","20","2024-02-27 13:33:35"
"5fb9eb323531776e460fe5e0",,"2","23","12","2","5","5","1","0","1168","1457","1","0","1","4","0.12","0.71","0","0",,,"1","80","2024-02-27 13:33:37"
"5f765a3c8a6ec010370c9cc1",,"3","7","4","2","5","5","0","1","609","722","0","1","3","4","0.55","0.78","0","0",,,"1","25","2024-02-27 13:33:38"
"5fb9eb323531776e460fe5e0",,"2","24","7","1","5","5","1","1","592","1390","1","0","3","4","0.55","0.88","0","0",,,"0","80","2024-02-27 13:33:40"
"5f765a3c8a6ec010370c9cc1",,"3","8","5","2","5","5","1","0","492","608","1","0","1","2","0.22","0.45","0","0",,,"1","30","2024-02-27 13:33:41"
"5fb9eb323531776e460fe5e0",,"2","25","6","2","5","5","1","0","676","1118","1","0","2","3","0.37","0.63","0","0",,,"0","80","2024-02-27 13:33:43"
"5f765a3c8a6ec010370c9cc1",,"3","9","8","2","5","5","1","0","497","607","1","0","1","2","0.12","0.45","0","0",,,"1","35","2024-02-27 13:33:43"
"5f765a3c8a6ec010370c9cc1",,"3","10","14","2","5","5","1","0","515","631","1","0","1","4","0.16","0.84","0","0",,,"1","40","2024-02-27 13:33:46"
"5fb9eb323531776e460fe5e0",,"2","26","15","1","5","5","1","1","881","1746","1","1","1","4","0.12","0.88","0","0",,,"1","85","2024-02-27 13:33:47"
"5f765a3c8a6ec010370c9cc1",,"3","11","9","2","5","5","0","1","532","649","0","1","1","4","0.29","0.71","0","0",,,"1","45","2024-02-27 13:33:48"
"5fb9eb323531776e460fe5e0",,"2","27","10","1","5","5","0","0","594","985","0","1","1","3","0.16","0.63","0","0",,,"0","85","2024-02-27 13:33:49"
"5f765a3c8a6ec010370c9cc1",,"3","12","12","2","5","5","1","0","485","601","1","0","1","4","0.12","0.71","0","0",,,"1","50","2024-02-27 13:33:51"
"5fb9eb323531776e460fe5e0",,"2","28","3","2","5","5","0","1","763","1102","0","1","3","4","0.63","0.78","0","0",,,"1","90","2024-02-27 13:33:52"
"5f765a3c8a6ec010370c9cc1",,"3","13","0","2","5","5","0","1","1017","1209","0","1","1","1","0.16","0.29","0","0",,,"0","50","2024-02-27 13:33:54"
"5fb9eb323531776e460fe5e0",,"2","29","8","2","5","5","0","1","694","1102","0","1","1","2","0.12","0.45","0","0",,,"0","90","2024-02-27 13:33:55"
"5f765a3c8a6ec010370c9cc1",,"3","14","4","2","5","5","1","0","487","602","1","0","3","4","0.55","0.78","0","0",,,"1","55","2024-02-27 13:33:56"
"5fb9eb323531776e460fe5e0",,"2","30","8","2","5","5","0","1","643","982","0","1","1","2","0.12","0.45","0","0",,,"0","90","2024-02-27 13:33:58"
"5f765a3c8a6ec010370c9cc1",,"3","15","6","2","5","5","1","0","616","736","1","0","2","3","0.37","0.63","0","0",,,"1","60","2024-02-27 13:33:59"
"5fb9eb323531776e460fe5e0",,"2","31","2","1","5","5","1","1","847","1169","1","0","1","2","0.22","0.37","0","0",,,"0","90","2024-02-27 13:34:01"
"5f765a3c8a6ec010370c9cc1",,"3","16","9","2","5","5","0","1","593","764","0","1","1","4","0.29","0.71","0","0",,,"1","65","2024-02-27 13:34:02"
"5f765a3c8a6ec010370c9cc1",,"3","17","3","2","5","5","1","0","547","668","1","0","3","4","0.63","0.78","0","0",,,"0","65","2024-02-27 13:34:04"
"5fb9eb323531776e460fe5e0",,"2","32","3","2","5","5","1","0","983","1323","1","0","3","4","0.63","0.78","0","0",,,"1","95","2024-02-27 13:34:04"
"5f765a3c8a6ec010370c9cc1",,"3","18","12","2","5","5","1","0","535","646","1","0","1","4","0.12","0.71","0","0",,,"1","70","2024-02-27 13:34:07"
"5fb9eb323531776e460fe5e0",,"2","33","6","2","5","5","1","0","575","983","1","0","2","3","0.37","0.63","0","0",,,"0","95","2024-02-27 13:34:07"
"5f765a3c8a6ec010370c9cc1",,"3","19","14","2","5","5","1","0","607","776","1","0","1","4","0.16","0.84","0","0",,,"1","75","2024-02-27 13:34:09"
"5fb9eb323531776e460fe5e0",,"2","34","13","2","5","5","0","1","729","1068","0","1","1","4","0.29","0.88","0","0",,,"1","100","2024-02-27 13:34:10"
"5f765a3c8a6ec010370c9cc1",,"3","20","2","2","5","5","0","1","948","1134","0","1","1","2","0.22","0.37","0","0",,,"1","80","2024-02-27 13:34:12"
"5fb9eb323531776e460fe5e0",,"2","35","5","1","5","5","1","1","914","1253","1","0","1","2","0.22","0.45","0","0",,,"0","100","2024-02-27 13:34:13"
"5f765a3c8a6ec010370c9cc1",,"3","21","13","2","5","5","1","0","585","766","1","0","1","4","0.29","0.88","0","0",,,"0","80","2024-02-27 13:34:15"
"5fb9eb323531776e460fe5e0",,"2","36","15","2","5","5","1","0","779","1203","1","0","1","4","0.12","0.88","0","0",,,"1","105","2024-02-27 13:34:16"
"5f765a3c8a6ec010370c9cc1",,"3","22","15","2","5","5","1","0","488","667","1","0","1","4","0.12","0.88","0","0",,,"1","85","2024-02-27 13:34:18"
"5fb9eb323531776e460fe5e0",,"2","37","6","2","5","5","1","0","779","1474","1","0","2","3","0.37","0.63","0","0",,,"0","105","2024-02-27 13:34:19"
"5f765a3c8a6ec010370c9cc1",,"3","23","11","2","5","5","0","1","629","748","0","1","2","4","0.37","0.84","0","0",,,"1","90","2024-02-27 13:34:20"
"5fb9eb323531776e460fe5e0",,"2","38","5","2","5","5","1","0","780","1153","1","0","1","2","0.22","0.45","0","0",,,"1","110","2024-02-27 13:34:22"
"5f765a3c8a6ec010370c9cc1",,"3","24","9","2","5","5","0","1","500","617","0","1","1","4","0.29","0.71","0","0",,,"0","90","2024-02-27 13:34:23"
"5f765a3c8a6ec010370c9cc1",,"3","25","3","2","5","5","1","0","606","729","1","0","3","4","0.63","0.78","0","0",,,"1","95","2024-02-27 13:34:26"
"5fb9eb323531776e460fe5e0",,"2","39","11","1","5","5","1","1","644","2170","2","1","2","4","0.37","0.84","0","0",,,"0","110","2024-02-27 13:34:26"
"5f765a3c8a6ec010370c9cc1",,"3","26","7","2","5","5","1","0","555","674","1","0","3","4","0.55","0.88","0","0",,,"1","100","2024-02-27 13:34:28"
"5fb9eb323531776e460fe5e0",,"2","40","12","2","5","5","0","1","558","915","0","1","1","4","0.12","0.71","0","0",,,"1","115","2024-02-27 13:34:29"
"5f765a3c8a6ec010370c9cc1",,"3","27","1","2","5","5","0","1","663","778","0","1","4","4","0.71","0.84","0","0",,,"0","100","2024-02-27 13:34:31"
"5fb9eb323531776e460fe5e0",,"2","41","12","2","5","5","0","1","560","1102","0","1","1","4","0.12","0.71","0","0",,,"1","120","2024-02-27 13:34:32"
"5f765a3c8a6ec010370c9cc1",,"3","28","6","2","5","5","0","1","708","824","0","1","2","3","0.37","0.63","0","0",,,"1","105","2024-02-27 13:34:34"
"5fb9eb323531776e460fe5e0",,"2","42","10","2","5","5","0","1","711","1203","0","1","1","3","0.16","0.63","0","0",,,"0","120","2024-02-27 13:34:34"
"5f765a3c8a6ec010370c9cc1",,"3","29","13","2","5","5","0","1","599","724","0","1","1","4","0.29","0.88","0","0",,,"1","110","2024-02-27 13:34:36"
"5fb9eb323531776e460fe5e0",,"2","43","15","2","5","5","0","1","813","1153","0","1","1","4","0.12","0.88","0","0",,,"1","125","2024-02-27 13:34:38"
"5f765a3c8a6ec010370c9cc1",,"3","30","15","2","5","5","1","0","524","635","1","0","1","4","0.12","0.88","0","0",,,"0","110","2024-02-27 13:34:39"
"5fb9eb323531776e460fe5e0",,"2","44","11","2","5","5","0","1","592","1390","0","1","2","4","0.37","0.84","0","0",,,"1","130","2024-02-27 13:34:41"
"5f765a3c8a6ec010370c9cc1",,"3","31","2","2","5","5","1","0","486","671","1","0","1","2","0.22","0.37","0","0",,,"1","115","2024-02-27 13:34:42"
"5fb9eb323531776e460fe5e0",,"2","45","9","2","5","5","0","1","863","1473","0","1","1","4","0.29","0.71","0","0",,,"0","130","2024-02-27 13:34:44"
"5f765a3c8a6ec010370c9cc1",,"3","32","1","1","5","5","1","1","796","922","1","0","4","4","0.71","0.84","0","0",,,"0","115","2024-02-27 13:34:44"
"5fb9eb323531776e460fe5e0",,"2","46","1","2","5","5","1","0","796","1135","1","0","4","4","0.71","0.84","0","0",,,"1","135","2024-02-27 13:34:47"
"5f765a3c8a6ec010370c9cc1",,"3","33","4","2","5","5","1","0","474","588","1","0","3","4","0.55","0.78","0","0",,,"1","120","2024-02-27 13:34:47"
"5f765a3c8a6ec010370c9cc1",,"3","34","10","2","5","5","1","0","522","696","1","0","1","3","0.16","0.63","0","0",,,"1","125","2024-02-27 13:34:50"
"5fb9eb323531776e460fe5e0",,"2","47","3","2","5","5","1","0","558","1355","1","0","3","4","0.63","0.78","0","0",,,"1","140","2024-02-27 13:34:50"
"5f765a3c8a6ec010370c9cc1",,"3","35","1","2","5","5","1","0","524","704","1","0","4","4","0.71","0.84","0","0",,,"1","130","2024-02-27 13:34:52"
"5fb9eb323531776e460fe5e0",,"2","48","14","2","5","5","1","0","575","1406","1","0","1","4","0.16","0.84","0","0",,,"1","145","2024-02-27 13:34:53"
"5f765a3c8a6ec010370c9cc1",,"3","36","5","2","5","5","0","1","587","815","0","1","1","2","0.22","0.45","0","0",,,"1","135","2024-02-27 13:34:55"
"5fb9eb323531776e460fe5e0",,"2","49","13","2","5","5","0","1","474","1474","0","1","1","4","0.29","0.88","0","0",,,"0","145","2024-02-27 13:34:56"
"5f765a3c8a6ec010370c9cc1",,"3","37","13","2","5","5","0","1","482","661","0","1","1","4","0.29","0.88","0","0",,,"1","140","2024-02-27 13:34:57"
"5fb9eb323531776e460fe5e0",,"2","50","13","2","5","5","0","1","525","898","0","1","1","4","0.29","0.88","0","0",,,"1","150","2024-02-27 13:34:59"
"5f765a3c8a6ec010370c9cc1",,"3","38","6","2","5","5","1","0","568","680","1","0","2","3","0.37","0.63","0","0",,,"0","140","2024-02-27 13:35:00"
"5fb9eb323531776e460fe5e0",,"2","51","14","2","5","5","0","1","865","1203","0","1","1","4","0.16","0.84","0","0",,,"1","155","2024-02-27 13:35:02"
"5f765a3c8a6ec010370c9cc1",,"3","39","2","2","5","5","0","1","484","602","0","1","1","2","0.22","0.37","0","0",,,"0","140","2024-02-27 13:35:03"
"5fb9eb323531776e460fe5e0",,"2","52","11","2","5","5","0","1","560","1662","0","1","2","4","0.37","0.84","0","0",,,"1","160","2024-02-27 13:35:05"
"5f765a3c8a6ec010370c9cc1",,"3","40","12","2","5","5","0","1","650","827","0","1","1","4","0.12","0.71","0","0",,,"1","145","2024-02-27 13:35:06"
"5fb9eb323531776e460fe5e0",,"2","53","13","2","5","5","0","1","610","1507","0","1","1","4","0.29","0.88","0","0",,,"1","165","2024-02-27 13:35:08"
"5f765a3c8a6ec010370c9cc1",,"3","41","5","2","5","5","1","0","562","690","1","0","1","2","0.22","0.45","0","0",,,"0","145","2024-02-27 13:35:08"
"5f765a3c8a6ec010370c9cc1",,"3","42","7","2","5","5","1","0","439","554","1","0","3","4","0.55","0.88","0","0",,,"1","150","2024-02-27 13:35:11"
"5fb9eb323531776e460fe5e0",,"2","54","5","2","5","5","0","1","880","1423","0","1","1","2","0.22","0.45","0","0",,,"1","170","2024-02-27 13:35:11"
"5f765a3c8a6ec010370c9cc1",,"3","43","11","2","5","5","0","1","476","587","0","1","2","4","0.37","0.84","0","0",,,"1","155","2024-02-27 13:35:13"
"5fb9eb323531776e460fe5e0",,"2","55","0","2","5","5","1","0","1034","1424","1","0","1","1","0.16","0.29","0","0",,,"0","170","2024-02-27 13:35:14"
"5f765a3c8a6ec010370c9cc1",,"3","44","12","2","5","5","0","1","647","764","0","1","1","4","0.12","0.71","0","0",,,"1","160","2024-02-27 13:35:16"
"5fb9eb323531776e460fe5e0",,"2","56","4","2","5","5","0","1","711","1101","0","1","3","4","0.55","0.78","0","0",,,"0","170","2024-02-27 13:35:17"
"5f765a3c8a6ec010370c9cc1",,"3","45","9","2","5","5","0","1","432","548","0","1","1","4","0.29","0.71","0","0",,,"1","165","2024-02-27 13:35:18"
"5fb9eb323531776e460fe5e0",,"2","57","8","2","5","5","0","1","711","1017","0","1","1","2","0.12","0.45","0","0",,,"1","175","2024-02-27 13:35:20"
"5f765a3c8a6ec010370c9cc1",,"3","46","10","2","5","5","1","0","418","526","1","0","1","3","0.16","0.63","0","0",,,"1","170","2024-02-27 13:35:21"
"5fb9eb323531776e460fe5e0",,"2","58","1","2","5","5","0","1","928","1319","0","1","4","4","0.71","0.84","0","0",,,"1","180","2024-02-27 13:35:23"
"5f765a3c8a6ec010370c9cc1",,"3","47","3","2","5","5","0","1","670","845","0","1","3","4","0.63","0.78","0","0",,,"1","175","2024-02-27 13:35:24"
"5fb9eb323531776e460fe5e0",,"2","59","2","2","5","5","0","1","745","1304","0","1","1","2","0.22","0.37","0","0",,,"0","180","2024-02-27 13:35:26"
"5f765a3c8a6ec010370c9cc1",,"3","48","0","2","5","5","0","1","936","1130","0","1","1","1","0.16","0.29","0","0",,,"0","175","2024-02-27 13:35:26"
"5f765a3c8a6ec010370c9cc1",,"3","49","10","2","5","5","1","0","539","666","1","0","1","3","0.16","0.63","0","0",,,"0","175","2024-02-27 13:35:29"
"5fb9eb323531776e460fe5e0",,"2","60","2","2","5","5","0","1","779","1050","0","1","1","2","0.22","0.37","0","0",,,"0","180","2024-02-27 13:35:29"
"5f765a3c8a6ec010370c9cc1",,"3","50","6","2","5","5","0","1","707","835","0","1","2","3","0.37","0.63","0","0",,,"0","175","2024-02-27 13:35:32"
"5fb9eb323531776e460fe5e0",,"2","61","3","2","5","5","0","1","695","1186","0","1","3","4","0.63","0.78","0","0",,,"1","185","2024-02-27 13:35:32"
"5f765a3c8a6ec010370c9cc1",,"3","51","0","2","5","5","0","1","602","720","0","1","1","1","0.16","0.29","0","0",,,"0","175","2024-02-27 13:35:35"
"5fb9eb323531776e460fe5e0",,"2","62","15","2","5","5","0","1","745","1084","0","1","1","4","0.12","0.88","0","0",,,"1","190","2024-02-27 13:35:35"
"5f765a3c8a6ec010370c9cc1",,"3","52","5","2","5","5","1","0","592","711","1","0","1","2","0.22","0.45","0","0",,,"1","180","2024-02-27 13:35:38"
"5fb9eb323531776e460fe5e0",,"2","63","0","2","5","5","1","0","1101","1424","1","0","1","1","0.16","0.29","0","0",,,"0","190","2024-02-27 13:35:38"
"5f765a3c8a6ec010370c9cc1",,"3","53","3","2","5","5","0","1","884","1016","0","1","3","4","0.63","0.78","0","0",,,"1","185","2024-02-27 13:35:41"
"5f765a3c8a6ec010370c9cc1",,"3","54","11","2","5","5","1","0","603","717","1","0","2","4","0.37","0.84","0","0",,,"1","190","2024-02-27 13:35:43"
"5f765a3c8a6ec010370c9cc1",,"3","55","7","2","5","5","0","1","703","831","0","1","3","4","0.55","0.88","0","0",,,"1","195","2024-02-27 13:35:46"
"5fb9eb323531776e460fe5e0",,"3","0","8","2","5","5","0","1","1017","1305","0","1","1","2","0.12","0.45","0","0",,,"1","5","2024-02-27 13:35:48"
"5f765a3c8a6ec010370c9cc1",,"3","56","8","2","5","5","0","1","607","789","0","1","1","2","0.12","0.45","0","0",,,"1","200","2024-02-27 13:35:48"
"5fb9eb323531776e460fe5e0",,"3","1","9","2","5","5","0","1","695","1034","0","1","1","4","0.29","0.71","0","0",,,"0","5","2024-02-27 13:35:51"
"5f765a3c8a6ec010370c9cc1",,"3","57","4","2","5","5","0","1","975","1106","0","1","3","4","0.55","0.78","0","0",,,"1","205","2024-02-27 13:35:51"
"5fb9eb323531776e460fe5e0",,"3","2","0","2","5","5","0","1","679","1001","0","1","1","1","0.16","0.29","0","0",,,"0","5","2024-02-27 13:35:54"
"5f765a3c8a6ec010370c9cc1",,"3","58","0","2","5","5","0","1","1139","1634","0","1","1","1","0.16","0.29","0","0",,,"0","205","2024-02-27 13:35:55"
"5fb9eb323531776e460fe5e0",,"3","3","6","2","5","5","1","0","559","898","1","0","2","3","0.37","0.63","0","0",,,"0","5","2024-02-27 13:35:57"
"5f765a3c8a6ec010370c9cc1",,"3","59","14","2","5","5","1","0","707","823","1","0","1","4","0.16","0.84","0","0",,,"1","210","2024-02-27 13:35:58"
"5fb9eb323531776e460fe5e0",,"3","4","4","2","5","5","0","1","916","1085","0","1","3","4","0.55","0.78","0","0",,,"1","10","2024-02-27 13:36:00"
"5f765a3c8a6ec010370c9cc1",,"3","60","1","2","5","5","0","1","1534","1662","0","1","4","4","0.71","0.84","0","0",,,"1","215","2024-02-27 13:36:01"
"5fb9eb323531776e460fe5e0",,"3","5","8","2","5","5","0","1","830","1238","0","1","1","2","0.12","0.45","0","0",,,"0","10","2024-02-27 13:36:03"
"5f765a3c8a6ec010370c9cc1",,"3","61","8","1","5","5","0","0","836","964","0","1","1","2","0.12","0.45","0","0",,,"1","220","2024-02-27 13:36:04"
"5fb9eb323531776e460fe5e0",,"3","6","14","2","5","5","1","0","1085","1390","1","0","1","4","0.16","0.84","0","0",,,"1","15","2024-02-27 13:36:06"
"5f765a3c8a6ec010370c9cc1",,"3","62","13","2","5","5","0","1","565","682","0","1","1","4","0.29","0.88","0","0",,,"1","225","2024-02-27 13:36:06"
"5fb9eb323531776e460fe5e0",,"3","7","14","2","5","5","0","1","644","966","0","1","1","4","0.16","0.84","0","0",,,"1","20","2024-02-27 13:36:09"
"5f765a3c8a6ec010370c9cc1",,"3","63","15","2","5","5","1","0","615","735","1","0","1","4","0.12","0.88","0","0",,,"1","230","2024-02-27 13:36:09"
"5fb9eb323531776e460fe5e0",,"3","8","15","2","5","5","0","1","778","1135","0","1","1","4","0.12","0.88","0","0",,,"1","25","2024-02-27 13:36:12"
"5fb9eb323531776e460fe5e0",,"3","9","12","2","5","5","1","0","660","999","1","0","1","4","0.12","0.71","0","0",,,"0","25","2024-02-27 13:36:14"
"5fb9eb323531776e460fe5e0",,"3","10","5","2","5","5","1","0","763","1271","1","0","1","2","0.22","0.45","0","0",,,"1","30","2024-02-27 13:36:17"
"5fb9eb323531776e460fe5e0",,"3","11","13","2","5","5","0","1","592","813","0","1","1","4","0.29","0.88","0","0",,,"1","35","2024-02-27 13:36:20"
"5f765a3c8a6ec010370c9cc1",,"4","0","5","2","5","5","1","0","577","694","1","0","1","2","0.22","0.45","0","0",,,"1","5","2024-02-27 13:36:20"
"5f765a3c8a6ec010370c9cc1",,"4","1","0","2","5","5","1","0","557","738","1","0","1","1","0.16","0.29","0","0",,,"0","5","2024-02-27 13:36:23"
"5fb9eb323531776e460fe5e0",,"3","12","5","2","5","5","1","0","847","1304","1","0","1","2","0.22","0.45","0","0",,,"0","35","2024-02-27 13:36:23"
"5f765a3c8a6ec010370c9cc1",,"4","2","6","2","5","5","0","1","529","651","0","1","2","3","0.37","0.63","0","0",,,"1","10","2024-02-27 13:36:25"
"5fb9eb323531776e460fe5e0",,"3","13","1","2","5","5","1","0","645","1373","1","0","4","4","0.71","0.84","0","0",,,"1","40","2024-02-27 13:36:26"
"5f765a3c8a6ec010370c9cc1",,"4","3","15","2","5","5","1","0","545","662","1","0","1","4","0.12","0.88","0","0",,,"1","15","2024-02-27 13:36:28"
"5fb9eb323531776e460fe5e0",,"3","14","6","2","5","5","1","0","610","966","1","0","2","3","0.37","0.63","0","0",,,"1","45","2024-02-27 13:36:29"
"5f765a3c8a6ec010370c9cc1",,"4","4","9","2","5","5","1","0","494","604","1","0","1","4","0.29","0.71","0","0",,,"1","20","2024-02-27 13:36:30"
"5fb9eb323531776e460fe5e0",,"3","15","4","2","5","5","0","1","745","1086","0","1","3","4","0.55","0.78","0","0",,,"0","45","2024-02-27 13:36:32"
"5f765a3c8a6ec010370c9cc1",,"4","5","7","2","5","5","1","0","427","537","1","0","3","4","0.55","0.88","0","0",,,"1","25","2024-02-27 13:36:33"
"5fb9eb323531776e460fe5e0",,"3","16","11","2","5","5","0","1","608","948","0","1","2","4","0.37","0.84","0","0",,,"1","50","2024-02-27 13:36:35"
"5f765a3c8a6ec010370c9cc1",,"4","6","12","2","5","5","1","0","495","613","1","0","1","4","0.12","0.71","0","0",,,"1","30","2024-02-27 13:36:35"
"5fb9eb323531776e460fe5e0",,"3","17","1","2","5","5","1","0","695","1102","1","0","4","4","0.71","0.84","0","0",,,"0","50","2024-02-27 13:36:37"
"5f765a3c8a6ec010370c9cc1",,"4","7","13","2","5","5","1","0","427","597","1","0","1","4","0.29","0.88","0","0",,,"1","35","2024-02-27 13:36:38"
"5fb9eb323531776e460fe5e0",,"3","18","1","2","5","5","1","0","728","1169","1","0","4","4","0.71","0.84","0","0",,,"1","55","2024-02-27 13:36:40"
"5f765a3c8a6ec010370c9cc1",,"4","8","8","2","5","5","1","0","650","833","1","0","1","2","0.12","0.45","0","0",,,"0","35","2024-02-27 13:36:41"
"5fb9eb323531776e460fe5e0",,"3","19","12","2","5","5","0","1","745","1135","0","1","1","4","0.12","0.71","0","0",,,"1","60","2024-02-27 13:36:43"
"5f765a3c8a6ec010370c9cc1",,"4","9","5","1","5","5","0","0","777","895","0","1","1","2","0.22","0.45","0","0",,,"1","40","2024-02-27 13:36:43"
"5f765a3c8a6ec010370c9cc1",,"4","10","7","2","5","5","0","1","596","720","0","1","3","4","0.55","0.88","0","0",,,"1","45","2024-02-27 13:36:46"
"5fb9eb323531776e460fe5e0",,"3","20","2","2","5","5","1","0","1050","1372","1","0","1","2","0.22","0.37","0","0",,,"1","65","2024-02-27 13:36:46"
"5f765a3c8a6ec010370c9cc1",,"4","11","8","2","5","5","0","1","895","1021","0","1","1","2","0.12","0.45","0","0",,,"0","45","2024-02-27 13:36:49"
"5fb9eb323531776e460fe5e0",,"3","21","7","2","5","5","1","0","712","1492","1","0","3","4","0.55","0.88","0","0",,,"1","70","2024-02-27 13:36:49"
"5f765a3c8a6ec010370c9cc1",,"4","12","2","1","5","5","1","1","618","739","1","0","1","2","0.22","0.37","0","0",,,"0","45","2024-02-27 13:36:52"
"5fb9eb323531776e460fe5e0",,"3","22","8","2","5","5","0","1","524","796","0","1","1","2","0.12","0.45","0","0",,,"0","70","2024-02-27 13:36:52"
"5f765a3c8a6ec010370c9cc1",,"4","13","14","2","5","5","1","0","490","612","1","0","1","4","0.16","0.84","0","0",,,"0","45","2024-02-27 13:36:55"
"5fb9eb323531776e460fe5e0",,"3","23","7","2","5","5","1","0","407","696","1","0","3","4","0.55","0.88","0","0",,,"1","75","2024-02-27 13:36:55"
"5fb9eb323531776e460fe5e0",,"3","24","7","2","5","5","1","0","763","1033","1","0","3","4","0.55","0.88","0","0",,,"1","80","2024-02-27 13:36:57"
"5f765a3c8a6ec010370c9cc1",,"4","14","4","2","5","5","1","0","540","714","1","0","3","4","0.55","0.78","0","0",,,"1","50","2024-02-27 13:36:57"
"5f765a3c8a6ec010370c9cc1",,"4","15","11","2","5","5","0","1","528","648","0","1","2","4","0.37","0.84","0","0",,,"0","50","2024-02-27 13:37:00"
"5fb9eb323531776e460fe5e0",,"3","25","13","2","5","5","0","1","542","796","0","1","1","4","0.29","0.88","0","0",,,"1","85","2024-02-27 13:37:00"
"5f765a3c8a6ec010370c9cc1",,"4","16","1","2","5","5","0","1","538","656","0","1","4","4","0.71","0.84","0","0",,,"1","55","2024-02-27 13:37:03"
"5fb9eb323531776e460fe5e0",,"3","26","2","2","5","5","1","0","660","983","1","0","1","2","0.22","0.37","0","0",,,"0","85","2024-02-27 13:37:03"
"5f765a3c8a6ec010370c9cc1",,"4","17","1","2","5","5","0","1","487","603","0","1","4","4","0.71","0.84","0","0",,,"1","60","2024-02-27 13:37:05"
"5fb9eb323531776e460fe5e0",,"3","27","8","2","5","5","0","1","628","899","0","1","1","2","0.12","0.45","0","0",,,"0","85","2024-02-27 13:37:06"
"5f765a3c8a6ec010370c9cc1",,"4","18","12","2","5","5","1","0","497","608","1","0","1","4","0.12","0.71","0","0",,,"1","65","2024-02-27 13:37:08"
"5fb9eb323531776e460fe5e0",,"3","28","3","2","5","5","0","1","916","1204","0","1","3","4","0.63","0.78","0","0",,,"0","85","2024-02-27 13:37:09"
"5f765a3c8a6ec010370c9cc1",,"4","19","9","2","5","5","1","0","471","587","1","0","1","4","0.29","0.71","0","0",,,"1","70","2024-02-27 13:37:10"
"5fb9eb323531776e460fe5e0",,"3","29","5","2","5","5","1","0","576","864","1","0","1","2","0.22","0.45","0","0",,,"1","90","2024-02-27 13:37:12"
"5f765a3c8a6ec010370c9cc1",,"4","20","14","2","5","5","1","0","468","590","1","0","1","4","0.16","0.84","0","0",,,"1","75","2024-02-27 13:37:13"
"5fb9eb323531776e460fe5e0",,"3","30","5","2","5","5","1","0","678","948","1","0","1","2","0.22","0.45","0","0",,,"1","95","2024-02-27 13:37:14"
"5f765a3c8a6ec010370c9cc1",,"4","21","6","2","5","5","1","0","422","539","1","0","2","3","0.37","0.63","0","0",,,"0","75","2024-02-27 13:37:15"
"5fb9eb323531776e460fe5e0",,"3","31","15","2","5","5","1","0","593","864","1","0","1","4","0.12","0.88","0","0",,,"1","100","2024-02-27 13:37:17"
"5f765a3c8a6ec010370c9cc1",,"4","22","2","2","5","5","0","1","421","546","0","1","1","2","0.22","0.37","0","0",,,"1","80","2024-02-27 13:37:18"
"5fb9eb323531776e460fe5e0",,"3","32","1","2","5","5","0","1","678","865","0","1","4","4","0.71","0.84","0","0",,,"0","100","2024-02-27 13:37:20"
"5f765a3c8a6ec010370c9cc1",,"4","23","13","2","5","5","0","1","422","537","0","1","1","4","0.29","0.88","0","0",,,"1","85","2024-02-27 13:37:20"
"5fb9eb323531776e460fe5e0",,"3","33","0","2","5","5","1","0","644","881","1","0","1","1","0.16","0.29","0","0",,,"0","100","2024-02-27 13:37:22"
"5f765a3c8a6ec010370c9cc1",,"4","24","10","2","5","5","0","1","440","607","0","1","1","3","0.16","0.63","0","0",,,"0","85","2024-02-27 13:37:23"
"5fb9eb323531776e460fe5e0",,"3","34","14","2","5","5","0","1","593","762","0","1","1","4","0.16","0.84","0","0",,,"1","105","2024-02-27 13:37:25"
"5f765a3c8a6ec010370c9cc1",,"4","25","4","2","5","5","0","1","932","1065","0","1","3","4","0.55","0.78","0","0",,,"1","90","2024-02-27 13:37:26"
"5fb9eb323531776e460fe5e0",,"3","35","15","2","5","5","1","0","746","967","1","0","1","4","0.12","0.88","0","0",,,"1","110","2024-02-27 13:37:28"
"5f765a3c8a6ec010370c9cc1",,"4","26","12","1","5","5","0","0","646","766","0","1","1","4","0.12","0.71","0","0",,,"0","90","2024-02-27 13:37:28"
"5fb9eb323531776e460fe5e0",,"3","36","11","2","5","5","1","0","643","830","1","0","2","4","0.37","0.84","0","0",,,"1","115","2024-02-27 13:37:30"
"5f765a3c8a6ec010370c9cc1",,"4","27","2","1","5","5","0","0","704","1005","0","1","1","2","0.22","0.37","0","0",,,"0","90","2024-02-27 13:37:31"
"5fb9eb323531776e460fe5e0",,"3","37","6","2","5","5","1","0","627","797","1","0","2","3","0.37","0.63","0","0",,,"1","120","2024-02-27 13:37:33"
"5f765a3c8a6ec010370c9cc1",,"4","28","7","2","5","5","1","0","702","829","1","0","3","4","0.55","0.88","0","0",,,"0","90","2024-02-27 13:37:34"
"5fb9eb323531776e460fe5e0",,"3","38","14","2","5","5","1","0","576","797","1","0","1","4","0.16","0.84","0","0",,,"1","125","2024-02-27 13:37:35"
"5f765a3c8a6ec010370c9cc1",,"4","29","15","2","5","5","0","1","542","658","0","1","1","4","0.12","0.88","0","0",,,"0","90","2024-02-27 13:37:37"
"5fb9eb323531776e460fe5e0",,"3","39","0","2","5","5","1","0","848","1390","1","0","1","1","0.16","0.29","0","0",,,"0","125","2024-02-27 13:37:38"
"5f765a3c8a6ec010370c9cc1",,"4","30","14","2","5","5","0","1","482","605","0","1","1","4","0.16","0.84","0","0",,,"1","95","2024-02-27 13:37:40"
"5fb9eb323531776e460fe5e0",,"3","40","12","2","5","5","1","0","696","1051","1","0","1","4","0.12","0.71","0","0",,,"0","125","2024-02-27 13:37:41"
"5f765a3c8a6ec010370c9cc1",,"4","31","12","2","5","5","0","1","538","655","0","1","1","4","0.12","0.71","0","0",,,"1","100","2024-02-27 13:37:42"
"5fb9eb323531776e460fe5e0",,"3","41","2","2","5","5","1","0","678","1170","1","0","1","2","0.22","0.37","0","0",,,"0","125","2024-02-27 13:37:45"
"5f765a3c8a6ec010370c9cc1",,"4","32","9","2","5","5","1","0","531","642","1","0","1","4","0.29","0.71","0","0",,,"0","100","2024-02-27 13:37:45"
"5fb9eb323531776e460fe5e0",,"3","42","3","2","5","5","0","1","609","864","0","1","3","4","0.63","0.78","0","0",,,"1","130","2024-02-27 13:37:47"
"5f765a3c8a6ec010370c9cc1",,"4","33","14","2","5","5","0","1","586","704","0","1","1","4","0.16","0.84","0","0",,,"1","105","2024-02-27 13:37:48"
"5fb9eb323531776e460fe5e0",,"3","43","11","2","5","5","0","1","525","831","0","1","2","4","0.37","0.84","0","0",,,"1","135","2024-02-27 13:37:50"
"5f765a3c8a6ec010370c9cc1",,"4","34","0","1","5","5","0","0","849","973","0","1","1","1","0.16","0.29","0","0",,,"0","105","2024-02-27 13:37:50"
"5fb9eb323531776e460fe5e0",,"3","44","10","2","5","5","1","0","524","795","1","0","1","3","0.16","0.63","0","0",,,"0","135","2024-02-27 13:37:53"
"5f765a3c8a6ec010370c9cc1",,"4","35","3","2","5","5","1","0","539","662","1","0","3","4","0.63","0.78","0","0",,,"1","110","2024-02-27 13:37:53"
"5fb9eb323531776e460fe5e0",,"3","45","9","2","5","5","1","0","509","882","1","0","1","4","0.29","0.71","0","0",,,"0","135","2024-02-27 13:37:56"
"5f765a3c8a6ec010370c9cc1",,"4","36","13","2","5","5","1","0","604","717","1","0","1","4","0.29","0.88","0","0",,,"1","115","2024-02-27 13:37:56"
"5f765a3c8a6ec010370c9cc1",,"4","37","11","2","5","5","1","0","432","548","1","0","2","4","0.37","0.84","0","0",,,"1","120","2024-02-27 13:37:58"
"5fb9eb323531776e460fe5e0",,"3","46","10","2","5","5","1","0","509","916","1","0","1","3","0.16","0.63","0","0",,,"1","140","2024-02-27 13:37:58"
"5f765a3c8a6ec010370c9cc1",,"4","38","0","1","5","5","0","0","665","779","0","1","1","1","0.16","0.29","0","0",,,"0","120","2024-02-27 13:38:01"
"5fb9eb323531776e460fe5e0",,"3","47","13","2","5","5","0","1","542","1509","1","1","1","4","0.29","0.88","0","0",,,"1","145","2024-02-27 13:38:02"
"5f765a3c8a6ec010370c9cc1",,"4","39","4","2","5","5","1","0","437","553","1","0","3","4","0.55","0.78","0","0",,,"0","120","2024-02-27 13:38:04"
"5fb9eb323531776e460fe5e0",,"3","48","13","2","5","5","1","0","559","915","1","0","1","4","0.29","0.88","0","0",,,"1","150","2024-02-27 13:38:04"
"5f765a3c8a6ec010370c9cc1",,"4","40","10","2","5","5","1","0","623","743","1","0","1","3","0.16","0.63","0","0",,,"1","125","2024-02-27 13:38:06"
"5fb9eb323531776e460fe5e0",,"3","49","10","2","5","5","1","0","677","1034","1","0","1","3","0.16","0.63","0","0",,,"0","150","2024-02-27 13:38:07"
"5f765a3c8a6ec010370c9cc1",,"4","41","10","2","5","5","1","0","497","617","1","0","1","3","0.16","0.63","0","0",,,"0","125","2024-02-27 13:38:09"
"5fb9eb323531776e460fe5e0",,"3","50","12","2","5","5","0","1","577","848","0","1","1","4","0.12","0.71","0","0",,,"1","155","2024-02-27 13:38:10"
"5f765a3c8a6ec010370c9cc1",,"4","42","9","2","5","5","1","0","475","659","1","0","1","4","0.29","0.71","0","0",,,"1","130","2024-02-27 13:38:12"
"5fb9eb323531776e460fe5e0",,"3","51","9","2","5","5","1","0","509","779","1","0","1","4","0.29","0.71","0","0",,,"1","160","2024-02-27 13:38:12"
"5f765a3c8a6ec010370c9cc1",,"4","43","3","1","5","5","1","1","475","591","1","0","3","4","0.63","0.78","0","0",,,"1","135","2024-02-27 13:38:14"
"5fb9eb323531776e460fe5e0",,"3","52","9","2","5","5","0","1","644","797","0","1","1","4","0.29","0.71","0","0",,,"1","165","2024-02-27 13:38:15"
"5f765a3c8a6ec010370c9cc1",,"4","44","15","2","5","5","0","1","776","904","0","1","1","4","0.12","0.88","0","0",,,"1","140","2024-02-27 13:38:17"
"5fb9eb323531776e460fe5e0",,"3","53","3","1","5","5","0","0","644","1543","1","1","3","4","0.63","0.78","0","0",,,"1","170","2024-02-27 13:38:18"
"5f765a3c8a6ec010370c9cc1",,"4","45","6","2","5","5","0","1","540","651","0","1","2","3","0.37","0.63","0","0",,,"0","140","2024-02-27 13:38:19"
"5fb9eb323531776e460fe5e0",,"3","54","4","2","5","5","0","1","796","1662","1","1","3","4","0.55","0.78","0","0",,,"1","175","2024-02-27 13:38:21"
"5f765a3c8a6ec010370c9cc1",,"4","46","8","2","5","5","1","0","717","837","1","0","1","2","0.12","0.45","0","0",,,"1","145","2024-02-27 13:38:22"
"5fb9eb323531776e460fe5e0",,"3","55","15","2","5","5","0","1","627","1137","0","1","1","4","0.12","0.88","0","0",,,"1","180","2024-02-27 13:38:24"
"5f765a3c8a6ec010370c9cc1",,"4","47","11","2","5","5","1","0","576","689","1","0","2","4","0.37","0.84","0","0",,,"1","150","2024-02-27 13:38:25"
"5fb9eb323531776e460fe5e0",,"3","56","0","1","5","5","1","1","1123","1347","1","0","1","1","0.16","0.29","0","0",,,"0","180","2024-02-27 13:38:27"
"5f765a3c8a6ec010370c9cc1",,"4","48","6","1","5","5","0","0","711","838","0","1","2","3","0.37","0.63","0","0",,,"1","155","2024-02-27 13:38:27"
"5f765a3c8a6ec010370c9cc1",,"4","49","2","2","5","5","0","1","801","927","0","1","1","2","0.22","0.37","0","0",,,"1","160","2024-02-27 13:38:30"
"5fb9eb323531776e460fe5e0",,"3","57","4","2","5","5","0","1","1185","1406","0","1","3","4","0.55","0.78","0","0",,,"1","185","2024-02-27 13:38:30"
"5f765a3c8a6ec010370c9cc1",,"4","50","13","2","5","5","1","0","828","959","1","0","1","4","0.29","0.88","0","0",,,"1","165","2024-02-27 13:38:33"
"5fb9eb323531776e460fe5e0",,"3","58","10","2","5","5","1","0","864","1272","1","0","1","3","0.16","0.63","0","0",,,"1","190","2024-02-27 13:38:33"
"5f765a3c8a6ec010370c9cc1",,"4","51","15","2","5","5","1","0","770","890","1","0","1","4","0.12","0.88","0","0",,,"1","170","2024-02-27 13:38:36"
"5fb9eb323531776e460fe5e0",,"3","59","3","2","5","5","0","1","592","966","0","1","3","4","0.63","0.78","0","0",,,"0","190","2024-02-27 13:38:36"
"5f765a3c8a6ec010370c9cc1",,"4","52","4","1","5","5","1","1","730","917","1","0","3","4","0.55","0.78","0","0",,,"1","175","2024-02-27 13:38:39"
"5fb9eb323531776e460fe5e0",,"3","60","2","2","5","5","0","1","1068","1356","0","1","1","2","0.22","0.37","0","0",,,"1","195","2024-02-27 13:38:39"
"5f765a3c8a6ec010370c9cc1",,"4","53","11","1","5","5","1","1","825","944","1","0","2","4","0.37","0.84","0","0",,,"1","180","2024-02-27 13:38:41"
"5fb9eb323531776e460fe5e0",,"3","61","6","2","5","5","0","1","762","1102","0","1","2","3","0.37","0.63","0","0",,,"0","195","2024-02-27 13:38:42"
"5f765a3c8a6ec010370c9cc1",,"4","54","3","1","5","5","1","1","852","1043","1","0","3","4","0.63","0.78","0","0",,,"0","180","2024-02-27 13:38:44"
"5fb9eb323531776e460fe5e0",,"3","62","11","2","5","5","1","0","627","863","1","0","2","4","0.37","0.84","0","0",,,"0","195","2024-02-27 13:38:45"
"5f765a3c8a6ec010370c9cc1",,"4","55","7","1","5","5","1","1","643","763","1","0","3","4","0.55","0.88","0","0",,,"1","185","2024-02-27 13:38:47"
"5fb9eb323531776e460fe5e0",,"3","63","7","2","5","5","1","0","508","814","1","0","3","4","0.55","0.88","0","0",,,"1","200","2024-02-27 13:38:48"
"5f765a3c8a6ec010370c9cc1",,"4","56","10","2","5","5","1","0","592","890","1","0","1","3","0.16","0.63","0","0",,,"1","190","2024-02-27 13:38:50"
"5f765a3c8a6ec010370c9cc1",,"4","57","1","2","5","5","0","1","669","789","0","1","4","4","0.71","0.84","0","0",,,"1","195","2024-02-27 13:38:52"
"5f765a3c8a6ec010370c9cc1",,"4","58","5","1","5","5","1","1","794","919","1","0","1","2","0.22","0.45","0","0",,,"1","200","2024-02-27 13:38:55"
"5f765a3c8a6ec010370c9cc1",,"4","59","8","2","5","5","1","0","613","734","1","0","1","2","0.12","0.45","0","0",,,"0","200","2024-02-27 13:38:58"
"5f765a3c8a6ec010370c9cc1",,"4","60","0","2","5","5","0","1","596","766","0","1","1","1","0.16","0.29","0","0",,,"0","200","2024-02-27 13:39:00"
"5fb9eb323531776e460fe5e0",,"4","0","2","2","5","5","0","1","746","1102","0","1","1","2","0.22","0.37","0","0",,,"0","0","2024-02-27 13:39:01"
"5f765a3c8a6ec010370c9cc1",,"4","61","5","1","5","5","0","0","708","895","0","1","1","2","0.22","0.45","0","0",,,"1","205","2024-02-27 13:39:03"
"5fb9eb323531776e460fe5e0",,"4","1","10","2","5","5","1","0","593","797","1","0","1","3","0.16","0.63","0","0",,,"1","5","2024-02-27 13:39:04"
"5fb9eb323531776e460fe5e0",,"4","2","10","2","5","5","0","1","525","696","0","1","1","3","0.16","0.63","0","0",,,"1","10","2024-02-27 13:39:06"
"5f765a3c8a6ec010370c9cc1",,"4","62","3","2","5","5","1","0","649","969","1","0","3","4","0.63","0.78","0","0",,,"0","205","2024-02-27 13:39:06"
"5fb9eb323531776e460fe5e0",,"4","3","2","2","5","5","0","1","1202","1423","0","1","1","2","0.22","0.37","0","0",,,"0","10","2024-02-27 13:39:09"
"5f765a3c8a6ec010370c9cc1",,"4","63","1","1","5","5","1","1","782","1030","1","0","4","4","0.71","0.84","0","0",,,"0","205","2024-02-27 13:39:09"
"5fb9eb323531776e460fe5e0",,"4","4","3","2","5","5","0","1","576","814","0","1","3","4","0.63","0.78","0","0",,,"1","15","2024-02-27 13:39:12"
"5fb9eb323531776e460fe5e0",,"4","5","9","2","5","5","1","0","560","847","1","0","1","4","0.29","0.71","0","0",,,"0","15","2024-02-27 13:39:14"
"5fb9eb323531776e460fe5e0",,"4","6","3","2","5","5","1","0","560","965","1","0","3","4","0.63","0.78","0","0",,,"1","20","2024-02-27 13:39:17"
"5f765a3c8a6ec010370c9cc1",,"5","0","8","2","5","5","1","0","610","733","1","0","1","2","0.12","0.45","0","0",,,"0","0","2024-02-27 13:39:19"
"5fb9eb323531776e460fe5e0",,"4","7","5","2","5","5","0","1","558","797","0","1","1","2","0.22","0.45","0","0",,,"0","20","2024-02-27 13:39:20"
"5f765a3c8a6ec010370c9cc1",,"5","1","10","1","5","5","1","1","538","710","1","0","1","3","0.16","0.63","0","0",,,"0","0","2024-02-27 13:39:22"
"5fb9eb323531776e460fe5e0",,"4","8","4","2","5","5","0","1","559","729","0","1","3","4","0.55","0.78","0","0",,,"1","25","2024-02-27 13:39:23"
"5f765a3c8a6ec010370c9cc1",,"5","2","7","2","5","5","0","1","550","667","0","1","3","4","0.55","0.88","0","0",,,"1","5","2024-02-27 13:39:25"
"5fb9eb323531776e460fe5e0",,"4","9","1","2","5","5","1","0","966","1221","1","0","4","4","0.71","0.84","0","0",,,"1","30","2024-02-27 13:39:26"
"5f765a3c8a6ec010370c9cc1",,"5","3","9","2","5","5","1","0","515","625","1","0","1","4","0.29","0.71","0","0",,,"1","10","2024-02-27 13:39:27"
"5fb9eb323531776e460fe5e0",,"4","10","5","2","5","5","0","1","577","881","0","1","1","2","0.22","0.45","0","0",,,"1","35","2024-02-27 13:39:28"
"5f765a3c8a6ec010370c9cc1",,"5","4","2","1","5","5","0","0","906","1155","0","1","1","2","0.22","0.37","0","0",,,"0","10","2024-02-27 13:39:30"
"5fb9eb323531776e460fe5e0",,"4","11","8","1","5","5","0","0","966","1152","0","1","1","2","0.12","0.45","0","0",,,"0","35","2024-02-27 13:39:31"
"5f765a3c8a6ec010370c9cc1",,"5","5","11","2","5","5","0","1","436","551","0","1","2","4","0.37","0.84","0","0",,,"0","10","2024-02-27 13:39:33"
"5fb9eb323531776e460fe5e0",,"4","12","6","2","5","5","1","0","643","932","1","0","2","3","0.37","0.63","0","0",,,"1","40","2024-02-27 13:39:34"
"5f765a3c8a6ec010370c9cc1",,"5","6","1","2","5","5","1","0","547","659","1","0","4","4","0.71","0.84","0","0",,,"1","15","2024-02-27 13:39:36"
"5fb9eb323531776e460fe5e0",,"4","13","10","2","5","5","0","1","491","661","0","1","1","3","0.16","0.63","0","0",,,"1","45","2024-02-27 13:39:36"
"5f765a3c8a6ec010370c9cc1",,"5","7","13","2","5","5","0","1","441","557","0","1","1","4","0.29","0.88","0","0",,,"1","20","2024-02-27 13:39:38"
"5fb9eb323531776e460fe5e0",,"4","14","12","2","5","5","1","0","560","797","1","0","1","4","0.12","0.71","0","0",,,"1","50","2024-02-27 13:39:39"
"5f765a3c8a6ec010370c9cc1",,"5","8","15","2","5","5","1","0","471","588","1","0","1","4","0.12","0.88","0","0",,,"1","25","2024-02-27 13:39:41"
"5fb9eb323531776e460fe5e0",,"4","15","11","2","5","5","1","0","575","847","1","0","2","4","0.37","0.84","0","0",,,"1","55","2024-02-27 13:39:41"
"5f765a3c8a6ec010370c9cc1",,"5","9","0","2","5","5","0","1","667","782","0","1","1","1","0.16","0.29","0","0",,,"1","30","2024-02-27 13:39:43"
"5fb9eb323531776e460fe5e0",,"4","16","7","2","5","5","0","1","542","678","0","1","3","4","0.55","0.88","0","0",,,"1","60","2024-02-27 13:39:44"
"5f765a3c8a6ec010370c9cc1",,"5","10","6","2","5","5","0","1","601","720","0","1","2","3","0.37","0.63","0","0",,,"1","35","2024-02-27 13:39:46"
"5fb9eb323531776e460fe5e0",,"4","17","11","2","5","5","0","1","694","1033","0","1","2","4","0.37","0.84","0","0",,,"1","65","2024-02-27 13:39:47"
"5f765a3c8a6ec010370c9cc1",,"5","11","4","2","5","5","0","1","506","627","0","1","3","4","0.55","0.78","0","0",,,"1","40","2024-02-27 13:39:49"
"5fb9eb323531776e460fe5e0",,"4","18","13","2","5","5","0","1","490","660","0","1","1","4","0.29","0.88","0","0",,,"1","70","2024-02-27 13:39:49"
"5f765a3c8a6ec010370c9cc1",,"5","12","4","2","5","5","1","0","525","648","1","0","3","4","0.55","0.78","0","0",,,"1","45","2024-02-27 13:39:51"
"5fb9eb323531776e460fe5e0",,"4","19","5","2","5","5","0","1","542","830","0","1","1","2","0.22","0.45","0","0",,,"0","70","2024-02-27 13:39:52"
"5f765a3c8a6ec010370c9cc1",,"5","13","15","2","5","5","0","1","517","635","0","1","1","4","0.12","0.88","0","0",,,"1","50","2024-02-27 13:39:54"
"5fb9eb323531776e460fe5e0",,"4","20","15","2","5","5","0","1","441","661","0","1","1","4","0.12","0.88","0","0",,,"1","75","2024-02-27 13:39:54"
"5f765a3c8a6ec010370c9cc1",,"5","14","11","2","5","5","0","1","499","676","0","1","2","4","0.37","0.84","0","0",,,"1","55","2024-02-27 13:39:56"
"5fb9eb323531776e460fe5e0",,"4","21","12","2","5","5","0","1","610","814","0","1","1","4","0.12","0.71","0","0",,,"1","80","2024-02-27 13:39:57"
"5f765a3c8a6ec010370c9cc1",,"5","15","1","2","5","5","1","0","429","1097","1","1","4","4","0.71","0.84","0","0",,,"0","55","2024-02-27 13:39:59"
"5fb9eb323531776e460fe5e0",,"4","22","8","2","5","5","1","0","729","933","1","0","1","2","0.12","0.45","0","0",,,"0","80","2024-02-27 13:39:59"
"5f765a3c8a6ec010370c9cc1",,"5","16","6","2","5","5","1","0","418","535","1","0","2","3","0.37","0.63","0","0",,,"1","60","2024-02-27 13:40:02"
"5fb9eb323531776e460fe5e0",,"4","23","1","2","5","5","0","1","542","763","0","1","4","4","0.71","0.84","0","0",,,"0","80","2024-02-27 13:40:02"
"5f765a3c8a6ec010370c9cc1",,"5","17","9","2","5","5","1","0","429","537","1","0","1","4","0.29","0.71","0","0",,,"1","65","2024-02-27 13:40:04"
"5fb9eb323531776e460fe5e0",,"4","24","14","2","5","5","0","1","474","695","0","1","1","4","0.16","0.84","0","0",,,"1","85","2024-02-27 13:40:05"
"5f765a3c8a6ec010370c9cc1",,"5","18","14","2","5","5","1","0","434","614","1","0","1","4","0.16","0.84","0","0",,,"1","70","2024-02-27 13:40:07"
"5fb9eb323531776e460fe5e0",,"4","25","1","2","5","5","1","0","932","1221","1","0","4","4","0.71","0.84","0","0",,,"1","90","2024-02-27 13:40:08"
"5f765a3c8a6ec010370c9cc1",,"5","19","0","2","5","5","0","1","503","620","0","1","1","1","0.16","0.29","0","0",,,"1","75","2024-02-27 13:40:09"
"5fb9eb323531776e460fe5e0",,"4","26","8","2","5","5","0","1","542","1356","0","1","1","2","0.12","0.45","0","0",,,"0","90","2024-02-27 13:40:11"
"5f765a3c8a6ec010370c9cc1",,"5","20","9","2","5","5","1","0","489","611","1","0","1","4","0.29","0.71","0","0",,,"1","80","2024-02-27 13:40:12"
"5f765a3c8a6ec010370c9cc1",,"5","21","7","2","5","5","1","0","351","460","1","0","3","4","0.55","0.88","0","0",,,"1","85","2024-02-27 13:40:14"
"5fb9eb323531776e460fe5e0",,"4","27","15","2","5","5","1","0","1169","1543","1","0","1","4","0.12","0.88","0","0",,,"1","95","2024-02-27 13:40:14"
"5f765a3c8a6ec010370c9cc1",,"5","22","15","2","5","5","0","1","484","608","0","1","1","4","0.12","0.88","0","0",,,"1","90","2024-02-27 13:40:16"
"5fb9eb323531776e460fe5e0",,"4","28","13","2","5","5","0","1","1001","1559","0","1","1","4","0.29","0.88","0","0",,,"1","100","2024-02-27 13:40:17"
"5f765a3c8a6ec010370c9cc1",,"5","23","10","2","5","5","1","0","468","694","1","0","1","3","0.16","0.63","0","0",,,"0","90","2024-02-27 13:40:19"
"5fb9eb323531776e460fe5e0",,"4","29","2","1","5","5","0","0","915","1323","0","1","1","2","0.22","0.37","0","0",,,"0","100","2024-02-27 13:40:20"
"5f765a3c8a6ec010370c9cc1",,"5","24","4","2","5","5","0","1","559","743","0","1","3","4","0.55","0.78","0","0",,,"1","95","2024-02-27 13:40:22"
"5fb9eb323531776e460fe5e0",,"4","30","7","2","5","5","1","0","610","813","1","0","3","4","0.55","0.88","0","0",,,"1","105","2024-02-27 13:40:23"
"5f765a3c8a6ec010370c9cc1",,"5","25","14","2","5","5","0","1","623","736","0","1","1","4","0.16","0.84","0","0",,,"1","100","2024-02-27 13:40:24"
"5fb9eb323531776e460fe5e0",,"4","31","3","2","5","5","0","1","1186","1390","0","1","3","4","0.63","0.78","0","0",,,"1","110","2024-02-27 13:40:26"
"5f765a3c8a6ec010370c9cc1",,"5","26","11","2","5","5","1","0","482","593","1","0","2","4","0.37","0.84","0","0",,,"1","105","2024-02-27 13:40:27"
"5fb9eb323531776e460fe5e0",,"4","32","7","2","5","5","0","1","560","781","0","1","3","4","0.55","0.88","0","0",,,"1","115","2024-02-27 13:40:29"
"5f765a3c8a6ec010370c9cc1",,"5","27","6","2","5","5","0","1","423","538","0","1","2","3","0.37","0.63","0","0",,,"0","105","2024-02-27 13:40:29"
"5fb9eb323531776e460fe5e0",,"4","33","1","2","5","5","1","0","541","779","1","0","4","4","0.71","0.84","0","0",,,"1","120","2024-02-27 13:40:31"
"5f765a3c8a6ec010370c9cc1",,"5","28","13","2","5","5","0","1","420","541","0","1","1","4","0.29","0.88","0","0",,,"1","110","2024-02-27 13:40:32"
"5fb9eb323531776e460fe5e0",,"4","34","9","2","5","5","1","0","695","983","1","0","1","4","0.29","0.71","0","0",,,"1","125","2024-02-27 13:40:34"
"5f765a3c8a6ec010370c9cc1",,"5","29","2","2","5","5","0","1","498","676","0","1","1","2","0.22","0.37","0","0",,,"0","110","2024-02-27 13:40:35"
"5fb9eb323531776e460fe5e0",,"4","35","6","2","5","5","0","1","508","899","0","1","2","3","0.37","0.63","0","0",,,"0","125","2024-02-27 13:40:37"
"5f765a3c8a6ec010370c9cc1",,"5","30","3","2","5","5","0","1","448","1302","1","1","3","4","0.63","0.78","0","0",,,"0","110","2024-02-27 13:40:38"
"5fb9eb323531776e460fe5e0",,"4","36","6","2","5","5","0","1","778","914","0","1","2","3","0.37","0.63","0","0",,,"1","130","2024-02-27 13:40:39"
"5f765a3c8a6ec010370c9cc1",,"5","31","2","2","5","5","0","1","607","852","0","1","1","2","0.22","0.37","0","0",,,"1","115","2024-02-27 13:40:41"
"5fb9eb323531776e460fe5e0",,"4","37","14","2","5","5","1","0","628","1322","1","0","1","4","0.16","0.84","0","0",,,"1","135","2024-02-27 13:40:43"
"5f765a3c8a6ec010370c9cc1",,"5","32","5","2","5","5","0","1","700","827","0","1","1","2","0.22","0.45","0","0",,,"0","115","2024-02-27 13:40:44"
"5fb9eb323531776e460fe5e0",,"4","38","8","2","5","5","0","1","559","932","0","1","1","2","0.12","0.45","0","0",,,"0","135","2024-02-27 13:40:45"
"5f765a3c8a6ec010370c9cc1",,"5","33","11","2","5","5","0","1","617","801","0","1","2","4","0.37","0.84","0","0",,,"1","120","2024-02-27 13:40:47"
"5fb9eb323531776e460fe5e0",,"4","39","0","2","5","5","0","1","813","1034","0","1","1","1","0.16","0.29","0","0",,,"1","140","2024-02-27 13:40:48"
"5f765a3c8a6ec010370c9cc1",,"5","34","6","2","5","5","1","0","446","569","1","0","2","3","0.37","0.63","0","0",,,"1","125","2024-02-27 13:40:49"
"5fb9eb323531776e460fe5e0",,"4","40","7","2","5","5","1","0","593","865","1","0","3","4","0.55","0.88","0","0",,,"1","145","2024-02-27 13:40:51"
"5f765a3c8a6ec010370c9cc1",,"5","35","8","2","5","5","1","0","689","1074","1","0","1","2","0.12","0.45","0","0",,,"1","130","2024-02-27 13:40:52"
"5fb9eb323531776e460fe5e0",,"4","41","5","2","5","5","0","1","694","847","0","1","1","2","0.22","0.45","0","0",,,"0","145","2024-02-27 13:40:53"
"5f765a3c8a6ec010370c9cc1",,"5","36","0","2","5","5","0","1","743","867","0","1","1","1","0.16","0.29","0","0",,,"0","130","2024-02-27 13:40:55"
"5fb9eb323531776e460fe5e0",,"4","42","12","2","5","5","1","0","897","1084","1","0","1","4","0.12","0.71","0","0",,,"1","150","2024-02-27 13:40:56"
"5f765a3c8a6ec010370c9cc1",,"5","37","14","2","5","5","1","0","624","750","1","0","1","4","0.16","0.84","0","0",,,"1","135","2024-02-27 13:40:58"
"5fb9eb323531776e460fe5e0",,"4","43","14","2","5","5","0","1","543","712","0","1","1","4","0.16","0.84","0","0",,,"1","155","2024-02-27 13:40:59"
"5f765a3c8a6ec010370c9cc1",,"5","38","12","2","5","5","1","0","544","661","1","0","1","4","0.12","0.71","0","0",,,"0","135","2024-02-27 13:41:00"
"5fb9eb323531776e460fe5e0",,"4","44","13","2","5","5","0","1","559","695","0","1","1","4","0.29","0.88","0","0",,,"1","160","2024-02-27 13:41:01"
"5f765a3c8a6ec010370c9cc1",,"5","39","3","2","5","5","0","1","613","737","0","1","3","4","0.63","0.78","0","0",,,"0","135","2024-02-27 13:41:03"
"5fb9eb323531776e460fe5e0",,"4","45","3","2","5","5","1","0","558","863","1","0","3","4","0.63","0.78","0","0",,,"0","160","2024-02-27 13:41:04"
"5f765a3c8a6ec010370c9cc1",,"5","40","3","2","5","5","1","0","589","703","1","0","3","4","0.63","0.78","0","0",,,"0","135","2024-02-27 13:41:06"
"5fb9eb323531776e460fe5e0",,"4","46","0","2","5","5","1","0","1018","1238","1","0","1","1","0.16","0.29","0","0",,,"1","165","2024-02-27 13:41:07"
"5f765a3c8a6ec010370c9cc1",,"5","41","12","2","5","5","1","0","1004","1134","1","0","1","4","0.12","0.71","0","0",,,"1","140","2024-02-27 13:41:09"
"5fb9eb323531776e460fe5e0",,"4","47","10","2","5","5","1","0","1032","1237","1","0","1","3","0.16","0.63","0","0",,,"1","170","2024-02-27 13:41:10"
"5f765a3c8a6ec010370c9cc1",,"5","42","13","1","5","5","0","0","829","953","0","1","1","4","0.29","0.88","0","0",,,"0","140","2024-02-27 13:41:12"
"5fb9eb323531776e460fe5e0",,"4","48","15","2","5","5","1","0","763","1120","1","0","1","4","0.12","0.88","0","0",,,"0","170","2024-02-27 13:41:13"
"5f765a3c8a6ec010370c9cc1",,"5","43","5","2","5","5","1","0","625","748","1","0","1","2","0.22","0.45","0","0",,,"0","140","2024-02-27 13:41:14"
"5fb9eb323531776e460fe5e0",,"4","49","6","2","5","5","1","0","490","711","1","0","2","3","0.37","0.63","0","0",,,"1","175","2024-02-27 13:41:16"
"5f765a3c8a6ec010370c9cc1",,"5","44","5","2","5","5","0","1","717","896","0","1","1","2","0.22","0.45","0","0",,,"0","140","2024-02-27 13:41:17"
"5fb9eb323531776e460fe5e0",,"4","50","9","2","5","5","0","1","627","933","0","1","1","4","0.29","0.71","0","0",,,"1","180","2024-02-27 13:41:18"
"5f765a3c8a6ec010370c9cc1",,"5","45","0","1","5","5","1","1","663","964","1","0","1","1","0.16","0.29","0","0",,,"0","140","2024-02-27 13:41:20"
"5fb9eb323531776e460fe5e0",,"4","51","4","2","5","5","0","1","661","814","0","1","3","4","0.55","0.78","0","0",,,"1","185","2024-02-27 13:41:21"
"5f765a3c8a6ec010370c9cc1",,"5","46","10","2","5","5","1","0","568","687","1","0","1","3","0.16","0.63","0","0",,,"1","145","2024-02-27 13:41:23"
"5fb9eb323531776e460fe5e0",,"4","52","0","1","5","5","1","1","967","1136","1","0","1","1","0.16","0.29","0","0",,,"0","185","2024-02-27 13:41:24"
"5f765a3c8a6ec010370c9cc1",,"5","47","8","2","5","5","0","1","543","660","0","1","1","2","0.12","0.45","0","0",,,"0","145","2024-02-27 13:41:26"
"5fb9eb323531776e460fe5e0",,"4","53","13","2","5","5","1","0","542","898","1","0","1","4","0.29","0.88","0","0",,,"0","185","2024-02-27 13:41:26"
"5f765a3c8a6ec010370c9cc1",,"5","48","1","2","5","5","1","0","435","550","1","0","4","4","0.71","0.84","0","0",,,"1","150","2024-02-27 13:41:28"
"5fb9eb323531776e460fe5e0",,"4","54","0","2","5","5","1","0","660","932","1","0","1","1","0.16","0.29","0","0",,,"1","190","2024-02-27 13:41:29"
"5f765a3c8a6ec010370c9cc1",,"5","49","4","2","5","5","0","1","541","658","0","1","3","4","0.55","0.78","0","0",,,"1","155","2024-02-27 13:41:31"
"5fb9eb323531776e460fe5e0",,"4","55","4","2","5","5","0","1","576","916","0","1","3","4","0.55","0.78","0","0",,,"1","195","2024-02-27 13:41:32"
"5f765a3c8a6ec010370c9cc1",,"5","50","10","2","5","5","1","0","537","653","1","0","1","3","0.16","0.63","0","0",,,"1","160","2024-02-27 13:41:33"
"5fb9eb323531776e460fe5e0",,"4","56","9","2","5","5","1","0","762","983","1","0","1","4","0.29","0.71","0","0",,,"1","200","2024-02-27 13:41:35"
"5f765a3c8a6ec010370c9cc1",,"5","51","12","2","5","5","0","1","481","590","0","1","1","4","0.12","0.71","0","0",,,"1","165","2024-02-27 13:41:36"
"5fb9eb323531776e460fe5e0",,"4","57","15","2","5","5","0","1","645","848","0","1","1","4","0.12","0.88","0","0",,,"1","205","2024-02-27 13:41:37"
"5f765a3c8a6ec010370c9cc1",,"5","52","3","2","5","5","1","0","612","737","1","0","3","4","0.63","0.78","0","0",,,"1","170","2024-02-27 13:41:39"
"5fb9eb323531776e460fe5e0",,"4","58","14","2","5","5","1","0","610","813","1","0","1","4","0.16","0.84","0","0",,,"1","210","2024-02-27 13:41:40"
"5f765a3c8a6ec010370c9cc1",,"5","53","14","2","5","5","1","0","551","723","1","0","1","4","0.16","0.84","0","0",,,"1","175","2024-02-27 13:41:41"
"5fb9eb323531776e460fe5e0",,"4","59","4","2","5","5","1","0","524","1644","1","1","3","4","0.55","0.78","0","0",,,"1","215","2024-02-27 13:41:43"
"5f765a3c8a6ec010370c9cc1",,"5","54","13","2","5","5","1","0","603","784","1","0","1","4","0.29","0.88","0","0",,,"1","180","2024-02-27 13:41:44"
"5fb9eb323531776e460fe5e0",,"4","60","11","2","5","5","1","0","712","1119","1","0","2","4","0.37","0.84","0","0",,,"1","220","2024-02-27 13:41:46"
"5f765a3c8a6ec010370c9cc1",,"5","55","9","2","5","5","0","1","501","679","0","1","1","4","0.29","0.71","0","0",,,"1","185","2024-02-27 13:41:46"
"5f765a3c8a6ec010370c9cc1",,"5","56","5","1","5","5","0","0","900","1026","0","1","1","2","0.22","0.45","0","0",,,"0","185","2024-02-27 13:41:49"
"5fb9eb323531776e460fe5e0",,"4","61","2","2","5","5","0","1","1050","1678","1","1","1","2","0.22","0.37","0","0",,,"0","220","2024-02-27 13:41:49"
"5f765a3c8a6ec010370c9cc1",,"5","57","8","2","5","5","0","1","545","665","0","1","1","2","0.12","0.45","0","0",,,"1","190","2024-02-27 13:41:52"
"5fb9eb323531776e460fe5e0",,"4","62","11","2","5","5","0","1","659","880","0","1","2","4","0.37","0.84","0","0",,,"1","225","2024-02-27 13:41:52"
"5f765a3c8a6ec010370c9cc1",,"5","58","2","2","5","5","0","1","534","773","0","1","1","2","0.22","0.37","0","0",,,"1","195","2024-02-27 13:41:54"
"5fb9eb323531776e460fe5e0",,"4","63","12","2","5","5","1","0","661","899","1","0","1","4","0.12","0.71","0","0",,,"1","230","2024-02-27 13:41:55"
"5f765a3c8a6ec010370c9cc1",,"5","59","15","2","5","5","1","0","504","622","1","0","1","4","0.12","0.88","0","0",,,"1","200","2024-02-27 13:41:57"
"5f765a3c8a6ec010370c9cc1",,"5","60","1","2","5","5","1","0","895","1643","1","0","4","4","0.71","0.84","0","0",,,"1","205","2024-02-27 13:42:00"
"5fb9eb323531776e460fe5e0",,"5","0","2","2","5","5","1","0","1389","1576","1","0","1","2","0.22","0.37","0","0",,,"0","0","2024-02-27 13:42:10"
"5fb9eb323531776e460fe5e0",,"5","1","1","2","5","5","0","1","644","763","0","1","4","4","0.71","0.84","0","0",,,"1","5","2024-02-27 13:42:13"
"5f765a3c8a6ec010370c9cc1",,"5","0","5","2","5","5","0","1","926","1048","0","1","1","2","0.22","0.45","0","0",,,"0","0","2024-02-27 13:42:14"
"5fb9eb323531776e460fe5e0",,"5","2","1","2","5","5","1","0","627","779","1","0","4","4","0.71","0.84","0","0",,,"0","5","2024-02-27 13:42:15"
"5f765a3c8a6ec010370c9cc1",,"5","1","14","2","5","5","1","0","441","560","1","0","1","4","0.16","0.84","0","0",,,"1","5","2024-02-27 13:42:17"
"5fb9eb323531776e460fe5e0",,"5","3","11","2","5","5","0","1","457","610","0","1","2","4","0.37","0.84","0","0",,,"1","10","2024-02-27 13:42:18"
"5f765a3c8a6ec010370c9cc1",,"5","2","2","2","5","5","0","1","551","669","0","1","1","2","0.22","0.37","0","0",,,"1","10","2024-02-27 13:42:19"
"5fb9eb323531776e460fe5e0",,"5","4","2","2","5","5","1","0","1050","1220","1","0","1","2","0.22","0.37","0","0",,,"0","10","2024-02-27 13:42:21"
"5f765a3c8a6ec010370c9cc1",,"5","3","10","2","5","5","0","1","445","1328","1","1","1","3","0.16","0.63","0","0",,,"1","15","2024-02-27 13:42:22"
"5fb9eb323531776e460fe5e0",,"5","5","10","2","5","5","1","0","644","1322","1","1","1","3","0.16","0.63","0","0",,,"1","15","2024-02-27 13:42:24"
"5f765a3c8a6ec010370c9cc1",,"5","4","2","2","5","5","1","0","559","687","1","0","1","2","0.22","0.37","0","0",,,"0","15","2024-02-27 13:42:25"
"5fb9eb323531776e460fe5e0",,"5","6","8","1","5","5","1","1","1000","1186","1","0","1","2","0.12","0.45","0","0",,,"0","15","2024-02-27 13:42:27"
"5f765a3c8a6ec010370c9cc1",,"5","5","0","2","5","5","1","0","594","708","1","0","1","1","0.16","0.29","0","0",,,"0","15","2024-02-27 13:42:28"
"5fb9eb323531776e460fe5e0",,"5","7","10","2","5","5","1","0","693","848","1","0","1","3","0.16","0.63","0","0",,,"1","20","2024-02-27 13:42:30"
"5f765a3c8a6ec010370c9cc1",,"5","6","14","2","5","5","1","0","437","561","1","0","1","4","0.16","0.84","0","0",,,"1","20","2024-02-27 13:42:30"
"5fb9eb323531776e460fe5e0",,"5","8","0","2","5","5","0","1","916","1085","0","1","1","1","0.16","0.29","0","0",,,"0","20","2024-02-27 13:42:32"
"5f765a3c8a6ec010370c9cc1",,"5","7","3","2","5","5","0","1","858","1237","0","1","3","4","0.63","0.78","0","0",,,"1","25","2024-02-27 13:42:33"
"5fb9eb323531776e460fe5e0",,"5","9","14","2","5","5","0","1","660","779","0","1","1","4","0.16","0.84","0","0",,,"1","25","2024-02-27 13:42:35"
"5f765a3c8a6ec010370c9cc1",,"5","8","9","2","5","5","0","1","490","608","0","1","1","4","0.29","0.71","0","0",,,"0","25","2024-02-27 13:42:36"
"5fb9eb323531776e460fe5e0",,"5","10","14","2","5","5","1","0","559","1119","1","0","1","4","0.16","0.84","0","0",,,"0","25","2024-02-27 13:42:38"
"5f765a3c8a6ec010370c9cc1",,"5","9","15","1","5","5","0","0","844","1100","0","1","1","4","0.12","0.88","0","0",,,"1","30","2024-02-27 13:42:39"
"5fb9eb323531776e460fe5e0",,"5","11","11","2","5","5","1","0","491","796","1","0","2","4","0.37","0.84","0","0",,,"1","30","2024-02-27 13:42:41"
"5f765a3c8a6ec010370c9cc1",,"5","10","1","2","5","5","0","1","613","733","0","1","4","4","0.71","0.84","0","0",,,"0","30","2024-02-27 13:42:42"
"5fb9eb323531776e460fe5e0",,"5","12","5","2","5","5","1","0","966","1323","1","0","1","2","0.22","0.45","0","0",,,"0","30","2024-02-27 13:42:44"
"5f765a3c8a6ec010370c9cc1",,"5","11","14","2","5","5","0","1","452","636","0","1","1","4","0.16","0.84","0","0",,,"1","35","2024-02-27 13:42:44"
"5fb9eb323531776e460fe5e0",,"5","13","13","2","5","5","0","1","728","1000","0","1","1","4","0.29","0.88","0","0",,,"1","35","2024-02-27 13:42:47"
"5f765a3c8a6ec010370c9cc1",,"5","12","12","2","5","5","0","1","624","747","0","1","1","4","0.12","0.71","0","0",,,"1","40","2024-02-27 13:42:47"
"5fb9eb323531776e460fe5e0",,"5","14","9","2","5","5","0","1","525","728","0","1","1","4","0.29","0.71","0","0",,,"1","40","2024-02-27 13:42:49"
"5f765a3c8a6ec010370c9cc1",,"5","13","1","2","5","5","1","0","625","745","1","0","4","4","0.71","0.84","0","0",,,"1","45","2024-02-27 13:42:50"
"5fb9eb323531776e460fe5e0",,"5","15","5","2","5","5","0","1","949","1152","0","1","1","2","0.22","0.45","0","0",,,"1","45","2024-02-27 13:42:52"
"5f765a3c8a6ec010370c9cc1",,"5","14","11","2","5","5","0","1","494","616","0","1","2","4","0.37","0.84","0","0",,,"1","50","2024-02-27 13:42:52"
"5fb9eb323531776e460fe5e0",,"5","16","14","2","5","5","1","0","491","679","1","0","1","4","0.16","0.84","0","0",,,"1","50","2024-02-27 13:42:54"
"5f765a3c8a6ec010370c9cc1",,"5","15","12","2","5","5","0","1","585","698","0","1","1","4","0.12","0.71","0","0",,,"1","55","2024-02-27 13:42:55"
"5fb9eb323531776e460fe5e0",,"5","17","15","2","5","5","0","1","524","728","0","1","1","4","0.12","0.88","0","0",,,"1","55","2024-02-27 13:42:57"
"5f765a3c8a6ec010370c9cc1",,"5","16","4","1","5","5","0","0","490","608","0","1","3","4","0.55","0.78","0","0",,,"1","60","2024-02-27 13:42:57"
"5f765a3c8a6ec010370c9cc1",,"5","17","6","2","5","5","1","0","615","741","1","0","2","3","0.37","0.63","0","0",,,"1","65","2024-02-27 13:43:00"
"5fb9eb323531776e460fe5e0",,"5","18","0","2","5","5","1","0","899","1221","1","0","1","1","0.16","0.29","0","0",,,"0","55","2024-02-27 13:43:00"
"5f765a3c8a6ec010370c9cc1",,"5","18","13","2","5","5","1","0","493","612","1","0","1","4","0.29","0.88","0","0",,,"1","70","2024-02-27 13:43:02"
"5fb9eb323531776e460fe5e0",,"5","19","6","2","5","5","0","1","627","762","0","1","2","3","0.37","0.63","0","0",,,"1","60","2024-02-27 13:43:03"
"5f765a3c8a6ec010370c9cc1",,"5","19","11","1","5","5","0","0","419","529","0","1","2","4","0.37","0.84","0","0",,,"1","75","2024-02-27 13:43:05"
"5fb9eb323531776e460fe5e0",,"5","20","3","2","5","5","0","1","525","779","0","1","3","4","0.63","0.78","0","0",,,"1","65","2024-02-27 13:43:05"
"5f765a3c8a6ec010370c9cc1",,"5","20","13","2","5","5","0","1","451","567","0","1","1","4","0.29","0.88","0","0",,,"1","80","2024-02-27 13:43:07"
"5fb9eb323531776e460fe5e0",,"5","21","11","2","5","5","1","0","643","898","1","0","2","4","0.37","0.84","0","0",,,"1","70","2024-02-27 13:43:08"
"5f765a3c8a6ec010370c9cc1",,"5","21","8","2","5","5","0","1","498","806","0","1","1","2","0.12","0.45","0","0",,,"1","85","2024-02-27 13:43:10"
"5fb9eb323531776e460fe5e0",,"5","22","1","2","5","5","0","1","661","881","0","1","4","4","0.71","0.84","0","0",,,"1","75","2024-02-27 13:43:10"
"5f765a3c8a6ec010370c9cc1",,"5","22","9","1","5","5","1","1","426","653","1","0","1","4","0.29","0.71","0","0",,,"0","85","2024-02-27 13:43:12"
"5fb9eb323531776e460fe5e0",,"5","23","9","2","5","5","0","1","676","933","0","1","1","4","0.29","0.71","0","0",,,"1","80","2024-02-27 13:43:13"
"5f765a3c8a6ec010370c9cc1",,"5","23","12","2","5","5","0","1","442","558","0","1","1","4","0.12","0.71","0","0",,,"1","90","2024-02-27 13:43:15"
"5fb9eb323531776e460fe5e0",,"5","24","8","2","5","5","1","0","610","882","1","0","1","2","0.12","0.45","0","0",,,"0","80","2024-02-27 13:43:16"
"5f765a3c8a6ec010370c9cc1",,"5","24","11","2","5","5","0","1","447","565","0","1","2","4","0.37","0.84","0","0",,,"1","95","2024-02-27 13:43:17"
"5fb9eb323531776e460fe5e0",,"5","25","3","2","5","5","1","0","627","864","1","0","3","4","0.63","0.78","0","0",,,"1","85","2024-02-27 13:43:19"
"5f765a3c8a6ec010370c9cc1",,"5","25","7","2","5","5","1","0","552","670","1","0","3","4","0.55","0.88","0","0",,,"0","95","2024-02-27 13:43:20"
"5fb9eb323531776e460fe5e0",,"5","26","7","2","5","5","0","1","577","763","0","1","3","4","0.55","0.88","0","0",,,"1","90","2024-02-27 13:43:21"
"5f765a3c8a6ec010370c9cc1",,"5","26","3","1","5","5","0","0","550","672","0","1","3","4","0.63","0.78","0","0",,,"1","100","2024-02-27 13:43:23"
"5fb9eb323531776e460fe5e0",,"5","27","10","2","5","5","1","0","559","830","1","0","1","3","0.16","0.63","0","0",,,"1","95","2024-02-27 13:43:24"
"5f765a3c8a6ec010370c9cc1",,"5","27","5","2","5","5","1","0","502","620","1","0","1","2","0.22","0.45","0","0",,,"1","105","2024-02-27 13:43:25"
"5fb9eb323531776e460fe5e0",,"5","28","6","2","5","5","1","0","542","848","1","0","2","3","0.37","0.63","0","0",,,"1","100","2024-02-27 13:43:26"
"5f765a3c8a6ec010370c9cc1",,"5","28","10","1","5","5","1","1","658","778","1","0","1","3","0.16","0.63","0","0",,,"0","105","2024-02-27 13:43:28"
"5fb9eb323531776e460fe5e0",,"5","29","8","2","5","5","0","1","797","1187","0","1","1","2","0.12","0.45","0","0",,,"1","105","2024-02-27 13:43:29"
"5f765a3c8a6ec010370c9cc1",,"5","29","6","2","5","5","1","0","678","794","1","0","2","3","0.37","0.63","0","0",,,"1","110","2024-02-27 13:43:31"
"5fb9eb323531776e460fe5e0",,"5","30","1","2","5","5","0","1","797","1475","0","1","4","4","0.71","0.84","0","0",,,"1","110","2024-02-27 13:43:32"
"5f765a3c8a6ec010370c9cc1",,"5","30","4","1","5","5","0","0","735","854","0","1","3","4","0.55","0.78","0","0",,,"0","110","2024-02-27 13:43:34"
"5fb9eb323531776e460fe5e0",,"5","31","4","2","5","5","0","1","796","1203","0","1","3","4","0.55","0.78","0","0",,,"1","115","2024-02-27 13:43:35"
"5f765a3c8a6ec010370c9cc1",,"5","31","1","1","5","5","0","0","668","792","0","1","4","4","0.71","0.84","0","0",,,"0","110","2024-02-27 13:43:36"
"5fb9eb323531776e460fe5e0",,"5","32","5","2","5","5","0","1","628","899","0","1","1","2","0.22","0.45","0","0",,,"1","120","2024-02-27 13:43:38"
"5f765a3c8a6ec010370c9cc1",,"5","32","6","2","5","5","1","0","610","731","1","0","2","3","0.37","0.63","0","0",,,"1","115","2024-02-27 13:43:39"
"5fb9eb323531776e460fe5e0",,"5","33","13","2","5","5","0","1","457","678","0","1","1","4","0.29","0.88","0","0",,,"1","125","2024-02-27 13:43:40"
"5f765a3c8a6ec010370c9cc1",,"5","33","7","2","5","5","0","1","478","594","0","1","3","4","0.55","0.88","0","0",,,"1","120","2024-02-27 13:43:42"
"5fb9eb323531776e460fe5e0",,"5","34","0","2","5","5","1","0","1000","1237","1","0","1","1","0.16","0.29","0","0",,,"0","125","2024-02-27 13:43:43"
"5f765a3c8a6ec010370c9cc1",,"5","34","8","2","5","5","1","0","565","685","1","0","1","2","0.12","0.45","0","0",,,"1","125","2024-02-27 13:43:44"
"5fb9eb323531776e460fe5e0",,"5","35","5","2","5","5","0","1","678","848","0","1","1","2","0.22","0.45","0","0",,,"0","125","2024-02-27 13:43:46"
"5f765a3c8a6ec010370c9cc1",,"5","35","13","2","5","5","1","0","418","540","1","0","1","4","0.29","0.88","0","0",,,"1","130","2024-02-27 13:43:47"
"5fb9eb323531776e460fe5e0",,"5","36","15","2","5","5","0","1","524","711","0","1","1","4","0.12","0.88","0","0",,,"1","130","2024-02-27 13:43:49"
"5f765a3c8a6ec010370c9cc1",,"5","36","5","2","5","5","0","1","572","690","0","1","1","2","0.22","0.45","0","0",,,"1","135","2024-02-27 13:43:49"
"5fb9eb323531776e460fe5e0",,"5","37","6","2","5","5","1","0","695","898","1","0","2","3","0.37","0.63","0","0",,,"1","135","2024-02-27 13:43:51"
"5f765a3c8a6ec010370c9cc1",,"5","37","0","2","5","5","0","1","496","614","0","1","1","1","0.16","0.29","0","0",,,"1","140","2024-02-27 13:43:52"
"5fb9eb323531776e460fe5e0",,"5","38","7","2","5","5","1","0","711","1033","1","0","3","4","0.55","0.88","0","0",,,"0","135","2024-02-27 13:43:54"
"5f765a3c8a6ec010370c9cc1",,"5","38","10","2","5","5","1","0","439","560","1","0","1","3","0.16","0.63","0","0",,,"0","140","2024-02-27 13:43:54"
"5fb9eb323531776e460fe5e0",,"5","39","7","2","5","5","0","1","440","643","0","1","3","4","0.55","0.88","0","0",,,"1","140","2024-02-27 13:43:57"
"5f765a3c8a6ec010370c9cc1",,"5","39","1","1","5","5","1","1","475","598","1","0","4","4","0.71","0.84","0","0",,,"1","145","2024-02-27 13:43:57"
"5fb9eb323531776e460fe5e0",,"5","40","12","2","5","5","1","0","542","780","1","0","1","4","0.12","0.71","0","0",,,"1","145","2024-02-27 13:43:59"
"5f765a3c8a6ec010370c9cc1",,"5","40","2","2","5","5","1","0","451","565","1","0","1","2","0.22","0.37","0","0",,,"0","145","2024-02-27 13:44:00"
"5fb9eb323531776e460fe5e0",,"5","41","0","2","5","5","1","0","1017","1237","1","0","1","1","0.16","0.29","0","0",,,"1","150","2024-02-27 13:44:02"
"5f765a3c8a6ec010370c9cc1",,"5","41","11","2","5","5","0","1","439","551","0","1","2","4","0.37","0.84","0","0",,,"1","150","2024-02-27 13:44:02"
"5fb9eb323531776e460fe5e0",,"5","42","2","2","5","5","1","0","661","864","1","0","1","2","0.22","0.37","0","0",,,"1","155","2024-02-27 13:44:05"
"5f765a3c8a6ec010370c9cc1",,"5","42","14","2","5","5","0","1","437","619","0","1","1","4","0.16","0.84","0","0",,,"1","155","2024-02-27 13:44:05"
"5fb9eb323531776e460fe5e0",,"5","43","6","2","5","5","0","1","543","746","0","1","2","3","0.37","0.63","0","0",,,"1","160","2024-02-27 13:44:07"
"5f765a3c8a6ec010370c9cc1",,"5","43","8","2","5","5","0","1","505","625","0","1","1","2","0.12","0.45","0","0",,,"1","160","2024-02-27 13:44:07"
"5f765a3c8a6ec010370c9cc1",,"5","44","3","2","5","5","1","0","492","613","1","0","3","4","0.63","0.78","0","0",,,"1","165","2024-02-27 13:44:10"
"5fb9eb323531776e460fe5e0",,"5","44","3","2","5","5","0","1","694","1373","0","1","3","4","0.63","0.78","0","0",,,"0","160","2024-02-27 13:44:10"
"5f765a3c8a6ec010370c9cc1",,"5","45","9","2","5","5","0","1","368","490","0","1","1","4","0.29","0.71","0","0",,,"0","165","2024-02-27 13:44:12"
"5fb9eb323531776e460fe5e0",,"5","45","11","2","5","5","1","0","508","780","1","0","2","4","0.37","0.84","0","0",,,"1","165","2024-02-27 13:44:13"
"5f765a3c8a6ec010370c9cc1",,"5","46","15","2","5","5","1","0","361","472","1","0","1","4","0.12","0.88","0","0",,,"0","165","2024-02-27 13:44:15"
"5fb9eb323531776e460fe5e0",,"5","46","8","2","5","5","1","0","542","898","1","0","1","2","0.12","0.45","0","0",,,"1","170","2024-02-27 13:44:16"
"5f765a3c8a6ec010370c9cc1",,"5","47","5","2","5","5","1","0","326","496","1","0","1","2","0.22","0.45","0","0",,,"0","165","2024-02-27 13:44:17"
"5fb9eb323531776e460fe5e0",,"5","47","4","2","5","5","1","0","762","932","1","0","3","4","0.55","0.78","0","0",,,"1","175","2024-02-27 13:44:18"
"5f765a3c8a6ec010370c9cc1",,"5","48","9","1","5","5","1","1","234","373","1","0","1","4","0.29","0.71","0","0",,,"0","165","2024-02-27 13:44:20"
"5fb9eb323531776e460fe5e0",,"5","48","7","2","5","5","1","0","542","729","1","0","3","4","0.55","0.88","0","0",,,"1","180","2024-02-27 13:44:21"
"5f765a3c8a6ec010370c9cc1",,"5","49","4","1","5","5","1","1","45","942","2","0","3","4","0.55","0.78","0","0",,,"1","170","2024-02-27 13:44:23"
"5fb9eb323531776e460fe5e0",,"5","49","13","2","5","5","1","0","508","745","1","0","1","4","0.29","0.88","0","0",,,"1","185","2024-02-27 13:44:23"
"5f765a3c8a6ec010370c9cc1",,"5","50","4","2","5","5","1","0","622","742","1","0","3","4","0.55","0.78","0","0",,,"1","175","2024-02-27 13:44:26"
"5fb9eb323531776e460fe5e0",,"5","50","15","2","5","5","1","0","491","696","1","0","1","4","0.12","0.88","0","0",,,"1","190","2024-02-27 13:44:26"
"5fb9eb323531776e460fe5e0",,"5","51","4","2","5","5","1","0","390","611","1","0","3","4","0.55","0.78","0","0",,,"0","190","2024-02-27 13:44:28"
"5f765a3c8a6ec010370c9cc1",,"5","51","15","2","5","5","1","0","504","678","1","0","1","4","0.12","0.88","0","0",,,"1","180","2024-02-27 13:44:28"
"5fb9eb323531776e460fe5e0",,"5","52","9","2","5","5","1","0","507","678","1","0","1","4","0.29","0.71","0","0",,,"1","195","2024-02-27 13:44:31"
"5f765a3c8a6ec010370c9cc1",,"5","52","0","1","5","5","0","0","550","674","0","1","1","1","0.16","0.29","0","0",,,"0","180","2024-02-27 13:44:31"
"5fb9eb323531776e460fe5e0",,"5","53","12","2","5","5","1","0","491","711","1","0","1","4","0.12","0.71","0","0",,,"1","200","2024-02-27 13:44:33"
"5f765a3c8a6ec010370c9cc1",,"5","53","6","2","5","5","1","0","442","621","1","0","2","3","0.37","0.63","0","0",,,"0","180","2024-02-27 13:44:33"
"5fb9eb323531776e460fe5e0",,"5","54","12","2","5","5","0","1","508","746","0","1","1","4","0.12","0.71","0","0",,,"1","205","2024-02-27 13:44:36"
"5f765a3c8a6ec010370c9cc1",,"5","54","13","2","5","5","1","0","495","616","1","0","1","4","0.29","0.88","0","0",,,"1","185","2024-02-27 13:44:36"
"5fb9eb323531776e460fe5e0",,"5","55","15","2","5","5","0","1","524","711","0","1","1","4","0.12","0.88","0","0",,,"1","210","2024-02-27 13:44:38"
"5f765a3c8a6ec010370c9cc1",,"5","55","0","1","5","5","0","0","567","687","0","1","1","1","0.16","0.29","0","0",,,"0","185","2024-02-27 13:44:39"
"5fb9eb323531776e460fe5e0",,"5","56","3","2","5","5","1","0","456","610","1","0","3","4","0.63","0.78","0","0",,,"1","215","2024-02-27 13:44:41"
"5f765a3c8a6ec010370c9cc1",,"5","56","15","2","5","5","1","0","284","614","1","0","1","4","0.12","0.88","0","0",,,"1","190","2024-02-27 13:44:41"
"5fb9eb323531776e460fe5e0",,"5","57","12","2","5","5","0","1","541","712","0","1","1","4","0.12","0.71","0","0",,,"0","215","2024-02-27 13:44:43"
"5f765a3c8a6ec010370c9cc1",,"5","57","10","2","5","5","0","1","552","665","0","1","1","3","0.16","0.63","0","0",,,"1","195","2024-02-27 13:44:44"
"5fb9eb323531776e460fe5e0",,"5","58","14","2","5","5","0","1","440","627","0","1","1","4","0.16","0.84","0","0",,,"1","220","2024-02-27 13:44:46"
"5f765a3c8a6ec010370c9cc1",,"5","58","7","2","5","5","0","1","566","686","0","1","3","4","0.55","0.88","0","0",,,"1","200","2024-02-27 13:44:47"
"5fb9eb323531776e460fe5e0",,"5","59","4","2","5","5","0","1","558","1356","0","1","3","4","0.55","0.78","0","0",,,"1","225","2024-02-27 13:44:49"
"5f765a3c8a6ec010370c9cc1",,"5","59","2","2","5","5","1","0","575","694","1","0","1","2","0.22","0.37","0","0",,,"0","200","2024-02-27 13:44:49"
"5fb9eb323531776e460fe5e0",,"5","60","9","2","5","5","0","1","592","1220","0","1","1","4","0.29","0.71","0","0",,,"1","230","2024-02-27 13:44:52"
"5f765a3c8a6ec010370c9cc1",,"5","60","3","2","5","5","0","1","376","1416","1","1","3","4","0.63","0.78","0","0",,,"1","205","2024-02-27 13:44:52"
"5fb9eb323531776e460fe5e0",,"5","61","13","2","5","5","1","0","695","916","1","0","1","4","0.29","0.88","0","0",,,"0","230","2024-02-27 13:44:54"
"5f765a3c8a6ec010370c9cc1",,"5","61","7","2","5","5","0","1","499","617","0","1","3","4","0.55","0.88","0","0",,,"1","210","2024-02-27 13:44:55"
"5fb9eb323531776e460fe5e0",,"5","62","2","2","5","5","0","1","881","1052","0","1","1","2","0.22","0.37","0","0",,,"0","230","2024-02-27 13:44:57"
"5f765a3c8a6ec010370c9cc1",,"5","62","8","2","5","5","1","0","561","674","1","0","1","2","0.12","0.45","0","0",,,"0","210","2024-02-27 13:44:57"
"5fb9eb323531776e460fe5e0",,"5","63","10","2","5","5","1","0","509","730","1","0","1","3","0.16","0.63","0","0",,,"1","235","2024-02-27 13:45:00"
"5f765a3c8a6ec010370c9cc1",,"5","63","12","2","5","5","0","1","457","568","0","1","1","4","0.12","0.71","0","0",,,"1","215","2024-02-27 13:45:00"
"5c23c03889f035000173d7d7",,"0","0","7","1","5","5","1","1","958","1583","2","1","3","4","0.55","0.88","0","0",,,"1","5","2024-02-27 13:48:36"
"5c23c03889f035000173d7d7",,"0","1","7","1","5","5","0","0","741","1183","0","1","3","4","0.55","0.88","0","0",,,"1","10","2024-02-27 13:48:38"
"5c23c03889f035000173d7d7",,"0","2","2","2","5","5","0","1","1124","1449","0","1","1","2","0.22","0.37","0","0",,,"1","15","2024-02-27 13:48:41"
"5c23c03889f035000173d7d7",,"0","3","10","2","5","5","1","0","499","1658","1","0","1","3","0.16","0.63","0","0",,,"1","20","2024-02-27 13:48:45"
"5c23c03889f035000173d7d7",,"0","4","14","2","5","5","1","0","574","1024","1","0","1","4","0.16","0.84","0","0",,,"1","25","2024-02-27 13:48:48"
"5c23c03889f035000173d7d7",,"0","5","5","2","5","5","1","0","633","975","1","0","1","2","0.22","0.45","0","0",,,"0","25","2024-02-27 13:48:50"
"5c23c03889f035000173d7d7",,"0","6","0","1","5","5","0","0","499","883","0","1","1","1","0.16","0.29","0","0",,,"1","30","2024-02-27 13:48:53"
"5c23c03889f035000173d7d7",,"0","7","5","1","5","5","0","0","716","1041","0","1","1","2","0.22","0.45","0","0",,,"0","30","2024-02-27 13:48:56"
"5c23c03889f035000173d7d7",,"0","8","11","2","5","5","1","0","466","808","1","0","2","4","0.37","0.84","0","0",,,"1","35","2024-02-27 13:48:59"
"5c23c03889f035000173d7d7",,"0","9","5","2","5","5","0","1","674","1041","0","1","1","2","0.22","0.45","0","0",,,"1","40","2024-02-27 13:49:01"
"5c23c03889f035000173d7d7",,"0","10","15","2","5","5","0","1","699","1058","0","1","1","4","0.12","0.88","0","0",,,"1","45","2024-02-27 13:49:04"
"5c23c03889f035000173d7d7",,"0","11","4","2","5","5","1","0","600","925","1","0","3","4","0.55","0.78","0","0",,,"1","50","2024-02-27 13:49:07"
"5c23c03889f035000173d7d7",,"0","12","12","2","5","5","0","1","624","999","0","1","1","4","0.12","0.71","0","0",,,"1","55","2024-02-27 13:49:10"
"5c23c03889f035000173d7d7",,"0","13","9","1","5","5","1","1","457","807","1","0","1","4","0.29","0.71","0","0",,,"0","55","2024-02-27 13:49:12"
"5c23c03889f035000173d7d7",,"0","14","11","1","5","5","1","1","541","742","1","0","2","4","0.37","0.84","0","0",,,"1","60","2024-02-27 13:49:15"
"5c23c03889f035000173d7d7",,"0","15","4","2","5","5","1","0","400","1200","1","1","3","4","0.55","0.78","0","0",,,"1","65","2024-02-27 13:49:18"
"5c23c03889f035000173d7d7",,"0","16","4","2","5","5","1","0","524","816","1","0","3","4","0.55","0.78","0","0",,,"1","70","2024-02-27 13:49:21"
"5c23c03889f035000173d7d7",,"0","17","0","1","5","5","0","0","741","1049","0","1","1","1","0.16","0.29","0","0",,,"0","70","2024-02-27 13:49:23"
"5c23c03889f035000173d7d7",,"0","18","0","1","5","5","1","1","599","1016","1","0","1","1","0.16","0.29","0","0",,,"0","70","2024-02-27 13:49:26"
"5c23c03889f035000173d7d7",,"0","19","15","2","5","5","0","1","358","791","0","1","1","4","0.12","0.88","0","0",,,"1","75","2024-02-27 13:49:29"
"5c23c03889f035000173d7d7",,"0","20","6","2","5","5","0","1","582","916","0","1","2","3","0.37","0.63","0","0",,,"0","75","2024-02-27 13:49:32"
"5c23c03889f035000173d7d7",,"0","21","3","2","5","5","0","1","541","874","0","1","3","4","0.63","0.78","0","0",,,"1","80","2024-02-27 13:49:35"
"5c23c03889f035000173d7d7",,"0","22","12","2","5","5","0","1","516","883","0","1","1","4","0.12","0.71","0","0",,,"1","85","2024-02-27 13:49:38"
"5c23c03889f035000173d7d7",,"0","23","7","2","5","5","1","0","599","949","1","0","3","4","0.55","0.88","0","0",,,"1","90","2024-02-27 13:49:40"
"5c23c03889f035000173d7d7",,"0","24","12","2","5","5","0","1","416","833","0","1","1","4","0.12","0.71","0","0",,,"1","95","2024-02-27 13:49:43"
"5c23c03889f035000173d7d7",,"0","25","14","2","5","5","1","0","433","766","1","0","1","4","0.16","0.84","0","0",,,"0","95","2024-02-27 13:49:45"
"5c23c03889f035000173d7d7",,"0","26","10","2","5","5","1","0","483","733","1","0","1","3","0.16","0.63","0","0",,,"1","100","2024-02-27 13:49:48"
"5c23c03889f035000173d7d7",,"0","27","2","2","5","5","0","1","741","1091","0","1","1","2","0.22","0.37","0","0",,,"1","105","2024-02-27 13:49:51"
"5c23c03889f035000173d7d7",,"0","28","6","2","5","5","0","1","441","758","0","1","2","3","0.37","0.63","0","0",,,"1","110","2024-02-27 13:49:54"
"5c23c03889f035000173d7d7",,"0","29","13","2","5","5","0","1","441","741","0","1","1","4","0.29","0.88","0","0",,,"1","115","2024-02-27 13:49:56"
"5c23c03889f035000173d7d7",,"0","30","15","2","5","5","0","1","416","775","0","1","1","4","0.12","0.88","0","0",,,"1","120","2024-02-27 13:49:59"
"5c23c03889f035000173d7d7",,"0","31","5","2","5","5","1","0","524","875","1","0","1","2","0.22","0.45","0","0",,,"1","125","2024-02-27 13:50:01"
"5c23c03889f035000173d7d7",,"0","32","3","2","5","5","1","0","575","833","1","0","3","4","0.63","0.78","0","0",,,"0","125","2024-02-27 13:50:04"
"5c23c03889f035000173d7d7",,"0","33","14","2","5","5","0","1","374","691","0","1","1","4","0.16","0.84","0","0",,,"0","125","2024-02-27 13:50:07"
"5c23c03889f035000173d7d7",,"0","34","3","2","5","5","0","1","741","1033","0","1","3","4","0.63","0.78","0","0",,,"1","130","2024-02-27 13:50:09"
"5c23c03889f035000173d7d7",,"0","35","10","1","5","5","0","0","499","774","0","1","1","3","0.16","0.63","0","0",,,"0","130","2024-02-27 13:50:12"
"5c23c03889f035000173d7d7",,"0","36","13","2","5","5","1","0","441","791","1","0","1","4","0.29","0.88","0","0",,,"1","135","2024-02-27 13:50:15"
"5c23c03889f035000173d7d7",,"0","37","10","2","5","5","1","0","582","1058","1","0","1","3","0.16","0.63","0","0",,,"1","140","2024-02-27 13:50:18"
"6579d5a22e0a15c71dd52086",,"0","0","6","2","5","5","1","0","600","985","1","0","2","3","0.37","0.63","0","0",,,"1","5","2024-02-27 13:50:21"
"5c23c03889f035000173d7d7",,"0","38","1","2","5","5","1","0","683","1083","1","0","4","4","0.71","0.84","0","0",,,"1","145","2024-02-27 13:50:21"
"5c23c03889f035000173d7d7",,"0","39","6","2","5","5","1","0","441","883","1","0","2","3","0.37","0.63","0","0",,,"1","150","2024-02-27 13:50:23"
"6579d5a22e0a15c71dd52086",,"0","1","0","1","5","5","1","1","867","1151","1","0","1","1","0.16","0.29","0","0",,,"1","10","2024-02-27 13:50:24"
"5c23c03889f035000173d7d7",,"0","40","11","2","5","5","1","0","616","1066","1","0","2","4","0.37","0.84","0","0",,,"1","155","2024-02-27 13:50:26"
"6579d5a22e0a15c71dd52086",,"0","2","14","1","5","5","0","0","1367","1751","0","1","1","4","0.16","0.84","0","0",,,"0","10","2024-02-27 13:50:27"
"5c23c03889f035000173d7d7",,"0","41","13","2","5","5","1","0","458","800","1","0","1","4","0.29","0.88","0","0",,,"1","160","2024-02-27 13:50:29"
"6579d5a22e0a15c71dd52086",,"0","3","5","2","5","5","1","0","1167","1568","1","0","1","2","0.22","0.45","0","0",,,"0","10","2024-02-27 13:50:30"
"5c23c03889f035000173d7d7",,"0","42","0","2","5","5","1","0","982","1358","1","0","1","1","0.16","0.29","0","0",,,"1","165","2024-02-27 13:50:32"
"6579d5a22e0a15c71dd52086",,"0","4","9","2","5","5","1","0","633","984","1","0","1","4","0.29","0.71","0","0",,,"0","10","2024-02-27 13:50:33"
"5c23c03889f035000173d7d7",,"0","43","14","2","5","5","1","0","458","783","1","0","1","4","0.16","0.84","0","0",,,"0","165","2024-02-27 13:50:34"
"6579d5a22e0a15c71dd52086",,"0","5","3","1","5","5","1","1","600","917","1","0","3","4","0.63","0.78","0","0",,,"1","15","2024-02-27 13:50:36"
"5c23c03889f035000173d7d7",,"0","44","1","2","5","5","1","0","458","775","1","0","4","4","0.71","0.84","0","0",,,"1","170","2024-02-27 13:50:37"
"6579d5a22e0a15c71dd52086",,"0","6","0","2","5","5","1","0","717","1001","1","0","1","1","0.16","0.29","0","0",,,"0","15","2024-02-27 13:50:39"
"5c23c03889f035000173d7d7",,"0","45","11","2","5","5","1","0","466","824","1","0","2","4","0.37","0.84","0","0",,,"0","170","2024-02-27 13:50:40"
"6579d5a22e0a15c71dd52086",,"0","7","15","1","5","5","0","0","583","884","0","1","1","4","0.12","0.88","0","0",,,"0","15","2024-02-27 13:50:42"
"5c23c03889f035000173d7d7",,"0","46","2","2","5","5","1","0","624","1024","1","0","1","2","0.22","0.37","0","0",,,"0","170","2024-02-27 13:50:43"
"6579d5a22e0a15c71dd52086",,"0","8","14","1","5","5","0","0","400","650","0","1","1","4","0.16","0.84","0","0",,,"0","15","2024-02-27 13:50:44"
"5c23c03889f035000173d7d7",,"0","47","9","2","5","5","1","0","558","916","1","0","1","4","0.29","0.71","0","0",,,"1","175","2024-02-27 13:50:46"
"6579d5a22e0a15c71dd52086",,"0","9","13","2","5","5","0","1","1168","1385","0","1","1","4","0.29","0.88","0","0",,,"1","20","2024-02-27 13:50:48"
"5c23c03889f035000173d7d7",,"0","48","2","1","5","5","0","0","1058","1341","0","1","1","2","0.22","0.37","0","0",,,"0","175","2024-02-27 13:50:49"
"6579d5a22e0a15c71dd52086",,"0","10","12","2","5","5","0","1","650","984","0","1","1","4","0.12","0.71","0","0",,,"1","25","2024-02-27 13:50:50"
"5c23c03889f035000173d7d7",,"0","49","8","2","5","5","0","1","816","1166","0","1","1","2","0.12","0.45","0","0",,,"0","175","2024-02-27 13:50:52"
"6579d5a22e0a15c71dd52086",,"0","11","7","2","5","5","0","1","733","1017","0","1","3","4","0.55","0.88","0","0",,,"1","30","2024-02-27 13:50:53"
"5c23c03889f035000173d7d7",,"0","50","9","2","5","5","1","0","441","775","1","0","1","4","0.29","0.71","0","0",,,"1","180","2024-02-27 13:50:55"
"6579d5a22e0a15c71dd52086",,"0","12","1","2","5","5","1","0","683","1067","1","0","4","4","0.71","0.84","0","0",,,"1","35","2024-02-27 13:50:56"
"5c23c03889f035000173d7d7",,"0","51","8","2","5","5","0","1","499","883","0","1","1","2","0.12","0.45","0","0",,,"0","180","2024-02-27 13:50:57"
"6579d5a22e0a15c71dd52086",,"0","13","8","2","5","5","1","0","867","1151","1","0","1","2","0.12","0.45","0","0",,,"0","35","2024-02-27 13:50:59"
"5c23c03889f035000173d7d7",,"0","52","7","2","5","5","1","0","516","849","1","0","3","4","0.55","0.88","0","0",,,"1","185","2024-02-27 13:51:00"
"6579d5a22e0a15c71dd52086",,"0","14","10","2","5","5","1","0","667","918","1","0","1","3","0.16","0.63","0","0",,,"1","40","2024-02-27 13:51:01"
"5c23c03889f035000173d7d7",,"0","53","9","2","5","5","0","1","499","841","0","1","1","4","0.29","0.71","0","0",,,"0","185","2024-02-27 13:51:03"
"6579d5a22e0a15c71dd52086",,"0","15","11","2","5","5","0","1","767","1068","0","1","2","4","0.37","0.84","0","0",,,"1","45","2024-02-27 13:51:04"
"5c23c03889f035000173d7d7",,"0","54","13","2","5","5","1","0","416","733","1","0","1","4","0.29","0.88","0","0",,,"1","190","2024-02-27 13:51:05"
"6579d5a22e0a15c71dd52086",,"0","16","4","2","5","5","0","1","800","1034","0","1","3","4","0.55","0.78","0","0",,,"1","50","2024-02-27 13:51:07"
"5c23c03889f035000173d7d7",,"0","55","8","2","5","5","1","0","783","1124","1","0","1","2","0.12","0.45","0","0",,,"0","190","2024-02-27 13:51:08"
"6579d5a22e0a15c71dd52086",,"0","17","13","2","5","5","1","0","800","1017","1","0","1","4","0.29","0.88","0","0",,,"1","55","2024-02-27 13:51:10"
"5c23c03889f035000173d7d7",,"0","56","4","2","5","5","0","1","541","900","0","1","3","4","0.55","0.78","0","0",,,"1","195","2024-02-27 13:51:11"
"6579d5a22e0a15c71dd52086",,"0","18","3","2","5","5","1","0","667","934","1","0","3","4","0.63","0.78","0","0",,,"1","60","2024-02-27 13:51:12"
"5c23c03889f035000173d7d7",,"0","57","12","2","5","5","1","0","458","758","1","0","1","4","0.12","0.71","0","0",,,"1","200","2024-02-27 13:51:14"
"6579d5a22e0a15c71dd52086",,"0","19","4","2","5","5","0","1","767","984","0","1","3","4","0.55","0.78","0","0",,,"1","65","2024-02-27 13:51:15"
"5c23c03889f035000173d7d7",,"0","58","3","2","5","5","0","1","558","949","0","1","3","4","0.63","0.78","0","0",,,"1","205","2024-02-27 13:51:16"
"6579d5a22e0a15c71dd52086",,"0","20","6","2","5","5","0","1","683","934","0","1","2","3","0.37","0.63","0","0",,,"1","70","2024-02-27 13:51:18"
"5c23c03889f035000173d7d7",,"0","59","1","2","5","5","1","0","499","900","1","0","4","4","0.71","0.84","0","0",,,"1","210","2024-02-27 13:51:19"
"6579d5a22e0a15c71dd52086",,"0","21","10","2","5","5","0","1","600","883","0","1","1","3","0.16","0.63","0","0",,,"1","75","2024-02-27 13:51:20"
"5c23c03889f035000173d7d7",,"0","60","1","2","5","5","1","0","541","858","1","0","4","4","0.71","0.84","0","0",,,"1","215","2024-02-27 13:51:22"
"6579d5a22e0a15c71dd52086",,"0","22","7","2","5","5","1","0","650","1017","1","0","3","4","0.55","0.88","0","0",,,"1","80","2024-02-27 13:51:23"
"5c23c03889f035000173d7d7",,"0","61","6","2","5","5","1","0","683","1067","1","0","2","3","0.37","0.63","0","0",,,"1","220","2024-02-27 13:51:25"
"6579d5a22e0a15c71dd52086",,"0","23","2","1","5","5","1","1","1284","1501","1","0","1","2","0.22","0.37","0","0",,,"0","80","2024-02-27 13:51:26"
"5c23c03889f035000173d7d7",,"0","62","8","2","5","5","1","0","833","1316","1","0","1","2","0.12","0.45","0","0",,,"1","225","2024-02-27 13:51:28"
"6579d5a22e0a15c71dd52086",,"0","24","3","2","5","5","1","0","734","1002","1","0","3","4","0.63","0.78","0","0",,,"1","85","2024-02-27 13:51:29"
"5c23c03889f035000173d7d7",,"0","63","15","2","5","5","1","0","516","833","1","0","1","4","0.12","0.88","0","0",,,"1","230","2024-02-27 13:51:31"
"6579d5a22e0a15c71dd52086",,"0","25","3","2","5","5","1","0","583","884","1","0","3","4","0.63","0.78","0","0",,,"0","85","2024-02-27 13:51:32"
"6579d5a22e0a15c71dd52086",,"0","26","2","2","5","5","1","0","1768","1918","1","0","1","2","0.22","0.37","0","0",,,"0","85","2024-02-27 13:51:35"
"6579d5a22e0a15c71dd52086",,"0","27","4","2","5","5","1","0","1051","1217","1","0","3","4","0.55","0.78","0","0",,,"1","90","2024-02-27 13:51:38"
"6579d5a22e0a15c71dd52086",,"0","28","15","2","5","5","0","1","1551","1802","0","1","1","4","0.12","0.88","0","0",,,"1","95","2024-02-27 13:51:42"
"6579d5a22e0a15c71dd52086",,"0","29","0","2","5","5","0","1","1601","1952","0","1","1","1","0.16","0.29","0","0",,,"0","95","2024-02-27 13:51:45"
"5c23c03889f035000173d7d7",,"1","0","4","2","5","5","1","0","499","1183","1","0","3","4","0.55","0.78","0","0",,,"0","0","2024-02-27 13:51:46"
"6579d5a22e0a15c71dd52086",,"0","30","11","2","5","5","1","0","751","1017","1","0","2","4","0.37","0.84","0","0",,,"1","100","2024-02-27 13:51:48"
"5c23c03889f035000173d7d7",,"1","1","13","2","5","5","0","1","441","766","0","1","1","4","0.29","0.88","0","0",,,"1","5","2024-02-27 13:51:48"
"5c23c03889f035000173d7d7",,"1","2","7","2","5","5","1","0","533","808","1","0","3","4","0.55","0.88","0","0",,,"1","10","2024-02-27 13:51:51"
"6579d5a22e0a15c71dd52086",,"0","31","8","2","5","5","1","0","1551","1718","1","0","1","2","0.12","0.45","0","0",,,"0","100","2024-02-27 13:51:52"
"5c23c03889f035000173d7d7",,"1","3","14","2","5","5","1","0","441","683","1","0","1","4","0.16","0.84","0","0",,,"1","15","2024-02-27 13:51:53"
"6579d5a22e0a15c71dd52086",,"0","32","13","2","5","5","1","0","383","600","1","0","1","4","0.29","0.88","0","0",,,"1","105","2024-02-27 13:51:54"
"5c23c03889f035000173d7d7",,"1","4","14","2","5","5","0","1","458","775","0","1","1","4","0.16","0.84","0","0",,,"1","20","2024-02-27 13:51:56"
"6579d5a22e0a15c71dd52086",,"0","33","7","2","5","5","0","1","483","650","0","1","3","4","0.55","0.88","0","0",,,"1","110","2024-02-27 13:51:57"
"5c23c03889f035000173d7d7",,"1","5","12","2","5","5","1","0","424","683","1","0","1","4","0.12","0.71","0","0",,,"1","25","2024-02-27 13:51:58"
"6579d5a22e0a15c71dd52086",,"0","34","13","2","5","5","0","1","516","684","0","1","1","4","0.29","0.88","0","0",,,"1","115","2024-02-27 13:51:59"
"5c23c03889f035000173d7d7",,"1","6","10","2","5","5","1","0","441","691","1","0","1","3","0.16","0.63","0","0",,,"1","30","2024-02-27 13:52:01"
"6579d5a22e0a15c71dd52086",,"0","35","7","2","5","5","1","0","567","700","1","0","3","4","0.55","0.88","0","0",,,"1","120","2024-02-27 13:52:01"
"5c23c03889f035000173d7d7",,"1","7","12","2","5","5","1","0","441","708","1","0","1","4","0.12","0.71","0","0",,,"1","35","2024-02-27 13:52:04"
"6579d5a22e0a15c71dd52086",,"0","36","1","2","5","5","0","1","1284","1918","0","1","4","4","0.71","0.84","0","0",,,"1","125","2024-02-27 13:52:05"
"5c23c03889f035000173d7d7",,"1","8","2","2","5","5","1","0","958","1266","1","0","1","2","0.22","0.37","0","0",,,"0","35","2024-02-27 13:52:06"
"6579d5a22e0a15c71dd52086",,"0","37","6","2","5","5","0","1","633","734","0","1","2","3","0.37","0.63","0","0",,,"0","125","2024-02-27 13:52:07"
"5c23c03889f035000173d7d7",,"1","9","6","2","5","5","0","1","441","741","0","1","2","3","0.37","0.63","0","0",,,"0","35","2024-02-27 13:52:09"
"6579d5a22e0a15c71dd52086",,"0","38","15","2","5","5","0","1","566","800","0","1","1","4","0.12","0.88","0","0",,,"0","125","2024-02-27 13:52:10"
"5c23c03889f035000173d7d7",,"1","10","14","2","5","5","1","0","424","683","1","0","1","4","0.16","0.84","0","0",,,"1","40","2024-02-27 13:52:12"
"6579d5a22e0a15c71dd52086",,"0","39","5","2","5","5","0","1","734","950","0","1","1","2","0.22","0.45","0","0",,,"0","125","2024-02-27 13:52:13"
"5c23c03889f035000173d7d7",,"1","11","9","2","5","5","0","1","524","841","0","1","1","4","0.29","0.71","0","0",,,"1","45","2024-02-27 13:52:15"
"6579d5a22e0a15c71dd52086",,"0","40","1","2","5","5","0","1","1551","1703","0","1","4","4","0.71","0.84","0","0",,,"1","130","2024-02-27 13:52:17"
"5c23c03889f035000173d7d7",,"1","12","12","2","5","5","0","1","500","775","0","1","1","4","0.12","0.71","0","0",,,"0","45","2024-02-27 13:52:17"
"6579d5a22e0a15c71dd52086",,"0","41","12","2","5","5","1","0","716","917","1","0","1","4","0.12","0.71","0","0",,,"1","135","2024-02-27 13:52:19"
"5c23c03889f035000173d7d7",,"1","13","9","2","5","5","0","1","399","675","0","1","1","4","0.29","0.71","0","0",,,"1","50","2024-02-27 13:52:20"
"6579d5a22e0a15c71dd52086",,"0","42","2","2","5","5","1","0","683","950","1","0","1","2","0.22","0.37","0","0",,,"0","135","2024-02-27 13:52:22"
"5c23c03889f035000173d7d7",,"1","14","9","2","5","5","1","0","458","733","1","0","1","4","0.29","0.71","0","0",,,"0","50","2024-02-27 13:52:22"
"5c23c03889f035000173d7d7",,"1","15","0","2","5","5","0","1","1032","1366","0","1","1","1","0.16","0.29","0","0",,,"0","50","2024-02-27 13:52:26"
"6579d5a22e0a15c71dd52086",,"0","43","9","0","5","5","0","0","0","0","0","0","1","4","0.29","0.71","0","0",,,"0","135","2024-02-27 13:52:27"
"5c23c03889f035000173d7d7",,"1","16","8","1","5","5","1","1","658","975","1","0","1","2","0.12","0.45","0","0",,,"0","50","2024-02-27 13:52:29"
"6579d5a22e0a15c71dd52086",,"0","44","1","2","5","5","1","0","1668","1851","1","0","4","4","0.71","0.84","0","0",,,"0","135","2024-02-27 13:52:30"
"5c23c03889f035000173d7d7",,"1","17","4","2","5","5","1","0","583","816","1","0","3","4","0.55","0.78","0","0",,,"1","55","2024-02-27 13:52:31"
"6579d5a22e0a15c71dd52086",,"0","45","9","2","5","5","0","1","450","600","0","1","1","4","0.29","0.71","0","0",,,"1","140","2024-02-27 13:52:33"
"5c23c03889f035000173d7d7",,"1","18","11","2","5","5","0","1","466","791","0","1","2","4","0.37","0.84","0","0",,,"1","60","2024-02-27 13:52:34"
"6579d5a22e0a15c71dd52086",,"0","46","12","2","5","5","1","0","850","1985","1","0","1","4","0.12","0.71","0","0",,,"1","145","2024-02-27 13:52:36"
"5c23c03889f035000173d7d7",,"1","19","7","2","5","5","0","1","241","766","1","1","3","4","0.55","0.88","0","0",,,"1","65","2024-02-27 13:52:36"
"5c23c03889f035000173d7d7",,"1","20","10","2","5","5","0","1","399","624","0","1","1","3","0.16","0.63","0","0",,,"1","70","2024-02-27 13:52:39"
"6579d5a22e0a15c71dd52086",,"0","47","6","2","5","5","1","0","1401","1935","1","0","2","3","0.37","0.63","0","0",,,"0","145","2024-02-27 13:52:40"
"5c23c03889f035000173d7d7",,"1","21","2","2","5","5","0","1","441","616","0","1","1","2","0.22","0.37","0","0",,,"0","70","2024-02-27 13:52:41"
"6579d5a22e0a15c71dd52086",,"0","48","5","2","5","5","0","1","650","784","0","1","1","2","0.22","0.45","0","0",,,"1","150","2024-02-27 13:52:42"
"5c23c03889f035000173d7d7",,"1","22","3","2","5","5","1","0","458","683","1","0","3","4","0.63","0.78","0","0",,,"1","75","2024-02-27 13:52:44"
"6579d5a22e0a15c71dd52086",,"0","49","4","2","5","5","1","0","683","850","1","0","3","4","0.55","0.78","0","0",,,"1","155","2024-02-27 13:52:45"
"5c23c03889f035000173d7d7",,"1","23","0","2","5","5","0","1","574","916","0","1","1","1","0.16","0.29","0","0",,,"0","75","2024-02-27 13:52:47"
"6579d5a22e0a15c71dd52086",,"0","50","10","2","5","5","0","1","600","717","0","1","1","3","0.16","0.63","0","0",,,"1","160","2024-02-27 13:52:47"
"5c23c03889f035000173d7d7",,"1","24","8","2","5","5","1","0","558","791","1","0","1","2","0.12","0.45","0","0",,,"0","75","2024-02-27 13:52:49"
"6579d5a22e0a15c71dd52086",,"0","51","2","2","5","5","0","1","817","1168","0","1","1","2","0.22","0.37","0","0",,,"1","165","2024-02-27 13:52:50"
"5c23c03889f035000173d7d7",,"1","25","6","2","5","5","0","1","599","833","0","1","2","3","0.37","0.63","0","0",,,"1","80","2024-02-27 13:52:52"
"6579d5a22e0a15c71dd52086",,"0","52","10","2","5","5","1","0","633","784","1","0","1","3","0.16","0.63","0","0",,,"1","170","2024-02-27 13:52:53"
"5c23c03889f035000173d7d7",,"1","26","1","2","5","5","1","0","583","774","1","0","4","4","0.71","0.84","0","0",,,"1","85","2024-02-27 13:52:55"
"6579d5a22e0a15c71dd52086",,"0","53","11","2","5","5","0","1","533","667","0","1","2","4","0.37","0.84","0","0",,,"1","175","2024-02-27 13:52:55"
"5c23c03889f035000173d7d7",,"1","27","15","2","5","5","0","1","358","558","0","1","1","4","0.12","0.88","0","0",,,"0","85","2024-02-27 13:52:57"
"6579d5a22e0a15c71dd52086",,"0","54","12","2","5","5","0","1","533","667","0","1","1","4","0.12","0.71","0","0",,,"1","180","2024-02-27 13:52:58"
"5c23c03889f035000173d7d7",,"1","28","13","2","5","5","1","0","499","700","1","0","1","4","0.29","0.88","0","0",,,"1","90","2024-02-27 13:53:00"
"6579d5a22e0a15c71dd52086",,"0","55","8","2","5","5","1","0","800","950","1","0","1","2","0.12","0.45","0","0",,,"0","180","2024-02-27 13:53:00"
"5c23c03889f035000173d7d7",,"1","29","4","2","5","5","0","1","516","783","0","1","3","4","0.55","0.78","0","0",,,"1","95","2024-02-27 13:53:03"
"6579d5a22e0a15c71dd52086",,"0","56","8","2","5","5","0","1","650","801","0","1","1","2","0.12","0.45","0","0",,,"0","180","2024-02-27 13:53:03"
"5c23c03889f035000173d7d7",,"1","30","11","2","5","5","0","1","341","608","0","1","2","4","0.37","0.84","0","0",,,"1","100","2024-02-27 13:53:05"
"6579d5a22e0a15c71dd52086",,"0","57","14","2","5","5","0","1","550","667","0","1","1","4","0.16","0.84","0","0",,,"1","185","2024-02-27 13:53:06"
"5c23c03889f035000173d7d7",,"1","31","15","2","5","5","0","1","416","708","0","1","1","4","0.12","0.88","0","0",,,"1","105","2024-02-27 13:53:08"
"6579d5a22e0a15c71dd52086",,"0","58","0","2","5","5","1","0","550","700","1","0","1","1","0.16","0.29","0","0",,,"0","185","2024-02-27 13:53:08"
"5c23c03889f035000173d7d7",,"1","32","12","2","5","5","0","1","441","600","0","1","1","4","0.12","0.71","0","0",,,"0","105","2024-02-27 13:53:10"
"6579d5a22e0a15c71dd52086",,"0","59","15","2","5","5","1","0","517","650","1","0","1","4","0.12","0.88","0","0",,,"1","190","2024-02-27 13:53:11"
"5c23c03889f035000173d7d7",,"1","33","10","2","5","5","1","0","441","700","1","0","1","3","0.16","0.63","0","0",,,"0","105","2024-02-27 13:53:13"
"6579d5a22e0a15c71dd52086",,"0","60","14","2","5","5","0","1","400","567","0","1","1","4","0.16","0.84","0","0",,,"1","195","2024-02-27 13:53:13"
"5c23c03889f035000173d7d7",,"1","34","8","2","5","5","0","1","416","600","0","1","1","2","0.12","0.45","0","0",,,"1","110","2024-02-27 13:53:15"
"6579d5a22e0a15c71dd52086",,"0","61","5","2","5","5","0","1","467","767","0","1","1","2","0.22","0.45","0","0",,,"1","200","2024-02-27 13:53:16"
"5c23c03889f035000173d7d7",,"1","35","13","2","5","5","1","0","441","641","1","0","1","4","0.29","0.88","0","0",,,"1","115","2024-02-27 13:53:18"
"6579d5a22e0a15c71dd52086",,"0","62","9","2","5","5","1","0","483","667","1","0","1","4","0.29","0.71","0","0",,,"0","200","2024-02-27 13:53:18"
"5c23c03889f035000173d7d7",,"1","36","2","2","5","5","0","1","499","749","0","1","1","2","0.22","0.37","0","0",,,"0","115","2024-02-27 13:53:21"
"6579d5a22e0a15c71dd52086",,"0","63","11","2","5","5","1","0","467","651","1","0","2","4","0.37","0.84","0","0",,,"1","205","2024-02-27 13:53:21"
"5c23c03889f035000173d7d7",,"1","37","5","2","5","5","1","0","516","724","1","0","1","2","0.22","0.45","0","0",,,"0","115","2024-02-27 13:53:23"
"5c23c03889f035000173d7d7",,"1","38","10","2","5","5","1","0","574","774","1","0","1","3","0.16","0.63","0","0",,,"0","115","2024-02-27 13:53:26"
"5c23c03889f035000173d7d7",,"1","39","11","2","5","5","0","1","599","874","0","1","2","4","0.37","0.84","0","0",,,"1","120","2024-02-27 13:53:29"
"5c23c03889f035000173d7d7",,"1","40","5","2","5","5","1","0","1124","1374","1","0","1","2","0.22","0.45","0","0",,,"1","125","2024-02-27 13:53:32"
"5c23c03889f035000173d7d7",,"1","41","5","2","5","5","1","0","899","1141","1","0","1","2","0.22","0.45","0","0",,,"1","130","2024-02-27 13:53:35"
"5c23c03889f035000173d7d7",,"1","42","1","2","5","5","1","0","674","958","1","0","4","4","0.71","0.84","0","0",,,"1","135","2024-02-27 13:53:38"
"5c23c03889f035000173d7d7",,"1","43","2","2","5","5","0","1","758","1024","0","1","1","2","0.22","0.37","0","0",,,"0","135","2024-02-27 13:53:41"
"5c23c03889f035000173d7d7",,"1","44","13","2","5","5","1","0","599","841","1","0","1","4","0.29","0.88","0","0",,,"1","140","2024-02-27 13:53:43"
"5c23c03889f035000173d7d7",,"1","45","0","2","5","5","0","1","674","883","0","1","1","1","0.16","0.29","0","0",,,"0","140","2024-02-27 13:53:46"
"5c23c03889f035000173d7d7",,"1","46","11","2","5","5","1","0","483","767","1","0","2","4","0.37","0.84","0","0",,,"1","145","2024-02-27 13:53:49"
"5c23c03889f035000173d7d7",,"1","47","9","2","5","5","0","1","458","691","0","1","1","4","0.29","0.71","0","0",,,"0","145","2024-02-27 13:53:51"
"5c23c03889f035000173d7d7",,"1","48","15","2","5","5","1","0","566","708","1","0","1","4","0.12","0.88","0","0",,,"1","150","2024-02-27 13:53:54"
"5c23c03889f035000173d7d7",,"1","49","7","2","5","5","0","1","741","974","0","1","3","4","0.55","0.88","0","0",,,"1","155","2024-02-27 13:53:57"
"5c23c03889f035000173d7d7",,"1","50","8","2","5","5","1","0","558","741","1","0","1","2","0.12","0.45","0","0",,,"1","160","2024-02-27 13:53:59"
"5c23c03889f035000173d7d7",,"1","51","15","2","5","5","1","0","399","658","1","0","1","4","0.12","0.88","0","0",,,"1","165","2024-02-27 13:54:02"
"5c23c03889f035000173d7d7",,"1","52","5","2","5","5","1","0","499","774","1","0","1","2","0.22","0.45","0","0",,,"0","165","2024-02-27 13:54:04"
"6579d5a22e0a15c71dd52086",,"1","0","7","2","5","5","0","1","1034","1234","0","1","3","4","0.55","0.88","0","0",,,"1","5","2024-02-27 13:54:06"
"5c23c03889f035000173d7d7",,"1","53","0","1","5","5","1","1","466","866","1","0","1","1","0.16","0.29","0","0",,,"0","165","2024-02-27 13:54:07"
"6579d5a22e0a15c71dd52086",,"1","1","9","2","5","5","0","1","683","884","0","1","1","4","0.29","0.71","0","0",,,"1","10","2024-02-27 13:54:08"
"5c23c03889f035000173d7d7",,"1","54","1","2","5","5","1","0","616","825","1","0","4","4","0.71","0.84","0","0",,,"1","170","2024-02-27 13:54:10"
"6579d5a22e0a15c71dd52086",,"1","2","3","2","5","5","0","1","767","1068","0","1","3","4","0.63","0.78","0","0",,,"1","15","2024-02-27 13:54:11"
"5c23c03889f035000173d7d7",,"1","55","14","1","5","5","0","0","458","708","0","1","1","4","0.16","0.84","0","0",,,"0","170","2024-02-27 13:54:13"
"6579d5a22e0a15c71dd52086",,"1","3","7","2","5","5","0","1","884","1101","0","1","3","4","0.55","0.88","0","0",,,"1","20","2024-02-27 13:54:14"
"5c23c03889f035000173d7d7",,"1","56","3","1","5","5","1","1","799","1033","1","0","3","4","0.63","0.78","0","0",,,"0","170","2024-02-27 13:54:15"
"6579d5a22e0a15c71dd52086",,"1","4","0","2","5","5","1","0","1067","1218","1","0","1","1","0.16","0.29","0","0",,,"0","20","2024-02-27 13:54:17"
"5c23c03889f035000173d7d7",,"1","57","3","2","5","5","1","0","766","1017","1","0","3","4","0.63","0.78","0","0",,,"1","175","2024-02-27 13:54:18"
"6579d5a22e0a15c71dd52086",,"1","5","9","2","5","5","0","1","550","718","0","1","1","4","0.29","0.71","0","0",,,"1","25","2024-02-27 13:54:20"
"5c23c03889f035000173d7d7",,"1","58","4","2","5","5","0","1","558","800","0","1","3","4","0.55","0.78","0","0",,,"0","175","2024-02-27 13:54:21"
"6579d5a22e0a15c71dd52086",,"1","6","3","2","5","5","0","1","550","901","0","1","3","4","0.63","0.78","0","0",,,"1","30","2024-02-27 13:54:22"
"5c23c03889f035000173d7d7",,"1","59","3","2","5","5","0","1","524","783","0","1","3","4","0.63","0.78","0","0",,,"0","175","2024-02-27 13:54:24"
"6579d5a22e0a15c71dd52086",,"1","7","12","2","5","5","1","0","600","801","1","0","1","4","0.12","0.71","0","0",,,"1","35","2024-02-27 13:54:25"
"5c23c03889f035000173d7d7",,"1","60","1","2","5","5","1","0","524","724","1","0","4","4","0.71","0.84","0","0",,,"1","180","2024-02-27 13:54:27"
"6579d5a22e0a15c71dd52086",,"1","8","1","2","5","5","1","0","1050","1151","1","0","4","4","0.71","0.84","0","0",,,"1","40","2024-02-27 13:54:28"
"5c23c03889f035000173d7d7",,"1","61","6","2","5","5","0","1","541","766","0","1","2","3","0.37","0.63","0","0",,,"0","180","2024-02-27 13:54:29"
"6579d5a22e0a15c71dd52086",,"1","9","13","2","5","5","0","1","600","767","0","1","1","4","0.29","0.88","0","0",,,"1","45","2024-02-27 13:54:30"
"5c23c03889f035000173d7d7",,"1","62","7","2","5","5","0","1","558","800","0","1","3","4","0.55","0.88","0","0",,,"1","185","2024-02-27 13:54:32"
"6579d5a22e0a15c71dd52086",,"1","10","15","2","5","5","0","1","483","584","0","1","1","4","0.12","0.88","0","0",,,"1","50","2024-02-27 13:54:32"
"5c23c03889f035000173d7d7",,"1","63","6","2","5","5","1","0","583","941","1","0","2","3","0.37","0.63","0","0",,,"1","190","2024-02-27 13:54:35"
"6579d5a22e0a15c71dd52086",,"1","11","7","2","5","5","0","1","633","834","0","1","3","4","0.55","0.88","0","0",,,"1","55","2024-02-27 13:54:35"
"6579d5a22e0a15c71dd52086",,"1","12","5","2","5","5","0","1","983","1101","0","1","1","2","0.22","0.45","0","0",,,"0","55","2024-02-27 13:54:38"
"6579d5a22e0a15c71dd52086",,"1","13","10","2","5","5","1","0","601","751","1","0","1","3","0.16","0.63","0","0",,,"1","60","2024-02-27 13:54:41"
"6579d5a22e0a15c71dd52086",,"1","14","11","2","5","5","1","0","716","833","1","0","2","4","0.37","0.84","0","0",,,"1","65","2024-02-27 13:54:43"
"5c23c03889f035000173d7d7",,"2","0","2","2","5","5","1","0","399","875","1","0","1","2","0.22","0.37","0","0",,,"0","0","2024-02-27 13:54:46"
"6579d5a22e0a15c71dd52086",,"1","15","8","2","5","5","1","0","767","900","1","0","1","2","0.12","0.45","0","0",,,"1","70","2024-02-27 13:54:46"
"6579d5a22e0a15c71dd52086",,"1","16","4","2","5","5","1","0","633","735","1","0","3","4","0.55","0.78","0","0",,,"1","75","2024-02-27 13:54:48"
"5c23c03889f035000173d7d7",,"2","1","15","2","5","5","0","1","458","700","0","1","1","4","0.12","0.88","0","0",,,"1","5","2024-02-27 13:54:48"
"6579d5a22e0a15c71dd52086",,"1","17","15","2","5","5","1","0","500","651","1","0","1","4","0.12","0.88","0","0",,,"1","80","2024-02-27 13:54:51"
"5c23c03889f035000173d7d7",,"2","2","15","2","5","5","0","1","374","616","0","1","1","4","0.12","0.88","0","0",,,"1","10","2024-02-27 13:54:51"
"6579d5a22e0a15c71dd52086",,"1","18","5","2","5","5","0","1","616","784","0","1","1","2","0.22","0.45","0","0",,,"0","80","2024-02-27 13:54:53"
"5c23c03889f035000173d7d7",,"2","3","6","2","5","5","0","1","383","558","0","1","2","3","0.37","0.63","0","0",,,"1","15","2024-02-27 13:54:53"
"5c23c03889f035000173d7d7",,"2","4","0","2","5","5","0","1","583","766","0","1","1","1","0.16","0.29","0","0",,,"0","15","2024-02-27 13:54:56"
"6579d5a22e0a15c71dd52086",,"1","19","14","2","5","5","1","0","667","801","1","0","1","4","0.16","0.84","0","0",,,"1","85","2024-02-27 13:54:56"
"6579d5a22e0a15c71dd52086",,"1","20","13","2","5","5","1","0","634","817","1","0","1","4","0.29","0.88","0","0",,,"1","90","2024-02-27 13:54:58"
"5c23c03889f035000173d7d7",,"2","5","8","2","5","5","1","0","541","683","1","0","1","2","0.12","0.45","0","0",,,"0","15","2024-02-27 13:54:58"
"5c23c03889f035000173d7d7",,"2","6","13","2","5","5","1","0","366","508","1","0","1","4","0.29","0.88","0","0",,,"1","20","2024-02-27 13:55:01"
"6579d5a22e0a15c71dd52086",,"1","21","14","2","5","5","1","0","717","900","1","0","1","4","0.16","0.84","0","0",,,"1","95","2024-02-27 13:55:01"
"5c23c03889f035000173d7d7",,"2","7","2","2","5","5","0","1","499","691","0","1","1","2","0.22","0.37","0","0",,,"1","25","2024-02-27 13:55:03"
"6579d5a22e0a15c71dd52086",,"1","22","3","2","5","5","0","1","783","967","0","1","3","4","0.63","0.78","0","0",,,"1","100","2024-02-27 13:55:04"
"5c23c03889f035000173d7d7",,"2","8","15","2","5","5","1","0","599","983","1","0","1","4","0.12","0.88","0","0",,,"1","30","2024-02-27 13:55:06"
"6579d5a22e0a15c71dd52086",,"1","23","8","2","5","5","0","1","816","1034","0","1","1","2","0.12","0.45","0","0",,,"1","105","2024-02-27 13:55:07"
"5c23c03889f035000173d7d7",,"2","9","13","2","5","5","1","0","441","600","1","0","1","4","0.29","0.88","0","0",,,"1","35","2024-02-27 13:55:09"
"6579d5a22e0a15c71dd52086",,"1","24","0","2","5","5","1","0","850","1101","1","0","1","1","0.16","0.29","0","0",,,"0","105","2024-02-27 13:55:09"
"5c23c03889f035000173d7d7",,"2","10","1","2","5","5","0","1","399","591","0","1","4","4","0.71","0.84","0","0",,,"1","40","2024-02-27 13:55:11"
"6579d5a22e0a15c71dd52086",,"1","25","12","2","5","5","0","1","600","901","0","1","1","4","0.12","0.71","0","0",,,"1","110","2024-02-27 13:55:12"
"5c23c03889f035000173d7d7",,"2","11","11","2","5","5","0","1","324","566","0","1","2","4","0.37","0.84","0","0",,,"1","45","2024-02-27 13:55:13"
"6579d5a22e0a15c71dd52086",,"1","26","0","2","5","5","0","1","1050","1217","0","1","1","1","0.16","0.29","0","0",,,"0","110","2024-02-27 13:55:15"
"5c23c03889f035000173d7d7",,"2","12","12","2","5","5","0","1","383","524","0","1","1","4","0.12","0.71","0","0",,,"0","45","2024-02-27 13:55:16"
"6579d5a22e0a15c71dd52086",,"1","27","9","2","5","5","0","1","767","1118","0","1","1","4","0.29","0.71","0","0",,,"1","115","2024-02-27 13:55:18"
"5c23c03889f035000173d7d7",,"2","13","4","2","5","5","0","1","516","666","0","1","3","4","0.55","0.78","0","0",,,"0","45","2024-02-27 13:55:19"
"6579d5a22e0a15c71dd52086",,"1","28","8","2","5","5","0","1","650","984","0","1","1","2","0.12","0.45","0","0",,,"0","115","2024-02-27 13:55:21"
"5c23c03889f035000173d7d7",,"2","14","5","2","5","5","1","0","658","808","1","0","1","2","0.22","0.45","0","0",,,"0","45","2024-02-27 13:55:21"
"6579d5a22e0a15c71dd52086",,"1","29","7","2","5","5","0","1","516","750","0","1","3","4","0.55","0.88","0","0",,,"1","120","2024-02-27 13:55:24"
"5c23c03889f035000173d7d7",,"2","15","9","2","5","5","0","1","358","483","0","1","1","4","0.29","0.71","0","0",,,"0","45","2024-02-27 13:55:24"
"6579d5a22e0a15c71dd52086",,"1","30","14","2","5","5","0","1","767","934","0","1","1","4","0.16","0.84","0","0",,,"1","125","2024-02-27 13:55:26"
"5c23c03889f035000173d7d7",,"2","16","5","2","5","5","1","0","566","733","1","0","1","2","0.22","0.45","0","0",,,"0","45","2024-02-27 13:55:27"
"6579d5a22e0a15c71dd52086",,"1","31","12","2","5","5","0","1","633","817","0","1","1","4","0.12","0.71","0","0",,,"1","130","2024-02-27 13:55:29"
"5c23c03889f035000173d7d7",,"2","17","6","2","5","5","0","1","358","575","0","1","2","3","0.37","0.63","0","0",,,"1","50","2024-02-27 13:55:29"
"6579d5a22e0a15c71dd52086",,"1","32","1","2","5","5","1","0","583","1001","1","0","4","4","0.71","0.84","0","0",,,"1","135","2024-02-27 13:55:32"
"5c23c03889f035000173d7d7",,"2","18","8","2","5","5","0","1","616","766","0","1","1","2","0.12","0.45","0","0",,,"1","55","2024-02-27 13:55:32"
"6579d5a22e0a15c71dd52086",,"1","33","10","2","5","5","1","0","550","717","1","0","1","3","0.16","0.63","0","0",,,"0","135","2024-02-27 13:55:34"
"5c23c03889f035000173d7d7",,"2","19","2","2","5","5","0","1","541","658","0","1","1","2","0.22","0.37","0","0",,,"0","55","2024-02-27 13:55:34"
"6579d5a22e0a15c71dd52086",,"1","34","11","2","5","5","0","1","500","684","0","1","2","4","0.37","0.84","0","0",,,"1","140","2024-02-27 13:55:37"
"5c23c03889f035000173d7d7",,"2","20","0","2","5","5","1","0","658","1066","1","0","1","1","0.16","0.29","0","0",,,"1","60","2024-02-27 13:55:37"
"6579d5a22e0a15c71dd52086",,"1","35","6","2","5","5","1","0","567","717","1","0","2","3","0.37","0.63","0","0",,,"1","145","2024-02-27 13:55:39"
"5c23c03889f035000173d7d7",,"2","21","6","2","5","5","0","1","366","808","0","1","2","3","0.37","0.63","0","0",,,"0","60","2024-02-27 13:55:40"
"6579d5a22e0a15c71dd52086",,"1","36","1","2","5","5","1","0","700","801","1","0","4","4","0.71","0.84","0","0",,,"1","150","2024-02-27 13:55:42"
"5c23c03889f035000173d7d7",,"2","22","7","2","5","5","0","1","441","883","0","1","3","4","0.55","0.88","0","0",,,"1","65","2024-02-27 13:55:43"
"6579d5a22e0a15c71dd52086",,"1","37","11","2","5","5","0","1","483","634","0","1","2","4","0.37","0.84","0","0",,,"1","155","2024-02-27 13:55:44"
"5c23c03889f035000173d7d7",,"2","23","6","2","5","5","1","0","599","1033","1","0","2","3","0.37","0.63","0","0",,,"1","70","2024-02-27 13:55:46"
"6579d5a22e0a15c71dd52086",,"1","38","6","2","5","5","0","1","650","767","0","1","2","3","0.37","0.63","0","0",,,"1","160","2024-02-27 13:55:47"
"5c23c03889f035000173d7d7",,"2","24","12","2","5","5","1","0","541","1041","1","0","1","4","0.12","0.71","0","0",,,"1","75","2024-02-27 13:55:49"
"6579d5a22e0a15c71dd52086",,"1","39","6","2","5","5","0","1","500","767","0","1","2","3","0.37","0.63","0","0",,,"0","160","2024-02-27 13:55:49"
"5c23c03889f035000173d7d7",,"2","25","3","2","5","5","1","0","599","1066","1","0","3","4","0.63","0.78","0","0",,,"1","80","2024-02-27 13:55:51"
"6579d5a22e0a15c71dd52086",,"1","40","5","2","5","5","0","1","450","650","0","1","1","2","0.22","0.45","0","0",,,"0","160","2024-02-27 13:55:52"
"5c23c03889f035000173d7d7",,"2","26","0","1","5","5","1","1","799","1225","1","0","1","1","0.16","0.29","0","0",,,"0","80","2024-02-27 13:55:54"
"6579d5a22e0a15c71dd52086",,"1","41","9","2","5","5","1","0","567","767","1","0","1","4","0.29","0.71","0","0",,,"1","165","2024-02-27 13:55:55"
"6579d5a22e0a15c71dd52086",,"1","42","4","2","5","5","1","0","566","734","1","0","3","4","0.55","0.78","0","0",,,"0","165","2024-02-27 13:55:57"
"5c23c03889f035000173d7d7",,"2","27","0","1","5","5","1","1","558","1166","1","0","1","1","0.16","0.29","0","0",,,"0","80","2024-02-27 13:55:57"
"6579d5a22e0a15c71dd52086",,"1","43","2","2","5","5","0","1","549","850","0","1","1","2","0.22","0.37","0","0",,,"1","170","2024-02-27 13:56:00"
"5c23c03889f035000173d7d7",,"2","28","9","2","5","5","1","0","500","842","1","0","1","4","0.29","0.71","0","0",,,"1","85","2024-02-27 13:56:00"
"6579d5a22e0a15c71dd52086",,"1","44","10","2","5","5","1","0","500","700","1","0","1","3","0.16","0.63","0","0",,,"0","170","2024-02-27 13:56:02"
"5c23c03889f035000173d7d7",,"2","29","15","2","5","5","1","0","516","924","1","0","1","4","0.12","0.88","0","0",,,"1","90","2024-02-27 13:56:03"
"6579d5a22e0a15c71dd52086",,"1","45","4","2","5","5","1","0","583","734","1","0","3","4","0.55","0.78","0","0",,,"1","175","2024-02-27 13:56:05"
"5c23c03889f035000173d7d7",,"2","30","11","2","5","5","0","1","441","849","0","1","2","4","0.37","0.84","0","0",,,"1","95","2024-02-27 13:56:06"
"6579d5a22e0a15c71dd52086",,"1","46","1","2","5","5","0","1","700","1451","1","1","4","4","0.71","0.84","0","0",,,"1","180","2024-02-27 13:56:08"
"5c23c03889f035000173d7d7",,"2","31","3","2","5","5","0","1","824","1091","0","1","3","4","0.63","0.78","0","0",,,"1","100","2024-02-27 13:56:08"
"6579d5a22e0a15c71dd52086",,"1","47","2","2","5","5","0","1","818","967","0","1","1","2","0.22","0.37","0","0",,,"0","180","2024-02-27 13:56:11"
"5c23c03889f035000173d7d7",,"2","32","14","2","5","5","0","1","541","858","0","1","1","4","0.16","0.84","0","0",,,"1","105","2024-02-27 13:56:11"
"5c23c03889f035000173d7d7",,"2","33","14","2","5","5","1","0","624","900","1","0","1","4","0.16","0.84","0","0",,,"1","110","2024-02-27 13:56:14"
"6579d5a22e0a15c71dd52086",,"1","48","2","2","5","5","1","0","783","1000","1","0","1","2","0.22","0.37","0","0",,,"1","185","2024-02-27 13:56:14"
"5c23c03889f035000173d7d7",,"2","34","3","2","5","5","0","1","499","808","0","1","3","4","0.63","0.78","0","0",,,"1","115","2024-02-27 13:56:16"
"6579d5a22e0a15c71dd52086",,"1","49","10","2","5","5","0","1","566","767","0","1","1","3","0.16","0.63","0","0",,,"1","190","2024-02-27 13:56:16"
"5c23c03889f035000173d7d7",,"2","35","7","2","5","5","0","1","541","800","0","1","3","4","0.55","0.88","0","0",,,"1","120","2024-02-27 13:56:19"
"6579d5a22e0a15c71dd52086",,"1","50","14","2","5","5","0","1","984","1368","0","1","1","4","0.16","0.84","0","0",,,"1","195","2024-02-27 13:56:19"
"5c23c03889f035000173d7d7",,"2","36","1","2","5","5","1","0","599","816","1","0","4","4","0.71","0.84","0","0",,,"0","120","2024-02-27 13:56:22"
"6579d5a22e0a15c71dd52086",,"1","51","2","2","5","5","1","0","567","750","1","0","1","2","0.22","0.37","0","0",,,"1","200","2024-02-27 13:56:22"
"6579d5a22e0a15c71dd52086",,"1","52","5","2","5","5","0","1","500","684","0","1","1","2","0.22","0.45","0","0",,,"0","200","2024-02-27 13:56:24"
"5c23c03889f035000173d7d7",,"2","37","10","2","5","5","0","1","499","675","0","1","1","3","0.16","0.63","0","0",,,"0","120","2024-02-27 13:56:24"
"5c23c03889f035000173d7d7",,"2","38","10","2","5","5","0","1","541","749","0","1","1","3","0.16","0.63","0","0",,,"1","125","2024-02-27 13:56:27"
"6579d5a22e0a15c71dd52086",,"1","53","13","2","5","5","1","0","566","700","1","0","1","4","0.29","0.88","0","0",,,"0","200","2024-02-27 13:56:27"
"6579d5a22e0a15c71dd52086",,"1","54","4","2","5","5","0","1","466","667","0","1","3","4","0.55","0.78","0","0",,,"1","205","2024-02-27 13:56:30"
"5c23c03889f035000173d7d7",,"2","39","4","2","5","5","0","1","1599","1857","0","1","3","4","0.55","0.78","0","0",,,"1","130","2024-02-27 13:56:30"
"6579d5a22e0a15c71dd52086",,"1","55","8","2","5","5","0","1","483","650","0","1","1","2","0.12","0.45","0","0",,,"0","205","2024-02-27 13:56:32"
"5c23c03889f035000173d7d7",,"2","40","9","2","5","5","1","0","916","1125","1","0","1","4","0.29","0.71","0","0",,,"1","135","2024-02-27 13:56:33"
"6579d5a22e0a15c71dd52086",,"1","56","15","2","5","5","0","1","567","750","0","1","1","4","0.12","0.88","0","0",,,"1","210","2024-02-27 13:56:35"
"5c23c03889f035000173d7d7",,"2","41","13","2","5","5","0","1","458","649","0","1","1","4","0.29","0.88","0","0",,,"1","140","2024-02-27 13:56:36"
"6579d5a22e0a15c71dd52086",,"1","57","11","2","5","5","1","0","450","651","1","0","2","4","0.37","0.84","0","0",,,"1","215","2024-02-27 13:56:37"
"5c23c03889f035000173d7d7",,"2","42","5","2","5","5","1","0","724","1124","1","0","1","2","0.22","0.45","0","0",,,"1","145","2024-02-27 13:56:39"
"6579d5a22e0a15c71dd52086",,"1","58","3","2","5","5","1","0","599","800","1","0","3","4","0.63","0.78","0","0",,,"1","220","2024-02-27 13:56:40"
"5c23c03889f035000173d7d7",,"2","43","10","2","5","5","1","0","541","874","1","0","1","3","0.16","0.63","0","0",,,"0","145","2024-02-27 13:56:42"
"6579d5a22e0a15c71dd52086",,"1","59","15","2","5","5","0","1","550","750","0","1","1","4","0.12","0.88","0","0",,,"1","225","2024-02-27 13:56:42"
"5c23c03889f035000173d7d7",,"2","44","5","2","5","5","1","0","499","774","1","0","1","2","0.22","0.45","0","0",,,"0","145","2024-02-27 13:56:44"
"6579d5a22e0a15c71dd52086",,"1","60","6","2","5","5","1","0","450","633","1","0","2","3","0.37","0.63","0","0",,,"0","225","2024-02-27 13:56:45"
"5c23c03889f035000173d7d7",,"2","45","14","2","5","5","0","1","424","683","0","1","1","4","0.16","0.84","0","0",,,"1","150","2024-02-27 13:56:47"
"6579d5a22e0a15c71dd52086",,"1","61","0","2","5","5","0","1","650","884","0","1","1","1","0.16","0.29","0","0",,,"1","230","2024-02-27 13:56:48"
"5c23c03889f035000173d7d7",,"2","46","4","2","5","5","0","1","541","783","0","1","3","4","0.55","0.78","0","0",,,"1","155","2024-02-27 13:56:50"
"6579d5a22e0a15c71dd52086",,"1","62","13","2","5","5","1","0","516","733","1","0","1","4","0.29","0.88","0","0",,,"0","230","2024-02-27 13:56:50"
"5c23c03889f035000173d7d7",,"2","47","2","2","5","5","0","1","541","858","0","1","1","2","0.22","0.37","0","0",,,"0","155","2024-02-27 13:56:52"
"6579d5a22e0a15c71dd52086",,"1","63","12","2","5","5","0","1","466","667","0","1","1","4","0.12","0.71","0","0",,,"1","235","2024-02-27 13:56:53"
"5c23c03889f035000173d7d7",,"2","48","12","2","5","5","0","1","425","758","0","1","1","4","0.12","0.71","0","0",,,"1","160","2024-02-27 13:56:55"
"5c23c03889f035000173d7d7",,"2","49","14","2","5","5","1","0","558","991","1","0","1","4","0.16","0.84","0","0",,,"1","165","2024-02-27 13:56:58"
"5c23c03889f035000173d7d7",,"2","50","4","2","5","5","1","0","516","991","1","0","3","4","0.55","0.78","0","0",,,"1","170","2024-02-27 13:57:00"
"5c23c03889f035000173d7d7",,"2","51","7","2","5","5","0","1","474","1083","0","1","3","4","0.55","0.88","0","0",,,"1","175","2024-02-27 13:57:03"
"5c23c03889f035000173d7d7",,"2","52","12","2","5","5","1","0","399","908","1","0","1","4","0.12","0.71","0","0",,,"1","180","2024-02-27 13:57:06"
"5c23c03889f035000173d7d7",,"2","53","8","2","5","5","1","0","699","1275","1","0","1","2","0.12","0.45","0","0",,,"0","180","2024-02-27 13:57:09"
"5c23c03889f035000173d7d7",,"2","54","3","2","5","5","1","0","558","1033","1","0","3","4","0.63","0.78","0","0",,,"0","180","2024-02-27 13:57:12"
"5c23c03889f035000173d7d7",,"2","55","11","2","5","5","1","0","616","1166","1","0","2","4","0.37","0.84","0","0",,,"1","185","2024-02-27 13:57:15"
"5c23c03889f035000173d7d7",,"2","56","11","2","5","5","0","1","399","1100","0","1","2","4","0.37","0.84","0","0",,,"1","190","2024-02-27 13:57:18"
"5c23c03889f035000173d7d7",,"2","57","8","2","5","5","1","0","741","1300","1","0","1","2","0.12","0.45","0","0",,,"1","195","2024-02-27 13:57:21"
"5c23c03889f035000173d7d7",,"2","58","13","2","5","5","0","1","524","999","0","1","1","4","0.29","0.88","0","0",,,"1","200","2024-02-27 13:57:24"
"5c23c03889f035000173d7d7",,"2","59","10","2","5","5","0","1","399","824","0","1","1","3","0.16","0.63","0","0",,,"0","200","2024-02-27 13:57:26"
"5c23c03889f035000173d7d7",,"2","60","7","2","5","5","1","0","341","608","1","0","3","4","0.55","0.88","0","0",,,"0","200","2024-02-27 13:57:29"
"5c23c03889f035000173d7d7",,"2","61","9","2","5","5","1","0","424","641","1","0","1","4","0.29","0.71","0","0",,,"1","205","2024-02-27 13:57:31"
"5c23c03889f035000173d7d7",,"2","62","1","2","5","5","1","0","541","866","1","0","4","4","0.71","0.84","0","0",,,"1","210","2024-02-27 13:57:34"
"5c23c03889f035000173d7d7",,"2","63","1","2","5","5","1","0","366","658","1","0","4","4","0.71","0.84","0","0",,,"1","215","2024-02-27 13:57:37"
"6579d5a22e0a15c71dd52086",,"2","0","3","2","5","5","1","0","717","901","1","0","3","4","0.63","0.78","0","0",,,"1","5","2024-02-27 13:57:38"
"6579d5a22e0a15c71dd52086",,"2","1","13","2","5","5","0","1","583","750","0","1","1","4","0.29","0.88","0","0",,,"1","10","2024-02-27 13:57:40"
"6579d5a22e0a15c71dd52086",,"2","2","0","2","5","5","1","0","767","1001","1","0","1","1","0.16","0.29","0","0",,,"0","10","2024-02-27 13:57:43"
"6579d5a22e0a15c71dd52086",,"2","3","1","2","5","5","1","0","483","668","1","0","4","4","0.71","0.84","0","0",,,"0","10","2024-02-27 13:57:46"
"6579d5a22e0a15c71dd52086",,"2","4","12","2","5","5","1","0","500","667","1","0","1","4","0.12","0.71","0","0",,,"0","10","2024-02-27 13:57:48"
"5c23c03889f035000173d7d7",,"3","0","4","2","5","5","0","1","699","1166","0","1","3","4","0.55","0.78","0","0",,,"1","5","2024-02-27 13:57:49"
"6579d5a22e0a15c71dd52086",,"2","5","12","2","5","5","0","1","533","783","0","1","1","4","0.12","0.71","0","0",,,"1","15","2024-02-27 13:57:51"
"5c23c03889f035000173d7d7",,"3","1","9","2","5","5","1","0","416","608","1","0","1","4","0.29","0.71","0","0",,,"0","5","2024-02-27 13:57:51"
"6579d5a22e0a15c71dd52086",,"2","6","14","2","5","5","0","1","550","684","0","1","1","4","0.16","0.84","0","0",,,"1","20","2024-02-27 13:57:54"
"5c23c03889f035000173d7d7",,"3","2","5","2","5","5","1","0","499","649","1","0","1","2","0.22","0.45","0","0",,,"1","10","2024-02-27 13:57:54"
"6579d5a22e0a15c71dd52086",,"2","7","10","2","5","5","0","1","483","617","0","1","1","3","0.16","0.63","0","0",,,"1","25","2024-02-27 13:57:56"
"5c23c03889f035000173d7d7",,"3","3","10","2","5","5","1","0","441","666","1","0","1","3","0.16","0.63","0","0",,,"0","10","2024-02-27 13:57:57"
"6579d5a22e0a15c71dd52086",,"2","8","12","2","5","5","1","0","500","767","1","0","1","4","0.12","0.71","0","0",,,"0","25","2024-02-27 13:57:59"
"5c23c03889f035000173d7d7",,"3","4","13","2","5","5","1","0","416","641","1","0","1","4","0.29","0.88","0","0",,,"1","15","2024-02-27 13:57:59"
"5c23c03889f035000173d7d7",,"3","5","13","2","5","5","0","1","499","758","0","1","1","4","0.29","0.88","0","0",,,"0","15","2024-02-27 13:58:02"
"6579d5a22e0a15c71dd52086",,"2","9","14","2","5","5","0","1","1251","1419","0","1","1","4","0.16","0.84","0","0",,,"1","30","2024-02-27 13:58:02"
"5c23c03889f035000173d7d7",,"3","6","11","2","5","5","0","1","466","791","0","1","2","4","0.37","0.84","0","0",,,"1","20","2024-02-27 13:58:04"
"6579d5a22e0a15c71dd52086",,"2","10","4","2","5","5","1","0","867","1001","1","0","3","4","0.55","0.78","0","0",,,"1","35","2024-02-27 13:58:05"
"5c23c03889f035000173d7d7",,"3","7","14","2","5","5","0","1","474","833","0","1","1","4","0.16","0.84","0","0",,,"1","25","2024-02-27 13:58:07"
"6579d5a22e0a15c71dd52086",,"2","11","11","2","5","5","1","0","716","867","1","0","2","4","0.37","0.84","0","0",,,"1","40","2024-02-27 13:58:07"
"5c23c03889f035000173d7d7",,"3","8","9","2","5","5","1","0","541","774","1","0","1","4","0.29","0.71","0","0",,,"1","30","2024-02-27 13:58:10"
"6579d5a22e0a15c71dd52086",,"2","12","1","2","5","5","0","1","951","1068","0","1","4","4","0.71","0.84","0","0",,,"1","45","2024-02-27 13:58:10"
"5c23c03889f035000173d7d7",,"3","9","4","2","5","5","0","1","466","700","0","1","3","4","0.55","0.78","0","0",,,"0","30","2024-02-27 13:58:12"
"6579d5a22e0a15c71dd52086",,"2","13","15","2","5","5","1","0","583","734","1","0","1","4","0.12","0.88","0","0",,,"1","50","2024-02-27 13:58:12"
"65593fba029061f69cd8b6ab",,"0","0","8","2","5","5","0","1","16","1249","2","2","1","2","0.12","0.45","0","0",,,"0","0","2024-02-27 13:58:14"
"5c23c03889f035000173d7d7",,"3","10","10","2","5","5","0","1","399","699","0","1","1","3","0.16","0.63","0","0",,,"1","35","2024-02-27 13:58:15"
"6579d5a22e0a15c71dd52086",,"2","14","8","2","5","5","0","1","550","734","0","1","1","2","0.12","0.45","0","0",,,"0","50","2024-02-27 13:58:15"
"65593fba029061f69cd8b6ab",,"0","1","4","1","5","5","1","1","666","1083","1","0","3","4","0.55","0.78","0","0",,,"1","5","2024-02-27 13:58:17"
"5c23c03889f035000173d7d7",,"3","11","6","2","5","5","1","0","474","783","1","0","2","3","0.37","0.63","0","0",,,"0","35","2024-02-27 13:58:17"
"6579d5a22e0a15c71dd52086",,"2","15","1","2","5","5","1","0","933","1034","1","0","4","4","0.71","0.84","0","0",,,"1","55","2024-02-27 13:58:18"
"65593fba029061f69cd8b6ab",,"0","2","5","1","5","5","0","0","16","1566","0","2","1","2","0.22","0.45","0","0",,,"0","5","2024-02-27 13:58:20"
"5c23c03889f035000173d7d7",,"3","12","3","2","5","5","0","1","541","1141","0","1","3","4","0.63","0.78","0","0",,,"1","40","2024-02-27 13:58:20"
"6579d5a22e0a15c71dd52086",,"2","16","11","2","5","5","0","1","533","667","0","1","2","4","0.37","0.84","0","0",,,"1","60","2024-02-27 13:58:20"
"5c23c03889f035000173d7d7",,"3","13","4","2","5","5","0","1","499","766","0","1","3","4","0.55","0.78","0","0",,,"0","40","2024-02-27 13:58:23"
"6579d5a22e0a15c71dd52086",,"2","17","6","2","5","5","1","0","700","884","1","0","2","3","0.37","0.63","0","0",,,"1","65","2024-02-27 13:58:23"
"65593fba029061f69cd8b6ab",,"0","3","8","2","5","5","1","0","866","1119","1","0","1","2","0.12","0.45","0","0",,,"1","10","2024-02-27 13:58:24"
"5c23c03889f035000173d7d7",,"3","14","14","2","5","5","0","1","475","758","0","1","1","4","0.16","0.84","0","0",,,"1","45","2024-02-27 13:58:26"
"6579d5a22e0a15c71dd52086",,"2","18","7","2","5","5","1","0","717","901","1","0","3","4","0.55","0.88","0","0",,,"1","70","2024-02-27 13:58:26"
"65593fba029061f69cd8b6ab",,"0","4","1","2","5","5","1","0","999","1199","1","0","4","4","0.71","0.84","0","0",,,"1","15","2024-02-27 13:58:27"
"5c23c03889f035000173d7d7",,"3","15","12","2","5","5","1","0","916","1291","1","0","1","4","0.12","0.71","0","0",,,"0","45","2024-02-27 13:58:28"
"6579d5a22e0a15c71dd52086",,"2","19","9","2","5","5","1","0","783","1318","1","0","1","4","0.29","0.71","0","0",,,"1","75","2024-02-27 13:58:29"
"65593fba029061f69cd8b6ab",,"0","5","0","2","5","5","1","0","1083","1366","1","0","1","1","0.16","0.29","0","0",,,"0","15","2024-02-27 13:58:30"
"6579d5a22e0a15c71dd52086",,"2","20","0","2","5","5","0","1","784","984","0","1","1","1","0.16","0.29","0","0",,,"0","75","2024-02-27 13:58:31"
"5c23c03889f035000173d7d7",,"3","16","5","2","5","5","1","0","741","1033","1","0","1","2","0.22","0.45","0","0",,,"1","50","2024-02-27 13:58:31"
"65593fba029061f69cd8b6ab",,"0","6","14","2","5","5","1","0","766","983","1","0","1","4","0.16","0.84","0","0",,,"1","20","2024-02-27 13:58:34"
"6579d5a22e0a15c71dd52086",,"2","21","8","2","5","5","1","0","684","884","1","0","1","2","0.12","0.45","0","0",,,"0","75","2024-02-27 13:58:34"
"5c23c03889f035000173d7d7",,"3","17","15","2","5","5","1","0","683","1125","1","0","1","4","0.12","0.88","0","0",,,"1","55","2024-02-27 13:58:34"
"6579d5a22e0a15c71dd52086",,"2","22","13","2","5","5","0","1","566","734","0","1","1","4","0.29","0.88","0","0",,,"1","80","2024-02-27 13:58:37"
"5c23c03889f035000173d7d7",,"3","18","7","1","5","5","1","1","624","1683","1","1","3","4","0.55","0.88","0","0",,,"1","60","2024-02-27 13:58:38"
"65593fba029061f69cd8b6ab",,"0","7","7","0","5","5","0","0","3116","0","1","0","3","4","0.55","0.88","0","0",,,"0","20","2024-02-27 13:58:38"
"6579d5a22e0a15c71dd52086",,"2","23","12","2","5","5","0","1","583","750","0","1","1","4","0.12","0.71","0","0",,,"1","85","2024-02-27 13:58:39"
"5c23c03889f035000173d7d7",,"3","19","9","1","5","5","0","0","1566","1808","0","1","1","4","0.29","0.71","0","0",,,"0","60","2024-02-27 13:58:41"
"6579d5a22e0a15c71dd52086",,"2","24","9","2","5","5","1","0","516","700","1","0","1","4","0.29","0.71","0","0",,,"1","90","2024-02-27 13:58:42"
"65593fba029061f69cd8b6ab",,"0","8","13","2","5","5","0","1","150","1249","2","1","1","4","0.29","0.88","0","0",,,"1","25","2024-02-27 13:58:42"
"5c23c03889f035000173d7d7",,"3","20","13","2","5","5","1","0","874","1191","1","0","1","4","0.29","0.88","0","0",,,"1","65","2024-02-27 13:58:44"
"6579d5a22e0a15c71dd52086",,"2","25","3","2","5","5","1","0","583","751","1","0","3","4","0.63","0.78","0","0",,,"0","90","2024-02-27 13:58:44"
"65593fba029061f69cd8b6ab",,"0","9","15","2","5","5","1","0","649","866","1","0","1","4","0.12","0.88","0","0",,,"1","30","2024-02-27 13:58:45"
"5c23c03889f035000173d7d7",,"3","21","2","2","5","5","1","0","541","1200","1","0","1","2","0.22","0.37","0","0",,,"0","65","2024-02-27 13:58:47"
"6579d5a22e0a15c71dd52086",,"2","26","2","2","5","5","0","1","700","867","0","1","1","2","0.22","0.37","0","0",,,"1","95","2024-02-27 13:58:47"
"65593fba029061f69cd8b6ab",,"0","10","15","2","5","5","1","0","615","799","1","0","1","4","0.12","0.88","0","0",,,"1","35","2024-02-27 13:58:48"
"6579d5a22e0a15c71dd52086",,"2","27","2","2","5","5","1","0","699","900","1","0","1","2","0.22","0.37","0","0",,,"1","100","2024-02-27 13:58:50"
"5c23c03889f035000173d7d7",,"3","22","11","2","5","5","0","1","541","966","0","1","2","4","0.37","0.84","0","0",,,"1","70","2024-02-27 13:58:50"
"65593fba029061f69cd8b6ab",,"0","11","9","2","5","5","0","1","882","1132","0","1","1","4","0.29","0.71","0","0",,,"1","40","2024-02-27 13:58:51"
"6579d5a22e0a15c71dd52086",,"2","28","15","2","5","5","1","0","617","767","1","0","1","4","0.12","0.88","0","0",,,"1","105","2024-02-27 13:58:52"
"5c23c03889f035000173d7d7",,"3","23","6","2","5","5","0","1","524","1058","0","1","2","3","0.37","0.63","0","0",,,"1","75","2024-02-27 13:58:53"
"65593fba029061f69cd8b6ab",,"0","12","3","2","5","5","1","0","632","883","1","0","3","4","0.63","0.78","0","0",,,"0","40","2024-02-27 13:58:54"
"6579d5a22e0a15c71dd52086",,"2","29","14","2","5","5","0","1","650","850","0","1","1","4","0.16","0.84","0","0",,,"1","110","2024-02-27 13:58:55"
"5c23c03889f035000173d7d7",,"3","24","8","2","5","5","0","1","583","916","0","1","1","2","0.12","0.45","0","0",,,"1","80","2024-02-27 13:58:56"
"65593fba029061f69cd8b6ab",,"0","13","1","2","5","5","0","1","666","917","0","1","4","4","0.71","0.84","0","0",,,"1","45","2024-02-27 13:58:56"
"6579d5a22e0a15c71dd52086",,"2","30","4","2","5","5","0","1","867","1033","0","1","3","4","0.55","0.78","0","0",,,"1","115","2024-02-27 13:58:58"
"5c23c03889f035000173d7d7",,"3","25","0","2","5","5","1","0","641","1008","1","0","1","1","0.16","0.29","0","0",,,"0","80","2024-02-27 13:58:58"
"65593fba029061f69cd8b6ab",,"0","14","10","2","5","5","0","1","683","883","0","1","1","3","0.16","0.63","0","0",,,"0","45","2024-02-27 13:58:59"
"6579d5a22e0a15c71dd52086",,"2","31","10","2","5","5","1","0","700","901","1","0","1","3","0.16","0.63","0","0",,,"1","120","2024-02-27 13:59:00"
"5c23c03889f035000173d7d7",,"3","26","12","2","5","5","0","1","499","741","0","1","1","4","0.12","0.71","0","0",,,"1","85","2024-02-27 13:59:01"
"65593fba029061f69cd8b6ab",,"0","15","4","2","5","5","1","0","682","999","1","0","3","4","0.55","0.78","0","0",,,"1","50","2024-02-27 13:59:03"
"6579d5a22e0a15c71dd52086",,"2","32","13","2","5","5","1","0","650","917","1","0","1","4","0.29","0.88","0","0",,,"0","120","2024-02-27 13:59:03"
"5c23c03889f035000173d7d7",,"3","27","13","2","5","5","0","1","399","700","0","1","1","4","0.29","0.88","0","0",,,"1","90","2024-02-27 13:59:04"
"65593fba029061f69cd8b6ab",,"0","16","13","2","5","5","0","1","16","1033","1","1","1","4","0.29","0.88","0","0",,,"1","55","2024-02-27 13:59:06"
"6579d5a22e0a15c71dd52086",,"2","33","5","2","5","5","0","1","766","967","0","1","1","2","0.22","0.45","0","0",,,"0","120","2024-02-27 13:59:06"
"5c23c03889f035000173d7d7",,"3","28","14","2","5","5","1","0","657","975","1","0","1","4","0.16","0.84","0","0",,,"1","95","2024-02-27 13:59:06"
"6579d5a22e0a15c71dd52086",,"2","34","9","2","5","5","1","0","550","751","1","0","1","4","0.29","0.71","0","0",,,"1","125","2024-02-27 13:59:08"
"65593fba029061f69cd8b6ab",,"0","17","2","2","5","5","0","1","1032","1350","0","1","1","2","0.22","0.37","0","0",,,"0","55","2024-02-27 13:59:09"
"5c23c03889f035000173d7d7",,"3","29","5","2","5","5","0","1","399","875","0","1","1","2","0.22","0.45","0","0",,,"0","95","2024-02-27 13:59:09"
"6579d5a22e0a15c71dd52086",,"2","35","2","2","5","5","0","1","800","1001","0","1","1","2","0.22","0.37","0","0",,,"0","125","2024-02-27 13:59:11"
"5c23c03889f035000173d7d7",,"3","30","3","2","5","5","0","1","516","833","0","1","3","4","0.63","0.78","0","0",,,"1","100","2024-02-27 13:59:12"
"65593fba029061f69cd8b6ab",,"0","18","8","2","5","5","0","1","1049","1233","0","1","1","2","0.12","0.45","0","0",,,"0","55","2024-02-27 13:59:13"
"6579d5a22e0a15c71dd52086",,"2","36","11","2","5","5","0","1","600","800","0","1","2","4","0.37","0.84","0","0",,,"1","130","2024-02-27 13:59:14"
"5c23c03889f035000173d7d7",,"3","31","10","2","5","5","0","1","716","1008","0","1","1","3","0.16","0.63","0","0",,,"0","100","2024-02-27 13:59:14"
"65593fba029061f69cd8b6ab",,"0","19","6","2","5","5","0","1","816","1000","0","1","2","3","0.37","0.63","0","0",,,"1","60","2024-02-27 13:59:15"
"6579d5a22e0a15c71dd52086",,"2","37","7","2","5","5","0","1","600","800","0","1","3","4","0.55","0.88","0","0",,,"1","135","2024-02-27 13:59:16"
"5c23c03889f035000173d7d7",,"3","32","6","2","5","5","1","0","616","1000","1","0","2","3","0.37","0.63","0","0",,,"0","100","2024-02-27 13:59:17"
"65593fba029061f69cd8b6ab",,"0","20","6","2","5","5","1","0","783","1050","1","0","2","3","0.37","0.63","0","0",,,"0","60","2024-02-27 13:59:19"
"6579d5a22e0a15c71dd52086",,"2","38","15","2","5","5","0","1","533","717","0","1","1","4","0.12","0.88","0","0",,,"1","140","2024-02-27 13:59:19"
"5c23c03889f035000173d7d7",,"3","33","8","2","5","5","1","0","558","866","1","0","1","2","0.12","0.45","0","0",,,"0","100","2024-02-27 13:59:20"
"6579d5a22e0a15c71dd52086",,"2","39","6","2","5","5","1","0","583","800","1","0","2","3","0.37","0.63","0","0",,,"1","145","2024-02-27 13:59:21"
"65593fba029061f69cd8b6ab",,"0","21","0","2","5","5","0","1","1366","1583","0","1","1","1","0.16","0.29","0","0",,,"0","60","2024-02-27 13:59:22"
"5c23c03889f035000173d7d7",,"3","34","15","2","5","5","1","0","599","916","1","0","1","4","0.12","0.88","0","0",,,"1","105","2024-02-27 13:59:23"
"6579d5a22e0a15c71dd52086",,"2","40","5","2","5","5","1","0","1134","1267","1","0","1","2","0.22","0.45","0","0",,,"1","150","2024-02-27 13:59:24"
"65593fba029061f69cd8b6ab",,"0","22","14","2","5","5","0","1","633","800","0","1","1","4","0.16","0.84","0","0",,,"1","65","2024-02-27 13:59:25"
"5c23c03889f035000173d7d7",,"3","35","5","2","5","5","1","0","1466","1824","1","0","1","2","0.22","0.45","0","0",,,"1","110","2024-02-27 13:59:27"
"6579d5a22e0a15c71dd52086",,"2","41","4","2","5","5","1","0","533","967","1","0","3","4","0.55","0.78","0","0",,,"1","155","2024-02-27 13:59:27"
"65593fba029061f69cd8b6ab",,"0","23","6","2","5","5","1","0","666","816","1","0","2","3","0.37","0.63","0","0",,,"1","70","2024-02-27 13:59:28"
"5c23c03889f035000173d7d7",,"3","36","4","2","5","5","0","1","499","866","0","1","3","4","0.55","0.78","0","0",,,"1","115","2024-02-27 13:59:29"
"6579d5a22e0a15c71dd52086",,"2","42","3","2","5","5","1","0","617","801","1","0","3","4","0.63","0.78","0","0",,,"1","160","2024-02-27 13:59:30"
"65593fba029061f69cd8b6ab",,"0","24","9","2","5","5","1","0","649","866","1","0","1","4","0.29","0.71","0","0",,,"0","70","2024-02-27 13:59:31"
"5c23c03889f035000173d7d7",,"3","37","7","2","5","5","1","0","524","849","1","0","3","4","0.55","0.88","0","0",,,"1","120","2024-02-27 13:59:32"
"6579d5a22e0a15c71dd52086",,"2","43","11","2","5","5","0","1","600","767","0","1","2","4","0.37","0.84","0","0",,,"1","165","2024-02-27 13:59:32"
"5c23c03889f035000173d7d7",,"3","38","14","2","5","5","1","0","516","807","1","0","1","4","0.16","0.84","0","0",,,"1","125","2024-02-27 13:59:34"
"65593fba029061f69cd8b6ab",,"0","25","13","2","5","5","1","0","616","749","1","0","1","4","0.29","0.88","0","0",,,"1","75","2024-02-27 13:59:34"
"6579d5a22e0a15c71dd52086",,"2","44","6","2","5","5","0","1","750","967","0","1","2","3","0.37","0.63","0","0",,,"1","170","2024-02-27 13:59:35"
"5c23c03889f035000173d7d7",,"3","39","15","2","5","5","0","1","458","774","0","1","1","4","0.12","0.88","0","0",,,"1","130","2024-02-27 13:59:37"
"65593fba029061f69cd8b6ab",,"0","26","6","2","5","5","1","0","666","933","1","0","2","3","0.37","0.63","0","0",,,"1","80","2024-02-27 13:59:37"
"6579d5a22e0a15c71dd52086",,"2","45","14","2","5","5","0","1","516","701","0","1","1","4","0.16","0.84","0","0",,,"1","175","2024-02-27 13:59:37"
"5c23c03889f035000173d7d7",,"3","40","12","2","5","5","0","1","633","949","0","1","1","4","0.12","0.71","0","0",,,"0","130","2024-02-27 13:59:40"
"65593fba029061f69cd8b6ab",,"0","27","14","2","5","5","1","0","649","783","1","0","1","4","0.16","0.84","0","0",,,"1","85","2024-02-27 13:59:40"
"6579d5a22e0a15c71dd52086",,"2","46","13","2","5","5","1","0","650","800","1","0","1","4","0.29","0.88","0","0",,,"1","180","2024-02-27 13:59:40"
"5c23c03889f035000173d7d7",,"3","41","3","2","5","5","0","1","541","774","0","1","3","4","0.63","0.78","0","0",,,"1","135","2024-02-27 13:59:42"
"6579d5a22e0a15c71dd52086",,"2","47","3","2","5","5","0","1","767","901","0","1","3","4","0.63","0.78","0","0",,,"1","185","2024-02-27 13:59:43"
"65593fba029061f69cd8b6ab",,"0","28","14","2","5","5","1","0","583","766","1","0","1","4","0.16","0.84","0","0",,,"0","85","2024-02-27 13:59:43"
"5c23c03889f035000173d7d7",,"3","42","7","2","5","5","1","0","616","950","1","0","3","4","0.55","0.88","0","0",,,"1","140","2024-02-27 13:59:45"
"6579d5a22e0a15c71dd52086",,"2","48","6","2","5","5","0","1","500","867","0","1","2","3","0.37","0.63","0","0",,,"1","190","2024-02-27 13:59:45"
"65593fba029061f69cd8b6ab",,"0","29","10","2","5","5","1","0","650","799","1","0","1","3","0.16","0.63","0","0",,,"0","85","2024-02-27 13:59:46"
"5c23c03889f035000173d7d7",,"3","43","0","2","5","5","0","1","641","958","0","1","1","1","0.16","0.29","0","0",,,"1","145","2024-02-27 13:59:48"
"6579d5a22e0a15c71dd52086",,"2","49","8","2","5","5","1","0","883","1017","1","0","1","2","0.12","0.45","0","0",,,"0","190","2024-02-27 13:59:48"
"65593fba029061f69cd8b6ab",,"0","30","3","1","5","5","0","0","666","919","0","1","3","4","0.63","0.78","0","0",,,"1","90","2024-02-27 13:59:49"
"5c23c03889f035000173d7d7",,"3","44","0","2","5","5","0","1","833","1108","0","1","1","1","0.16","0.29","0","0",,,"0","145","2024-02-27 13:59:51"
"6579d5a22e0a15c71dd52086",,"2","50","0","2","5","5","0","1","1185","1320","0","1","1","1","0.16","0.29","0","0",,,"1","195","2024-02-27 13:59:51"
"65593fba029061f69cd8b6ab",,"0","31","11","1","5","5","1","1","1099","1333","1","0","2","4","0.37","0.84","0","0",,,"0","90","2024-02-27 13:59:52"
"5c23c03889f035000173d7d7",,"3","45","0","2","5","5","1","0","533","833","1","0","1","1","0.16","0.29","0","0",,,"0","145","2024-02-27 13:59:53"
"6579d5a22e0a15c71dd52086",,"2","51","1","2","5","5","1","0","1117","1234","1","0","4","4","0.71","0.84","0","0",,,"1","200","2024-02-27 13:59:54"
"65593fba029061f69cd8b6ab",,"0","32","5","2","5","5","0","1","733","949","0","1","1","2","0.22","0.45","0","0",,,"1","95","2024-02-27 13:59:55"
"5c23c03889f035000173d7d7",,"3","46","1","2","5","5","1","0","499","783","1","0","4","4","0.71","0.84","0","0",,,"1","150","2024-02-27 13:59:56"
"6579d5a22e0a15c71dd52086",,"2","52","15","2","5","5","0","1","550","734","0","1","1","4","0.12","0.88","0","0",,,"1","205","2024-02-27 13:59:56"
"65593fba029061f69cd8b6ab",,"0","33","12","2","5","5","1","0","566","749","1","0","1","4","0.12","0.71","0","0",,,"1","100","2024-02-27 13:59:58"
"5c23c03889f035000173d7d7",,"3","47","1","2","5","5","0","1","682","1016","0","1","4","4","0.71","0.84","0","0",,,"1","155","2024-02-27 13:59:59"
"6579d5a22e0a15c71dd52086",,"2","53","10","2","5","5","0","1","817","1034","0","1","1","3","0.16","0.63","0","0",,,"1","210","2024-02-27 13:59:59"
"65593fba029061f69cd8b6ab",,"0","34","7","2","5","5","0","1","699","916","0","1","3","4","0.55","0.88","0","0",,,"1","105","2024-02-27 14:00:01"
"5c23c03889f035000173d7d7",,"3","48","7","2","5","5","1","0","499","775","1","0","3","4","0.55","0.88","0","0",,,"1","160","2024-02-27 14:00:01"
"6579d5a22e0a15c71dd52086",,"2","54","9","2","5","5","0","1","650","818","0","1","1","4","0.29","0.71","0","0",,,"0","210","2024-02-27 14:00:02"
"65593fba029061f69cd8b6ab",,"0","35","7","2","5","5","1","0","683","816","1","0","3","4","0.55","0.88","0","0",,,"1","110","2024-02-27 14:00:04"
"5c23c03889f035000173d7d7",,"3","49","15","2","5","5","0","1","358","624","0","1","1","4","0.12","0.88","0","0",,,"1","165","2024-02-27 14:00:04"
"6579d5a22e0a15c71dd52086",,"2","55","7","2","5","5","0","1","600","767","0","1","3","4","0.55","0.88","0","0",,,"1","215","2024-02-27 14:00:05"
"5c23c03889f035000173d7d7",,"3","50","6","2","5","5","1","0","425","675","1","0","2","3","0.37","0.63","0","0",,,"1","170","2024-02-27 14:00:06"
"6579d5a22e0a15c71dd52086",,"2","56","5","2","5","5","1","0","850","967","1","0","1","2","0.22","0.45","0","0",,,"0","215","2024-02-27 14:00:07"
"65593fba029061f69cd8b6ab",,"0","36","1","2","5","5","0","1","1566","1784","0","1","4","4","0.71","0.84","0","0",,,"1","115","2024-02-27 14:00:07"
"5c23c03889f035000173d7d7",,"3","51","9","2","5","5","0","1","399","624","0","1","1","4","0.29","0.71","0","0",,,"1","175","2024-02-27 14:00:09"
"6579d5a22e0a15c71dd52086",,"2","57","8","2","5","5","0","1","766","933","0","1","1","2","0.12","0.45","0","0",,,"1","220","2024-02-27 14:00:10"
"65593fba029061f69cd8b6ab",,"0","37","9","2","5","5","0","1","817","1050","0","1","1","4","0.29","0.71","0","0",,,"0","115","2024-02-27 14:00:10"
"5c23c03889f035000173d7d7",,"3","52","1","2","5","5","0","1","466","674","0","1","4","4","0.71","0.84","0","0",,,"1","180","2024-02-27 14:00:11"
"6579d5a22e0a15c71dd52086",,"2","58","4","2","5","5","1","0","700","834","1","0","3","4","0.55","0.78","0","0",,,"0","220","2024-02-27 14:00:13"
"5c23c03889f035000173d7d7",,"3","53","11","2","5","5","0","1","324","508","0","1","2","4","0.37","0.84","0","0",,,"1","185","2024-02-27 14:00:14"
"65593fba029061f69cd8b6ab",,"0","38","3","2","5","5","0","1","1166","1450","0","1","3","4","0.63","0.78","0","0",,,"1","120","2024-02-27 14:00:14"
"6579d5a22e0a15c71dd52086",,"2","59","10","2","5","5","0","1","533","667","0","1","1","3","0.16","0.63","0","0",,,"1","225","2024-02-27 14:00:15"
"5c23c03889f035000173d7d7",,"3","54","2","2","5","5","1","0","583","749","1","0","1","2","0.22","0.37","0","0",,,"1","190","2024-02-27 14:00:17"
"65593fba029061f69cd8b6ab",,"0","39","11","2","5","5","0","1","599","800","0","1","2","4","0.37","0.84","0","0",,,"0","120","2024-02-27 14:00:17"
"6579d5a22e0a15c71dd52086",,"2","60","7","2","5","5","0","1","583","750","0","1","3","4","0.55","0.88","0","0",,,"1","230","2024-02-27 14:00:18"
"5c23c03889f035000173d7d7",,"3","55","10","2","5","5","0","1","324","500","0","1","1","3","0.16","0.63","0","0",,,"1","195","2024-02-27 14:00:19"
"65593fba029061f69cd8b6ab",,"0","40","15","2","5","5","1","0","599","767","1","0","1","4","0.12","0.88","0","0",,,"1","125","2024-02-27 14:00:20"
"6579d5a22e0a15c71dd52086",,"2","61","2","2","5","5","0","1","767","933","0","1","1","2","0.22","0.37","0","0",,,"0","230","2024-02-27 14:00:20"
"5c23c03889f035000173d7d7",,"3","56","2","2","5","5","1","0","483","741","1","0","1","2","0.22","0.37","0","0",,,"0","195","2024-02-27 14:00:21"
"6579d5a22e0a15c71dd52086",,"2","62","0","2","5","5","1","0","767","1752","1","1","1","1","0.16","0.29","0","0",,,"0","230","2024-02-27 14:00:24"
"5c23c03889f035000173d7d7",,"3","57","1","2","5","5","1","0","483","708","1","0","4","4","0.71","0.84","0","0",,,"1","200","2024-02-27 14:00:24"
"65593fba029061f69cd8b6ab",,"0","41","3","2","5","5","0","1","666","832","0","1","3","4","0.63","0.78","0","0",,,"1","130","2024-02-27 14:00:24"
"5c23c03889f035000173d7d7",,"3","58","3","2","5","5","1","0","499","667","1","0","3","4","0.63","0.78","0","0",,,"0","200","2024-02-27 14:00:27"
"6579d5a22e0a15c71dd52086",,"2","63","5","2","5","5","1","0","1017","1168","1","0","1","2","0.22","0.45","0","0",,,"1","235","2024-02-27 14:00:27"
"65593fba029061f69cd8b6ab",,"0","42","2","2","5","5","1","0","977","1184","1","0","1","2","0.22","0.37","0","0",,,"1","135","2024-02-27 14:00:28"
"5c23c03889f035000173d7d7",,"3","59","8","2","5","5","0","1","599","791","0","1","1","2","0.12","0.45","0","0",,,"1","205","2024-02-27 14:00:29"
"65593fba029061f69cd8b6ab",,"0","43","12","2","5","5","1","0","666","833","1","0","1","4","0.12","0.71","0","0",,,"1","140","2024-02-27 14:00:31"
"5c23c03889f035000173d7d7",,"3","60","12","2","5","5","0","1","441","708","0","1","1","4","0.12","0.71","0","0",,,"1","210","2024-02-27 14:00:32"
"65593fba029061f69cd8b6ab",,"0","44","12","2","5","5","1","0","583","783","1","0","1","4","0.12","0.71","0","0",,,"0","140","2024-02-27 14:00:34"
"5c23c03889f035000173d7d7",,"3","61","2","2","5","5","1","0","783","1033","1","0","1","2","0.22","0.37","0","0",,,"1","215","2024-02-27 14:00:35"
"65593fba029061f69cd8b6ab",,"0","45","8","2","5","5","1","0","683","935","1","0","1","2","0.12","0.45","0","0",,,"1","145","2024-02-27 14:00:37"
"5c23c03889f035000173d7d7",,"3","62","8","2","5","5","1","0","641","800","1","0","1","2","0.12","0.45","0","0",,,"1","220","2024-02-27 14:00:37"
"65593fba029061f69cd8b6ab",,"0","46","10","2","5","5","0","1","699","916","0","1","1","3","0.16","0.63","0","0",,,"0","145","2024-02-27 14:00:40"
"5c23c03889f035000173d7d7",,"3","63","11","2","5","5","1","0","541","791","1","0","2","4","0.37","0.84","0","0",,,"1","225","2024-02-27 14:00:40"
"65593fba029061f69cd8b6ab",,"0","47","11","2","5","5","1","0","600","750","1","0","2","4","0.37","0.84","0","0",,,"1","150","2024-02-27 14:00:42"
"65593fba029061f69cd8b6ab",,"0","48","5","2","5","5","0","1","716","933","0","1","1","2","0.22","0.45","0","0",,,"0","150","2024-02-27 14:00:46"
"65593fba029061f69cd8b6ab",,"0","49","12","2","5","5","0","1","616","799","0","1","1","4","0.12","0.71","0","0",,,"1","155","2024-02-27 14:00:49"
"5c23c03889f035000173d7d7",,"4","0","11","2","5","5","0","1","199","658","0","1","2","4","0.37","0.84","0","0",,,"1","5","2024-02-27 14:00:51"
"65593fba029061f69cd8b6ab",,"0","50","4","2","5","5","1","0","616","833","1","0","3","4","0.55","0.78","0","0",,,"1","160","2024-02-27 14:00:52"
"5c23c03889f035000173d7d7",,"4","1","13","2","5","5","1","0","16","816","1","1","1","4","0.29","0.88","0","0",,,"1","10","2024-02-27 14:00:53"
"65593fba029061f69cd8b6ab",,"0","51","1","2","5","5","1","0","866","1100","1","0","4","4","0.71","0.84","0","0",,,"1","165","2024-02-27 14:00:55"
"5c23c03889f035000173d7d7",,"4","2","11","2","5","5","1","0","416","700","1","0","2","4","0.37","0.84","0","0",,,"1","15","2024-02-27 14:00:56"
"65593fba029061f69cd8b6ab",,"0","52","2","2","5","5","0","1","833","983","0","1","1","2","0.22","0.37","0","0",,,"1","170","2024-02-27 14:00:58"
"5c23c03889f035000173d7d7",,"4","3","1","2","5","5","0","1","699","958","0","1","4","4","0.71","0.84","0","0",,,"1","20","2024-02-27 14:00:58"
"6579d5a22e0a15c71dd52086",,"3","0","3","2","5","5","1","0","666","800","1","0","3","4","0.63","0.78","0","0",,,"1","5","2024-02-27 14:00:59"
"65593fba029061f69cd8b6ab",,"0","53","13","2","5","5","1","0","549","733","1","0","1","4","0.29","0.88","0","0",,,"1","175","2024-02-27 14:01:00"
"5c23c03889f035000173d7d7",,"4","4","13","2","5","5","0","1","383","658","0","1","1","4","0.29","0.88","0","0",,,"1","25","2024-02-27 14:01:01"
"6579d5a22e0a15c71dd52086",,"3","1","6","2","5","5","0","1","1400","1568","0","1","2","3","0.37","0.63","0","0",,,"1","10","2024-02-27 14:01:02"
"65593fba029061f69cd8b6ab",,"0","54","15","2","5","5","1","0","666","833","1","0","1","4","0.12","0.88","0","0",,,"1","180","2024-02-27 14:01:03"
"5c23c03889f035000173d7d7",,"4","5","8","2","5","5","0","1","458","742","0","1","1","2","0.12","0.45","0","0",,,"1","30","2024-02-27 14:01:03"
"6579d5a22e0a15c71dd52086",,"3","2","7","2","5","5","0","1","867","1001","0","1","3","4","0.55","0.88","0","0",,,"1","15","2024-02-27 14:01:05"
"5c23c03889f035000173d7d7",,"4","6","1","2","5","5","0","1","499","783","0","1","4","4","0.71","0.84","0","0",,,"1","35","2024-02-27 14:01:06"
"65593fba029061f69cd8b6ab",,"0","55","0","2","5","5","0","1","1099","1366","0","1","1","1","0.16","0.29","0","0",,,"1","185","2024-02-27 14:01:07"
"6579d5a22e0a15c71dd52086",,"3","3","15","2","5","5","1","0","566","700","1","0","1","4","0.12","0.88","0","0",,,"1","20","2024-02-27 14:01:07"
"5c23c03889f035000173d7d7",,"4","7","8","2","5","5","1","0","724","974","1","0","1","2","0.12","0.45","0","0",,,"1","40","2024-02-27 14:01:09"
"65593fba029061f69cd8b6ab",,"0","56","10","2","5","5","1","0","633","850","1","0","1","3","0.16","0.63","0","0",,,"1","190","2024-02-27 14:01:10"
"6579d5a22e0a15c71dd52086",,"3","4","3","2","5","5","1","0","583","717","1","0","3","4","0.63","0.78","0","0",,,"1","25","2024-02-27 14:01:10"
"5c23c03889f035000173d7d7",,"4","8","1","2","5","5","0","1","458","741","0","1","4","4","0.71","0.84","0","0",,,"1","45","2024-02-27 14:01:11"
"6579d5a22e0a15c71dd52086",,"3","5","2","2","5","5","0","1","783","934","0","1","1","2","0.22","0.37","0","0",,,"1","30","2024-02-27 14:01:12"
"65593fba029061f69cd8b6ab",,"0","57","7","2","5","5","1","0","550","766","1","0","3","4","0.55","0.88","0","0",,,"1","195","2024-02-27 14:01:13"
"5c23c03889f035000173d7d7",,"4","9","15","2","5","5","1","0","416","700","1","0","1","4","0.12","0.88","0","0",,,"1","50","2024-02-27 14:01:14"
"6579d5a22e0a15c71dd52086",,"3","6","1","2","5","5","1","0","833","966","1","0","4","4","0.71","0.84","0","0",,,"1","35","2024-02-27 14:01:15"
"65593fba029061f69cd8b6ab",,"0","58","5","2","5","5","0","1","1249","1450","0","1","1","2","0.22","0.45","0","0",,,"0","195","2024-02-27 14:01:16"
"5c23c03889f035000173d7d7",,"4","10","10","2","5","5","1","0","799","1058","1","0","1","3","0.16","0.63","0","0",,,"1","55","2024-02-27 14:01:17"
"6579d5a22e0a15c71dd52086",,"3","7","5","2","5","5","0","1","583","784","0","1","1","2","0.22","0.45","0","0",,,"0","35","2024-02-27 14:01:18"
"65593fba029061f69cd8b6ab",,"0","59","2","2","5","5","1","0","699","849","1","0","1","2","0.22","0.37","0","0",,,"1","200","2024-02-27 14:01:19"
"5c23c03889f035000173d7d7",,"4","11","14","2","5","5","0","1","358","583","0","1","1","4","0.16","0.84","0","0",,,"1","60","2024-02-27 14:01:19"
"6579d5a22e0a15c71dd52086",,"3","8","13","2","5","5","0","1","516","700","0","1","1","4","0.29","0.88","0","0",,,"1","40","2024-02-27 14:01:20"
"5c23c03889f035000173d7d7",,"4","12","9","2","5","5","1","0","399","575","1","0","1","4","0.29","0.71","0","0",,,"1","65","2024-02-27 14:01:21"
"65593fba029061f69cd8b6ab",,"0","60","9","2","5","5","0","1","683","800","0","1","1","4","0.29","0.71","0","0",,,"0","200","2024-02-27 14:01:22"
"6579d5a22e0a15c71dd52086",,"3","9","12","2","5","5","1","0","567","717","1","0","1","4","0.12","0.71","0","0",,,"0","40","2024-02-27 14:01:23"
"5c23c03889f035000173d7d7",,"4","13","1","2","5","5","1","0","558","808","1","0","4","4","0.71","0.84","0","0",,,"1","70","2024-02-27 14:01:24"
"65593fba029061f69cd8b6ab",,"0","61","0","2","5","5","1","0","649","799","1","0","1","1","0.16","0.29","0","0",,,"0","200","2024-02-27 14:01:25"
"6579d5a22e0a15c71dd52086",,"3","10","11","2","5","5","1","0","617","734","1","0","2","4","0.37","0.84","0","0",,,"1","45","2024-02-27 14:01:25"
"5c23c03889f035000173d7d7",,"4","14","9","2","5","5","0","1","583","774","0","1","1","4","0.29","0.71","0","0",,,"1","75","2024-02-27 14:01:27"
"65593fba029061f69cd8b6ab",,"0","62","4","2","5","5","0","1","783","935","0","1","3","4","0.55","0.78","0","0",,,"0","200","2024-02-27 14:01:28"
"6579d5a22e0a15c71dd52086",,"3","11","5","2","5","5","0","1","700","850","0","1","1","2","0.22","0.45","0","0",,,"1","50","2024-02-27 14:01:28"
"5c23c03889f035000173d7d7",,"4","15","7","2","5","5","1","0","599","858","1","0","3","4","0.55","0.88","0","0",,,"1","80","2024-02-27 14:01:29"
"65593fba029061f69cd8b6ab",,"0","63","11","2","5","5","0","1","633","783","0","1","2","4","0.37","0.84","0","0",,,"1","205","2024-02-27 14:01:30"
"6579d5a22e0a15c71dd52086",,"3","12","3","2","5","5","1","0","667","800","1","0","3","4","0.63","0.78","0","0",,,"0","50","2024-02-27 14:01:31"
"5c23c03889f035000173d7d7",,"4","16","10","2","5","5","0","1","441","700","0","1","1","3","0.16","0.63","0","0",,,"1","85","2024-02-27 14:01:32"
"6579d5a22e0a15c71dd52086",,"3","13","14","2","5","5","1","0","600","733","1","0","1","4","0.16","0.84","0","0",,,"1","55","2024-02-27 14:01:33"
"5c23c03889f035000173d7d7",,"4","17","8","2","5","5","0","1","583","841","0","1","1","2","0.12","0.45","0","0",,,"1","90","2024-02-27 14:01:34"
"6579d5a22e0a15c71dd52086",,"3","14","1","2","5","5","1","0","683","934","1","0","4","4","0.71","0.84","0","0",,,"1","60","2024-02-27 14:01:36"
"5c23c03889f035000173d7d7",,"4","18","5","2","5","5","0","1","541","808","0","1","1","2","0.22","0.45","0","0",,,"1","95","2024-02-27 14:01:37"
"6579d5a22e0a15c71dd52086",,"3","15","6","2","5","5","1","0","816","950","1","0","2","3","0.37","0.63","0","0",,,"1","65","2024-02-27 14:01:39"
"5c23c03889f035000173d7d7",,"4","19","4","2","5","5","0","1","416","708","0","1","3","4","0.55","0.78","0","0",,,"1","100","2024-02-27 14:01:39"
"6579d5a22e0a15c71dd52086",,"3","16","13","2","5","5","0","1","550","717","0","1","1","4","0.29","0.88","0","0",,,"1","70","2024-02-27 14:01:41"
"5c23c03889f035000173d7d7",,"4","20","13","2","5","5","0","1","383","675","0","1","1","4","0.29","0.88","0","0",,,"1","105","2024-02-27 14:01:42"
"6579d5a22e0a15c71dd52086",,"3","17","9","2","5","5","0","1","750","917","0","1","1","4","0.29","0.71","0","0",,,"1","75","2024-02-27 14:01:44"
"5c23c03889f035000173d7d7",,"4","21","11","2","5","5","1","0","541","758","1","0","2","4","0.37","0.84","0","0",,,"1","110","2024-02-27 14:01:45"
"6579d5a22e0a15c71dd52086",,"3","18","14","2","5","5","1","0","633","717","1","0","1","4","0.16","0.84","0","0",,,"1","80","2024-02-27 14:01:46"
"5c23c03889f035000173d7d7",,"4","22","14","2","5","5","1","0","499","774","1","0","1","4","0.16","0.84","0","0",,,"1","115","2024-02-27 14:01:47"
"65593fba029061f69cd8b6ab",,"1","0","13","2","5","5","1","0","733","916","1","0","1","4","0.29","0.88","0","0",,,"0","0","2024-02-27 14:01:49"
"6579d5a22e0a15c71dd52086",,"3","19","8","2","5","5","1","0","900","1001","1","0","1","2","0.12","0.45","0","0",,,"1","85","2024-02-27 14:01:49"
"5c23c03889f035000173d7d7",,"4","23","4","2","5","5","0","1","483","674","0","1","3","4","0.55","0.78","0","0",,,"1","120","2024-02-27 14:01:50"
"65593fba029061f69cd8b6ab",,"1","1","1","2","5","5","0","1","566","716","0","1","4","4","0.71","0.84","0","0",,,"1","5","2024-02-27 14:01:51"
"6579d5a22e0a15c71dd52086",,"3","20","6","2","5","5","1","0","567","750","1","0","2","3","0.37","0.63","0","0",,,"1","90","2024-02-27 14:01:51"
"5c23c03889f035000173d7d7",,"4","24","0","2","5","5","1","0","583","858","1","0","1","1","0.16","0.29","0","0",,,"0","120","2024-02-27 14:01:52"
"6579d5a22e0a15c71dd52086",,"3","21","11","2","5","5","0","1","566","683","0","1","2","4","0.37","0.84","0","0",,,"1","95","2024-02-27 14:01:54"
"65593fba029061f69cd8b6ab",,"1","2","4","2","5","5","0","1","648","765","0","1","3","4","0.55","0.78","0","0",,,"0","5","2024-02-27 14:01:54"
"5c23c03889f035000173d7d7",,"4","25","3","2","5","5","1","0","499","758","1","0","3","4","0.63","0.78","0","0",,,"0","120","2024-02-27 14:01:55"
"6579d5a22e0a15c71dd52086",,"3","22","10","2","5","5","1","0","666","834","1","0","1","3","0.16","0.63","0","0",,,"1","100","2024-02-27 14:01:56"
"65593fba029061f69cd8b6ab",,"1","3","5","1","5","5","1","1","683","816","1","0","1","2","0.22","0.45","0","0",,,"0","5","2024-02-27 14:01:57"
"5c23c03889f035000173d7d7",,"4","26","2","2","5","5","0","1","499","749","0","1","1","2","0.22","0.37","0","0",,,"0","120","2024-02-27 14:01:58"
"6579d5a22e0a15c71dd52086",,"3","23","7","2","5","5","1","0","516","667","1","0","3","4","0.55","0.88","0","0",,,"1","105","2024-02-27 14:01:59"
"65593fba029061f69cd8b6ab",,"1","4","5","2","5","5","1","0","882","1034","1","0","1","2","0.22","0.45","0","0",,,"1","10","2024-02-27 14:02:00"
"5c23c03889f035000173d7d7",,"4","27","0","2","5","5","1","0","483","716","1","0","1","1","0.16","0.29","0","0",,,"0","120","2024-02-27 14:02:00"
"6579d5a22e0a15c71dd52086",,"3","24","11","2","5","5","0","1","550","717","0","1","2","4","0.37","0.84","0","0",,,"1","110","2024-02-27 14:02:01"
"65593fba029061f69cd8b6ab",,"1","5","4","2","5","5","0","1","633","783","0","1","3","4","0.55","0.78","0","0",,,"1","15","2024-02-27 14:02:03"
"5c23c03889f035000173d7d7",,"4","28","12","2","5","5","1","0","599","991","1","0","1","4","0.12","0.71","0","0",,,"0","120","2024-02-27 14:02:03"
"6579d5a22e0a15c71dd52086",,"3","25","12","2","5","5","0","1","499","716","0","1","1","4","0.12","0.71","0","0",,,"0","110","2024-02-27 14:02:04"
"5c23c03889f035000173d7d7",,"4","29","7","2","5","5","1","0","457","741","1","0","3","4","0.55","0.88","0","0",,,"1","125","2024-02-27 14:02:06"
"65593fba029061f69cd8b6ab",,"1","6","2","2","5","5","0","1","1032","1183","0","1","1","2","0.22","0.37","0","0",,,"0","15","2024-02-27 14:02:06"
"6579d5a22e0a15c71dd52086",,"3","26","10","2","5","5","0","1","667","817","0","1","1","3","0.16","0.63","0","0",,,"1","115","2024-02-27 14:02:06"
"65593fba029061f69cd8b6ab",,"1","7","7","2","5","5","1","0","599","766","1","0","3","4","0.55","0.88","0","0",,,"1","20","2024-02-27 14:02:09"
"5c23c03889f035000173d7d7",,"4","30","0","2","5","5","0","1","899","1191","0","1","1","1","0.16","0.29","0","0",,,"0","125","2024-02-27 14:02:09"
"6579d5a22e0a15c71dd52086",,"3","27","15","2","5","5","0","1","617","817","0","1","1","4","0.12","0.88","0","0",,,"1","120","2024-02-27 14:02:09"
"5c23c03889f035000173d7d7",,"4","31","4","2","5","5","1","0","499","741","1","0","3","4","0.55","0.78","0","0",,,"1","130","2024-02-27 14:02:12"
"6579d5a22e0a15c71dd52086",,"3","28","0","2","5","5","0","1","934","1067","0","1","1","1","0.16","0.29","0","0",,,"0","120","2024-02-27 14:02:12"
"65593fba029061f69cd8b6ab",,"1","8","1","1","5","5","1","1","1133","1300","1","0","4","4","0.71","0.84","0","0",,,"1","25","2024-02-27 14:02:12"
"5c23c03889f035000173d7d7",,"4","32","12","2","5","5","1","0","558","850","1","0","1","4","0.12","0.71","0","0",,,"0","130","2024-02-27 14:02:14"
"6579d5a22e0a15c71dd52086",,"3","29","7","2","5","5","1","0","600","750","1","0","3","4","0.55","0.88","0","0",,,"1","125","2024-02-27 14:02:15"
"65593fba029061f69cd8b6ab",,"1","9","13","2","5","5","0","1","599","733","0","1","1","4","0.29","0.88","0","0",,,"1","30","2024-02-27 14:02:15"
"6579d5a22e0a15c71dd52086",,"3","30","3","2","5","5","1","0","567","767","1","0","3","4","0.63","0.78","0","0",,,"0","125","2024-02-27 14:02:17"
"5c23c03889f035000173d7d7",,"4","33","3","2","5","5","1","0","558","833","1","0","3","4","0.63","0.78","0","0",,,"0","130","2024-02-27 14:02:17"
"65593fba029061f69cd8b6ab",,"1","10","2","2","5","5","0","1","849","1016","0","1","1","2","0.22","0.37","0","0",,,"0","30","2024-02-27 14:02:18"
"6579d5a22e0a15c71dd52086",,"3","31","8","2","5","5","0","1","666","801","0","1","1","2","0.12","0.45","0","0",,,"1","130","2024-02-27 14:02:20"
"5c23c03889f035000173d7d7",,"4","34","12","2","5","5","1","0","383","933","1","0","1","4","0.12","0.71","0","0",,,"0","130","2024-02-27 14:02:20"
"65593fba029061f69cd8b6ab",,"1","11","8","2","5","5","0","1","1283","1516","0","1","1","2","0.12","0.45","0","0",,,"1","35","2024-02-27 14:02:21"
"6579d5a22e0a15c71dd52086",,"3","32","15","2","5","5","0","1","516","684","0","1","1","4","0.12","0.88","0","0",,,"1","135","2024-02-27 14:02:22"
"5c23c03889f035000173d7d7",,"4","35","10","1","5","5","0","0","366","633","0","1","1","3","0.16","0.63","0","0",,,"0","130","2024-02-27 14:02:23"
"65593fba029061f69cd8b6ab",,"1","12","11","2","5","5","0","1","599","783","0","1","2","4","0.37","0.84","0","0",,,"1","40","2024-02-27 14:02:25"
"6579d5a22e0a15c71dd52086",,"3","33","5","2","5","5","0","1","717","1084","0","1","1","2","0.22","0.45","0","0",,,"1","140","2024-02-27 14:02:25"
"5c23c03889f035000173d7d7",,"4","36","6","1","5","5","1","1","399","708","1","0","2","3","0.37","0.63","0","0",,,"1","135","2024-02-27 14:02:25"
"65593fba029061f69cd8b6ab",,"1","13","9","2","5","5","0","1","649","767","0","1","1","4","0.29","0.71","0","0",,,"1","45","2024-02-27 14:02:28"
"6579d5a22e0a15c71dd52086",,"3","34","8","2","5","5","0","1","1033","1184","0","1","1","2","0.12","0.45","0","0",,,"0","140","2024-02-27 14:02:28"
"5c23c03889f035000173d7d7",,"4","37","2","1","5","5","1","1","499","816","1","0","1","2","0.22","0.37","0","0",,,"0","135","2024-02-27 14:02:28"
"5c23c03889f035000173d7d7",,"4","38","9","1","5","5","0","0","441","641","0","1","1","4","0.29","0.71","0","0",,,"0","135","2024-02-27 14:02:31"
"65593fba029061f69cd8b6ab",,"1","14","12","2","5","5","1","0","583","750","1","0","1","4","0.12","0.71","0","0",,,"1","50","2024-02-27 14:02:31"
"6579d5a22e0a15c71dd52086",,"3","35","13","2","5","5","0","1","1050","1151","0","1","1","4","0.29","0.88","0","0",,,"0","140","2024-02-27 14:02:31"
"5c23c03889f035000173d7d7",,"4","39","3","2","5","5","1","0","416","666","1","0","3","4","0.63","0.78","0","0",,,"1","140","2024-02-27 14:02:33"
"65593fba029061f69cd8b6ab",,"1","15","3","2","5","5","0","1","616","800","0","1","3","4","0.63","0.78","0","0",,,"0","50","2024-02-27 14:02:33"
"6579d5a22e0a15c71dd52086",,"3","36","1","2","5","5","1","0","616","784","1","0","4","4","0.71","0.84","0","0",,,"1","145","2024-02-27 14:02:34"
"5c23c03889f035000173d7d7",,"4","40","13","2","5","5","0","1","499","700","0","1","1","4","0.29","0.88","0","0",,,"1","145","2024-02-27 14:02:36"
"65593fba029061f69cd8b6ab",,"1","16","12","2","5","5","0","1","666","833","0","1","1","4","0.12","0.71","0","0",,,"1","55","2024-02-27 14:02:36"
"6579d5a22e0a15c71dd52086",,"3","37","4","2","5","5","1","0","1000","1101","1","0","3","4","0.55","0.78","0","0",,,"1","150","2024-02-27 14:02:36"
"5c23c03889f035000173d7d7",,"4","41","10","2","5","5","0","1","466","716","0","1","1","3","0.16","0.63","0","0",,,"0","145","2024-02-27 14:02:38"
"6579d5a22e0a15c71dd52086",,"3","38","9","2","5","5","1","0","633","784","1","0","1","4","0.29","0.71","0","0",,,"1","155","2024-02-27 14:02:39"
"65593fba029061f69cd8b6ab",,"1","17","9","2","5","5","0","1","699","817","0","1","1","4","0.29","0.71","0","0",,,"1","60","2024-02-27 14:02:40"
"5c23c03889f035000173d7d7",,"4","42","7","2","5","5","0","1","416","658","0","1","3","4","0.55","0.88","0","0",,,"1","150","2024-02-27 14:02:41"
"6579d5a22e0a15c71dd52086",,"3","39","12","2","5","5","0","1","549","649","0","1","1","4","0.12","0.71","0","0",,,"0","155","2024-02-27 14:02:42"
"65593fba029061f69cd8b6ab",,"1","18","4","2","5","5","0","1","566","733","0","1","3","4","0.55","0.78","0","0",,,"0","60","2024-02-27 14:02:42"
"5c23c03889f035000173d7d7",,"4","43","2","2","5","5","0","1","674","924","0","1","1","2","0.22","0.37","0","0",,,"0","150","2024-02-27 14:02:43"
"65593fba029061f69cd8b6ab",,"1","19","0","1","5","5","1","1","849","1034","1","0","1","1","0.16","0.29","0","0",,,"1","65","2024-02-27 14:02:45"
"6579d5a22e0a15c71dd52086",,"3","40","10","2","5","5","1","0","1218","2803","1","0","1","3","0.16","0.63","0","0",,,"1","160","2024-02-27 14:02:46"
"5c23c03889f035000173d7d7",,"4","44","6","2","5","5","1","0","541","766","1","0","2","3","0.37","0.63","0","0",,,"1","155","2024-02-27 14:02:46"
"65593fba029061f69cd8b6ab",,"1","20","11","2","5","5","0","1","766","1016","0","1","2","4","0.37","0.84","0","0",,,"0","65","2024-02-27 14:02:48"
"5c23c03889f035000173d7d7",,"4","45","5","2","5","5","0","1","483","791","0","1","1","2","0.22","0.45","0","0",,,"1","160","2024-02-27 14:02:49"
"65593fba029061f69cd8b6ab",,"1","21","13","2","5","5","0","1","699","833","0","1","1","4","0.29","0.88","0","0",,,"1","70","2024-02-27 14:02:51"
"5c23c03889f035000173d7d7",,"4","46","6","2","5","5","0","1","399","766","0","1","2","3","0.37","0.63","0","0",,,"0","160","2024-02-27 14:02:51"
"65593fba029061f69cd8b6ab",,"1","22","14","2","5","5","1","0","549","716","1","0","1","4","0.16","0.84","0","0",,,"0","70","2024-02-27 14:02:53"
"5c23c03889f035000173d7d7",,"4","47","14","2","5","5","1","0","466","866","1","0","1","4","0.16","0.84","0","0",,,"1","165","2024-02-27 14:02:54"
"5c23c03889f035000173d7d7",,"4","48","2","2","5","5","0","1","458","1024","0","1","1","2","0.22","0.37","0","0",,,"1","170","2024-02-27 14:02:57"
"65593fba029061f69cd8b6ab",,"1","23","4","2","5","5","1","0","566","716","1","0","3","4","0.55","0.78","0","0",,,"1","75","2024-02-27 14:02:57"
"5c23c03889f035000173d7d7",,"4","49","15","2","5","5","1","0","841","1291","1","0","1","4","0.12","0.88","0","0",,,"1","175","2024-02-27 14:03:00"
"65593fba029061f69cd8b6ab",,"1","24","13","2","5","5","1","0","566","700","1","0","1","4","0.29","0.88","0","0",,,"1","80","2024-02-27 14:03:00"
"5c23c03889f035000173d7d7",,"4","50","5","2","5","5","0","1","799","1383","0","1","1","2","0.22","0.45","0","0",,,"1","180","2024-02-27 14:03:03"
"65593fba029061f69cd8b6ab",,"1","25","8","2","5","5","0","1","766","916","0","1","1","2","0.12","0.45","0","0",,,"1","85","2024-02-27 14:03:03"
"65593fba029061f69cd8b6ab",,"1","26","12","2","5","5","1","0","549","716","1","0","1","4","0.12","0.71","0","0",,,"1","90","2024-02-27 14:03:06"
"5c23c03889f035000173d7d7",,"4","51","8","2","5","5","0","1","1216","1858","0","1","1","2","0.12","0.45","0","0",,,"1","185","2024-02-27 14:03:06"
"65593fba029061f69cd8b6ab",,"1","27","1","2","5","5","1","0","649","800","1","0","4","4","0.71","0.84","0","0",,,"1","95","2024-02-27 14:03:09"
"5c23c03889f035000173d7d7",,"4","52","11","2","5","5","0","1","758","1158","0","1","2","4","0.37","0.84","0","0",,,"1","190","2024-02-27 14:03:09"
"65593fba029061f69cd8b6ab",,"1","28","8","2","5","5","0","1","1116","1333","0","1","1","2","0.12","0.45","0","0",,,"1","100","2024-02-27 14:03:12"
"5c23c03889f035000173d7d7",,"4","53","5","2","5","5","1","0","774","1849","1","0","1","2","0.22","0.45","0","0",,,"1","195","2024-02-27 14:03:13"
"65593fba029061f69cd8b6ab",,"1","29","6","2","5","5","0","1","749","933","0","1","2","3","0.37","0.63","0","0",,,"0","100","2024-02-27 14:03:15"
"5c23c03889f035000173d7d7",,"4","54","14","2","5","5","1","0","983","1283","1","0","1","4","0.16","0.84","0","0",,,"1","200","2024-02-27 14:03:16"
"65593fba029061f69cd8b6ab",,"1","30","6","2","5","5","0","1","766","933","0","1","2","3","0.37","0.63","0","0",,,"1","105","2024-02-27 14:03:18"
"5c23c03889f035000173d7d7",,"4","55","7","2","5","5","1","0","916","1224","1","0","3","4","0.55","0.88","0","0",,,"1","205","2024-02-27 14:03:19"
"65593fba029061f69cd8b6ab",,"1","31","14","2","5","5","0","1","583","716","0","1","1","4","0.16","0.84","0","0",,,"1","110","2024-02-27 14:03:20"
"5c23c03889f035000173d7d7",,"4","56","0","1","5","5","1","1","783","2125","1","0","1","1","0.16","0.29","0","0",,,"0","205","2024-02-27 14:03:22"
"65593fba029061f69cd8b6ab",,"1","32","9","2","5","5","1","0","516","700","1","0","1","4","0.29","0.71","0","0",,,"1","115","2024-02-27 14:03:23"
"5c23c03889f035000173d7d7",,"4","57","6","2","5","5","0","1","583","950","0","1","2","3","0.37","0.63","0","0",,,"1","210","2024-02-27 14:03:25"
"65593fba029061f69cd8b6ab",,"1","33","10","2","5","5","0","1","482","600","0","1","1","3","0.16","0.63","0","0",,,"0","115","2024-02-27 14:03:26"
"5c23c03889f035000173d7d7",,"4","58","3","2","5","5","0","1","574","841","0","1","3","4","0.63","0.78","0","0",,,"0","210","2024-02-27 14:03:28"
"65593fba029061f69cd8b6ab",,"1","34","10","2","5","5","0","1","649","800","0","1","1","3","0.16","0.63","0","0",,,"1","120","2024-02-27 14:03:29"
"5c23c03889f035000173d7d7",,"4","59","15","2","5","5","0","1","474","933","0","1","1","4","0.12","0.88","0","0",,,"1","215","2024-02-27 14:03:31"
"65593fba029061f69cd8b6ab",,"1","35","11","2","5","5","0","1","516","650","0","1","2","4","0.37","0.84","0","0",,,"1","125","2024-02-27 14:03:32"
"5c23c03889f035000173d7d7",,"4","60","9","2","5","5","1","0","641","1008","1","0","1","4","0.29","0.71","0","0",,,"1","220","2024-02-27 14:03:33"
"65593fba029061f69cd8b6ab",,"1","36","5","1","5","5","1","1","583","717","1","0","1","2","0.22","0.45","0","0",,,"1","130","2024-02-27 14:03:35"
"5c23c03889f035000173d7d7",,"4","61","15","2","5","5","0","1","441","941","0","1","1","4","0.12","0.88","0","0",,,"1","225","2024-02-27 14:03:36"
"65593fba029061f69cd8b6ab",,"1","37","1","1","5","5","0","0","666","833","0","1","4","4","0.71","0.84","0","0",,,"0","130","2024-02-27 14:03:38"
"5c23c03889f035000173d7d7",,"4","62","12","2","5","5","1","0","599","975","1","0","1","4","0.12","0.71","0","0",,,"1","230","2024-02-27 14:03:39"
"65593fba029061f69cd8b6ab",,"1","38","2","2","5","5","1","0","699","949","1","0","1","2","0.22","0.37","0","0",,,"0","130","2024-02-27 14:03:41"
"5c23c03889f035000173d7d7",,"4","63","4","2","5","5","0","1","399","858","0","1","3","4","0.55","0.78","0","0",,,"0","230","2024-02-27 14:03:42"
"65593fba029061f69cd8b6ab",,"1","39","14","2","5","5","0","1","633","816","0","1","1","4","0.16","0.84","0","0",,,"1","135","2024-02-27 14:03:44"
"65593fba029061f69cd8b6ab",,"1","40","5","2","5","5","0","1","799","949","0","1","1","2","0.22","0.45","0","0",,,"0","135","2024-02-27 14:03:47"
"65593fba029061f69cd8b6ab",,"1","41","7","2","5","5","1","0","516","666","1","0","3","4","0.55","0.88","0","0",,,"1","140","2024-02-27 14:03:50"
"65593fba029061f69cd8b6ab",,"1","42","10","2","5","5","0","1","949","1183","1","1","1","3","0.16","0.63","0","0",,,"1","145","2024-02-27 14:03:53"
"5c23c03889f035000173d7d7",,"5","0","2","2","5","5","0","1","24","758","0","2","1","2","0.22","0.37","0","0",,,"0","0","2024-02-27 14:03:53"
"5c23c03889f035000173d7d7",,"5","1","6","1","5","5","0","0","141","716","0","1","2","3","0.37","0.63","0","0",,,"1","5","2024-02-27 14:03:55"
"65593fba029061f69cd8b6ab",,"1","43","15","2","5","5","1","0","716","900","1","0","1","4","0.12","0.88","0","0",,,"1","150","2024-02-27 14:03:56"
"5c23c03889f035000173d7d7",,"5","2","14","2","5","5","1","0","400","850","1","0","1","4","0.16","0.84","0","0",,,"1","10","2024-02-27 14:03:58"
"65593fba029061f69cd8b6ab",,"1","44","0","2","5","5","1","0","949","1133","1","0","1","1","0.16","0.29","0","0",,,"0","150","2024-02-27 14:03:59"
"5c23c03889f035000173d7d7",,"5","3","3","2","5","5","0","1","433","949","0","1","3","4","0.63","0.78","0","0",,,"1","15","2024-02-27 14:04:01"
"65593fba029061f69cd8b6ab",,"1","45","15","2","5","5","1","0","1332","1499","1","0","1","4","0.12","0.88","0","0",,,"1","155","2024-02-27 14:04:02"
"5c23c03889f035000173d7d7",,"5","4","13","2","5","5","0","1","399","949","0","1","1","4","0.29","0.88","0","0",,,"1","20","2024-02-27 14:04:03"
"65593fba029061f69cd8b6ab",,"1","46","15","2","5","5","0","1","499","700","0","1","1","4","0.12","0.88","0","0",,,"0","155","2024-02-27 14:04:05"
"5c23c03889f035000173d7d7",,"5","5","5","2","5","5","0","1","358","916","0","1","1","2","0.22","0.45","0","0",,,"0","20","2024-02-27 14:04:06"
"65593fba029061f69cd8b6ab",,"1","47","3","2","5","5","0","1","716","916","0","1","3","4","0.63","0.78","0","0",,,"1","160","2024-02-27 14:04:08"
"5c23c03889f035000173d7d7",,"5","6","0","2","5","5","0","1","424","941","0","1","1","1","0.16","0.29","0","0",,,"1","25","2024-02-27 14:04:09"
"65593fba029061f69cd8b6ab",,"1","48","11","2","5","5","1","0","983","1116","1","0","2","4","0.37","0.84","0","0",,,"1","165","2024-02-27 14:04:11"
"5c23c03889f035000173d7d7",,"5","7","9","2","5","5","1","0","558","1033","1","0","1","4","0.29","0.71","0","0",,,"0","25","2024-02-27 14:04:12"
"5c23c03889f035000173d7d7",,"5","8","13","2","5","5","1","0","416","766","1","0","1","4","0.29","0.88","0","0",,,"1","30","2024-02-27 14:04:15"
"65593fba029061f69cd8b6ab",,"1","49","3","2","5","5","0","1","1149","1566","0","1","3","4","0.63","0.78","0","0",,,"1","170","2024-02-27 14:04:15"
"5c23c03889f035000173d7d7",,"5","9","9","2","5","5","1","0","558","941","1","0","1","4","0.29","0.71","0","0",,,"1","35","2024-02-27 14:04:17"
"65593fba029061f69cd8b6ab",,"1","50","7","2","5","5","0","1","916","1166","0","1","3","4","0.55","0.88","0","0",,,"1","175","2024-02-27 14:04:18"
"5c23c03889f035000173d7d7",,"5","10","7","2","5","5","1","0","541","966","1","0","3","4","0.55","0.88","0","0",,,"1","40","2024-02-27 14:04:20"
"65593fba029061f69cd8b6ab",,"1","51","12","2","5","5","0","1","849","1283","0","1","1","4","0.12","0.71","0","0",,,"1","180","2024-02-27 14:04:21"
"5c23c03889f035000173d7d7",,"5","11","11","2","5","5","0","1","457","966","0","1","2","4","0.37","0.84","0","0",,,"1","45","2024-02-27 14:04:23"
"65593fba029061f69cd8b6ab",,"1","52","3","2","5","5","0","1","549","750","0","1","3","4","0.63","0.78","0","0",,,"1","185","2024-02-27 14:04:24"
"5c23c03889f035000173d7d7",,"5","12","12","2","5","5","1","0","383","841","1","0","1","4","0.12","0.71","0","0",,,"1","50","2024-02-27 14:04:26"
"65593fba029061f69cd8b6ab",,"1","53","0","2","5","5","1","0","632","800","1","0","1","1","0.16","0.29","0","0",,,"1","190","2024-02-27 14:04:27"
"5c23c03889f035000173d7d7",,"5","13","2","2","5","5","0","1","558","975","0","1","1","2","0.22","0.37","0","0",,,"0","50","2024-02-27 14:04:28"
"65593fba029061f69cd8b6ab",,"1","54","6","2","5","5","1","0","599","766","1","0","2","3","0.37","0.63","0","0",,,"0","190","2024-02-27 14:04:30"
"5c23c03889f035000173d7d7",,"5","14","12","2","5","5","0","1","441","833","0","1","1","4","0.12","0.71","0","0",,,"1","55","2024-02-27 14:04:31"
"65593fba029061f69cd8b6ab",,"1","55","7","2","5","5","0","1","516","699","0","1","3","4","0.55","0.88","0","0",,,"1","195","2024-02-27 14:04:33"
"5c23c03889f035000173d7d7",,"5","15","11","2","5","5","1","0","541","866","1","0","2","4","0.37","0.84","0","0",,,"1","60","2024-02-27 14:04:34"
"65593fba029061f69cd8b6ab",,"1","56","2","1","5","5","1","1","599","750","1","0","1","2","0.22","0.37","0","0",,,"0","195","2024-02-27 14:04:36"
"5c23c03889f035000173d7d7",,"5","16","11","2","5","5","0","1","424","833","0","1","2","4","0.37","0.84","0","0",,,"1","65","2024-02-27 14:04:36"
"65593fba029061f69cd8b6ab",,"1","57","14","2","5","5","0","1","533","1133","1","1","1","4","0.16","0.84","0","0",,,"1","200","2024-02-27 14:04:39"
"5c23c03889f035000173d7d7",,"5","17","4","2","5","5","1","0","474","808","1","0","3","4","0.55","0.78","0","0",,,"1","70","2024-02-27 14:04:39"
"5c23c03889f035000173d7d7",,"5","18","8","2","5","5","1","0","483","824","1","0","1","2","0.12","0.45","0","0",,,"1","75","2024-02-27 14:04:42"
"65593fba029061f69cd8b6ab",,"1","58","9","2","5","5","0","1","1299","1466","0","1","1","4","0.29","0.71","0","0",,,"0","200","2024-02-27 14:04:42"
"5c23c03889f035000173d7d7",,"5","19","1","2","5","5","0","1","541","933","0","1","4","4","0.71","0.84","0","0",,,"1","80","2024-02-27 14:04:45"
"65593fba029061f69cd8b6ab",,"1","59","15","2","5","5","1","0","633","750","1","0","1","4","0.12","0.88","0","0",,,"1","205","2024-02-27 14:04:45"
"5c23c03889f035000173d7d7",,"5","20","4","2","5","5","1","0","483","849","1","0","3","4","0.55","0.78","0","0",,,"1","85","2024-02-27 14:04:47"
"65593fba029061f69cd8b6ab",,"1","60","6","2","5","5","1","0","617","733","1","0","2","3","0.37","0.63","0","0",,,"1","210","2024-02-27 14:04:48"
"5c23c03889f035000173d7d7",,"5","21","0","1","5","5","1","1","799","1199","1","0","1","1","0.16","0.29","0","0",,,"0","85","2024-02-27 14:04:50"
"65593fba029061f69cd8b6ab",,"1","61","0","2","5","5","1","0","666","783","1","0","1","1","0.16","0.29","0","0",,,"0","210","2024-02-27 14:04:51"
"5c23c03889f035000173d7d7",,"5","22","12","2","5","5","1","0","466","758","1","0","1","4","0.12","0.71","0","0",,,"1","90","2024-02-27 14:04:53"
"65593fba029061f69cd8b6ab",,"1","62","8","2","5","5","0","1","682","816","0","1","1","2","0.12","0.45","0","0",,,"0","210","2024-02-27 14:04:54"
"5c23c03889f035000173d7d7",,"5","23","8","2","5","5","1","0","483","908","1","0","1","2","0.12","0.45","0","0",,,"1","95","2024-02-27 14:04:56"
"65593fba029061f69cd8b6ab",,"1","63","10","2","5","5","1","0","582","699","1","0","1","3","0.16","0.63","0","0",,,"1","215","2024-02-27 14:04:57"
"5c23c03889f035000173d7d7",,"5","24","15","2","5","5","0","1","541","891","0","1","1","4","0.12","0.88","0","0",,,"0","95","2024-02-27 14:04:59"
"5c23c03889f035000173d7d7",,"5","25","7","2","5","5","1","0","458","750","1","0","3","4","0.55","0.88","0","0",,,"1","100","2024-02-27 14:05:01"
"5c23c03889f035000173d7d7",,"5","26","9","2","5","5","1","0","658","899","1","0","1","4","0.29","0.71","0","0",,,"1","105","2024-02-27 14:05:04"
"5c23c03889f035000173d7d7",,"5","27","6","2","5","5","1","0","958","1333","1","0","2","3","0.37","0.63","0","0",,,"0","105","2024-02-27 14:05:07"
"5c23c03889f035000173d7d7",,"5","28","15","2","5","5","1","0","483","916","1","0","1","4","0.12","0.88","0","0",,,"1","110","2024-02-27 14:05:10"
"65593fba029061f69cd8b6ab",,"2","0","15","2","5","5","1","0","682","800","1","0","1","4","0.12","0.88","0","0",,,"0","0","2024-02-27 14:05:12"
"5c23c03889f035000173d7d7",,"5","29","14","2","5","5","1","0","524","841","1","0","1","4","0.16","0.84","0","0",,,"0","110","2024-02-27 14:05:13"
"5c23c03889f035000173d7d7",,"5","30","6","2","5","5","0","1","541","824","0","1","2","3","0.37","0.63","0","0",,,"1","115","2024-02-27 14:05:15"
"65593fba029061f69cd8b6ab",,"2","1","8","2","5","5","0","1","849","983","0","1","1","2","0.12","0.45","0","0",,,"1","5","2024-02-27 14:05:16"
"5c23c03889f035000173d7d7",,"5","31","2","1","5","5","1","1","458","833","1","0","1","2","0.22","0.37","0","0",,,"0","115","2024-02-27 14:05:18"
"65593fba029061f69cd8b6ab",,"2","2","4","2","5","5","0","1","566","683","0","1","3","4","0.55","0.78","0","0",,,"1","10","2024-02-27 14:05:19"
"5c23c03889f035000173d7d7",,"5","32","4","2","5","5","0","1","683","891","0","1","3","4","0.55","0.78","0","0",,,"0","115","2024-02-27 14:05:21"
"65593fba029061f69cd8b6ab",,"2","3","9","2","5","5","0","1","515","632","0","1","1","4","0.29","0.71","0","0",,,"0","10","2024-02-27 14:05:21"
"5c23c03889f035000173d7d7",,"5","33","8","1","5","5","1","1","841","1233","1","0","1","2","0.12","0.45","0","0",,,"0","115","2024-02-27 14:05:24"
"65593fba029061f69cd8b6ab",,"2","4","4","2","5","5","1","0","666","749","1","0","3","4","0.55","0.78","0","0",,,"1","15","2024-02-27 14:05:24"
"5c23c03889f035000173d7d7",,"5","34","7","2","5","5","1","0","666","983","1","0","3","4","0.55","0.88","0","0",,,"1","120","2024-02-27 14:05:27"
"65593fba029061f69cd8b6ab",,"2","5","6","2","5","5","0","1","966","1066","0","1","2","3","0.37","0.63","0","0",,,"0","15","2024-02-27 14:05:28"
"5c23c03889f035000173d7d7",,"5","35","3","2","5","5","0","1","482","766","0","1","3","4","0.63","0.78","0","0",,,"1","125","2024-02-27 14:05:29"
"65593fba029061f69cd8b6ab",,"2","6","5","2","5","5","1","0","799","1016","1","0","1","2","0.22","0.45","0","0",,,"1","20","2024-02-27 14:05:31"
"5c23c03889f035000173d7d7",,"5","36","10","2","5","5","0","1","524","774","0","1","1","3","0.16","0.63","0","0",,,"0","125","2024-02-27 14:05:32"
"65593fba029061f69cd8b6ab",,"2","7","7","2","5","5","0","1","949","1033","0","1","3","4","0.55","0.88","0","0",,,"0","20","2024-02-27 14:05:34"
"5c23c03889f035000173d7d7",,"5","37","11","2","5","5","1","0","516","741","1","0","2","4","0.37","0.84","0","0",,,"1","130","2024-02-27 14:05:35"
"65593fba029061f69cd8b6ab",,"2","8","0","2","5","5","1","0","533","683","1","0","1","1","0.16","0.29","0","0",,,"0","20","2024-02-27 14:05:36"
"5c23c03889f035000173d7d7",,"5","38","14","2","5","5","0","1","499","866","0","1","1","4","0.16","0.84","0","0",,,"1","135","2024-02-27 14:05:37"
"65593fba029061f69cd8b6ab",,"2","9","2","2","5","5","0","1","716","883","0","1","1","2","0.22","0.37","0","0",,,"0","20","2024-02-27 14:05:39"
"5c23c03889f035000173d7d7",,"5","39","15","2","5","5","0","1","383","849","0","1","1","4","0.12","0.88","0","0",,,"1","140","2024-02-27 14:05:40"
"65593fba029061f69cd8b6ab",,"2","10","9","2","5","5","1","0","566","733","1","0","1","4","0.29","0.71","0","0",,,"1","25","2024-02-27 14:05:42"
"5c23c03889f035000173d7d7",,"5","40","3","2","5","5","1","0","624","866","1","0","3","4","0.63","0.78","0","0",,,"1","145","2024-02-27 14:05:43"
"65593fba029061f69cd8b6ab",,"2","11","7","2","5","5","1","0","777","811","1","0","3","4","0.55","0.88","0","0",,,"1","30","2024-02-27 14:05:45"
"5c23c03889f035000173d7d7",,"5","41","4","2","5","5","0","1","458","674","0","1","3","4","0.55","0.78","0","0",,,"1","150","2024-02-27 14:05:45"
"65593fba029061f69cd8b6ab",,"2","12","7","2","5","5","0","1","632","767","0","1","3","4","0.55","0.88","0","0",,,"1","35","2024-02-27 14:05:48"
"5c23c03889f035000173d7d7",,"5","42","5","2","5","5","0","1","541","874","0","1","1","2","0.22","0.45","0","0",,,"1","155","2024-02-27 14:05:48"
"65593fba029061f69cd8b6ab",,"2","13","10","2","5","5","1","0","683","800","1","0","1","3","0.16","0.63","0","0",,,"1","40","2024-02-27 14:05:50"
"5c23c03889f035000173d7d7",,"5","43","12","2","5","5","0","1","616","1175","0","1","1","4","0.12","0.71","0","0",,,"0","155","2024-02-27 14:05:51"
"65593fba029061f69cd8b6ab",,"2","14","2","2","5","5","1","0","650","783","1","0","1","2","0.22","0.37","0","0",,,"1","45","2024-02-27 14:05:53"
"5c23c03889f035000173d7d7",,"5","44","1","2","5","5","0","1","399","1033","0","1","4","4","0.71","0.84","0","0",,,"1","160","2024-02-27 14:05:54"
"65593fba029061f69cd8b6ab",,"2","15","6","2","5","5","1","0","565","717","1","0","2","3","0.37","0.63","0","0",,,"0","45","2024-02-27 14:05:56"
"5c23c03889f035000173d7d7",,"5","45","8","2","5","5","1","0","799","1149","1","0","1","2","0.12","0.45","0","0",,,"0","160","2024-02-27 14:05:56"
"65593fba029061f69cd8b6ab",,"2","16","10","2","5","5","1","0","633","816","1","0","1","3","0.16","0.63","0","0",,,"1","50","2024-02-27 14:05:58"
"5c23c03889f035000173d7d7",,"5","46","3","2","5","5","0","1","483","791","0","1","3","4","0.63","0.78","0","0",,,"1","165","2024-02-27 14:05:59"
"65593fba029061f69cd8b6ab",,"2","17","0","1","5","5","1","1","733","949","1","0","1","1","0.16","0.29","0","0",,,"1","55","2024-02-27 14:06:01"
"5c23c03889f035000173d7d7",,"5","47","7","2","5","5","0","1","424","716","0","1","3","4","0.55","0.88","0","0",,,"1","170","2024-02-27 14:06:02"
"65593fba029061f69cd8b6ab",,"2","18","1","2","5","5","1","0","599","733","1","0","4","4","0.71","0.84","0","0",,,"1","60","2024-02-27 14:06:04"
"5c23c03889f035000173d7d7",,"5","48","6","2","5","5","0","1","674","933","0","1","2","3","0.37","0.63","0","0",,,"1","175","2024-02-27 14:06:04"
"65593fba029061f69cd8b6ab",,"2","19","10","2","5","5","0","1","717","918","0","1","1","3","0.16","0.63","0","0",,,"0","60","2024-02-27 14:06:07"
"5c23c03889f035000173d7d7",,"5","49","10","2","5","5","0","1","458","700","0","1","1","3","0.16","0.63","0","0",,,"1","180","2024-02-27 14:06:07"
"65593fba029061f69cd8b6ab",,"2","20","9","2","5","5","1","0","849","1233","1","0","1","4","0.29","0.71","0","0",,,"0","60","2024-02-27 14:06:10"
"5c23c03889f035000173d7d7",,"5","50","0","2","5","5","0","1","616","866","0","1","1","1","0.16","0.29","0","0",,,"0","180","2024-02-27 14:06:10"
"5c23c03889f035000173d7d7",,"5","51","13","2","5","5","1","0","574","841","1","0","1","4","0.29","0.88","0","0",,,"1","185","2024-02-27 14:06:13"
"65593fba029061f69cd8b6ab",,"2","21","13","2","5","5","0","1","716","1016","0","1","1","4","0.29","0.88","0","0",,,"1","65","2024-02-27 14:06:13"
"5c23c03889f035000173d7d7",,"5","52","13","2","5","5","1","0","558","866","1","0","1","4","0.29","0.88","0","0",,,"1","190","2024-02-27 14:06:15"
"65593fba029061f69cd8b6ab",,"2","22","1","2","5","5","0","1","782","949","0","1","4","4","0.71","0.84","0","0",,,"1","70","2024-02-27 14:06:15"
"5c23c03889f035000173d7d7",,"5","53","10","2","5","5","0","1","499","858","0","1","1","3","0.16","0.63","0","0",,,"0","190","2024-02-27 14:06:18"
"65593fba029061f69cd8b6ab",,"2","23","12","2","5","5","1","0","1849","2017","1","0","1","4","0.12","0.71","0","0",,,"1","75","2024-02-27 14:06:20"
"5c23c03889f035000173d7d7",,"5","54","2","2","5","5","0","1","824","1016","0","1","1","2","0.22","0.37","0","0",,,"0","190","2024-02-27 14:06:21"
"65593fba029061f69cd8b6ab",,"2","24","6","2","5","5","1","0","1466","1600","1","0","2","3","0.37","0.63","0","0",,,"1","80","2024-02-27 14:06:24"
"5c23c03889f035000173d7d7",,"5","55","1","2","5","5","0","1","541","733","0","1","4","4","0.71","0.84","0","0",,,"1","195","2024-02-27 14:06:24"
"5c23c03889f035000173d7d7",,"5","56","1","2","5","5","1","0","541","808","1","0","4","4","0.71","0.84","0","0",,,"1","200","2024-02-27 14:06:26"
"65593fba029061f69cd8b6ab",,"2","25","13","2","5","5","0","1","2349","2483","0","1","1","4","0.29","0.88","0","0",,,"1","85","2024-02-27 14:06:28"
"5c23c03889f035000173d7d7",,"5","57","0","2","5","5","1","0","841","1216","1","0","1","1","0.16","0.29","0","0",,,"0","200","2024-02-27 14:06:29"
"65593fba029061f69cd8b6ab",,"2","26","11","2","5","5","0","1","516","767","0","1","2","4","0.37","0.84","0","0",,,"0","85","2024-02-27 14:06:31"
"5c23c03889f035000173d7d7",,"5","58","10","2","5","5","0","1","483","974","0","1","1","3","0.16","0.63","0","0",,,"1","205","2024-02-27 14:06:32"
"65593fba029061f69cd8b6ab",,"2","27","5","2","5","5","1","0","699","1033","1","0","1","2","0.22","0.45","0","0",,,"1","90","2024-02-27 14:06:34"
"5c23c03889f035000173d7d7",,"5","59","14","2","5","5","0","1","516","991","0","1","1","4","0.16","0.84","0","0",,,"1","210","2024-02-27 14:06:35"
"65593fba029061f69cd8b6ab",,"2","28","14","2","5","5","1","0","549","699","1","0","1","4","0.16","0.84","0","0",,,"0","90","2024-02-27 14:06:37"
"5c23c03889f035000173d7d7",,"5","60","15","2","5","5","1","0","574","1049","1","0","1","4","0.12","0.88","0","0",,,"1","215","2024-02-27 14:06:38"
"65593fba029061f69cd8b6ab",,"2","29","0","2","5","5","1","0","566","717","1","0","1","1","0.16","0.29","0","0",,,"0","90","2024-02-27 14:06:40"
"5c23c03889f035000173d7d7",,"5","61","9","2","5","5","1","0","499","933","1","0","1","4","0.29","0.71","0","0",,,"0","215","2024-02-27 14:06:40"
"65593fba029061f69cd8b6ab",,"2","30","9","2","5","5","0","1","732","850","0","1","1","4","0.29","0.71","0","0",,,"1","95","2024-02-27 14:06:43"
"5c23c03889f035000173d7d7",,"5","62","5","2","5","5","1","0","458","1024","1","0","1","2","0.22","0.45","0","0",,,"1","220","2024-02-27 14:06:43"
"65593fba029061f69cd8b6ab",,"2","31","13","2","5","5","1","0","633","734","1","0","1","4","0.29","0.88","0","0",,,"1","100","2024-02-27 14:06:45"
"5c23c03889f035000173d7d7",,"5","63","5","1","5","5","1","1","499","949","1","0","1","2","0.22","0.45","0","0",,,"1","225","2024-02-27 14:06:46"
"65593fba029061f69cd8b6ab",,"2","32","4","2","5","5","0","1","566","800","0","1","3","4","0.55","0.78","0","0",,,"1","105","2024-02-27 14:06:49"
"65593fba029061f69cd8b6ab",,"2","33","14","2","5","5","1","0","599","749","1","0","1","4","0.16","0.84","0","0",,,"1","110","2024-02-27 14:06:51"
"65593fba029061f69cd8b6ab",,"2","34","1","2","5","5","0","1","999","1150","0","1","4","4","0.71","0.84","0","0",,,"1","115","2024-02-27 14:06:55"
"65593fba029061f69cd8b6ab",,"2","35","15","2","5","5","0","1","583","733","0","1","1","4","0.12","0.88","0","0",,,"1","120","2024-02-27 14:06:58"
"65593fba029061f69cd8b6ab",,"2","36","11","2","5","5","0","1","550","700","0","1","2","4","0.37","0.84","0","0",,,"1","125","2024-02-27 14:07:00"
"65593fba029061f69cd8b6ab",,"2","37","3","2","5","5","0","1","548","733","0","1","3","4","0.63","0.78","0","0",,,"0","125","2024-02-27 14:07:03"
"65593fba029061f69cd8b6ab",,"2","38","2","2","5","5","0","1","682","816","0","1","1","2","0.22","0.37","0","0",,,"1","130","2024-02-27 14:07:06"
"65593fba029061f69cd8b6ab",,"2","39","3","2","5","5","0","1","599","699","0","1","3","4","0.63","0.78","0","0",,,"1","135","2024-02-27 14:07:09"
"65593fba029061f69cd8b6ab",,"2","40","11","2","5","5","0","1","532","649","0","1","2","4","0.37","0.84","0","0",,,"0","135","2024-02-27 14:07:11"
"65593fba029061f69cd8b6ab",,"2","41","2","2","5","5","1","0","750","868","1","0","1","2","0.22","0.37","0","0",,,"0","135","2024-02-27 14:07:14"
"65593fba029061f69cd8b6ab",,"2","42","14","2","5","5","1","0","633","766","1","0","1","4","0.16","0.84","0","0",,,"1","140","2024-02-27 14:07:18"
"65593fba029061f69cd8b6ab",,"2","43","12","2","5","5","0","1","515","716","0","1","1","4","0.12","0.71","0","0",,,"0","140","2024-02-27 14:07:20"
"65593fba029061f69cd8b6ab",,"2","44","8","2","5","5","0","1","1249","1400","0","1","1","2","0.12","0.45","0","0",,,"0","140","2024-02-27 14:07:24"
"65593fba029061f69cd8b6ab",,"2","45","12","2","5","5","1","0","582","734","1","0","1","4","0.12","0.71","0","0",,,"1","145","2024-02-27 14:07:27"
"65593fba029061f69cd8b6ab",,"2","46","3","2","5","5","0","1","632","716","0","1","3","4","0.63","0.78","0","0",,,"1","150","2024-02-27 14:07:29"
"65593fba029061f69cd8b6ab",,"2","47","0","1","5","5","1","1","932","1049","1","0","1","1","0.16","0.29","0","0",,,"0","150","2024-02-27 14:07:32"
"65593fba029061f69cd8b6ab",,"2","48","5","2","5","5","1","0","799","1050","1","0","1","2","0.22","0.45","0","0",,,"0","150","2024-02-27 14:07:36"
"65593fba029061f69cd8b6ab",,"2","49","15","2","5","5","1","0","782","1003","1","0","1","4","0.12","0.88","0","0",,,"1","155","2024-02-27 14:07:39"
"65593fba029061f69cd8b6ab",,"2","50","7","2","5","5","1","0","599","733","1","0","3","4","0.55","0.88","0","0",,,"1","160","2024-02-27 14:07:42"
"65593fba029061f69cd8b6ab",,"2","51","12","2","5","5","0","1","616","766","0","1","1","4","0.12","0.71","0","0",,,"0","160","2024-02-27 14:07:45"
"65593fba029061f69cd8b6ab",,"2","52","1","2","5","5","1","0","916","982","1","0","4","4","0.71","0.84","0","0",,,"1","165","2024-02-27 14:07:48"
"65593fba029061f69cd8b6ab",,"2","53","13","2","5","5","1","0","599","732","1","0","1","4","0.29","0.88","0","0",,,"0","165","2024-02-27 14:07:51"
"65593fba029061f69cd8b6ab",,"2","54","3","2","5","5","0","1","599","733","0","1","3","4","0.63","0.78","0","0",,,"1","170","2024-02-27 14:07:53"
"65593fba029061f69cd8b6ab",,"2","55","5","2","5","5","0","1","966","1133","0","1","1","2","0.22","0.45","0","0",,,"1","175","2024-02-27 14:07:56"
"65593fba029061f69cd8b6ab",,"2","56","8","1","5","5","1","1","683","783","1","0","1","2","0.12","0.45","0","0",,,"1","180","2024-02-27 14:07:59"
"65593fba029061f69cd8b6ab",,"2","57","6","2","5","5","0","1","849","950","0","1","2","3","0.37","0.63","0","0",,,"1","185","2024-02-27 14:08:02"
"65593fba029061f69cd8b6ab",,"2","58","11","2","5","5","0","1","566","683","0","1","2","4","0.37","0.84","0","0",,,"1","190","2024-02-27 14:08:05"
"65593fba029061f69cd8b6ab",,"2","59","4","2","5","5","0","1","599","699","0","1","3","4","0.55","0.78","0","0",,,"0","190","2024-02-27 14:08:07"
"65593fba029061f69cd8b6ab",,"2","60","15","2","5","5","1","0","533","684","1","0","1","4","0.12","0.88","0","0",,,"1","195","2024-02-27 14:08:10"
"65593fba029061f69cd8b6ab",,"2","61","8","2","5","5","0","1","916","1066","0","1","1","2","0.12","0.45","0","0",,,"0","195","2024-02-27 14:08:13"
"65593fba029061f69cd8b6ab",,"2","62","14","2","5","5","1","0","583","716","1","0","1","4","0.16","0.84","0","0",,,"1","200","2024-02-27 14:08:15"
"65593fba029061f69cd8b6ab",,"2","63","10","2","5","5","1","0","616","733","1","0","1","3","0.16","0.63","0","0",,,"1","205","2024-02-27 14:08:18"
"65593fba029061f69cd8b6ab",,"3","0","8","2","5","5","1","0","1616","1882","1","0","1","2","0.12","0.45","0","0",,,"0","0","2024-02-27 14:08:32"
"65593fba029061f69cd8b6ab",,"3","1","13","2","5","5","0","1","779","1060","0","1","1","4","0.29","0.88","0","0",,,"1","5","2024-02-27 14:08:35"
"65593fba029061f69cd8b6ab",,"3","2","7","2","5","5","1","0","649","850","1","0","3","4","0.55","0.88","0","0",,,"1","10","2024-02-27 14:08:38"
"65593fba029061f69cd8b6ab",,"3","3","11","2","5","5","1","0","782","949","1","0","2","4","0.37","0.84","0","0",,,"1","15","2024-02-27 14:08:41"
"65593fba029061f69cd8b6ab",,"3","4","3","2","5","5","0","1","569","732","0","1","3","4","0.63","0.78","0","0",,,"1","20","2024-02-27 14:08:44"
"65593fba029061f69cd8b6ab",,"3","5","9","2","5","5","0","1","549","716","0","1","1","4","0.29","0.71","0","0",,,"1","25","2024-02-27 14:08:46"
"65593fba029061f69cd8b6ab",,"3","6","10","2","5","5","0","1","549","683","0","1","1","3","0.16","0.63","0","0",,,"0","25","2024-02-27 14:08:49"
"65593fba029061f69cd8b6ab",,"3","7","3","2","5","5","0","1","566","750","0","1","3","4","0.63","0.78","0","0",,,"1","30","2024-02-27 14:08:52"
"65593fba029061f69cd8b6ab",,"3","8","3","2","5","5","0","1","666","799","0","1","3","4","0.63","0.78","0","0",,,"0","30","2024-02-27 14:08:54"
"65593fba029061f69cd8b6ab",,"3","9","0","2","5","5","1","0","949","1101","1","0","1","1","0.16","0.29","0","0",,,"1","35","2024-02-27 14:08:58"
"65593fba029061f69cd8b6ab",,"3","10","4","2","5","5","1","0","599","734","1","0","3","4","0.55","0.78","0","0",,,"1","40","2024-02-27 14:09:01"
"65593fba029061f69cd8b6ab",,"3","11","1","2","5","5","0","1","732","849","0","1","4","4","0.71","0.84","0","0",,,"1","45","2024-02-27 14:09:04"
"65593fba029061f69cd8b6ab",,"3","12","9","2","5","5","1","0","615","782","1","0","1","4","0.29","0.71","0","0",,,"0","45","2024-02-27 14:09:06"
"65593fba029061f69cd8b6ab",,"3","13","10","2","5","5","0","1","599","750","0","1","1","3","0.16","0.63","0","0",,,"1","50","2024-02-27 14:09:09"
"65593fba029061f69cd8b6ab",,"3","14","10","2","5","5","1","0","550","683","1","0","1","3","0.16","0.63","0","0",,,"1","55","2024-02-27 14:09:12"
"65593fba029061f69cd8b6ab",,"3","15","6","2","5","5","1","0","649","783","1","0","2","3","0.37","0.63","0","0",,,"1","60","2024-02-27 14:09:14"
"65593fba029061f69cd8b6ab",,"3","16","12","2","5","5","1","0","599","750","1","0","1","4","0.12","0.71","0","0",,,"1","65","2024-02-27 14:09:17"
"65593fba029061f69cd8b6ab",,"3","17","11","2","5","5","0","1","616","800","0","1","2","4","0.37","0.84","0","0",,,"1","70","2024-02-27 14:09:20"
"65593fba029061f69cd8b6ab",,"3","18","4","2","5","5","0","1","549","666","0","1","3","4","0.55","0.78","0","0",,,"1","75","2024-02-27 14:09:22"
"65593fba029061f69cd8b6ab",,"3","19","7","2","5","5","0","1","532","633","0","1","3","4","0.55","0.88","0","0",,,"1","80","2024-02-27 14:09:25"
"65593fba029061f69cd8b6ab",,"3","20","12","2","5","5","0","1","466","566","0","1","1","4","0.12","0.71","0","0",,,"1","85","2024-02-27 14:09:28"
"65593fba029061f69cd8b6ab",,"3","21","15","2","5","5","1","0","633","750","1","0","1","4","0.12","0.88","0","0",,,"1","90","2024-02-27 14:09:30"
"65593fba029061f69cd8b6ab",,"3","22","8","2","5","5","1","0","599","783","1","0","1","2","0.12","0.45","0","0",,,"0","90","2024-02-27 14:09:33"
"65593fba029061f69cd8b6ab",,"3","23","0","2","5","5","0","1","682","916","0","1","1","1","0.16","0.29","0","0",,,"1","95","2024-02-27 14:09:36"
"65593fba029061f69cd8b6ab",,"3","24","5","2","5","5","0","1","633","733","0","1","1","2","0.22","0.45","0","0",,,"0","95","2024-02-27 14:09:39"
"65593fba029061f69cd8b6ab",,"3","25","2","2","5","5","1","0","585","685","1","0","1","2","0.22","0.37","0","0",,,"1","100","2024-02-27 14:09:41"
"65593fba029061f69cd8b6ab",,"3","26","9","2","5","5","1","0","881","1048","1","0","1","4","0.29","0.71","0","0",,,"0","100","2024-02-27 14:09:44"
"65593fba029061f69cd8b6ab",,"3","27","4","2","5","5","0","1","646","750","0","1","3","4","0.55","0.78","0","0",,,"0","100","2024-02-27 14:09:47"
"65593fba029061f69cd8b6ab",,"3","28","7","2","5","5","1","0","566","666","1","0","3","4","0.55","0.88","0","0",,,"1","105","2024-02-27 14:09:50"
"65593fba029061f69cd8b6ab",,"3","29","5","2","5","5","0","1","682","750","0","1","1","2","0.22","0.45","0","0",,,"0","105","2024-02-27 14:09:53"
"65593fba029061f69cd8b6ab",,"3","30","4","2","5","5","0","1","699","833","0","1","3","4","0.55","0.78","0","0",,,"1","110","2024-02-27 14:09:56"
"65593fba029061f69cd8b6ab",,"3","31","5","2","5","5","0","1","766","916","0","1","1","2","0.22","0.45","0","0",,,"0","110","2024-02-27 14:09:58"
"65593fba029061f69cd8b6ab",,"3","32","13","2","5","5","1","0","566","650","1","0","1","4","0.29","0.88","0","0",,,"1","115","2024-02-27 14:10:01"
"65593fba029061f69cd8b6ab",,"3","33","13","2","5","5","1","0","550","683","1","0","1","4","0.29","0.88","0","0",,,"1","120","2024-02-27 14:10:03"
"65593fba029061f69cd8b6ab",,"3","34","5","2","5","5","1","0","652","702","1","0","1","2","0.22","0.45","0","0",,,"0","120","2024-02-27 14:10:06"
"65593fba029061f69cd8b6ab",,"3","35","3","2","5","5","0","1","738","803","0","1","3","4","0.63","0.78","0","0",,,"0","120","2024-02-27 14:10:09"
"65593fba029061f69cd8b6ab",,"3","36","12","1","5","5","0","0","961","1192","0","1","1","4","0.12","0.71","0","0",,,"0","120","2024-02-27 14:10:12"
"65593fba029061f69cd8b6ab",,"3","37","14","2","5","5","1","0","499","633","1","0","1","4","0.16","0.84","0","0",,,"1","125","2024-02-27 14:10:15"
"65593fba029061f69cd8b6ab",,"3","38","11","2","5","5","0","1","616","949","0","1","2","4","0.37","0.84","0","0",,,"1","130","2024-02-27 14:10:18"
"65593fba029061f69cd8b6ab",,"3","39","13","2","5","5","0","1","632","766","0","1","1","4","0.29","0.88","0","0",,,"1","135","2024-02-27 14:10:21"
"65593fba029061f69cd8b6ab",,"3","40","0","2","5","5","0","1","732","766","0","1","1","1","0.16","0.29","0","0",,,"0","135","2024-02-27 14:10:23"
"65593fba029061f69cd8b6ab",,"3","41","6","2","5","5","0","1","699","966","0","1","2","3","0.37","0.63","0","0",,,"1","140","2024-02-27 14:10:26"
"65593fba029061f69cd8b6ab",,"3","42","2","2","5","5","0","1","632","766","0","1","1","2","0.22","0.37","0","0",,,"0","140","2024-02-27 14:10:29"
"65593fba029061f69cd8b6ab",,"3","43","2","2","5","5","1","0","582","800","1","0","1","2","0.22","0.37","0","0",,,"0","140","2024-02-27 14:10:32"
"65593fba029061f69cd8b6ab",,"3","44","15","2","5","5","1","0","650","799","1","0","1","4","0.12","0.88","0","0",,,"1","145","2024-02-27 14:10:35"
"65593fba029061f69cd8b6ab",,"3","45","2","2","5","5","1","0","566","716","1","0","1","2","0.22","0.37","0","0",,,"0","145","2024-02-27 14:10:38"
"65593fba029061f69cd8b6ab",,"3","46","10","2","5","5","0","1","666","783","0","1","1","3","0.16","0.63","0","0",,,"1","150","2024-02-27 14:10:41"
"65593fba029061f69cd8b6ab",,"3","47","9","2","5","5","1","0","583","766","1","0","1","4","0.29","0.71","0","0",,,"0","150","2024-02-27 14:10:43"
"65593fba029061f69cd8b6ab",,"3","48","12","2","5","5","0","1","649","1316","1","1","1","4","0.12","0.71","0","0",,,"1","155","2024-02-27 14:10:46"
"65593fba029061f69cd8b6ab",,"3","49","6","2","5","5","1","0","499","633","1","0","2","3","0.37","0.63","0","0",,,"0","155","2024-02-27 14:10:49"
"65593fba029061f69cd8b6ab",,"3","50","8","1","5","5","0","0","649","751","0","1","1","2","0.12","0.45","0","0",,,"0","155","2024-02-27 14:10:52"
"65593fba029061f69cd8b6ab",,"3","51","0","1","5","5","1","1","533","666","1","0","1","1","0.16","0.29","0","0",,,"0","155","2024-02-27 14:10:54"
"65593fba029061f69cd8b6ab",,"3","52","1","2","5","5","1","0","799","1050","1","0","4","4","0.71","0.84","0","0",,,"1","160","2024-02-27 14:10:58"
"65593fba029061f69cd8b6ab",,"3","53","14","2","5","5","1","0","916","1266","1","0","1","4","0.16","0.84","0","0",,,"1","165","2024-02-27 14:11:01"
"65593fba029061f69cd8b6ab",,"3","54","6","2","5","5","0","1","683","866","0","1","2","3","0.37","0.63","0","0",,,"1","170","2024-02-27 14:11:03"
"65593fba029061f69cd8b6ab",,"3","55","1","2","5","5","0","1","716","833","0","1","4","4","0.71","0.84","0","0",,,"1","175","2024-02-27 14:11:06"
"6579d5a22e0a15c71dd52086",,"3","0","12","2","5","5","1","0","16","51","1","0","1","4","0.12","0.71","0","0",,,"0","0","2024-02-27 14:11:07"
"65593fba029061f69cd8b6ab",,"3","56","1","2","5","5","1","0","566","666","1","0","4","4","0.71","0.84","0","0",,,"1","180","2024-02-27 14:11:09"
"6579d5a22e0a15c71dd52086",,"3","1","6","2","5","5","0","1","651","1386","1","1","2","3","0.37","0.63","0","0",,,"0","0","2024-02-27 14:11:10"
"65593fba029061f69cd8b6ab",,"3","57","8","2","5","5","0","1","649","733","0","1","1","2","0.12","0.45","0","0",,,"1","185","2024-02-27 14:11:12"
"6579d5a22e0a15c71dd52086",,"3","2","12","2","5","5","0","1","585","784","0","1","1","4","0.12","0.71","0","0",,,"0","0","2024-02-27 14:11:13"
"65593fba029061f69cd8b6ab",,"3","58","7","2","5","5","0","1","532","666","0","1","3","4","0.55","0.88","0","0",,,"1","190","2024-02-27 14:11:14"
"6579d5a22e0a15c71dd52086",,"3","3","6","2","5","5","1","0","667","834","1","0","2","3","0.37","0.63","0","0",,,"0","0","2024-02-27 14:11:16"
"65593fba029061f69cd8b6ab",,"3","59","14","2","5","5","1","0","599","733","1","0","1","4","0.16","0.84","0","0",,,"1","195","2024-02-27 14:11:17"
"6579d5a22e0a15c71dd52086",,"3","4","0","2","5","5","0","1","650","801","0","1","1","1","0.16","0.29","0","0",,,"0","0","2024-02-27 14:11:19"
"65593fba029061f69cd8b6ab",,"3","60","14","2","5","5","1","0","499","600","1","0","1","4","0.16","0.84","0","0",,,"1","200","2024-02-27 14:11:19"
"6579d5a22e0a15c71dd52086",,"3","5","2","2","5","5","0","1","550","684","0","1","1","2","0.22","0.37","0","0",,,"1","5","2024-02-27 14:11:21"
"65593fba029061f69cd8b6ab",,"3","61","15","2","5","5","0","1","449","600","0","1","1","4","0.12","0.88","0","0",,,"1","205","2024-02-27 14:11:22"
"6579d5a22e0a15c71dd52086",,"3","6","13","2","5","5","1","0","450","600","1","0","1","4","0.29","0.88","0","0",,,"1","10","2024-02-27 14:11:24"
"65593fba029061f69cd8b6ab",,"3","62","15","2","5","5","1","0","516","600","1","0","1","4","0.12","0.88","0","0",,,"1","210","2024-02-27 14:11:24"
"6579d5a22e0a15c71dd52086",,"3","7","3","2","5","5","1","0","599","767","1","0","3","4","0.63","0.78","0","0",,,"1","15","2024-02-27 14:11:26"
"65593fba029061f69cd8b6ab",,"3","63","11","2","5","5","1","0","482","633","1","0","2","4","0.37","0.84","0","0",,,"1","215","2024-02-27 14:11:27"
"6579d5a22e0a15c71dd52086",,"3","8","11","2","5","5","0","1","449","599","0","1","2","4","0.37","0.84","0","0",,,"1","20","2024-02-27 14:11:29"
"6579d5a22e0a15c71dd52086",,"3","9","11","2","5","5","1","0","467","583","1","0","2","4","0.37","0.84","0","0",,,"1","25","2024-02-27 14:11:31"
"6579d5a22e0a15c71dd52086",,"3","10","12","2","5","5","0","1","783","917","0","1","1","4","0.12","0.71","0","0",,,"1","30","2024-02-27 14:11:34"
"6579d5a22e0a15c71dd52086",,"3","11","10","2","5","5","1","0","484","617","1","0","1","3","0.16","0.63","0","0",,,"0","30","2024-02-27 14:11:36"
"6579d5a22e0a15c71dd52086",,"3","12","14","2","5","5","1","0","516","667","1","0","1","4","0.16","0.84","0","0",,,"1","35","2024-02-27 14:11:39"
"6579d5a22e0a15c71dd52086",,"3","13","14","2","5","5","1","0","567","734","1","0","1","4","0.16","0.84","0","0",,,"1","40","2024-02-27 14:11:41"
"6579d5a22e0a15c71dd52086",,"3","14","7","2","5","5","1","0","550","700","1","0","3","4","0.55","0.88","0","0",,,"1","45","2024-02-27 14:11:44"
"65593fba029061f69cd8b6ab",,"4","0","14","2","5","5","0","1","682","850","0","1","1","4","0.16","0.84","0","0",,,"1","5","2024-02-27 14:11:46"
"6579d5a22e0a15c71dd52086",,"3","15","4","2","5","5","1","0","500","650","1","0","3","4","0.55","0.78","0","0",,,"0","45","2024-02-27 14:11:46"
"6579d5a22e0a15c71dd52086",,"3","16","6","2","5","5","1","0","416","652","1","0","2","3","0.37","0.63","0","0",,,"0","45","2024-02-27 14:11:49"
"65593fba029061f69cd8b6ab",,"4","1","3","2","5","5","0","1","599","683","0","1","3","4","0.63","0.78","0","0",,,"1","10","2024-02-27 14:11:49"
"65593fba029061f69cd8b6ab",,"4","2","14","2","5","5","1","0","499","600","1","0","1","4","0.16","0.84","0","0",,,"1","15","2024-02-27 14:11:52"
"6579d5a22e0a15c71dd52086",,"3","17","2","2","5","5","1","0","633","801","1","0","1","2","0.22","0.37","0","0",,,"0","45","2024-02-27 14:11:52"
"65593fba029061f69cd8b6ab",,"4","3","6","2","5","5","1","0","482","633","1","0","2","3","0.37","0.63","0","0",,,"0","15","2024-02-27 14:11:54"
"6579d5a22e0a15c71dd52086",,"3","18","4","2","5","5","0","1","600","767","0","1","3","4","0.55","0.78","0","0",,,"1","50","2024-02-27 14:11:54"
"6579d5a22e0a15c71dd52086",,"3","19","9","2","5","5","1","0","484","651","1","0","1","4","0.29","0.71","0","0",,,"0","50","2024-02-27 14:11:57"
"65593fba029061f69cd8b6ab",,"4","4","2","2","5","5","1","0","699","783","1","0","1","2","0.22","0.37","0","0",,,"1","20","2024-02-27 14:11:57"
"6579d5a22e0a15c71dd52086",,"3","20","0","2","5","5","0","1","733","917","0","1","1","1","0.16","0.29","0","0",,,"1","55","2024-02-27 14:12:00"
"65593fba029061f69cd8b6ab",,"4","5","0","2","5","5","0","1","1166","1317","0","1","1","1","0.16","0.29","0","0",,,"0","20","2024-02-27 14:12:00"
"6579d5a22e0a15c71dd52086",,"3","21","14","2","5","5","1","0","449","600","1","0","1","4","0.16","0.84","0","0",,,"1","60","2024-02-27 14:12:02"
"65593fba029061f69cd8b6ab",,"4","6","9","2","5","5","0","1","648","799","0","1","1","4","0.29","0.71","0","0",,,"0","20","2024-02-27 14:12:03"
"6579d5a22e0a15c71dd52086",,"3","22","6","2","5","5","0","1","516","700","0","1","2","3","0.37","0.63","0","0",,,"1","65","2024-02-27 14:12:05"
"65593fba029061f69cd8b6ab",,"4","7","7","2","5","5","0","1","582","732","0","1","3","4","0.55","0.88","0","0",,,"0","20","2024-02-27 14:12:06"
"6579d5a22e0a15c71dd52086",,"3","23","10","2","5","5","0","1","499","618","0","1","1","3","0.16","0.63","0","0",,,"0","65","2024-02-27 14:12:07"
"65593fba029061f69cd8b6ab",,"4","8","7","2","5","5","0","1","549","832","0","1","3","4","0.55","0.88","0","0",,,"1","25","2024-02-27 14:12:09"
"6579d5a22e0a15c71dd52086",,"3","24","5","2","5","5","0","1","700","867","0","1","1","2","0.22","0.45","0","0",,,"1","70","2024-02-27 14:12:10"
"65593fba029061f69cd8b6ab",,"4","9","3","2","5","5","0","1","549","683","0","1","3","4","0.63","0.78","0","0",,,"1","30","2024-02-27 14:12:11"
"6579d5a22e0a15c71dd52086",,"3","25","2","2","5","5","0","1","516","667","0","1","1","2","0.22","0.37","0","0",,,"0","70","2024-02-27 14:12:12"
"65593fba029061f69cd8b6ab",,"4","10","15","2","5","5","0","1","516","616","0","1","1","4","0.12","0.88","0","0",,,"1","35","2024-02-27 14:12:14"
"6579d5a22e0a15c71dd52086",,"3","26","9","2","5","5","0","1","500","617","0","1","1","4","0.29","0.71","0","0",,,"1","75","2024-02-27 14:12:15"
"65593fba029061f69cd8b6ab",,"4","11","15","2","5","5","0","1","482","600","0","1","1","4","0.12","0.88","0","0",,,"1","40","2024-02-27 14:12:16"
"6579d5a22e0a15c71dd52086",,"3","27","8","2","5","5","0","1","867","1017","0","1","1","2","0.12","0.45","0","0",,,"1","80","2024-02-27 14:12:18"
"65593fba029061f69cd8b6ab",,"4","12","8","2","5","5","1","0","583","717","1","0","1","2","0.12","0.45","0","0",,,"0","40","2024-02-27 14:12:19"
"6579d5a22e0a15c71dd52086",,"3","28","0","2","5","5","0","1","551","700","0","1","1","1","0.16","0.29","0","0",,,"0","80","2024-02-27 14:12:20"
"65593fba029061f69cd8b6ab",,"4","13","7","2","5","5","1","0","600","749","1","0","3","4","0.55","0.88","0","0",,,"1","45","2024-02-27 14:12:22"
"6579d5a22e0a15c71dd52086",,"3","29","1","2","5","5","1","0","566","718","1","0","4","4","0.71","0.84","0","0",,,"1","85","2024-02-27 14:12:23"
"65593fba029061f69cd8b6ab",,"4","14","11","2","5","5","1","0","583","682","1","0","2","4","0.37","0.84","0","0",,,"1","50","2024-02-27 14:12:24"
"6579d5a22e0a15c71dd52086",,"3","30","3","2","5","5","1","0","550","684","1","0","3","4","0.63","0.78","0","0",,,"1","90","2024-02-27 14:12:25"
"65593fba029061f69cd8b6ab",,"4","15","10","2","5","5","1","0","566","716","1","0","1","3","0.16","0.63","0","0",,,"1","55","2024-02-27 14:12:28"
"6579d5a22e0a15c71dd52086",,"3","31","15","2","5","5","0","1","567","701","0","1","1","4","0.12","0.88","0","0",,,"1","95","2024-02-27 14:12:28"
"6579d5a22e0a15c71dd52086",,"3","32","15","2","5","5","0","1","432","600","0","1","1","4","0.12","0.88","0","0",,,"1","100","2024-02-27 14:12:30"
"65593fba029061f69cd8b6ab",,"4","16","2","2","5","5","1","0","616","733","1","0","1","2","0.22","0.37","0","0",,,"1","60","2024-02-27 14:12:30"
"6579d5a22e0a15c71dd52086",,"3","33","9","2","5","5","1","0","516","718","1","0","1","4","0.29","0.71","0","0",,,"1","105","2024-02-27 14:12:32"
"65593fba029061f69cd8b6ab",,"4","17","1","2","5","5","0","1","698","815","0","1","4","4","0.71","0.84","0","0",,,"1","65","2024-02-27 14:12:33"
"6579d5a22e0a15c71dd52086",,"3","34","4","2","5","5","0","1","483","650","0","1","3","4","0.55","0.78","0","0",,,"1","110","2024-02-27 14:12:35"
"65593fba029061f69cd8b6ab",,"4","18","9","2","5","5","0","1","549","983","0","1","1","4","0.29","0.71","0","0",,,"1","70","2024-02-27 14:12:36"
"6579d5a22e0a15c71dd52086",,"3","35","8","2","5","5","0","1","600","767","0","1","1","2","0.12","0.45","0","0",,,"1","115","2024-02-27 14:12:37"
"65593fba029061f69cd8b6ab",,"4","19","13","2","5","5","1","0","482","616","1","0","1","4","0.29","0.88","0","0",,,"1","75","2024-02-27 14:12:39"
"6579d5a22e0a15c71dd52086",,"3","36","8","2","5","5","1","0","666","851","1","0","1","2","0.12","0.45","0","0",,,"0","115","2024-02-27 14:12:40"
"65593fba029061f69cd8b6ab",,"4","20","10","2","5","5","0","1","533","649","0","1","1","3","0.16","0.63","0","0",,,"0","75","2024-02-27 14:12:41"
"6579d5a22e0a15c71dd52086",,"3","37","4","2","5","5","1","0","566","718","1","0","3","4","0.55","0.78","0","0",,,"1","120","2024-02-27 14:12:43"
"65593fba029061f69cd8b6ab",,"4","21","1","1","5","5","1","1","699","816","1","0","4","4","0.71","0.84","0","0",,,"1","80","2024-02-27 14:12:44"
"6579d5a22e0a15c71dd52086",,"3","38","11","2","5","5","0","1","534","668","0","1","2","4","0.37","0.84","0","0",,,"1","125","2024-02-27 14:12:45"
"65593fba029061f69cd8b6ab",,"4","22","6","2","5","5","0","1","599","716","0","1","2","3","0.37","0.63","0","0",,,"1","85","2024-02-27 14:12:47"
"6579d5a22e0a15c71dd52086",,"3","39","1","2","5","5","1","0","516","700","1","0","4","4","0.71","0.84","0","0",,,"1","130","2024-02-27 14:12:48"
"65593fba029061f69cd8b6ab",,"4","23","6","2","5","5","0","1","566","683","0","1","2","3","0.37","0.63","0","0",,,"0","85","2024-02-27 14:12:49"
"6579d5a22e0a15c71dd52086",,"3","40","13","2","5","5","0","1","449","633","0","1","1","4","0.29","0.88","0","0",,,"0","130","2024-02-27 14:12:50"
"65593fba029061f69cd8b6ab",,"4","24","0","2","5","5","1","0","566","700","1","0","1","1","0.16","0.29","0","0",,,"1","90","2024-02-27 14:12:52"
"6579d5a22e0a15c71dd52086",,"3","41","5","2","5","5","1","0","735","1018","1","0","1","2","0.22","0.45","0","0",,,"0","130","2024-02-27 14:12:53"
"65593fba029061f69cd8b6ab",,"4","25","0","2","5","5","0","1","748","849","0","1","1","1","0.16","0.29","0","0",,,"0","90","2024-02-27 14:12:55"
"6579d5a22e0a15c71dd52086",,"3","42","9","2","5","5","0","1","667","834","0","1","1","4","0.29","0.71","0","0",,,"1","135","2024-02-27 14:12:56"
"65593fba029061f69cd8b6ab",,"4","26","1","2","5","5","1","0","533","666","1","0","4","4","0.71","0.84","0","0",,,"0","90","2024-02-27 14:12:58"
"6579d5a22e0a15c71dd52086",,"3","43","7","2","5","5","1","0","500","717","1","0","3","4","0.55","0.88","0","0",,,"1","140","2024-02-27 14:12:58"
"6579d5a22e0a15c71dd52086",,"3","44","3","2","5","5","1","0","517","701","1","0","3","4","0.63","0.78","0","0",,,"1","145","2024-02-27 14:13:01"
"65593fba029061f69cd8b6ab",,"4","27","5","2","5","5","1","0","902","1077","1","0","1","2","0.22","0.45","0","0",,,"1","95","2024-02-27 14:13:01"
"6579d5a22e0a15c71dd52086",,"3","45","11","2","5","5","0","1","467","651","0","1","2","4","0.37","0.84","0","0",,,"0","145","2024-02-27 14:13:03"
"65593fba029061f69cd8b6ab",,"4","28","3","2","5","5","1","0","632","749","1","0","3","4","0.63","0.78","0","0",,,"1","100","2024-02-27 14:13:04"
"6579d5a22e0a15c71dd52086",,"3","46","10","2","5","5","0","1","516","650","0","1","1","3","0.16","0.63","0","0",,,"0","145","2024-02-27 14:13:06"
"65593fba029061f69cd8b6ab",,"4","29","10","2","5","5","0","1","699","766","0","1","1","3","0.16","0.63","0","0",,,"1","105","2024-02-27 14:13:06"
"6579d5a22e0a15c71dd52086",,"3","47","14","2","5","5","1","0","550","700","1","0","1","4","0.16","0.84","0","0",,,"1","150","2024-02-27 14:13:08"
"65593fba029061f69cd8b6ab",,"4","30","11","2","5","5","0","1","499","600","0","1","2","4","0.37","0.84","0","0",,,"1","110","2024-02-27 14:13:09"
"6579d5a22e0a15c71dd52086",,"3","48","8","2","5","5","1","0","583","717","1","0","1","2","0.12","0.45","0","0",,,"1","155","2024-02-27 14:13:11"
"65593fba029061f69cd8b6ab",,"4","31","13","2","5","5","0","1","533","683","0","1","1","4","0.29","0.88","0","0",,,"1","115","2024-02-27 14:13:12"
"6579d5a22e0a15c71dd52086",,"3","49","13","2","5","5","1","0","516","666","1","0","1","4","0.29","0.88","0","0",,,"1","160","2024-02-27 14:13:13"
"65593fba029061f69cd8b6ab",,"4","32","9","2","5","5","0","1","566","666","0","1","1","4","0.29","0.71","0","0",,,"0","115","2024-02-27 14:13:14"
"6579d5a22e0a15c71dd52086",,"3","50","3","2","5","5","1","0","485","634","1","0","3","4","0.63","0.78","0","0",,,"1","165","2024-02-27 14:13:16"
"65593fba029061f69cd8b6ab",,"4","33","9","2","5","5","0","1","565","682","0","1","1","4","0.29","0.71","0","0",,,"1","120","2024-02-27 14:13:17"
"6579d5a22e0a15c71dd52086",,"3","51","5","2","5","5","0","1","817","934","0","1","1","2","0.22","0.45","0","0",,,"1","170","2024-02-27 14:13:19"
"65593fba029061f69cd8b6ab",,"4","34","12","2","5","5","0","1","516","683","0","1","1","4","0.12","0.71","0","0",,,"0","120","2024-02-27 14:13:19"
"6579d5a22e0a15c71dd52086",,"3","52","1","2","5","5","1","0","466","833","1","0","4","4","0.71","0.84","0","0",,,"1","175","2024-02-27 14:13:21"
"65593fba029061f69cd8b6ab",,"4","35","15","2","5","5","1","0","549","666","1","0","1","4","0.12","0.88","0","0",,,"1","125","2024-02-27 14:13:22"
"6579d5a22e0a15c71dd52086",,"3","53","12","2","5","5","0","1","466","600","0","1","1","4","0.12","0.71","0","0",,,"1","180","2024-02-27 14:13:23"
"65593fba029061f69cd8b6ab",,"4","36","5","2","5","5","1","0","648","782","1","0","1","2","0.22","0.45","0","0",,,"0","125","2024-02-27 14:13:25"
"6579d5a22e0a15c71dd52086",,"3","54","5","2","5","5","1","0","750","951","1","0","1","2","0.22","0.45","0","0",,,"1","185","2024-02-27 14:13:26"
"65593fba029061f69cd8b6ab",,"4","37","11","2","5","5","0","1","482","633","0","1","2","4","0.37","0.84","0","0",,,"1","130","2024-02-27 14:13:28"
"6579d5a22e0a15c71dd52086",,"3","55","10","2","5","5","1","0","566","702","1","0","1","3","0.16","0.63","0","0",,,"0","185","2024-02-27 14:13:29"
"65593fba029061f69cd8b6ab",,"4","38","8","2","5","5","1","0","532","683","1","0","1","2","0.12","0.45","0","0",,,"0","130","2024-02-27 14:13:31"
"6579d5a22e0a15c71dd52086",,"3","56","1","2","5","5","1","0","600","734","1","0","4","4","0.71","0.84","0","0",,,"0","185","2024-02-27 14:13:31"
"65593fba029061f69cd8b6ab",,"4","39","11","2","5","5","1","0","766","982","1","0","2","4","0.37","0.84","0","0",,,"1","135","2024-02-27 14:13:34"
"6579d5a22e0a15c71dd52086",,"3","57","2","2","5","5","0","1","616","767","0","1","1","2","0.22","0.37","0","0",,,"1","190","2024-02-27 14:13:34"
"65593fba029061f69cd8b6ab",,"4","40","14","2","5","5","0","1","582","717","0","1","1","4","0.16","0.84","0","0",,,"1","140","2024-02-27 14:13:36"
"6579d5a22e0a15c71dd52086",,"3","58","7","2","5","5","0","1","535","684","0","1","3","4","0.55","0.88","0","0",,,"1","195","2024-02-27 14:13:37"
"6579d5a22e0a15c71dd52086",,"3","59","0","2","5","5","0","1","667","817","0","1","1","1","0.16","0.29","0","0",,,"0","195","2024-02-27 14:13:39"
"65593fba029061f69cd8b6ab",,"4","41","13","2","5","5","0","1","500","667","0","1","1","4","0.29","0.88","0","0",,,"1","145","2024-02-27 14:13:40"
"6579d5a22e0a15c71dd52086",,"3","60","15","2","5","5","0","1","465","633","0","1","1","4","0.12","0.88","0","0",,,"1","200","2024-02-27 14:13:42"
"65593fba029061f69cd8b6ab",,"4","42","10","2","5","5","0","1","549","716","0","1","1","3","0.16","0.63","0","0",,,"1","150","2024-02-27 14:13:42"
"6579d5a22e0a15c71dd52086",,"3","61","15","2","5","5","1","0","484","650","1","0","1","4","0.12","0.88","0","0",,,"1","205","2024-02-27 14:13:44"
"65593fba029061f69cd8b6ab",,"4","43","4","2","5","5","0","1","766","849","0","1","3","4","0.55","0.78","0","0",,,"1","155","2024-02-27 14:13:45"
"6579d5a22e0a15c71dd52086",,"3","62","13","2","5","5","0","1","485","684","0","1","1","4","0.29","0.88","0","0",,,"1","210","2024-02-27 14:13:47"
"65593fba029061f69cd8b6ab",,"4","44","5","2","5","5","0","1","549","700","0","1","1","2","0.22","0.45","0","0",,,"0","155","2024-02-27 14:13:48"
"6579d5a22e0a15c71dd52086",,"3","63","7","2","5","5","1","0","533","634","1","0","3","4","0.55","0.88","0","0",,,"1","215","2024-02-27 14:13:49"
"65593fba029061f69cd8b6ab",,"4","45","13","2","5","5","0","1","554","735","0","1","1","4","0.29","0.88","0","0",,,"1","160","2024-02-27 14:13:51"
"65593fba029061f69cd8b6ab",,"4","46","5","2","5","5","1","0","583","766","1","0","1","2","0.22","0.45","0","0",,,"1","165","2024-02-27 14:13:54"
"65593fba029061f69cd8b6ab",,"4","47","15","2","5","5","1","0","566","666","1","0","1","4","0.12","0.88","0","0",,,"1","170","2024-02-27 14:13:56"
"65593fba029061f69cd8b6ab",,"4","48","4","2","5","5","1","0","582","766","1","0","3","4","0.55","0.78","0","0",,,"1","175","2024-02-27 14:13:59"
"6579d5a22e0a15c71dd52086",,"4","0","12","2","5","5","0","1","499","633","0","1","1","4","0.12","0.71","0","0",,,"0","0","2024-02-27 14:14:00"
"65593fba029061f69cd8b6ab",,"4","49","3","2","5","5","1","0","633","750","1","0","3","4","0.63","0.78","0","0",,,"0","175","2024-02-27 14:14:02"
"6579d5a22e0a15c71dd52086",,"4","1","9","2","5","5","0","1","601","734","0","1","1","4","0.29","0.71","0","0",,,"1","5","2024-02-27 14:14:03"
"65593fba029061f69cd8b6ab",,"4","50","7","2","5","5","0","1","582","766","0","1","3","4","0.55","0.88","0","0",,,"1","180","2024-02-27 14:14:04"
"6579d5a22e0a15c71dd52086",,"4","2","14","2","5","5","0","1","450","600","0","1","1","4","0.16","0.84","0","0",,,"1","10","2024-02-27 14:14:05"
"65593fba029061f69cd8b6ab",,"4","51","6","2","5","5","1","0","549","700","1","0","2","3","0.37","0.63","0","0",,,"0","180","2024-02-27 14:14:07"
"6579d5a22e0a15c71dd52086",,"4","3","1","2","5","5","0","1","733","918","0","1","4","4","0.71","0.84","0","0",,,"0","10","2024-02-27 14:14:08"
"65593fba029061f69cd8b6ab",,"4","52","8","2","5","5","0","1","583","716","0","1","1","2","0.12","0.45","0","0",,,"0","180","2024-02-27 14:14:10"
"6579d5a22e0a15c71dd52086",,"4","4","13","2","5","5","0","1","650","767","0","1","1","4","0.29","0.88","0","0",,,"1","15","2024-02-27 14:14:10"
"65593fba029061f69cd8b6ab",,"4","53","2","2","5","5","0","1","666","766","0","1","1","2","0.22","0.37","0","0",,,"0","180","2024-02-27 14:14:13"
"6579d5a22e0a15c71dd52086",,"4","5","5","2","5","5","1","0","717","834","1","0","1","2","0.22","0.45","0","0",,,"0","15","2024-02-27 14:14:13"
"65593fba029061f69cd8b6ab",,"4","54","4","2","5","5","0","1","583","817","0","1","3","4","0.55","0.78","0","0",,,"1","185","2024-02-27 14:14:15"
"6579d5a22e0a15c71dd52086",,"4","6","5","2","5","5","0","1","566","701","0","1","1","2","0.22","0.45","0","0",,,"1","20","2024-02-27 14:14:16"
"6579d5a22e0a15c71dd52086",,"4","7","15","2","5","5","0","1","516","650","0","1","1","4","0.12","0.88","0","0",,,"1","25","2024-02-27 14:14:18"
"65593fba029061f69cd8b6ab",,"4","55","1","2","5","5","0","1","566","783","0","1","4","4","0.71","0.84","0","0",,,"0","185","2024-02-27 14:14:19"
"6579d5a22e0a15c71dd52086",,"4","8","4","2","5","5","0","1","566","750","0","1","3","4","0.55","0.78","0","0",,,"1","30","2024-02-27 14:14:20"
"65593fba029061f69cd8b6ab",,"4","56","12","2","5","5","0","1","598","750","0","1","1","4","0.12","0.71","0","0",,,"1","190","2024-02-27 14:14:21"
"6579d5a22e0a15c71dd52086",,"4","9","14","2","5","5","1","0","533","684","1","0","1","4","0.16","0.84","0","0",,,"1","35","2024-02-27 14:14:23"
"65593fba029061f69cd8b6ab",,"4","57","14","2","5","5","1","0","549","633","1","0","1","4","0.16","0.84","0","0",,,"1","195","2024-02-27 14:14:24"
"6579d5a22e0a15c71dd52086",,"4","10","13","2","5","5","0","1","450","551","0","1","1","4","0.29","0.88","0","0",,,"1","40","2024-02-27 14:14:25"
"65593fba029061f69cd8b6ab",,"4","58","12","2","5","5","0","1","566","716","0","1","1","4","0.12","0.71","0","0",,,"1","200","2024-02-27 14:14:27"
"6579d5a22e0a15c71dd52086",,"4","11","9","2","5","5","1","0","499","633","1","0","1","4","0.29","0.71","0","0",,,"0","40","2024-02-27 14:14:28"
"65593fba029061f69cd8b6ab",,"4","59","12","2","5","5","0","1","516","850","0","1","1","4","0.12","0.71","0","0",,,"1","205","2024-02-27 14:14:30"
"6579d5a22e0a15c71dd52086",,"4","12","15","2","5","5","1","0","550","717","1","0","1","4","0.12","0.88","0","0",,,"1","45","2024-02-27 14:14:30"
"6579d5a22e0a15c71dd52086",,"4","13","3","2","5","5","0","1","516","734","0","1","3","4","0.63","0.78","0","0",,,"0","45","2024-02-27 14:14:33"
"65593fba029061f69cd8b6ab",,"4","60","0","2","5","5","1","0","700","800","1","0","1","1","0.16","0.29","0","0",,,"0","205","2024-02-27 14:14:33"
"6579d5a22e0a15c71dd52086",,"4","14","9","2","5","5","0","1","584","702","0","1","1","4","0.29","0.71","0","0",,,"1","50","2024-02-27 14:14:36"
"65593fba029061f69cd8b6ab",,"4","61","4","2","5","5","1","0","549","667","1","0","3","4","0.55","0.78","0","0",,,"1","210","2024-02-27 14:14:36"
"6579d5a22e0a15c71dd52086",,"4","15","14","2","5","5","0","1","500","634","0","1","1","4","0.16","0.84","0","0",,,"0","50","2024-02-27 14:14:38"
"65593fba029061f69cd8b6ab",,"4","62","2","2","5","5","1","0","566","700","1","0","1","2","0.22","0.37","0","0",,,"0","210","2024-02-27 14:14:39"
"6579d5a22e0a15c71dd52086",,"4","16","12","2","5","5","1","0","533","700","1","0","1","4","0.12","0.71","0","0",,,"0","50","2024-02-27 14:14:41"
"65593fba029061f69cd8b6ab",,"4","63","8","2","5","5","1","0","531","649","1","0","1","2","0.12","0.45","0","0",,,"0","210","2024-02-27 14:14:41"
"6579d5a22e0a15c71dd52086",,"4","17","15","2","5","5","0","1","483","634","0","1","1","4","0.12","0.88","0","0",,,"1","55","2024-02-27 14:14:43"
"6579d5a22e0a15c71dd52086",,"4","18","12","2","5","5","0","1","483","650","0","1","1","4","0.12","0.71","0","0",,,"1","60","2024-02-27 14:14:46"
"6579d5a22e0a15c71dd52086",,"4","19","0","2","5","5","1","0","868","934","1","0","1","1","0.16","0.29","0","0",,,"0","60","2024-02-27 14:14:48"
"6579d5a22e0a15c71dd52086",,"4","20","10","2","5","5","1","0","566","700","1","0","1","3","0.16","0.63","0","0",,,"1","65","2024-02-27 14:14:51"
"6579d5a22e0a15c71dd52086",,"4","21","4","2","5","5","0","1","566","784","0","1","3","4","0.55","0.78","0","0",,,"0","65","2024-02-27 14:14:54"
"6579d5a22e0a15c71dd52086",,"4","22","6","2","5","5","1","0","516","684","1","0","2","3","0.37","0.63","0","0",,,"0","65","2024-02-27 14:14:56"
"65593fba029061f69cd8b6ab",,"5","0","8","2","5","5","1","0","1266","1416","1","0","1","2","0.12","0.45","0","0",,,"0","0","2024-02-27 14:14:58"
"6579d5a22e0a15c71dd52086",,"4","23","6","2","5","5","1","0","666","784","1","0","2","3","0.37","0.63","0","0",,,"1","70","2024-02-27 14:14:59"
"65593fba029061f69cd8b6ab",,"5","1","3","2","5","5","1","0","582","700","1","0","3","4","0.63","0.78","0","0",,,"1","5","2024-02-27 14:15:01"
"6579d5a22e0a15c71dd52086",,"4","24","6","2","5","5","0","1","567","701","0","1","2","3","0.37","0.63","0","0",,,"0","70","2024-02-27 14:15:01"
"65593fba029061f69cd8b6ab",,"5","2","3","2","5","5","1","0","583","683","1","0","3","4","0.63","0.78","0","0",,,"1","10","2024-02-27 14:15:03"
"6579d5a22e0a15c71dd52086",,"4","25","7","2","5","5","1","0","483","650","1","0","3","4","0.55","0.88","0","0",,,"1","75","2024-02-27 14:15:04"
"65593fba029061f69cd8b6ab",,"5","3","13","2","5","5","0","1","566","666","0","1","1","4","0.29","0.88","0","0",,,"1","15","2024-02-27 14:15:06"
"6579d5a22e0a15c71dd52086",,"4","26","6","2","5","5","0","1","600","683","0","1","2","3","0.37","0.63","0","0",,,"1","80","2024-02-27 14:15:07"
"65593fba029061f69cd8b6ab",,"5","4","12","2","5","5","0","1","549","650","0","1","1","4","0.12","0.71","0","0",,,"0","15","2024-02-27 14:15:09"
"6579d5a22e0a15c71dd52086",,"4","27","4","2","5","5","1","0","500","734","1","0","3","4","0.55","0.78","0","0",,,"1","85","2024-02-27 14:15:09"
"65593fba029061f69cd8b6ab",,"5","5","15","2","5","5","1","0","516","650","1","0","1","4","0.12","0.88","0","0",,,"1","20","2024-02-27 14:15:12"
"6579d5a22e0a15c71dd52086",,"4","28","10","2","5","5","1","0","483","684","1","0","1","3","0.16","0.63","0","0",,,"0","85","2024-02-27 14:15:12"
"65593fba029061f69cd8b6ab",,"5","6","6","2","5","5","0","1","549","716","0","1","2","3","0.37","0.63","0","0",,,"0","20","2024-02-27 14:15:14"
"6579d5a22e0a15c71dd52086",,"4","29","11","2","5","5","0","1","1101","1368","0","1","2","4","0.37","0.84","0","0",,,"1","90","2024-02-27 14:15:15"
"65593fba029061f69cd8b6ab",,"5","7","8","2","5","5","1","0","599","666","1","0","1","2","0.12","0.45","0","0",,,"1","25","2024-02-27 14:15:17"
"6579d5a22e0a15c71dd52086",,"4","30","2","2","5","5","0","1","700","851","0","1","1","2","0.22","0.37","0","0",,,"0","90","2024-02-27 14:15:17"
"65593fba029061f69cd8b6ab",,"5","8","10","2","5","5","0","1","499","683","0","1","1","3","0.16","0.63","0","0",,,"1","30","2024-02-27 14:15:20"
"6579d5a22e0a15c71dd52086",,"4","31","1","2","5","5","0","1","783","951","0","1","4","4","0.71","0.84","0","0",,,"1","95","2024-02-27 14:15:20"
"65593fba029061f69cd8b6ab",,"5","9","10","2","5","5","1","0","650","783","1","0","1","3","0.16","0.63","0","0",,,"0","30","2024-02-27 14:15:22"
"6579d5a22e0a15c71dd52086",,"4","32","8","2","5","5","1","0","667","784","1","0","1","2","0.12","0.45","0","0",,,"1","100","2024-02-27 14:15:23"
"65593fba029061f69cd8b6ab",,"5","10","6","2","5","5","0","1","649","716","0","1","2","3","0.37","0.63","0","0",,,"1","35","2024-02-27 14:15:25"
"6579d5a22e0a15c71dd52086",,"4","33","8","2","5","5","1","0","600","817","1","0","1","2","0.12","0.45","0","0",,,"1","105","2024-02-27 14:15:26"
"6579d5a22e0a15c71dd52086",,"4","34","8","2","5","5","1","0","616","818","1","0","1","2","0.12","0.45","0","0",,,"1","110","2024-02-27 14:15:28"
"65593fba029061f69cd8b6ab",,"5","11","1","1","5","5","0","0","749","916","0","1","4","4","0.71","0.84","0","0",,,"1","40","2024-02-27 14:15:28"
"6579d5a22e0a15c71dd52086",,"4","35","10","2","5","5","1","0","516","683","1","0","1","3","0.16","0.63","0","0",,,"0","110","2024-02-27 14:15:31"
"65593fba029061f69cd8b6ab",,"5","12","0","2","5","5","1","0","549","716","1","0","1","1","0.16","0.29","0","0",,,"0","40","2024-02-27 14:15:31"
"6579d5a22e0a15c71dd52086",,"4","36","0","2","5","5","1","0","984","1084","1","0","1","1","0.16","0.29","0","0",,,"1","115","2024-02-27 14:15:33"
"65593fba029061f69cd8b6ab",,"5","13","5","2","5","5","0","1","699","850","0","1","1","2","0.22","0.45","0","0",,,"0","40","2024-02-27 14:15:34"
"6579d5a22e0a15c71dd52086",,"4","37","2","2","5","5","1","0","633","784","1","0","1","2","0.22","0.37","0","0",,,"1","120","2024-02-27 14:15:36"
"65593fba029061f69cd8b6ab",,"5","14","6","2","5","5","0","1","566","633","0","1","2","3","0.37","0.63","0","0",,,"0","40","2024-02-27 14:15:36"
"6579d5a22e0a15c71dd52086",,"4","38","13","2","5","5","1","0","499","717","1","0","1","4","0.29","0.88","0","0",,,"1","125","2024-02-27 14:15:39"
"65593fba029061f69cd8b6ab",,"5","15","15","2","5","5","0","1","466","599","0","1","1","4","0.12","0.88","0","0",,,"1","45","2024-02-27 14:15:39"
"6579d5a22e0a15c71dd52086",,"4","39","0","2","5","5","0","1","649","834","0","1","1","1","0.16","0.29","0","0",,,"0","125","2024-02-27 14:15:41"
"65593fba029061f69cd8b6ab",,"5","16","10","2","5","5","0","1","415","632","0","1","1","3","0.16","0.63","0","0",,,"0","45","2024-02-27 14:15:42"
"6579d5a22e0a15c71dd52086",,"4","40","11","2","5","5","1","0","483","634","1","0","2","4","0.37","0.84","0","0",,,"1","130","2024-02-27 14:15:44"
"65593fba029061f69cd8b6ab",,"5","17","14","2","5","5","0","1","866","1000","0","1","1","4","0.16","0.84","0","0",,,"0","45","2024-02-27 14:15:45"
"6579d5a22e0a15c71dd52086",,"4","41","10","2","5","5","1","0","583","717","1","0","1","3","0.16","0.63","0","0",,,"1","135","2024-02-27 14:15:46"
"65593fba029061f69cd8b6ab",,"5","18","1","2","5","5","1","0","567","633","1","0","4","4","0.71","0.84","0","0",,,"1","50","2024-02-27 14:15:47"
"6579d5a22e0a15c71dd52086",,"4","42","9","2","5","5","1","0","583","734","1","0","1","4","0.29","0.71","0","0",,,"1","140","2024-02-27 14:15:49"
"65593fba029061f69cd8b6ab",,"5","19","9","2","5","5","0","1","515","682","0","1","1","4","0.29","0.71","0","0",,,"0","50","2024-02-27 14:15:50"
"6579d5a22e0a15c71dd52086",,"4","43","2","2","5","5","0","1","633","801","0","1","1","2","0.22","0.37","0","0",,,"0","140","2024-02-27 14:15:51"
"65593fba029061f69cd8b6ab",,"5","20","13","2","5","5","0","1","504","688","0","1","1","4","0.29","0.88","0","0",,,"0","50","2024-02-27 14:15:53"
"6579d5a22e0a15c71dd52086",,"4","44","15","2","5","5","1","0","516","684","1","0","1","4","0.12","0.88","0","0",,,"1","145","2024-02-27 14:15:54"
"65593fba029061f69cd8b6ab",,"5","21","12","2","5","5","0","1","499","616","0","1","1","4","0.12","0.71","0","0",,,"1","55","2024-02-27 14:15:56"
"6579d5a22e0a15c71dd52086",,"4","45","7","2","5","5","1","0","566","684","1","0","3","4","0.55","0.88","0","0",,,"0","145","2024-02-27 14:15:56"
"65593fba029061f69cd8b6ab",,"5","22","11","2","5","5","0","1","449","566","0","1","2","4","0.37","0.84","0","0",,,"1","60","2024-02-27 14:15:58"
"6579d5a22e0a15c71dd52086",,"4","46","11","2","5","5","0","1","450","550","0","1","2","4","0.37","0.84","0","0",,,"1","150","2024-02-27 14:15:59"
"6579d5a22e0a15c71dd52086",,"4","47","3","2","5","5","0","1","566","717","0","1","3","4","0.63","0.78","0","0",,,"1","155","2024-02-27 14:16:01"
"65593fba029061f69cd8b6ab",,"5","23","14","2","5","5","0","1","483","650","0","1","1","4","0.16","0.84","0","0",,,"1","65","2024-02-27 14:16:01"
"6579d5a22e0a15c71dd52086",,"4","48","1","2","5","5","1","0","616","784","1","0","4","4","0.71","0.84","0","0",,,"1","160","2024-02-27 14:16:04"
"65593fba029061f69cd8b6ab",,"5","24","9","2","5","5","0","1","499","733","0","1","1","4","0.29","0.71","0","0",,,"1","70","2024-02-27 14:16:04"
"6579d5a22e0a15c71dd52086",,"4","49","7","2","5","5","1","0","466","617","1","0","3","4","0.55","0.88","0","0",,,"1","165","2024-02-27 14:16:06"
"65593fba029061f69cd8b6ab",,"5","25","1","2","5","5","0","1","483","683","0","1","4","4","0.71","0.84","0","0",,,"1","75","2024-02-27 14:16:07"
"6579d5a22e0a15c71dd52086",,"4","50","0","2","5","5","0","1","750","850","0","1","1","1","0.16","0.29","0","0",,,"0","165","2024-02-27 14:16:09"
"65593fba029061f69cd8b6ab",,"5","26","2","2","5","5","1","0","533","650","1","0","1","2","0.22","0.37","0","0",,,"0","75","2024-02-27 14:16:10"
"6579d5a22e0a15c71dd52086",,"4","51","13","2","5","5","1","0","517","667","1","0","1","4","0.29","0.88","0","0",,,"1","170","2024-02-27 14:16:12"
"65593fba029061f69cd8b6ab",,"5","27","2","2","5","5","0","1","516","649","0","1","1","2","0.22","0.37","0","0",,,"0","75","2024-02-27 14:16:12"
"6579d5a22e0a15c71dd52086",,"4","52","12","2","5","5","1","0","533","667","1","0","1","4","0.12","0.71","0","0",,,"1","175","2024-02-27 14:16:14"
"65593fba029061f69cd8b6ab",,"5","28","9","2","5","5","0","1","616","686","0","1","1","4","0.29","0.71","0","0",,,"1","80","2024-02-27 14:16:15"
"6579d5a22e0a15c71dd52086",,"4","53","11","2","5","5","1","0","533","701","1","0","2","4","0.37","0.84","0","0",,,"1","180","2024-02-27 14:16:17"
"65593fba029061f69cd8b6ab",,"5","29","6","2","5","5","0","1","483","667","0","1","2","3","0.37","0.63","0","0",,,"0","80","2024-02-27 14:16:17"
"6579d5a22e0a15c71dd52086",,"4","54","3","2","5","5","1","0","616","800","1","0","3","4","0.63","0.78","0","0",,,"1","185","2024-02-27 14:16:19"
"65593fba029061f69cd8b6ab",,"5","30","11","2","5","5","1","0","549","666","1","0","2","4","0.37","0.84","0","0",,,"1","85","2024-02-27 14:16:20"
"6579d5a22e0a15c71dd52086",,"4","55","2","2","5","5","0","1","967","1101","0","1","1","2","0.22","0.37","0","0",,,"0","185","2024-02-27 14:16:22"
"65593fba029061f69cd8b6ab",,"5","31","5","2","5","5","1","0","632","766","1","0","1","2","0.22","0.45","0","0",,,"0","85","2024-02-27 14:16:23"
"6579d5a22e0a15c71dd52086",,"4","56","7","2","5","5","0","1","850","1069","0","1","3","4","0.55","0.88","0","0",,,"1","190","2024-02-27 14:16:25"
"65593fba029061f69cd8b6ab",,"5","32","11","2","5","5","0","1","600","783","0","1","2","4","0.37","0.84","0","0",,,"1","90","2024-02-27 14:16:26"
"6579d5a22e0a15c71dd52086",,"4","57","5","2","5","5","0","1","800","951","0","1","1","2","0.22","0.45","0","0",,,"0","190","2024-02-27 14:16:27"
"65593fba029061f69cd8b6ab",,"5","33","3","2","5","5","1","0","666","733","1","0","3","4","0.63","0.78","0","0",,,"0","90","2024-02-27 14:16:29"
"6579d5a22e0a15c71dd52086",,"4","58","5","2","5","5","1","0","517","700","1","0","1","2","0.22","0.45","0","0",,,"0","190","2024-02-27 14:16:30"
"65593fba029061f69cd8b6ab",,"5","34","0","2","5","5","1","0","932","1178","1","0","1","1","0.16","0.29","0","0",,,"1","95","2024-02-27 14:16:32"
"6579d5a22e0a15c71dd52086",,"4","59","1","2","5","5","1","0","650","884","1","0","4","4","0.71","0.84","0","0",,,"1","195","2024-02-27 14:16:33"
"65593fba029061f69cd8b6ab",,"5","35","0","2","5","5","0","1","1149","1282","0","1","1","1","0.16","0.29","0","0",,,"0","95","2024-02-27 14:16:35"
"6579d5a22e0a15c71dd52086",,"4","60","8","2","5","5","1","0","633","784","1","0","1","2","0.12","0.45","0","0",,,"1","200","2024-02-27 14:16:36"
"65593fba029061f69cd8b6ab",,"5","36","15","2","5","5","1","0","450","650","1","0","1","4","0.12","0.88","0","0",,,"1","100","2024-02-27 14:16:38"
"6579d5a22e0a15c71dd52086",,"4","61","4","2","5","5","1","0","500","651","1","0","3","4","0.55","0.78","0","0",,,"1","205","2024-02-27 14:16:38"
"65593fba029061f69cd8b6ab",,"5","37","12","2","5","5","1","0","582","766","1","0","1","4","0.12","0.71","0","0",,,"1","105","2024-02-27 14:16:40"
"6579d5a22e0a15c71dd52086",,"4","62","14","2","5","5","0","1","483","667","0","1","1","4","0.16","0.84","0","0",,,"0","205","2024-02-27 14:16:40"
"6579d5a22e0a15c71dd52086",,"4","63","3","2","5","5","0","1","583","733","0","1","3","4","0.63","0.78","0","0",,,"1","210","2024-02-27 14:16:43"
"65593fba029061f69cd8b6ab",,"5","38","5","2","5","5","1","0","1066","1250","1","0","1","2","0.22","0.45","0","0",,,"1","110","2024-02-27 14:16:43"
"65593fba029061f69cd8b6ab",,"5","39","7","2","5","5","1","0","783","933","1","0","3","4","0.55","0.88","0","0",,,"1","115","2024-02-27 14:16:46"
"65593fba029061f69cd8b6ab",,"5","40","15","2","5","5","0","1","449","683","0","1","1","4","0.12","0.88","0","0",,,"1","120","2024-02-27 14:16:49"
"65593fba029061f69cd8b6ab",,"5","41","13","2","5","5","0","1","466","649","0","1","1","4","0.29","0.88","0","0",,,"1","125","2024-02-27 14:16:52"
"65593fba029061f69cd8b6ab",,"5","42","3","2","5","5","1","0","532","683","1","0","3","4","0.63","0.78","0","0",,,"1","130","2024-02-27 14:16:55"
"6579d5a22e0a15c71dd52086",,"5","0","14","2","5","5","1","0","466","583","1","0","1","4","0.16","0.84","0","0",,,"0","0","2024-02-27 14:16:55"
"65593fba029061f69cd8b6ab",,"5","43","0","1","5","5","1","1","833","950","1","0","1","1","0.16","0.29","0","0",,,"0","130","2024-02-27 14:16:58"
"6579d5a22e0a15c71dd52086",,"5","1","3","2","5","5","0","1","650","834","0","1","3","4","0.63","0.78","0","0",,,"0","0","2024-02-27 14:16:58"
"6579d5a22e0a15c71dd52086",,"5","2","12","2","5","5","0","1","516","667","0","1","1","4","0.12","0.71","0","0",,,"0","0","2024-02-27 14:17:01"
"65593fba029061f69cd8b6ab",,"5","44","8","2","5","5","1","0","583","700","1","0","1","2","0.12","0.45","0","0",,,"0","130","2024-02-27 14:17:01"
"6579d5a22e0a15c71dd52086",,"5","3","13","2","5","5","1","0","483","634","1","0","1","4","0.29","0.88","0","0",,,"1","5","2024-02-27 14:17:03"
"65593fba029061f69cd8b6ab",,"5","45","8","2","5","5","1","0","566","699","1","0","1","2","0.12","0.45","0","0",,,"1","135","2024-02-27 14:17:04"
"6579d5a22e0a15c71dd52086",,"5","4","11","2","5","5","1","0","500","634","1","0","2","4","0.37","0.84","0","0",,,"1","10","2024-02-27 14:17:06"
"65593fba029061f69cd8b6ab",,"5","46","7","2","5","5","1","0","583","700","1","0","3","4","0.55","0.88","0","0",,,"0","135","2024-02-27 14:17:06"
"6579d5a22e0a15c71dd52086",,"5","5","4","2","5","5","1","0","516","683","1","0","3","4","0.55","0.78","0","0",,,"1","15","2024-02-27 14:17:08"
"65593fba029061f69cd8b6ab",,"5","47","12","2","5","5","1","0","549","666","1","0","1","4","0.12","0.71","0","0",,,"1","140","2024-02-27 14:17:09"
"6579d5a22e0a15c71dd52086",,"5","6","2","2","5","5","1","0","717","867","1","0","1","2","0.22","0.37","0","0",,,"1","20","2024-02-27 14:17:11"
"65593fba029061f69cd8b6ab",,"5","48","10","2","5","5","1","0","549","733","1","0","1","3","0.16","0.63","0","0",,,"1","145","2024-02-27 14:17:12"
"6579d5a22e0a15c71dd52086",,"5","7","9","2","5","5","0","1","466","667","0","1","1","4","0.29","0.71","0","0",,,"1","25","2024-02-27 14:17:13"
"6579d5a22e0a15c71dd52086",,"5","8","0","2","5","5","1","0","750","900","1","0","1","1","0.16","0.29","0","0",,,"0","25","2024-02-27 14:17:16"
"65593fba029061f69cd8b6ab",,"5","49","1","2","5","5","1","0","2449","2783","1","0","4","4","0.71","0.84","0","0",,,"0","145","2024-02-27 14:17:16"
"6579d5a22e0a15c71dd52086",,"5","9","8","2","5","5","1","0","967","1118","1","0","1","2","0.12","0.45","0","0",,,"0","25","2024-02-27 14:17:19"
"65593fba029061f69cd8b6ab",,"5","50","7","2","5","5","0","1","866","1083","0","1","3","4","0.55","0.88","0","0",,,"1","150","2024-02-27 14:17:20"
"6579d5a22e0a15c71dd52086",,"5","10","10","2","5","5","1","0","550","684","1","0","1","3","0.16","0.63","0","0",,,"0","25","2024-02-27 14:17:21"
"65593fba029061f69cd8b6ab",,"5","51","4","2","5","5","1","0","733","867","1","0","3","4","0.55","0.78","0","0",,,"0","150","2024-02-27 14:17:23"
"6579d5a22e0a15c71dd52086",,"5","11","7","2","5","5","1","0","516","684","1","0","3","4","0.55","0.88","0","0",,,"1","30","2024-02-27 14:17:24"
"65593fba029061f69cd8b6ab",,"5","52","4","2","5","5","1","0","499","666","1","0","3","4","0.55","0.78","0","0",,,"1","155","2024-02-27 14:17:26"
"6579d5a22e0a15c71dd52086",,"5","12","2","2","5","5","0","1","650","834","0","1","1","2","0.22","0.37","0","0",,,"0","30","2024-02-27 14:17:27"
"65593fba029061f69cd8b6ab",,"5","53","5","2","5","5","1","0","549","650","1","0","1","2","0.22","0.45","0","0",,,"1","160","2024-02-27 14:17:28"
"6579d5a22e0a15c71dd52086",,"5","13","13","2","5","5","0","1","533","734","0","1","1","4","0.29","0.88","0","0",,,"1","35","2024-02-27 14:17:29"
"65593fba029061f69cd8b6ab",,"5","54","9","2","5","5","0","1","549","733","0","1","1","4","0.29","0.71","0","0",,,"0","160","2024-02-27 14:17:31"
"6579d5a22e0a15c71dd52086",,"5","14","6","2","5","5","0","1","717","1102","0","1","2","3","0.37","0.63","0","0",,,"1","40","2024-02-27 14:17:32"
"65593fba029061f69cd8b6ab",,"5","55","4","2","5","5","1","0","466","616","1","0","3","4","0.55","0.78","0","0",,,"1","165","2024-02-27 14:17:34"
"6579d5a22e0a15c71dd52086",,"5","15","10","2","5","5","0","1","549","716","0","1","1","3","0.16","0.63","0","0",,,"0","40","2024-02-27 14:17:35"
"65593fba029061f69cd8b6ab",,"5","56","14","2","5","5","1","0","449","616","1","0","1","4","0.16","0.84","0","0",,,"1","170","2024-02-27 14:17:36"
"6579d5a22e0a15c71dd52086",,"5","16","5","2","5","5","1","0","566","700","1","0","1","2","0.22","0.45","0","0",,,"1","45","2024-02-27 14:17:37"
"65593fba029061f69cd8b6ab",,"5","57","11","2","5","5","1","0","516","616","1","0","2","4","0.37","0.84","0","0",,,"1","175","2024-02-27 14:17:38"
"6579d5a22e0a15c71dd52086",,"5","17","9","2","5","5","1","0","482","683","1","0","1","4","0.29","0.71","0","0",,,"1","50","2024-02-27 14:17:40"
"65593fba029061f69cd8b6ab",,"5","58","2","2","5","5","1","0","1049","1216","1","0","1","2","0.22","0.37","0","0",,,"0","175","2024-02-27 14:17:42"
"6579d5a22e0a15c71dd52086",,"5","18","6","2","5","5","1","0","750","884","1","0","2","3","0.37","0.63","0","0",,,"1","55","2024-02-27 14:17:43"
"65593fba029061f69cd8b6ab",,"5","59","14","2","5","5","0","1","516","766","0","1","1","4","0.16","0.84","0","0",,,"1","180","2024-02-27 14:17:45"
"6579d5a22e0a15c71dd52086",,"5","19","8","2","5","5","1","0","549","716","1","0","1","2","0.12","0.45","0","0",,,"0","55","2024-02-27 14:17:45"
"65593fba029061f69cd8b6ab",,"5","60","2","2","5","5","1","0","549","633","1","0","1","2","0.22","0.37","0","0",,,"0","180","2024-02-27 14:17:47"
"6579d5a22e0a15c71dd52086",,"5","20","5","2","5","5","1","0","599","750","1","0","1","2","0.22","0.45","0","0",,,"1","60","2024-02-27 14:17:48"
"6579d5a22e0a15c71dd52086",,"5","21","7","2","5","5","1","0","500","667","1","0","3","4","0.55","0.88","0","0",,,"1","65","2024-02-27 14:17:50"
"65593fba029061f69cd8b6ab",,"5","61","7","2","5","5","1","0","499","632","1","0","3","4","0.55","0.88","0","0",,,"1","185","2024-02-27 14:17:50"
"6579d5a22e0a15c71dd52086",,"5","22","7","2","5","5","1","0","466","617","1","0","3","4","0.55","0.88","0","0",,,"1","70","2024-02-27 14:17:53"
"65593fba029061f69cd8b6ab",,"5","62","13","2","5","5","1","0","449","634","1","0","1","4","0.29","0.88","0","0",,,"1","190","2024-02-27 14:17:53"
"6579d5a22e0a15c71dd52086",,"5","23","10","2","5","5","0","1","483","650","0","1","1","3","0.16","0.63","0","0",,,"1","75","2024-02-27 14:17:55"
"65593fba029061f69cd8b6ab",,"5","63","4","2","5","5","1","0","832","933","1","0","3","4","0.55","0.78","0","0",,,"1","195","2024-02-27 14:17:56"
"6579d5a22e0a15c71dd52086",,"5","24","3","2","5","5","0","1","599","768","0","1","3","4","0.63","0.78","0","0",,,"0","75","2024-02-27 14:17:57"
"6579d5a22e0a15c71dd52086",,"5","25","9","2","5","5","0","1","517","701","0","1","1","4","0.29","0.71","0","0",,,"0","75","2024-02-27 14:18:00"
"6579d5a22e0a15c71dd52086",,"5","26","15","2","5","5","0","1","516","800","0","1","1","4","0.12","0.88","0","0",,,"0","75","2024-02-27 14:18:03"
"6579d5a22e0a15c71dd52086",,"5","27","13","2","5","5","0","1","466","667","0","1","1","4","0.29","0.88","0","0",,,"1","80","2024-02-27 14:18:06"
"6579d5a22e0a15c71dd52086",,"5","28","1","2","5","5","1","0","766","918","1","0","4","4","0.71","0.84","0","0",,,"0","80","2024-02-27 14:18:08"
"6579d5a22e0a15c71dd52086",,"5","29","12","2","5","5","0","1","550","717","0","1","1","4","0.12","0.71","0","0",,,"1","85","2024-02-27 14:18:11"
"6579d5a22e0a15c71dd52086",,"5","30","0","2","5","5","0","1","700","850","0","1","1","1","0.16","0.29","0","0",,,"0","85","2024-02-27 14:18:14"
"6579d5a22e0a15c71dd52086",,"5","31","5","2","5","5","1","0","566","733","1","0","1","2","0.22","0.45","0","0",,,"0","85","2024-02-27 14:18:16"
"6579d5a22e0a15c71dd52086",,"5","32","5","2","5","5","0","1","516","684","0","1","1","2","0.22","0.45","0","0",,,"1","90","2024-02-27 14:18:19"
"6579d5a22e0a15c71dd52086",,"5","33","11","2","5","5","1","0","533","684","1","0","2","4","0.37","0.84","0","0",,,"0","90","2024-02-27 14:18:21"
"6579d5a22e0a15c71dd52086",,"5","34","1","2","5","5","0","1","550","717","0","1","4","4","0.71","0.84","0","0",,,"1","95","2024-02-27 14:18:24"
"6579d5a22e0a15c71dd52086",,"5","35","6","2","5","5","0","1","1034","1468","1","1","2","3","0.37","0.63","0","0",,,"1","100","2024-02-27 14:18:27"
"6579d5a22e0a15c71dd52086",,"5","36","15","2","5","5","1","0","466","600","1","0","1","4","0.12","0.88","0","0",,,"1","105","2024-02-27 14:18:30"
"6579d5a22e0a15c71dd52086",,"5","37","2","2","5","5","1","0","883","1001","1","0","1","2","0.22","0.37","0","0",,,"0","105","2024-02-27 14:18:32"
"6579d5a22e0a15c71dd52086",,"5","38","1","2","5","5","0","1","850","968","0","1","4","4","0.71","0.84","0","0",,,"1","110","2024-02-27 14:18:35"
"6579d5a22e0a15c71dd52086",,"5","39","12","2","5","5","0","1","499","633","0","1","1","4","0.12","0.71","0","0",,,"1","115","2024-02-27 14:18:38"
"6579d5a22e0a15c71dd52086",,"5","40","7","2","5","5","1","0","534","701","1","0","3","4","0.55","0.88","0","0",,,"0","115","2024-02-27 14:18:40"
"6579d5a22e0a15c71dd52086",,"5","41","14","2","5","5","0","1","500","618","0","1","1","4","0.16","0.84","0","0",,,"1","120","2024-02-27 14:18:43"
"6579d5a22e0a15c71dd52086",,"5","42","4","2","5","5","1","0","466","600","1","0","3","4","0.55","0.78","0","0",,,"1","125","2024-02-27 14:18:45"
"6579d5a22e0a15c71dd52086",,"5","43","4","2","5","5","0","1","567","751","0","1","3","4","0.55","0.78","0","0",,,"1","130","2024-02-27 14:18:48"
"6579d5a22e0a15c71dd52086",,"5","44","10","2","5","5","0","1","600","701","0","1","1","3","0.16","0.63","0","0",,,"1","135","2024-02-27 14:18:50"
"6579d5a22e0a15c71dd52086",,"5","45","2","2","5","5","1","0","967","1067","1","0","1","2","0.22","0.37","0","0",,,"1","140","2024-02-27 14:18:53"
"6579d5a22e0a15c71dd52086",,"5","46","15","2","5","5","0","1","516","650","0","1","1","4","0.12","0.88","0","0",,,"0","140","2024-02-27 14:18:55"
"6579d5a22e0a15c71dd52086",,"5","47","11","2","5","5","1","0","499","633","1","0","2","4","0.37","0.84","0","0",,,"1","145","2024-02-27 14:18:58"
"6579d5a22e0a15c71dd52086",,"5","48","6","2","5","5","1","0","583","717","1","0","2","3","0.37","0.63","0","0",,,"1","150","2024-02-27 14:19:00"
"6579d5a22e0a15c71dd52086",,"5","49","14","2","5","5","0","1","500","667","0","1","1","4","0.16","0.84","0","0",,,"1","155","2024-02-27 14:19:03"
"6579d5a22e0a15c71dd52086",,"5","50","3","2","5","5","0","1","583","917","0","1","3","4","0.63","0.78","0","0",,,"1","160","2024-02-27 14:19:06"
"6579d5a22e0a15c71dd52086",,"5","51","13","2","5","5","1","0","683","784","1","0","1","4","0.29","0.88","0","0",,,"1","165","2024-02-27 14:19:08"
"6579d5a22e0a15c71dd52086",,"5","52","14","2","5","5","0","1","483","650","0","1","1","4","0.16","0.84","0","0",,,"1","170","2024-02-27 14:19:10"
"6579d5a22e0a15c71dd52086",,"5","53","0","2","5","5","1","0","1117","1217","1","0","1","1","0.16","0.29","0","0",,,"1","175","2024-02-27 14:19:13"
"6579d5a22e0a15c71dd52086",,"5","54","8","2","5","5","1","0","817","950","1","0","1","2","0.12","0.45","0","0",,,"0","175","2024-02-27 14:19:16"
"6579d5a22e0a15c71dd52086",,"5","55","4","2","5","5","0","1","716","850","0","1","3","4","0.55","0.78","0","0",,,"1","180","2024-02-27 14:19:19"
"6579d5a22e0a15c71dd52086",,"5","56","1","2","5","5","1","0","766","901","1","0","4","4","0.71","0.84","0","0",,,"1","185","2024-02-27 14:19:21"
"6579d5a22e0a15c71dd52086",,"5","57","9","2","5","5","1","0","533","684","1","0","1","4","0.29","0.71","0","0",,,"0","185","2024-02-27 14:19:24"
"6579d5a22e0a15c71dd52086",,"5","58","0","2","5","5","0","1","633","751","0","1","1","1","0.16","0.29","0","0",,,"0","185","2024-02-27 14:19:27"
"6579d5a22e0a15c71dd52086",,"5","59","8","2","5","5","0","1","533","650","0","1","1","2","0.12","0.45","0","0",,,"0","185","2024-02-27 14:19:29"
"6579d5a22e0a15c71dd52086",,"5","60","12","2","5","5","1","0","533","700","1","0","1","4","0.12","0.71","0","0",,,"1","190","2024-02-27 14:19:32"
"6579d5a22e0a15c71dd52086",,"5","61","11","2","5","5","0","1","499","700","0","1","2","4","0.37","0.84","0","0",,,"1","195","2024-02-27 14:19:34"
"6579d5a22e0a15c71dd52086",,"5","62","15","2","5","5","0","1","483","683","0","1","1","4","0.12","0.88","0","0",,,"1","200","2024-02-27 14:19:37"
"6579d5a22e0a15c71dd52086",,"5","63","3","2","5","5","0","1","933","1100","0","1","3","4","0.63","0.78","0","0",,,"1","205","2024-02-27 14:19:40"
"test",,"0","0","31","1","5","5","1","1","840","1358","1","1","1","3","0.29","0.55","0","0",,,"0","0","2024-03-01 14:21:00"
"test",,"0","1","39","2","5","5","0","1","539","709","0","1","1","3","0.29","0.63","0","0",,,"0","0","2024-03-01 14:21:03"
"test",,"0","2","28","2","5","5","1","0","759","896","1","0","1","2","0.12","0.37","0","0",,,"0","0","2024-03-01 14:21:06"
"test",,"0","3","43","2","5","5","0","1","520","632","0","1","2","4","0.37","0.78","0","0",,,"1","5","2024-03-01 14:21:08"
"test",,"0","4","12","2","5","5","0","1","1020","1144","0","1","2","3","0.45","0.55","0","0",,,"1","10","2024-03-01 14:21:11"
"test",,"0","5","59","2","5","5","0","1","819","940","0","1","1","4","0.22","0.84","0","0",,,"0","10","2024-03-01 14:21:14"
"test",,"0","6","62","2","5","5","0","1","339","438","0","1","1","4","0.16","0.84","0","0",,,"1","15","2024-03-01 14:21:16"
"test",,"0","7","19","2","5","5","0","1","620","755","0","1","1","1","0.12","0.29","0","0",,,"1","20","2024-03-01 14:21:19"
"test",,"0","8","60","2","5","5","0","1","479","623","0","1","1","4","0.12","0.78","0","0",,,"1","25","2024-03-01 14:21:21"
"test",,"0","9","42","2","5","5","0","1","420","643","0","1","1","3","0.22","0.63","0","0",,,"0","25","2024-03-01 14:21:24"
"test",,"0","10","13","2","5","5","1","0","519","598","1","0","1","1","0.16","0.29","0","0",,,"0","25","2024-03-01 14:21:26"
"test",,"0","11","10","2","5","5","0","1","399","1118","0","1","4","4","0.78","0.88","0","0",,,"1","30","2024-03-01 14:21:29"
"test",,"0","12","55","2","5","5","1","0","460","585","1","0","1","4","0.22","0.78","0","0",,,"0","30","2024-03-01 14:21:32"
"test",,"0","0","45","2","5","5","1","0","1980","2143","1","0","2","4","0.45","0.88","0","0",,,"1","5","2024-03-01 14:27:46"
"test",,"0","1","48","2","5","5","1","0","659","755","1","0","2","4","0.37","0.84","0","0",,,"1","10","2024-03-01 14:27:49"
"test",,"0","2","2","2","5","5","1","0","860","991","1","0","4","4","0.78","0.84","0","0",,,"0","10","2024-03-01 14:27:51"
"test",,"0","3","6","2","5","5","0","1","540","625","0","1","3","4","0.63","0.71","0","0",,,"1","15","2024-03-01 14:27:54"
"test",,"0","4","63","2","5","5","0","1","439","597","0","1","1","4","0.16","0.88","0","0",,,"1","20","2024-03-01 14:27:56"
"test",,"0","5","43","2","5","5","0","1","399","489","0","1","2","4","0.37","0.78","0","0",,,"1","25","2024-03-01 14:27:59"
"test",,"0","6","49","2","5","5","1","0","459","618","1","0","1","4","0.22","0.71","0","0",,,"1","30","2024-03-01 14:28:01"
"test",,"0","7","24","2","5","5","0","1","958","1108","0","1","1","2","0.16","0.37","0","0",,,"0","30","2024-03-01 14:28:04"
"test",,"0","8","51","2","5","5","0","1","520","669","0","1","1","3","0.12","0.63","0","0",,,"0","30","2024-03-01 14:28:07"
"test",,"0","9","29","2","5","5","1","0","579","728","1","0","2","4","0.45","0.71","0","0",,,"1","35","2024-03-01 14:28:09"
"test",,"0","10","14","2","5","5","1","0","880","1016","1","0","4","4","0.71","0.84","0","0",,,"1","40","2024-03-01 14:28:12"
"test",,"0","11","26","2","5","5","1","0","979","1104","1","0","1","2","0.22","0.45","0","0",,,"1","45","2024-03-01 14:28:15"
"test",,"0","12","47","2","5","5","1","0","480","612","1","0","1","3","0.16","0.63","0","0",,,"1","50","2024-03-01 14:28:17"
"test",,"0","13","10","2","5","5","1","0","619","775","1","0","4","4","0.78","0.88","0","0",,,"1","55","2024-03-01 14:28:20"
"test",,"0","14","7","2","5","5","1","0","540","668","1","0","3","3","0.55","0.63","0","0",,,"1","60","2024-03-01 14:28:22"
"test",,"0","0","9","2","5","5","0","1","819","1016","0","1","1","4","0.29","0.71","0","0",,,"1","5","2024-03-06 11:11:32"
"test",,"0","1","13","2","5","5","1","0","460","677","1","0","1","4","0.29","0.88","0","0",,,"1","10","2024-03-06 11:11:35"
"test",,"0","2","14","2","5","5","0","1","920","1141","0","1","1","4","0.16","0.84","0","0",,,"1","15","2024-03-06 11:11:38"
"test",,"0","3","3","2","5","5","0","1","1679","1849","0","1","3","4","0.63","0.78","0","0",,,"0","15","2024-03-06 11:11:43"
"test",,"0","4","11","2","5","5","0","1","939","1057","0","1","2","4","0.37","0.84","0","0",,,"1","20","2024-03-06 11:11:46"
"test",,"0","5","3","2","5","5","0","1","1020","1145","0","1","3","4","0.63","0.78","0","0",,,"1","25","2024-03-06 11:11:49"
"test",,"0","6","14","2","5","5","1","0","599","757","1","0","1","4","0.16","0.84","0","0",,,"1","30","2024-03-06 11:11:51"
"test",,"0","7","6","2","5","5","1","0","899","1037","1","0","2","3","0.37","0.63","0","0",,,"0","30","2024-03-06 11:11:54"
"test",,"0","8","14","2","5","5","1","0","679","796","1","0","1","4","0.16","0.84","0","0",,,"1","35","2024-03-06 11:11:57"
"test",,"0","9","5","2","5","5","0","1","739","867","0","1","1","2","0.22","0.45","0","0",,,"1","40","2024-03-06 11:12:00"
"test",,"0","10","6","2","5","5","1","0","559","743","1","0","2","3","0.37","0.63","0","0",,,"0","40","2024-03-06 11:12:03"
"test",,"0","11","11","2","5","5","0","1","399","618","0","1","2","4","0.37","0.84","0","0",,,"1","45","2024-03-06 11:12:05"
"test",,"0","0","6","0","0","0","0","1","2639","0","0","1","2","3","0.37","0.63","0","0",,,"0","0","2024-03-06 11:12:59"
"test",,"0","1","1","2","5","5","0","1","419","1391","1","1","4","4","0.71","0.84","0","0",,,"1","5","2024-03-06 11:13:02"
"test",,"0","2","0","2","5","5","1","0","1079","1478","1","1","1","1","0.16","0.29","0","0",,,"1","10","2024-03-06 11:13:05"
"test",,"0","3","5","2","5","5","0","1","880","999","0","1","1","2","0.22","0.45","0","0",,,"1","15","2024-03-06 11:13:08"
"test",,"0","4","13","2","5","5","1","0","520","638","1","0","1","4","0.29","0.88","0","0",,,"1","20","2024-03-06 11:13:11"
"test",,"0","5","6","2","5","5","1","0","980","1123","1","0","2","3","0.37","0.63","0","0",,,"1","25","2024-03-06 11:13:13"
"test",,"0","6","12","2","5","5","0","1","659","815","0","1","1","4","0.12","0.71","0","0",,,"1","30","2024-03-06 11:13:16"
"test",,"0","7","13","2","5","5","1","0","1099","1390","1","0","1","4","0.29","0.88","0","0",,,"0","30","2024-03-06 11:13:19"
"test",,"0","8","6","2","5","5","1","0","1279","1513","1","0","2","3","0.37","0.63","0","0",,,"0","30","2024-03-06 11:13:23"
"test",,"0","9","9","2","5","5","0","1","559","724","0","1","1","4","0.29","0.71","0","0",,,"0","30","2024-03-06 11:13:25"
"test",,"0","10","2","2","5","5","1","0","840","1076","1","0","1","2","0.22","0.37","0","0",,,"0","30","2024-03-06 11:13:28"
"test",,"0","11","4","2","5","5","1","0","599","718","1","0","3","4","0.55","0.78","0","0",,,"1","35","2024-03-06 11:13:31"
"test",,"0","12","11","2","5","5","0","1","1060","1330","0","1","2","4","0.37","0.84","0","0",,,"1","40","2024-03-06 11:13:34"
"test",,"0","13","9","2","5","5","0","1","959","1094","0","1","1","4","0.29","0.71","0","0",,,"0","40","2024-03-06 11:13:37"
"test",,"0","14","10","2","5","5","0","1","599","1334","0","1","1","3","0.16","0.63","0","0",,,"1","45","2024-03-06 11:13:40"
"test",,"0","15","4","2","5","5","0","1","679","1241","0","1","3","4","0.55","0.78","0","0",,,"0","45","2024-03-06 11:13:43"
"test",,"0","16","15","2","5","5","0","1","439","504","0","1","1","4","0.12","0.88","0","0",,,"0","45","2024-03-06 11:13:46"
"test",,"0","17","14","2","5","5","0","1","459","588","0","1","1","4","0.16","0.84","0","0",,,"1","50","2024-03-06 11:13:48"
"test",,"0","18","5","2","5","5","0","1","539","672","0","1","1","2","0.22","0.45","0","0",,,"0","50","2024-03-06 11:13:51"
"test",,"0","19","12","2","5","5","1","0","479","643","1","0","1","4","0.12","0.71","0","0",,,"1","55","2024-03-06 11:13:53"
"test",,"0","20","3","2","5","5","1","0","600","720","1","0","3","4","0.63","0.78","0","0",,,"1","60","2024-03-06 11:13:56"
"test",,"0","21","0","2","5","5","0","1","478","638","0","1","1","1","0.16","0.29","0","0",,,"0","60","2024-03-06 11:13:58"
"test",,"0","22","7","2","5","5","1","0","420","550","1","0","3","4","0.55","0.88","0","0",,,"1","65","2024-03-06 11:14:01"
"test",,"0","23","1","2","5","5","0","1","499","590","0","1","4","4","0.71","0.84","0","0",,,"1","70","2024-03-06 11:14:03"
"test",,"0","24","1","2","5","5","1","0","600","827","1","0","4","4","0.71","0.84","0","0",,,"1","75","2024-03-06 11:14:06"
"test",,"0","25","15","2","5","5","1","0","780","951","1","0","1","4","0.12","0.88","0","0",,,"1","80","2024-03-06 11:14:08"
"test",,"0","26","11","2","5","5","1","0","519","783","1","0","2","4","0.37","0.84","0","0",,,"1","85","2024-03-06 11:14:11"
"test",,"0","27","2","2","5","5","0","1","540","702","0","1","1","2","0.22","0.37","0","0",,,"1","90","2024-03-06 11:14:13"
"test",,"0","28","3","2","5","5","1","0","439","622","1","0","3","4","0.63","0.78","0","0",,,"1","95","2024-03-06 11:14:16"
"test",,"0","29","15","2","5","5","1","0","419","570","1","0","1","4","0.12","0.88","0","0",,,"1","100","2024-03-06 11:14:18"
"test",,"0","30","9","2","5","5","1","0","1079","1198","1","0","1","4","0.29","0.71","0","0",,,"1","105","2024-03-06 11:14:21"
"test",,"0","31","12","2","5","5","0","1","579","671","0","1","1","4","0.12","0.71","0","0",,,"0","105","2024-03-06 11:14:24"
"test",,"0","32","2","2","5","5","1","0","422","494","1","0","1","2","0.22","0.37","0","0",,,"0","105","2024-03-06 11:14:26"
"test",,"0","33","8","2","5","5","0","1","439","561","0","1","1","2","0.12","0.45","0","0",,,"0","105","2024-03-06 11:14:29"
"test",,"0","0","0","2","5","5","0","1","759","1250","1","2","1","1","0.16","0.29","0","0",,,"0","0","2024-03-06 12:13:24"
"test",,"0","1","2","2","5","5","1","0","939","1172","1","0","1","2","0.22","0.37","0","0",,,"0","0","2024-03-06 12:13:27"
"test",,"0","2","5","2","5","5","1","0","639","1095","1","0","1","2","0.22","0.45","0","0",,,"0","0","2024-03-06 12:13:30"
"test",,"0","3","14","2","5","5","1","0","899","999","1","0","1","4","0.16","0.84","0","0",,,"1","5","2024-03-06 12:13:33"
"test",,"0","4","5","2","5","5","1","0","1279","1363","1","0","1","2","0.22","0.45","0","0",,,"1","10","2024-03-06 12:13:36"
"basile",,"0","0","4","2","5","5","1","0","1882","2050","1","0","3","4","0.55","0.78","0","0",,,"1","5","2024-03-06 13:14:05"
"basile",,"0","1","13","2","5","5","1","0","816","950","1","0","1","4","0.29","0.88","0","0",,,"1","10","2024-03-06 13:14:08"
"basile",,"0","2","4","2","5","5","0","1","13816","13966","0","1","3","4","0.55","0.78","0","0",,,"1","15","2024-03-06 13:14:24"
"basile",,"0","3","14","2","5","5","1","0","12598","12732","1","0","1","4","0.16","0.84","0","0",,,"0","15","2024-03-06 13:14:38"
"basile",,"0","4","12","2","5","5","0","1","1918","2069","0","1","1","4","0.12","0.71","0","0",,,"1","20","2024-03-06 13:14:42"
"basile",,"0","5","12","0","5","5","0","1","0","0","0","0","1","4","0.12","0.71","0","0",,,"0","20","2024-03-06 13:17:09"
"basile",,"0","6","11","2","5","5","0","1","1183","1666","1","1","2","4","0.37","0.84","0","0",,,"1","25","2024-03-06 13:17:12"
"basile",,"0","7","3","0","5","5","0","0","48198","0","1","0","3","4","0.63","0.78","0","0",,,"0","25","2024-03-06 13:18:02"
"basile",,"0","8","14","2","5","5","0","1","850","985","0","1","1","4","0.16","0.84","0","0",,,"1","30","2024-03-06 13:22:34"
"basile",,"0","9","6","2","5","5","0","1","631","765","0","1","2","3","0.37","0.63","0","0",,,"1","35","2024-03-06 13:22:37"
"basile",,"0","10","9","2","5","5","0","1","433","466","0","1","1","4","0.29","0.71","0","0",,,"0","35","2024-03-06 13:22:39"
"basile",,"0","11","3","2","5","5","1","0","483","566","1","0","3","4","0.63","0.78","0","0",,,"1","40","2024-03-06 13:22:42"
"basile",,"0","12","15","2","5","5","0","1","299","416","0","1","1","4","0.12","0.88","0","0",,,"1","45","2024-03-06 13:22:44"
"basile",,"0","13","8","2","5","5","1","0","517","666","1","0","1","2","0.12","0.45","0","0",,,"0","45","2024-03-06 13:22:46"
"basile",,"0","14","11","2","5","5","1","0","432","532","1","0","2","4","0.37","0.84","0","0",,,"1","50","2024-03-06 13:22:49"
"basile",,"0","15","5","2","5","5","0","1","698","831","0","1","1","2","0.22","0.45","0","0",,,"1","55","2024-03-06 13:22:52"
"basile",,"0","16","4","2","5","5","0","1","449","582","0","1","3","4","0.55","0.78","0","0",,,"1","60","2024-03-06 13:22:54"
"basile",,"0","17","1","2","5","5","1","0","648","815","1","0","4","4","0.71","0.84","0","0",,,"1","65","2024-03-06 13:22:57"
"basile",,"0","18","10","2","5","5","1","0","582","782","1","0","1","3","0.16","0.63","0","0",,,"1","70","2024-03-06 13:22:59"
"basile",,"0","19","10","2","5","5","1","0","616","749","1","0","1","3","0.16","0.63","0","0",,,"1","75","2024-03-06 13:23:02"
"basile",,"0","20","0","2","5","5","0","1","681","832","0","1","1","1","0.16","0.29","0","0",,,"0","75","2024-03-06 13:23:04"
"basile",,"0","21","0","2","5","5","0","1","749","933","0","1","1","1","0.16","0.29","0","0",,,"1","80","2024-03-06 13:23:07"
"basile",,"0","22","7","2","5","5","1","0","599","900","1","0","3","4","0.55","0.88","0","0",,,"1","85","2024-03-06 13:23:10"
"basile",,"0","23","4","2","5","5","0","1","466","583","0","1","3","4","0.55","0.78","0","0",,,"1","90","2024-03-06 13:23:12"
"basile",,"0","24","13","2","5","5","0","1","1000","1117","0","1","1","4","0.29","0.88","0","0",,,"0","90","2024-03-06 13:23:15"
"basile",,"0","25","15","2","5","5","0","1","650","750","0","1","1","4","0.12","0.88","0","0",,,"1","95","2024-03-06 13:23:18"
"basile",,"0","26","1","2","5","5","1","0","651","850","1","0","4","4","0.71","0.84","0","0",,,"1","100","2024-03-06 13:23:21"
"basile",,"0","27","9","2","5","5","0","1","467","566","0","1","1","4","0.29","0.71","0","0",,,"0","100","2024-03-06 13:23:23"
"basile",,"0","28","8","2","5","5","1","0","433","565","1","0","1","2","0.12","0.45","0","0",,,"0","100","2024-03-06 13:23:26"
"basile",,"0","29","9","2","5","5","0","1","315","399","0","1","1","4","0.29","0.71","0","0",,,"1","105","2024-03-06 13:23:28"
"basile",,"0","30","1","1","5","5","1","1","367","533","1","0","4","4","0.71","0.84","0","0",,,"0","105","2024-03-06 13:23:31"
"basile",,"0","31","14","2","5","5","0","1","382","482","0","1","1","4","0.16","0.84","0","0",,,"1","110","2024-03-06 13:23:33"
"basile",,"0","32","2","2","5","5","1","0","499","599","1","0","1","2","0.22","0.37","0","0",,,"0","110","2024-03-06 13:23:36"
"basile",,"0","33","6","2","5","5","0","1","550","633","0","1","2","3","0.37","0.63","0","0",,,"0","110","2024-03-06 13:23:38"
"basile",,"0","34","3","2","5","5","1","0","317","482","1","0","3","4","0.63","0.78","0","0",,,"1","115","2024-03-06 13:23:41"
"basile",,"0","35","9","2","5","5","0","1","532","648","0","1","1","4","0.29","0.71","0","0",,,"1","120","2024-03-06 13:23:43"
"basile",,"0","36","13","2","5","5","0","1","466","516","0","1","1","4","0.29","0.88","0","0",,,"1","125","2024-03-06 13:23:46"
"basile",,"0","37","2","2","5","5","1","0","449","566","1","0","1","2","0.22","0.37","0","0",,,"1","130","2024-03-06 13:23:48"
"basile",,"0","38","5","2","5","5","0","1","633","766","0","1","1","2","0.22","0.45","0","0",,,"0","130","2024-03-06 13:23:51"
"basile",,"0","39","12","2","5","5","1","0","399","516","1","0","1","4","0.12","0.71","0","0",,,"1","135","2024-03-06 13:23:53"
"basile",,"0","40","12","2","5","5","0","1","515","665","0","1","1","4","0.12","0.71","0","0",,,"1","140","2024-03-06 13:23:55"
"basile",,"0","41","3","2","5","5","0","1","599","749","0","1","3","4","0.63","0.78","0","0",,,"1","145","2024-03-06 13:23:58"
"basile",,"0","42","7","2","5","5","0","1","415","665","0","1","3","4","0.55","0.88","0","0",,,"1","150","2024-03-06 13:24:01"
"basile",,"0","43","15","2","5","5","0","1","465","682","0","1","1","4","0.12","0.88","0","0",,,"1","155","2024-03-06 13:24:03"
"basile",,"0","44","7","2","5","5","1","0","400","699","1","0","3","4","0.55","0.88","0","0",,,"1","160","2024-03-06 13:24:06"
"basile",,"0","45","8","2","5","5","0","1","482","732","0","1","1","2","0.12","0.45","0","0",,,"0","160","2024-03-06 13:24:08"
"basile",,"0","46","11","2","5","5","0","1","449","682","0","1","2","4","0.37","0.84","0","0",,,"1","165","2024-03-06 13:24:11"
"basile",,"0","47","6","2","5","5","0","1","448","548","0","1","2","3","0.37","0.63","0","0",,,"0","165","2024-03-06 13:24:13"
"basile",,"0","48","1","2","5","5","0","1","682","765","0","1","4","4","0.71","0.84","0","0",,,"0","165","2024-03-06 13:24:16"
"basile",,"0","49","13","2","5","5","0","1","416","500","0","1","1","4","0.29","0.88","0","0",,,"0","165","2024-03-06 13:24:18"
"basile",,"0","50","0","2","5","5","1","0","966","1100","1","0","1","1","0.16","0.29","0","0",,,"0","165","2024-03-06 13:24:21"
"basile",,"0","51","2","2","5","5","0","1","717","817","0","1","1","2","0.22","0.37","0","0",,,"1","170","2024-03-06 13:24:24"
"basile",,"0","52","2","2","5","5","1","0","617","717","1","0","1","2","0.22","0.37","0","0",,,"1","175","2024-03-06 13:24:27"
"basile",,"0","53","6","2","5","5","0","1","533","665","0","1","2","3","0.37","0.63","0","0",,,"1","180","2024-03-06 13:24:29"
"basile",,"0","54","10","2","5","5","0","1","566","716","0","1","1","3","0.16","0.63","0","0",,,"0","180","2024-03-06 13:24:32"
"basile",,"0","55","10","2","5","5","1","0","400","499","1","0","1","3","0.16","0.63","0","0",,,"0","180","2024-03-06 13:24:34"
"basile",,"0","56","5","2","5","5","0","1","499","616","0","1","1","2","0.22","0.45","0","0",,,"0","180","2024-03-06 13:24:37"
"basile",,"0","57","15","2","5","5","0","1","432","515","0","1","1","4","0.12","0.88","0","0",,,"1","185","2024-03-06 13:24:40"
"basile",,"0","58","11","2","5","5","1","0","482","665","1","0","2","4","0.37","0.84","0","0",,,"0","185","2024-03-06 13:24:42"
"basile",,"0","59","8","2","5","5","0","1","882","982","0","1","1","2","0.12","0.45","0","0",,,"0","185","2024-03-06 13:24:45"
"basile",,"0","60","0","2","5","5","1","0","633","733","1","0","1","1","0.16","0.29","0","0",,,"0","185","2024-03-06 13:24:48"
"basile",,"0","61","14","2","5","5","1","0","716","800","1","0","1","4","0.16","0.84","0","0",,,"1","190","2024-03-06 13:24:51"
"basile",,"0","62","7","2","5","5","1","0","483","600","1","0","3","4","0.55","0.88","0","0",,,"1","195","2024-03-06 13:24:53"
"basile",,"0","63","5","2","5","5","0","1","666","784","0","1","1","2","0.22","0.45","0","0",,,"0","195","2024-03-06 13:24:56"
"basile",,"1","0","11","2","5","5","1","0","566","666","1","0","2","4","0.37","0.84","0","0",,,"1","5","2024-03-06 13:25:25"
"597fe89a1b41a20001749f57",,"0","0","4","2","5","5","1","0","32","1166","2","0","3","4","0.55","0.78","0","0",,,"1","5","2024-03-06 13:40:52"
"597fe89a1b41a20001749f57",,"0","1","10","2","5","5","1","0","783","1167","1","0","1","3","0.16","0.63","0","0",,,"0","5","2024-03-06 13:40:55"
"597fe89a1b41a20001749f57",,"0","2","7","2","5","5","0","1","499","999","0","1","3","4","0.55","0.88","0","0",,,"0","5","2024-03-06 13:40:58"
"597fe89a1b41a20001749f57",,"0","3","10","1","5","5","1","1","683","1066","1","0","1","3","0.16","0.63","0","0",,,"0","5","2024-03-06 13:41:01"
"597fe89a1b41a20001749f57",,"0","4","11","1","5","5","0","0","500","900","0","1","2","4","0.37","0.84","0","0",,,"0","5","2024-03-06 13:41:04"
"597fe89a1b41a20001749f57",,"0","5","14","2","5","5","0","1","532","867","0","1","1","4","0.16","0.84","0","0",,,"1","10","2024-03-06 13:41:07"
"597fe89a1b41a20001749f57",,"0","6","3","2","5","5","0","1","550","1017","0","1","3","4","0.63","0.78","0","0",,,"1","15","2024-03-06 13:41:10"
"597fe89a1b41a20001749f57",,"0","7","15","2","5","5","0","1","99","883","2","1","1","4","0.12","0.88","0","0",,,"1","20","2024-03-06 13:41:12"
"597fe89a1b41a20001749f57",,"0","8","3","2","5","5","1","0","582","933","1","0","3","4","0.63","0.78","0","0",,,"0","20","2024-03-06 13:41:15"
"597fe89a1b41a20001749f57",,"0","9","14","2","5","5","0","1","499","849","0","1","1","4","0.16","0.84","0","0",,,"1","25","2024-03-06 13:41:18"
"597fe89a1b41a20001749f57",,"0","10","9","2","5","5","0","1","449","767","0","1","1","4","0.29","0.71","0","0",,,"0","25","2024-03-06 13:41:20"
"597fe89a1b41a20001749f57",,"0","11","0","2","5","5","1","0","999","1383","1","0","1","1","0.16","0.29","0","0",,,"0","25","2024-03-06 13:41:24"
"597fe89a1b41a20001749f57",,"0","12","0","2","5","5","0","1","632","1016","0","1","1","1","0.16","0.29","0","0",,,"0","25","2024-03-06 13:41:27"
"597fe89a1b41a20001749f57",,"0","13","7","2","5","5","0","1","499","849","0","1","3","4","0.55","0.88","0","0",,,"0","25","2024-03-06 13:41:29"
"597fe89a1b41a20001749f57",,"0","14","6","2","5","5","1","0","582","899","1","0","2","3","0.37","0.63","0","0",,,"1","30","2024-03-06 13:41:32"
"597fe89a1b41a20001749f57",,"0","15","9","2","5","5","1","0","433","750","1","0","1","4","0.29","0.71","0","0",,,"0","30","2024-03-06 13:41:35"
"597fe89a1b41a20001749f57",,"0","16","11","2","5","5","1","0","482","816","1","0","2","4","0.37","0.84","0","0",,,"1","35","2024-03-06 13:41:37"
"597fe89a1b41a20001749f57",,"0","17","12","2","5","5","0","1","415","733","0","1","1","4","0.12","0.71","0","0",,,"1","40","2024-03-06 13:41:40"
"597fe89a1b41a20001749f57",,"0","18","2","2","5","5","0","1","666","1051","0","1","1","2","0.22","0.37","0","0",,,"0","40","2024-03-06 13:41:43"
"597fe89a1b41a20001749f57",,"0","19","0","2","5","5","1","0","699","1101","1","0","1","1","0.16","0.29","0","0",,,"0","40","2024-03-06 13:41:46"
"597fe89a1b41a20001749f57",,"0","20","1","2","5","5","1","0","499","1168","1","1","4","4","0.71","0.84","0","0",,,"1","45","2024-03-06 13:41:49"
"597fe89a1b41a20001749f57",,"0","21","8","2","5","5","0","1","532","932","0","1","1","2","0.12","0.45","0","0",,,"0","45","2024-03-06 13:41:52"
"597fe89a1b41a20001749f57",,"0","22","1","2","5","5","1","0","616","966","1","0","4","4","0.71","0.84","0","0",,,"1","50","2024-03-06 13:41:55"
"597fe89a1b41a20001749f57",,"0","23","15","2","5","5","0","1","450","799","0","1","1","4","0.12","0.88","0","0",,,"1","55","2024-03-06 13:41:57"
"597fe89a1b41a20001749f57",,"0","24","12","2","5","5","0","1","499","832","0","1","1","4","0.12","0.71","0","0",,,"1","60","2024-03-06 13:42:00"
"597fe89a1b41a20001749f57",,"0","25","1","2","5","5","1","0","681","999","1","0","4","4","0.71","0.84","0","0",,,"1","65","2024-03-06 13:42:02"
"597fe89a1b41a20001749f57",,"0","26","2","2","5","5","1","0","1016","1382","1","0","1","2","0.22","0.37","0","0",,,"0","65","2024-03-06 13:42:06"
"597fe89a1b41a20001749f57",,"0","27","3","2","5","5","0","1","466","784","0","1","3","4","0.63","0.78","0","0",,,"1","70","2024-03-06 13:42:08"
"597fe89a1b41a20001749f57",,"0","28","12","2","5","5","0","1","383","700","0","1","1","4","0.12","0.71","0","0",,,"1","75","2024-03-06 13:42:11"
"597fe89a1b41a20001749f57",,"0","29","13","2","5","5","1","0","482","800","1","0","1","4","0.29","0.88","0","0",,,"1","80","2024-03-06 13:42:13"
"597fe89a1b41a20001749f57",,"0","30","6","2","5","5","0","1","465","716","0","1","2","3","0.37","0.63","0","0",,,"1","85","2024-03-06 13:42:16"
"597fe89a1b41a20001749f57",,"0","31","13","2","5","5","0","1","482","733","0","1","1","4","0.29","0.88","0","0",,,"1","90","2024-03-06 13:42:18"
"597fe89a1b41a20001749f57",,"0","32","13","2","5","5","1","0","366","633","1","0","1","4","0.29","0.88","0","0",,,"1","95","2024-03-06 13:42:21"
"597fe89a1b41a20001749f57",,"0","33","4","2","5","5","0","1","366","617","0","1","3","4","0.55","0.78","0","0",,,"0","95","2024-03-06 13:42:23"
"597fe89a1b41a20001749f57",,"0","34","15","2","5","5","0","1","366","533","0","1","1","4","0.12","0.88","0","0",,,"0","95","2024-03-06 13:42:26"
"597fe89a1b41a20001749f57",,"0","35","1","2","5","5","0","1","516","683","0","1","4","4","0.71","0.84","0","0",,,"1","100","2024-03-06 13:42:29"
"597fe89a1b41a20001749f57",,"0","36","4","2","5","5","0","1","415","565","0","1","3","4","0.55","0.78","0","0",,,"0","100","2024-03-06 13:42:31"
"597fe89a1b41a20001749f57",,"0","37","7","2","5","5","0","1","399","600","0","1","3","4","0.55","0.88","0","0",,,"1","105","2024-03-06 13:42:34"
"597fe89a1b41a20001749f57",,"0","38","13","2","5","5","1","0","432","667","1","0","1","4","0.29","0.88","0","0",,,"1","110","2024-03-06 13:42:36"
"597fe89a1b41a20001749f57",,"0","39","4","2","5","5","0","1","316","566","0","1","3","4","0.55","0.78","0","0",,,"1","115","2024-03-06 13:42:38"
"597fe89a1b41a20001749f57",,"0","40","14","2","5","5","1","0","415","666","1","0","1","4","0.16","0.84","0","0",,,"1","120","2024-03-06 13:42:41"
"597fe89a1b41a20001749f57",,"0","41","9","2","5","5","1","0","465","766","1","0","1","4","0.29","0.71","0","0",,,"0","120","2024-03-06 13:42:43"
"597fe89a1b41a20001749f57",,"0","42","11","2","5","5","1","0","485","733","1","0","2","4","0.37","0.84","0","0",,,"0","120","2024-03-06 13:42:46"
"597fe89a1b41a20001749f57",,"0","43","9","2","5","5","1","0","415","666","1","0","1","4","0.29","0.71","0","0",,,"1","125","2024-03-06 13:42:49"
"597fe89a1b41a20001749f57",,"0","44","12","2","5","5","1","0","382","683","1","0","1","4","0.12","0.71","0","0",,,"1","130","2024-03-06 13:42:51"
"597fe89a1b41a20001749f57",,"0","45","5","2","5","5","1","0","482","800","1","0","1","2","0.22","0.45","0","0",,,"1","135","2024-03-06 13:42:54"
"597fe89a1b41a20001749f57",,"0","46","8","2","5","5","0","1","466","1100","1","1","1","2","0.12","0.45","0","0",,,"1","140","2024-03-06 13:42:56"
"597fe89a1b41a20001749f57",,"0","47","0","2","5","5","1","0","549","866","1","0","1","1","0.16","0.29","0","0",,,"0","140","2024-03-06 13:42:59"
"597fe89a1b41a20001749f57",,"0","48","15","2","5","5","0","1","449","700","0","1","1","4","0.12","0.88","0","0",,,"1","145","2024-03-06 13:43:02"
"597fe89a1b41a20001749f57",,"0","49","3","2","5","5","0","1","433","684","0","1","3","4","0.63","0.78","0","0",,,"1","150","2024-03-06 13:43:04"
"597fe89a1b41a20001749f57",,"0","50","5","2","5","5","1","0","600","883","1","0","1","2","0.22","0.45","0","0",,,"1","155","2024-03-06 13:43:07"
"597fe89a1b41a20001749f57",,"0","51","10","2","5","5","0","1","382","650","0","1","1","3","0.16","0.63","0","0",,,"1","160","2024-03-06 13:43:09"
"597fe89a1b41a20001749f57",,"0","52","11","2","5","5","1","0","466","716","1","0","2","4","0.37","0.84","0","0",,,"1","165","2024-03-06 13:43:12"
"597fe89a1b41a20001749f57",,"0","53","8","2","5","5","1","0","715","966","1","0","1","2","0.12","0.45","0","0",,,"0","165","2024-03-06 13:43:14"
"597fe89a1b41a20001749f57",,"0","54","5","2","5","5","0","1","349","533","0","1","1","2","0.22","0.45","0","0",,,"1","170","2024-03-06 13:43:17"
"597fe89a1b41a20001749f57",,"0","55","2","2","5","5","1","0","549","783","1","0","1","2","0.22","0.37","0","0",,,"0","170","2024-03-06 13:43:20"
"597fe89a1b41a20001749f57",,"0","56","2","1","5","5","0","0","383","667","0","1","1","2","0.22","0.37","0","0",,,"1","175","2024-03-06 13:43:22"
"597fe89a1b41a20001749f57",,"0","57","8","1","5","5","0","0","599","850","0","1","1","2","0.12","0.45","0","0",,,"0","175","2024-03-06 13:43:25"
"597fe89a1b41a20001749f57",,"0","58","5","2","5","5","0","1","749","1016","0","1","1","2","0.22","0.45","0","0",,,"1","180","2024-03-06 13:43:28"
"597fe89a1b41a20001749f57",,"0","59","14","2","5","5","0","1","649","867","0","1","1","4","0.16","0.84","0","0",,,"1","185","2024-03-06 13:43:30"
"597fe89a1b41a20001749f57",,"0","60","7","2","5","5","0","1","499","699","0","1","3","4","0.55","0.88","0","0",,,"1","190","2024-03-06 13:43:33"
"597fe89a1b41a20001749f57",,"0","61","10","2","5","5","1","0","500","667","1","0","1","3","0.16","0.63","0","0",,,"0","190","2024-03-06 13:43:35"
"597fe89a1b41a20001749f57",,"0","62","6","2","5","5","1","0","482","716","1","0","2","3","0.37","0.63","0","0",,,"0","190","2024-03-06 13:43:38"
"597fe89a1b41a20001749f57",,"0","63","6","2","5","5","1","0","449","716","1","0","2","3","0.37","0.63","0","0",,,"1","195","2024-03-06 13:43:41"
"6519c8ed2ac89f36ddeea7e2",,"0","0","9","0","0","0","0","0","0","0","0","0","1","4","0.29","0.71","0","0",,,"0","0","2024-03-06 13:43:54"
"6519c8ed2ac89f36ddeea7e2",,"0","1","8","2","5","5","1","0","1931","2697","1","0","1","2","0.12","0.45","0","0",,,"0","0","2024-03-06 13:44:00"
"6519c8ed2ac89f36ddeea7e2",,"0","2","1","0","5","5","0","1","0","0","0","0","4","4","0.71","0.84","0","0",,,"0","0","2024-03-06 13:44:08"
"597fe89a1b41a20001749f57",,"1","0","12","1","5","5","1","1","600","833","1","0","1","4","0.12","0.71","0","0",,,"0","0","2024-03-06 13:44:10"
"6519c8ed2ac89f36ddeea7e2",,"0","3","15","2","5","5","0","1","883","1915","0","1","1","4","0.12","0.88","0","0",,,"1","5","2024-03-06 13:44:12"
"597fe89a1b41a20001749f57",,"1","1","8","2","5","5","0","1","465","716","0","1","1","2","0.12","0.45","0","0",,,"0","0","2024-03-06 13:44:13"
"597fe89a1b41a20001749f57",,"1","2","14","2","5","5","0","1","433","683","0","1","1","4","0.16","0.84","0","0",,,"0","0","2024-03-06 13:44:15"
"6519c8ed2ac89f36ddeea7e2",,"0","4","12","0","5","5","0","1","2134","0","1","0","1","4","0.12","0.71","0","0",,,"0","5","2024-03-06 13:44:17"
"597fe89a1b41a20001749f57",,"1","3","7","1","5","5","1","1","400","683","1","0","3","4","0.55","0.88","0","0",,,"0","0","2024-03-06 13:44:18"
"597fe89a1b41a20001749f57",,"1","4","15","1","5","5","1","1","416","749","1","0","1","4","0.12","0.88","0","0",,,"0","0","2024-03-06 13:44:21"
"6519c8ed2ac89f36ddeea7e2",,"0","5","4","2","5","5","0","1","1314","2065","0","1","3","4","0.55","0.78","0","0",,,"1","10","2024-03-06 13:44:22"
"597fe89a1b41a20001749f57",,"1","5","14","2","5","5","1","0","533","833","1","0","1","4","0.16","0.84","0","0",,,"0","0","2024-03-06 13:44:24"
"6519c8ed2ac89f36ddeea7e2",,"0","6","2","1","5","5","1","1","1516","2250","1","0","1","2","0.22","0.37","0","0",,,"0","10","2024-03-06 13:44:26"
"597fe89a1b41a20001749f57",,"1","6","4","1","5","5","0","0","482","849","0","1","3","4","0.55","0.78","0","0",,,"1","5","2024-03-06 13:44:26"
"597fe89a1b41a20001749f57",,"1","7","13","1","5","5","1","1","466","1116","1","0","1","4","0.29","0.88","0","0",,,"0","5","2024-03-06 13:44:29"
"6519c8ed2ac89f36ddeea7e2",,"0","7","14","2","5","5","0","1","1416","2065","0","1","1","4","0.16","0.84","0","0",,,"1","15","2024-03-06 13:44:31"
"597fe89a1b41a20001749f57",,"1","8","14","1","5","5","0","0","499","849","0","1","1","4","0.16","0.84","0","0",,,"0","5","2024-03-06 13:44:32"
"6519c8ed2ac89f36ddeea7e2",,"0","8","11","2","5","5","0","1","1232","1749","0","1","2","4","0.37","0.84","0","0",,,"1","20","2024-03-06 13:44:35"
"597fe89a1b41a20001749f57",,"1","9","6","2","5","5","1","0","516","884","1","0","2","3","0.37","0.63","0","0",,,"0","5","2024-03-06 13:44:35"
"597fe89a1b41a20001749f57",,"1","10","4","2","5","5","0","1","483","832","0","1","3","4","0.55","0.78","0","0",,,"1","10","2024-03-06 13:44:38"
"6519c8ed2ac89f36ddeea7e2",,"0","9","10","2","5","5","0","1","499","1049","0","1","1","3","0.16","0.63","0","0",,,"0","20","2024-03-06 13:44:38"
"597fe89a1b41a20001749f57",,"1","11","6","2","5","5","1","0","499","882","1","0","2","3","0.37","0.63","0","0",,,"0","10","2024-03-06 13:44:40"
"6519c8ed2ac89f36ddeea7e2",,"0","10","10","2","5","5","1","0","965","2132","1","0","1","3","0.16","0.63","0","0",,,"0","20","2024-03-06 13:44:43"
"597fe89a1b41a20001749f57",,"1","12","15","2","5","5","0","1","499","849","0","1","1","4","0.12","0.88","0","0",,,"1","15","2024-03-06 13:44:43"
"597fe89a1b41a20001749f57",,"1","13","1","2","5","5","1","0","483","1233","1","1","4","4","0.71","0.84","0","0",,,"1","20","2024-03-06 13:44:46"
"6519c8ed2ac89f36ddeea7e2",,"0","11","12","2","5","5","0","1","599","1599","0","1","1","4","0.12","0.71","0","0",,,"1","25","2024-03-06 13:44:47"
"597fe89a1b41a20001749f57",,"1","14","2","2","5","5","1","0","516","900","1","0","1","2","0.22","0.37","0","0",,,"1","25","2024-03-06 13:44:49"
"6519c8ed2ac89f36ddeea7e2",,"0","12","0","2","5","5","0","1","699","1332","0","1","1","1","0.16","0.29","0","0",,,"0","25","2024-03-06 13:44:50"
"597fe89a1b41a20001749f57",,"1","15","10","2","5","5","1","0","483","833","1","0","1","3","0.16","0.63","0","0",,,"0","25","2024-03-06 13:44:51"
"6519c8ed2ac89f36ddeea7e2",,"0","13","14","1","5","5","0","0","232","1236","0","1","1","4","0.16","0.84","0","0",,,"0","25","2024-03-06 13:44:54"
"597fe89a1b41a20001749f57",,"1","16","13","2","5","5","0","1","500","833","0","1","1","4","0.29","0.88","0","0",,,"1","30","2024-03-06 13:44:54"
"597fe89a1b41a20001749f57",,"1","17","6","2","5","5","1","0","517","867","1","0","2","3","0.37","0.63","0","0",,,"1","35","2024-03-06 13:44:57"
"6519c8ed2ac89f36ddeea7e2",,"0","14","2","2","5","5","1","0","1682","2515","1","0","1","2","0.22","0.37","0","0",,,"1","30","2024-03-06 13:44:58"
"597fe89a1b41a20001749f57",,"1","18","9","2","5","5","1","0","618","950","1","0","1","4","0.29","0.71","0","0",,,"0","35","2024-03-06 13:44:59"
"6519c8ed2ac89f36ddeea7e2",,"0","15","15","2","5","5","1","0","1049","1716","1","0","1","4","0.12","0.88","0","0",,,"1","35","2024-03-06 13:45:02"
"597fe89a1b41a20001749f57",,"1","19","8","2","5","5","0","1","682","999","0","1","1","2","0.12","0.45","0","0",,,"0","35","2024-03-06 13:45:03"
"597fe89a1b41a20001749f57",,"1","20","0","2","5","5","1","0","566","918","1","0","1","1","0.16","0.29","0","0",,,"0","35","2024-03-06 13:45:05"
"6519c8ed2ac89f36ddeea7e2",,"0","16","2","2","5","5","1","0","1814","2397","1","0","1","2","0.22","0.37","0","0",,,"0","35","2024-03-06 13:45:07"
"597fe89a1b41a20001749f57",,"1","21","5","2","5","5","0","1","649","951","0","1","1","2","0.22","0.45","0","0",,,"1","40","2024-03-06 13:45:08"
"597fe89a1b41a20001749f57",,"1","22","3","2","5","5","0","1","534","866","0","1","3","4","0.63","0.78","0","0",,,"1","45","2024-03-06 13:45:11"
"6519c8ed2ac89f36ddeea7e2",,"0","17","1","2","5","5","0","1","1033","1980","0","1","4","4","0.71","0.84","0","0",,,"1","40","2024-03-06 13:45:11"
"597fe89a1b41a20001749f57",,"1","23","2","2","5","5","1","0","599","933","1","0","1","2","0.22","0.37","0","0",,,"0","45","2024-03-06 13:45:14"
"6519c8ed2ac89f36ddeea7e2",,"0","18","10","2","5","5","0","1","1025","1675","0","1","1","3","0.16","0.63","0","0",,,"1","45","2024-03-06 13:45:15"
"597fe89a1b41a20001749f57",,"1","24","3","2","5","5","1","0","516","900","1","0","3","4","0.63","0.78","0","0",,,"1","50","2024-03-06 13:45:16"
"597fe89a1b41a20001749f57",,"1","25","11","2","5","5","0","1","532","816","0","1","2","4","0.37","0.84","0","0",,,"0","50","2024-03-06 13:45:19"
"6519c8ed2ac89f36ddeea7e2",,"0","19","3","1","5","5","1","1","549","1615","1","0","3","4","0.63","0.78","0","0",,,"1","50","2024-03-06 13:45:19"
"597fe89a1b41a20001749f57",,"1","26","3","2","5","5","1","0","565","1123","1","0","3","4","0.63","0.78","0","0",,,"1","55","2024-03-06 13:45:22"
"6519c8ed2ac89f36ddeea7e2",,"0","20","14","1","5","5","0","0","666","1482","0","1","1","4","0.16","0.84","0","0",,,"0","50","2024-03-06 13:45:23"
"597fe89a1b41a20001749f57",,"1","27","7","2","5","5","1","0","500","816","1","0","3","4","0.55","0.88","0","0",,,"1","60","2024-03-06 13:45:25"
"597fe89a1b41a20001749f57",,"1","28","7","2","5","5","1","0","498","816","1","0","3","4","0.55","0.88","0","0",,,"1","65","2024-03-06 13:45:27"
"6519c8ed2ac89f36ddeea7e2",,"0","21","3","1","5","5","1","1","637","1965","1","0","3","4","0.63","0.78","0","0",,,"1","55","2024-03-06 13:45:27"
"597fe89a1b41a20001749f57",,"1","29","0","2","5","5","1","0","633","966","1","0","1","1","0.16","0.29","0","0",,,"0","65","2024-03-06 13:45:30"
"6519c8ed2ac89f36ddeea7e2",,"0","22","13","2","5","5","1","0","1432","2016","1","0","1","4","0.29","0.88","0","0",,,"1","60","2024-03-06 13:45:31"
"597fe89a1b41a20001749f57",,"1","30","13","2","5","5","1","0","449","767","1","0","1","4","0.29","0.88","0","0",,,"1","70","2024-03-06 13:45:33"
"597fe89a1b41a20001749f57",,"1","31","14","2","5","5","0","1","516","817","0","1","1","4","0.16","0.84","0","0",,,"1","75","2024-03-06 13:45:35"
"6519c8ed2ac89f36ddeea7e2",,"0","23","0","1","5","5","1","1","882","1482","1","0","1","1","0.16","0.29","0","0",,,"1","65","2024-03-06 13:45:35"
"597fe89a1b41a20001749f57",,"1","32","9","2","5","5","0","1","499","783","0","1","1","4","0.29","0.71","0","0",,,"1","80","2024-03-06 13:45:38"
"6519c8ed2ac89f36ddeea7e2",,"0","24","8","1","5","5","0","0","599","1349","0","1","1","2","0.12","0.45","0","0",,,"0","65","2024-03-06 13:45:39"
"597fe89a1b41a20001749f57",,"1","33","5","2","5","5","1","0","566","867","1","0","1","2","0.22","0.45","0","0",,,"0","80","2024-03-06 13:45:40"
"6519c8ed2ac89f36ddeea7e2",,"0","25","2","2","5","5","1","0","898","1631","1","0","1","2","0.22","0.37","0","0",,,"0","65","2024-03-06 13:45:43"
"597fe89a1b41a20001749f57",,"1","34","5","2","5","5","1","0","631","983","1","0","1","2","0.22","0.45","0","0",,,"0","80","2024-03-06 13:45:43"
"597fe89a1b41a20001749f57",,"1","35","9","2","5","5","0","1","483","767","0","1","1","4","0.29","0.71","0","0",,,"1","85","2024-03-06 13:45:46"
"6519c8ed2ac89f36ddeea7e2",,"0","26","9","2","5","5","0","1","465","1149","0","1","1","4","0.29","0.71","0","0",,,"0","65","2024-03-06 13:45:47"
"597fe89a1b41a20001749f57",,"1","36","11","2","5","5","1","0","533","800","1","0","2","4","0.37","0.84","0","0",,,"1","90","2024-03-06 13:45:49"
"6519c8ed2ac89f36ddeea7e2",,"0","27","4","1","5","5","0","0","399","1250","0","1","3","4","0.55","0.78","0","0",,,"1","70","2024-03-06 13:45:51"
"597fe89a1b41a20001749f57",,"1","37","3","2","5","5","0","1","483","783","0","1","3","4","0.63","0.78","0","0",,,"1","95","2024-03-06 13:45:51"
"597fe89a1b41a20001749f57",,"1","38","11","2","5","5","1","0","432","733","1","0","2","4","0.37","0.84","0","0",,,"1","100","2024-03-06 13:45:54"
"6519c8ed2ac89f36ddeea7e2",,"0","28","15","2","5","5","1","0","15","1531","2","0","1","4","0.12","0.88","0","0",,,"0","70","2024-03-06 13:45:55"
"597fe89a1b41a20001749f57",,"1","39","10","2","5","5","1","0","598","898","1","0","1","3","0.16","0.63","0","0",,,"1","105","2024-03-06 13:45:56"
"6519c8ed2ac89f36ddeea7e2",,"0","29","4","1","5","5","0","0","582","1282","0","1","3","4","0.55","0.78","0","0",,,"1","75","2024-03-06 13:45:58"
"597fe89a1b41a20001749f57",,"1","40","10","2","5","5","1","0","549","849","1","0","1","3","0.16","0.63","0","0",,,"1","110","2024-03-06 13:45:59"
"597fe89a1b41a20001749f57",,"1","41","12","2","5","5","0","1","483","801","0","1","1","4","0.12","0.71","0","0",,,"1","115","2024-03-06 13:46:01"
"6519c8ed2ac89f36ddeea7e2",,"0","30","9","2","5","5","1","0","598","1215","1","0","1","4","0.29","0.71","0","0",,,"1","80","2024-03-06 13:46:02"
"597fe89a1b41a20001749f57",,"1","42","1","2","5","5","0","1","783","983","0","1","4","4","0.71","0.84","0","0",,,"1","120","2024-03-06 13:46:04"
"597fe89a1b41a20001749f57",,"1","43","8","2","5","5","1","0","616","950","1","0","1","2","0.12","0.45","0","0",,,"0","120","2024-03-06 13:46:07"
"6519c8ed2ac89f36ddeea7e2",,"0","31","6","2","5","5","1","0","1449","1933","1","0","2","3","0.37","0.63","0","0",,,"0","80","2024-03-06 13:46:07"
"597fe89a1b41a20001749f57",,"1","44","9","2","5","5","1","0","499","800","1","0","1","4","0.29","0.71","0","0",,,"0","120","2024-03-06 13:46:10"
"6519c8ed2ac89f36ddeea7e2",,"0","32","0","1","5","5","0","0","616","1200","0","1","1","1","0.16","0.29","0","0",,,"0","80","2024-03-06 13:46:11"
"597fe89a1b41a20001749f57",,"1","45","1","2","5","5","0","1","566","833","0","1","4","4","0.71","0.84","0","0",,,"1","125","2024-03-06 13:46:12"
"6519c8ed2ac89f36ddeea7e2",,"0","33","8","1","5","5","1","1","16","1366","2","0","1","2","0.12","0.45","0","0",,,"0","80","2024-03-06 13:46:15"
"597fe89a1b41a20001749f57",,"1","46","4","2","5","5","1","0","482","783","1","0","3","4","0.55","0.78","0","0",,,"1","130","2024-03-06 13:46:15"
"597fe89a1b41a20001749f57",,"1","47","7","2","5","5","0","1","499","833","0","1","3","4","0.55","0.88","0","0",,,"1","135","2024-03-06 13:46:18"
"6519c8ed2ac89f36ddeea7e2",,"0","34","13","1","5","5","0","0","198","1830","0","1","1","4","0.29","0.88","0","0",,,"0","80","2024-03-06 13:46:19"
"597fe89a1b41a20001749f57",,"1","48","1","2","5","5","1","0","699","983","1","0","4","4","0.71","0.84","0","0",,,"1","140","2024-03-06 13:46:20"
"597fe89a1b41a20001749f57",,"1","49","13","2","5","5","0","1","499","800","0","1","1","4","0.29","0.88","0","0",,,"1","145","2024-03-06 13:46:23"
"6519c8ed2ac89f36ddeea7e2",,"0","35","6","2","5","5","1","0","16","1534","2","0","2","3","0.37","0.63","0","0",,,"1","85","2024-03-06 13:46:23"
"597fe89a1b41a20001749f57",,"1","50","15","2","5","5","0","1","549","783","0","1","1","4","0.12","0.88","0","0",,,"1","150","2024-03-06 13:46:25"
"6519c8ed2ac89f36ddeea7e2",,"0","36","11","1","5","5","0","0","365","949","0","1","2","4","0.37","0.84","0","0",,,"0","85","2024-03-06 13:46:26"
"597fe89a1b41a20001749f57",,"1","51","4","2","5","5","1","0","482","666","1","0","3","4","0.55","0.78","0","0",,,"1","155","2024-03-06 13:46:28"
"6519c8ed2ac89f36ddeea7e2",,"0","37","14","2","5","5","1","0","348","883","1","0","1","4","0.16","0.84","0","0",,,"1","90","2024-03-06 13:46:29"
"597fe89a1b41a20001749f57",,"1","52","2","2","5","5","0","1","600","850","0","1","1","2","0.22","0.37","0","0",,,"1","160","2024-03-06 13:46:30"
"597fe89a1b41a20001749f57",,"1","53","2","2","5","5","0","1","666","917","0","1","1","2","0.22","0.37","0","0",,,"1","165","2024-03-06 13:46:33"
"6519c8ed2ac89f36ddeea7e2",,"0","38","6","1","5","5","0","0","583","1267","0","1","2","3","0.37","0.63","0","0",,,"0","90","2024-03-06 13:46:33"
"597fe89a1b41a20001749f57",,"1","54","0","2","5","5","1","0","716","966","1","0","1","1","0.16","0.29","0","0",,,"0","165","2024-03-06 13:46:36"
"6519c8ed2ac89f36ddeea7e2",,"0","39","11","2","5","5","1","0","66","682","2","0","2","4","0.37","0.84","0","0",,,"1","95","2024-03-06 13:46:36"
"597fe89a1b41a20001749f57",,"1","55","12","2","5","5","0","1","416","683","0","1","1","4","0.12","0.71","0","0",,,"1","170","2024-03-06 13:46:39"
"6519c8ed2ac89f36ddeea7e2",,"0","40","15","2","5","5","1","0","1165","1782","1","0","1","4","0.12","0.88","0","0",,,"1","100","2024-03-06 13:46:40"
"597fe89a1b41a20001749f57",,"1","56","6","2","5","5","1","0","516","783","1","0","2","3","0.37","0.63","0","0",,,"1","175","2024-03-06 13:46:41"
"597fe89a1b41a20001749f57",,"1","57","5","2","5","5","0","1","516","819","0","1","1","2","0.22","0.45","0","0",,,"1","180","2024-03-06 13:46:44"
"6519c8ed2ac89f36ddeea7e2",,"0","41","0","1","5","5","1","1","583","1566","1","0","1","1","0.16","0.29","0","0",,,"0","100","2024-03-06 13:46:44"
"597fe89a1b41a20001749f57",,"1","58","8","2","5","5","1","0","499","799","1","0","1","2","0.12","0.45","0","0",,,"0","180","2024-03-06 13:46:46"
"6519c8ed2ac89f36ddeea7e2",,"0","42","5","1","5","5","0","0","349","1020","0","1","1","2","0.22","0.45","0","0",,,"1","105","2024-03-06 13:46:48"
"597fe89a1b41a20001749f57",,"1","59","11","2","5","5","1","0","499","768","1","0","2","4","0.37","0.84","0","0",,,"1","185","2024-03-06 13:46:49"
"6519c8ed2ac89f36ddeea7e2",,"0","43","13","2","5","5","1","0","316","1482","1","0","1","4","0.29","0.88","0","0",,,"1","110","2024-03-06 13:46:51"
"597fe89a1b41a20001749f57",,"1","60","10","2","5","5","0","1","479","763","0","1","1","3","0.16","0.63","0","0",,,"1","190","2024-03-06 13:46:51"
"597fe89a1b41a20001749f57",,"1","61","15","2","5","5","0","1","433","883","1","1","1","4","0.12","0.88","0","0",,,"1","195","2024-03-06 13:46:54"
"6519c8ed2ac89f36ddeea7e2",,"0","44","7","2","5","5","0","1","516","1116","0","1","3","4","0.55","0.88","0","0",,,"0","110","2024-03-06 13:46:55"
"597fe89a1b41a20001749f57",,"1","62","0","2","5","5","1","0","699","917","1","0","1","1","0.16","0.29","0","0",,,"1","200","2024-03-06 13:46:57"
"6519c8ed2ac89f36ddeea7e2",,"0","45","9","2","5","5","1","0","1815","2282","1","0","1","4","0.29","0.71","0","0",,,"1","115","2024-03-06 13:46:59"
"597fe89a1b41a20001749f57",,"1","63","12","2","5","5","0","1","366","616","0","1","1","4","0.12","0.71","0","0",,,"1","205","2024-03-06 13:46:59"
"6519c8ed2ac89f36ddeea7e2",,"0","46","3","0","5","5","0","1","0","0","0","0","3","4","0.63","0.78","0","0",,,"0","115","2024-03-06 13:47:07"
"6519c8ed2ac89f36ddeea7e2",,"0","47","12","0","5","5","0","1","2464","0","0","1","1","4","0.12","0.71","0","0",,,"0","115","2024-03-06 13:47:12"
"6519c8ed2ac89f36ddeea7e2",,"0","48","8","2","5","5","1","0","1866","2265","1","0","1","2","0.12","0.45","0","0",,,"0","115","2024-03-06 13:47:17"
"6519c8ed2ac89f36ddeea7e2",,"0","49","1","0","5","5","0","1","2731","0","0","1","4","4","0.71","0.84","0","0",,,"0","115","2024-03-06 13:47:23"
"6519c8ed2ac89f36ddeea7e2",,"0","50","12","0","5","5","0","0","3114","0","0","1","1","4","0.12","0.71","0","0",,,"0","115","2024-03-06 13:47:28"
"6519c8ed2ac89f36ddeea7e2",,"0","51","5","2","5","5","1","0","1193","1926","1","0","1","2","0.22","0.45","0","0",,,"1","120","2024-03-06 13:47:32"
"597fe89a1b41a20001749f57",,"2","0","3","2","5","5","0","1","599","833","0","1","3","4","0.63","0.78","0","0",,,"0","0","2024-03-06 13:47:34"
"6519c8ed2ac89f36ddeea7e2",,"0","52","4","2","5","5","1","0","1486","1905","1","0","3","4","0.55","0.78","0","0",,,"1","125","2024-03-06 13:47:36"
"597fe89a1b41a20001749f57",,"2","1","12","2","5","5","1","0","483","750","1","0","1","4","0.12","0.71","0","0",,,"1","5","2024-03-06 13:47:37"
"597fe89a1b41a20001749f57",,"2","2","3","2","5","5","1","0","499","784","1","0","3","4","0.63","0.78","0","0",,,"0","5","2024-03-06 13:47:39"
"6519c8ed2ac89f36ddeea7e2",,"0","53","5","1","5","5","1","1","766","1249","1","0","1","2","0.22","0.45","0","0",,,"1","130","2024-03-06 13:47:40"
"597fe89a1b41a20001749f57",,"2","3","8","2","5","5","0","1","516","799","0","1","1","2","0.12","0.45","0","0",,,"0","5","2024-03-06 13:47:42"
"6519c8ed2ac89f36ddeea7e2",,"0","54","13","2","5","5","1","0","665","1315","1","0","1","4","0.29","0.88","0","0",,,"1","135","2024-03-06 13:47:43"
"597fe89a1b41a20001749f57",,"2","4","5","2","5","5","0","1","499","766","0","1","1","2","0.22","0.45","0","0",,,"1","10","2024-03-06 13:47:45"
"6519c8ed2ac89f36ddeea7e2",,"0","55","7","1","5","5","1","1","283","966","1","0","3","4","0.55","0.88","0","0",,,"1","140","2024-03-06 13:47:46"
"597fe89a1b41a20001749f57",,"2","5","14","2","5","5","1","0","483","784","1","0","1","4","0.16","0.84","0","0",,,"1","15","2024-03-06 13:47:47"
"6519c8ed2ac89f36ddeea7e2",,"0","56","5","1","5","5","1","1","16","716","2","0","1","2","0.22","0.45","0","0",,,"0","140","2024-03-06 13:47:49"
"597fe89a1b41a20001749f57",,"2","6","7","2","5","5","1","0","515","1282","1","0","3","4","0.55","0.88","0","0",,,"1","20","2024-03-06 13:47:50"
"597fe89a1b41a20001749f57",,"2","7","13","2","5","5","1","0","499","799","1","0","1","4","0.29","0.88","0","0",,,"1","25","2024-03-06 13:47:53"
"6519c8ed2ac89f36ddeea7e2",,"0","57","3","2","5","5","1","0","16","1882","2","0","3","4","0.63","0.78","0","0",,,"1","145","2024-03-06 13:47:53"
"597fe89a1b41a20001749f57",,"2","8","10","2","5","5","0","1","449","616","0","1","1","3","0.16","0.63","0","0",,,"0","25","2024-03-06 13:47:55"
"6519c8ed2ac89f36ddeea7e2",,"0","58","10","2","5","5","1","0","983","1382","1","0","1","3","0.16","0.63","0","0",,,"0","145","2024-03-06 13:47:57"
"597fe89a1b41a20001749f57",,"2","9","2","2","5","5","1","0","532","866","1","0","1","2","0.22","0.37","0","0",,,"1","30","2024-03-06 13:47:58"
"6519c8ed2ac89f36ddeea7e2",,"0","59","1","1","5","5","1","1","1048","1448","1","0","4","4","0.71","0.84","0","0",,,"1","150","2024-03-06 13:48:01"
"597fe89a1b41a20001749f57",,"2","10","10","2","5","5","0","1","615","916","0","1","1","3","0.16","0.63","0","0",,,"1","35","2024-03-06 13:48:01"
"597fe89a1b41a20001749f57",,"2","11","11","2","5","5","0","1","449","949","1","1","2","4","0.37","0.84","0","0",,,"1","40","2024-03-06 13:48:04"
"6519c8ed2ac89f36ddeea7e2",,"0","60","7","2","5","5","1","0","999","1633","1","0","3","4","0.55","0.88","0","0",,,"0","150","2024-03-06 13:48:04"
"597fe89a1b41a20001749f57",,"2","12","3","2","5","5","0","1","466","732","0","1","3","4","0.63","0.78","0","0",,,"1","45","2024-03-06 13:48:06"
"6519c8ed2ac89f36ddeea7e2",,"0","61","7","1","5","5","1","1","16","553","2","0","3","4","0.55","0.88","0","0",,,"1","155","2024-03-06 13:48:07"
"597fe89a1b41a20001749f57",,"2","13","15","2","5","5","0","1","482","767","0","1","1","4","0.12","0.88","0","0",,,"1","50","2024-03-06 13:48:09"
"6519c8ed2ac89f36ddeea7e2",,"0","62","11","2","5","5","1","0","16","799","2","0","2","4","0.37","0.84","0","0",,,"1","160","2024-03-06 13:48:11"
"597fe89a1b41a20001749f57",,"2","14","3","2","5","5","1","0","615","932","1","0","3","4","0.63","0.78","0","0",,,"1","55","2024-03-06 13:48:11"
"6519c8ed2ac89f36ddeea7e2",,"0","63","6","2","5","5","1","0","15","716","2","0","2","3","0.37","0.63","0","0",,,"1","165","2024-03-06 13:48:14"
"597fe89a1b41a20001749f57",,"2","15","10","2","5","5","0","1","499","832","0","1","1","3","0.16","0.63","0","0",,,"0","55","2024-03-06 13:48:14"
"597fe89a1b41a20001749f57",,"2","16","9","2","5","5","0","1","466","784","0","1","1","4","0.29","0.71","0","0",,,"1","60","2024-03-06 13:48:17"
"597fe89a1b41a20001749f57",,"2","17","5","2","5","5","0","1","515","849","0","1","1","2","0.22","0.45","0","0",,,"1","65","2024-03-06 13:48:19"
"597fe89a1b41a20001749f57",,"2","18","15","2","5","5","0","1","483","750","0","1","1","4","0.12","0.88","0","0",,,"0","65","2024-03-06 13:48:22"
"597fe89a1b41a20001749f57",,"2","19","9","2","5","5","0","1","415","733","0","1","1","4","0.29","0.71","0","0",,,"1","70","2024-03-06 13:48:25"
"597fe89a1b41a20001749f57",,"2","20","11","2","5","5","0","1","432","782","0","1","2","4","0.37","0.84","0","0",,,"1","75","2024-03-06 13:48:27"
"597fe89a1b41a20001749f57",,"2","21","7","2","5","5","0","1","484","799","0","1","3","4","0.55","0.88","0","0",,,"0","75","2024-03-06 13:48:30"
"597fe89a1b41a20001749f57",,"2","22","13","2","5","5","1","0","599","950","1","0","1","4","0.29","0.88","0","0",,,"1","80","2024-03-06 13:48:33"
"597fe89a1b41a20001749f57",,"2","23","0","2","5","5","1","0","749","1033","1","0","1","1","0.16","0.29","0","0",,,"1","85","2024-03-06 13:48:35"
"597fe89a1b41a20001749f57",,"2","24","7","2","5","5","1","0","616","951","1","0","3","4","0.55","0.88","0","0",,,"1","90","2024-03-06 13:48:38"
"597fe89a1b41a20001749f57",,"2","25","6","2","5","5","0","1","482","799","0","1","2","3","0.37","0.63","0","0",,,"0","90","2024-03-06 13:48:40"
"597fe89a1b41a20001749f57",,"2","26","6","2","5","5","1","0","516","799","1","0","2","3","0.37","0.63","0","0",,,"1","95","2024-03-06 13:48:43"
"597fe89a1b41a20001749f57",,"2","27","7","2","5","5","0","1","449","782","0","1","3","4","0.55","0.88","0","0",,,"1","100","2024-03-06 13:48:46"
"597fe89a1b41a20001749f57",,"2","28","0","2","5","5","1","0","599","849","1","0","1","1","0.16","0.29","0","0",,,"1","105","2024-03-06 13:48:48"
"6519c8ed2ac89f36ddeea7e2",,"1","0","8","2","5","5","1","0","749","1149","1","0","1","2","0.12","0.45","0","0",,,"0","0","2024-03-06 13:48:51"
"597fe89a1b41a20001749f57",,"2","29","8","2","5","5","1","0","666","983","1","0","1","2","0.12","0.45","0","0",,,"0","105","2024-03-06 13:48:51"
"597fe89a1b41a20001749f57",,"2","30","0","2","5","5","0","1","815","1117","0","1","1","1","0.16","0.29","0","0",,,"0","105","2024-03-06 13:48:54"
"6519c8ed2ac89f36ddeea7e2",,"1","1","10","2","5","5","0","1","1132","1665","0","1","1","3","0.16","0.63","0","0",,,"1","5","2024-03-06 13:48:55"
"597fe89a1b41a20001749f57",,"2","31","15","2","5","5","0","1","466","750","0","1","1","4","0.12","0.88","0","0",,,"1","110","2024-03-06 13:48:57"
"6519c8ed2ac89f36ddeea7e2",,"1","2","14","2","5","5","1","0","732","1182","1","0","1","4","0.16","0.84","0","0",,,"1","10","2024-03-06 13:48:58"
"597fe89a1b41a20001749f57",,"2","32","6","2","5","5","0","1","565","784","0","1","2","3","0.37","0.63","0","0",,,"0","110","2024-03-06 13:49:00"
"6519c8ed2ac89f36ddeea7e2",,"1","3","3","2","5","5","0","1","549","1082","0","1","3","4","0.63","0.78","0","0",,,"1","15","2024-03-06 13:49:02"
"597fe89a1b41a20001749f57",,"2","33","4","2","5","5","0","1","431","665","0","1","3","4","0.55","0.78","0","0",,,"1","115","2024-03-06 13:49:02"
"597fe89a1b41a20001749f57",,"2","34","2","2","5","5","0","1","649","866","0","1","1","2","0.22","0.37","0","0",,,"0","115","2024-03-06 13:49:05"
"6519c8ed2ac89f36ddeea7e2",,"1","4","1","2","5","5","1","0","633","999","1","0","4","4","0.71","0.84","0","0",,,"1","20","2024-03-06 13:49:05"
"597fe89a1b41a20001749f57",,"2","35","13","2","5","5","1","0","565","799","1","0","1","4","0.29","0.88","0","0",,,"1","120","2024-03-06 13:49:08"
"6519c8ed2ac89f36ddeea7e2",,"1","5","4","2","5","5","1","0","665","1115","1","0","3","4","0.55","0.78","0","0",,,"0","20","2024-03-06 13:49:08"
"597fe89a1b41a20001749f57",,"2","36","5","2","5","5","0","1","666","883","0","1","1","2","0.22","0.45","0","0",,,"1","125","2024-03-06 13:49:10"
"6519c8ed2ac89f36ddeea7e2",,"1","6","4","2","5","5","1","0","765","1149","1","0","3","4","0.55","0.78","0","0",,,"1","25","2024-03-06 13:49:12"
"597fe89a1b41a20001749f57",,"2","37","5","2","5","5","1","0","615","899","1","0","1","2","0.22","0.45","0","0",,,"0","125","2024-03-06 13:49:13"
"6519c8ed2ac89f36ddeea7e2",,"1","7","12","2","5","5","0","1","715","1248","0","1","1","4","0.12","0.71","0","0",,,"0","25","2024-03-06 13:49:16"
"597fe89a1b41a20001749f57",,"2","38","8","2","5","5","0","1","548","800","0","1","1","2","0.12","0.45","0","0",,,"0","125","2024-03-06 13:49:16"
"597fe89a1b41a20001749f57",,"2","39","4","2","5","5","0","1","416","716","0","1","3","4","0.55","0.78","0","0",,,"1","130","2024-03-06 13:49:18"
"6519c8ed2ac89f36ddeea7e2",,"1","8","12","1","5","5","1","1","666","2282","1","1","1","4","0.12","0.71","0","0",,,"0","25","2024-03-06 13:49:20"
"597fe89a1b41a20001749f57",,"2","40","4","2","5","5","0","1","515","749","0","1","3","4","0.55","0.78","0","0",,,"1","135","2024-03-06 13:49:21"
"597fe89a1b41a20001749f57",,"2","41","12","2","5","5","1","0","582","799","1","0","1","4","0.12","0.71","0","0",,,"1","140","2024-03-06 13:49:23"
"6519c8ed2ac89f36ddeea7e2",,"1","9","5","2","5","5","0","1","532","999","0","1","1","2","0.22","0.45","0","0",,,"1","30","2024-03-06 13:49:24"
"597fe89a1b41a20001749f57",,"2","42","11","2","5","5","0","1","466","767","0","1","2","4","0.37","0.84","0","0",,,"1","145","2024-03-06 13:49:26"
"6519c8ed2ac89f36ddeea7e2",,"1","10","0","1","5","5","1","1","798","1415","1","0","1","1","0.16","0.29","0","0",,,"0","30","2024-03-06 13:49:27"
"597fe89a1b41a20001749f57",,"2","43","12","2","5","5","1","0","566","833","1","0","1","4","0.12","0.71","0","0",,,"1","150","2024-03-06 13:49:28"
"597fe89a1b41a20001749f57",,"2","44","15","2","5","5","1","0","649","916","1","0","1","4","0.12","0.88","0","0",,,"0","150","2024-03-06 13:49:31"
"6519c8ed2ac89f36ddeea7e2",,"1","11","8","2","5","5","1","0","1265","1599","1","0","1","2","0.12","0.45","0","0",,,"0","30","2024-03-06 13:49:31"
"597fe89a1b41a20001749f57",,"2","45","1","2","5","5","0","1","666","949","0","1","4","4","0.71","0.84","0","0",,,"0","150","2024-03-06 13:49:34"
"6519c8ed2ac89f36ddeea7e2",,"1","12","7","1","5","5","1","1","598","983","1","0","3","4","0.55","0.88","0","0",,,"1","35","2024-03-06 13:49:35"
"597fe89a1b41a20001749f57",,"2","46","13","2","5","5","1","0","533","799","1","0","1","4","0.29","0.88","0","0",,,"1","155","2024-03-06 13:49:37"
"6519c8ed2ac89f36ddeea7e2",,"1","13","11","1","5","5","0","0","415","1782","0","1","2","4","0.37","0.84","0","0",,,"0","35","2024-03-06 13:49:39"
"597fe89a1b41a20001749f57",,"2","47","9","2","5","5","0","1","399","633","0","1","1","4","0.29","0.71","0","0",,,"0","155","2024-03-06 13:49:39"
"597fe89a1b41a20001749f57",,"2","48","2","2","5","5","0","1","532","865","0","1","1","2","0.22","0.37","0","0",,,"0","155","2024-03-06 13:49:42"
"6519c8ed2ac89f36ddeea7e2",,"1","14","1","2","5","5","1","0","683","1432","1","0","4","4","0.71","0.84","0","0",,,"1","40","2024-03-06 13:49:42"
"597fe89a1b41a20001749f57",,"2","49","10","2","5","5","1","0","617","833","1","0","1","3","0.16","0.63","0","0",,,"0","155","2024-03-06 13:49:45"
"6519c8ed2ac89f36ddeea7e2",,"1","15","15","2","5","5","1","0","899","1916","1","1","1","4","0.12","0.88","0","0",,,"1","45","2024-03-06 13:49:47"
"597fe89a1b41a20001749f57",,"2","50","0","2","5","5","0","1","631","865","0","1","1","1","0.16","0.29","0","0",,,"0","155","2024-03-06 13:49:48"
"6519c8ed2ac89f36ddeea7e2",,"1","16","8","2","5","5","1","0","881","1350","1","0","1","2","0.12","0.45","0","0",,,"0","45","2024-03-06 13:49:50"
"597fe89a1b41a20001749f57",,"2","51","14","2","5","5","0","1","465","715","0","1","1","4","0.16","0.84","0","0",,,"1","160","2024-03-06 13:49:51"
"597fe89a1b41a20001749f57",,"2","52","2","2","5","5","1","0","549","800","1","0","1","2","0.22","0.37","0","0",,,"0","160","2024-03-06 13:49:53"
"6519c8ed2ac89f36ddeea7e2",,"1","17","12","1","5","5","0","0","615","1748","0","1","1","4","0.12","0.71","0","0",,,"0","45","2024-03-06 13:49:54"
"597fe89a1b41a20001749f57",,"2","53","11","2","5","5","1","0","549","717","1","0","2","4","0.37","0.84","0","0",,,"1","165","2024-03-06 13:49:56"
"597fe89a1b41a20001749f57",,"2","54","1","2","5","5","0","1","465","816","0","1","4","4","0.71","0.84","0","0",,,"1","170","2024-03-06 13:49:58"
"6519c8ed2ac89f36ddeea7e2",,"1","18","7","2","5","5","0","1","1598","2198","0","1","3","4","0.55","0.88","0","0",,,"1","50","2024-03-06 13:49:59"
"597fe89a1b41a20001749f57",,"2","55","14","2","5","5","1","0","499","733","1","0","1","4","0.16","0.84","0","0",,,"1","175","2024-03-06 13:50:01"
"6519c8ed2ac89f36ddeea7e2",,"1","19","9","2","5","5","0","1","982","1831","0","1","1","4","0.29","0.71","0","0",,,"1","55","2024-03-06 13:50:03"
"597fe89a1b41a20001749f57",,"2","56","12","2","5","5","1","0","499","700","1","0","1","4","0.12","0.71","0","0",,,"1","180","2024-03-06 13:50:03"
"597fe89a1b41a20001749f57",,"2","57","1","2","5","5","0","1","667","867","0","1","4","4","0.71","0.84","0","0",,,"0","180","2024-03-06 13:50:06"
"6519c8ed2ac89f36ddeea7e2",,"1","20","4","2","5","5","0","1","1582","2048","0","1","3","4","0.55","0.78","0","0",,,"0","55","2024-03-06 13:50:07"
"597fe89a1b41a20001749f57",,"2","58","6","2","5","5","0","1","549","766","0","1","2","3","0.37","0.63","0","0",,,"0","180","2024-03-06 13:50:09"
"6519c8ed2ac89f36ddeea7e2",,"1","21","2","2","5","5","1","0","16","1549","2","0","1","2","0.22","0.37","0","0",,,"0","55","2024-03-06 13:50:11"
"597fe89a1b41a20001749f57",,"2","59","14","2","5","5","1","0","515","733","1","0","1","4","0.16","0.84","0","0",,,"1","185","2024-03-06 13:50:12"
"597fe89a1b41a20001749f57",,"2","60","1","2","5","5","0","1","482","716","0","1","4","4","0.71","0.84","0","0",,,"1","190","2024-03-06 13:50:14"
"6519c8ed2ac89f36ddeea7e2",,"1","22","13","1","5","5","0","0","16","2249","0","2","1","4","0.29","0.88","0","0",,,"0","55","2024-03-06 13:50:15"
"597fe89a1b41a20001749f57",,"2","61","4","2","5","5","0","1","466","650","0","1","3","4","0.55","0.78","0","0",,,"0","190","2024-03-06 13:50:16"
"597fe89a1b41a20001749f57",,"2","62","8","2","5","5","0","1","548","783","0","1","1","2","0.12","0.45","0","0",,,"0","190","2024-03-06 13:50:19"
"6519c8ed2ac89f36ddeea7e2",,"1","23","13","0","5","5","0","0","348","0","1","1","1","4","0.29","0.88","0","0",,,"0","55","2024-03-06 13:50:20"
"597fe89a1b41a20001749f57",,"2","63","9","2","5","5","0","1","465","800","0","1","1","4","0.29","0.71","0","0",,,"0","190","2024-03-06 13:50:22"
"6519c8ed2ac89f36ddeea7e2",,"1","24","6","0","5","5","0","0","166","0","0","1","2","3","0.37","0.63","0","0",,,"0","55","2024-03-06 13:50:28"
"6519c8ed2ac89f36ddeea7e2",,"1","25","0","1","5","5","0","0","0","0","0","0","1","1","0.16","0.29","0","0",,,"0","55","2024-03-06 13:50:31"
"6519c8ed2ac89f36ddeea7e2",,"1","26","14","1","5","5","0","0","15","1282","0","2","1","4","0.16","0.84","0","0",,,"0","55","2024-03-06 13:50:35"
"6519c8ed2ac89f36ddeea7e2",,"1","27","15","2","5","5","0","1","15","1365","0","2","1","4","0.12","0.88","0","0",,,"0","55","2024-03-06 13:50:39"
"6519c8ed2ac89f36ddeea7e2",,"1","28","3","1","5","5","0","0","32","1366","0","2","3","4","0.63","0.78","0","0",,,"0","55","2024-03-06 13:50:44"
"6519c8ed2ac89f36ddeea7e2",,"1","29","9","2","5","5","1","0","966","2032","1","0","1","4","0.29","0.71","0","0",,,"0","55","2024-03-06 13:50:48"
"6519c8ed2ac89f36ddeea7e2",,"1","30","12","2","5","5","1","0","699","1299","1","0","1","4","0.12","0.71","0","0",,,"1","60","2024-03-06 13:50:52"
"597fe89a1b41a20001749f57",,"3","0","14","2","5","5","1","0","982","1233","1","0","1","4","0.16","0.84","0","0",,,"1","5","2024-03-06 13:50:59"
"6519c8ed2ac89f36ddeea7e2",,"1","31","5","2","5","5","1","0","316","1332","1","0","1","2","0.22","0.45","0","0",,,"1","65","2024-03-06 13:50:59"
"597fe89a1b41a20001749f57",,"3","1","4","2","5","5","1","0","502","733","1","0","3","4","0.55","0.78","0","0",,,"1","10","2024-03-06 13:51:01"
"6519c8ed2ac89f36ddeea7e2",,"1","32","11","2","5","5","1","0","32","1033","2","0","2","4","0.37","0.84","0","0",,,"1","70","2024-03-06 13:51:03"
"597fe89a1b41a20001749f57",,"3","2","14","2","5","5","0","1","483","735","0","1","1","4","0.16","0.84","0","0",,,"1","15","2024-03-06 13:51:04"
"6519c8ed2ac89f36ddeea7e2",,"1","33","0","2","5","5","1","0","449","1166","1","0","1","1","0.16","0.29","0","0",,,"0","70","2024-03-06 13:51:06"
"597fe89a1b41a20001749f57",,"3","3","9","2","5","5","1","0","549","766","1","0","1","4","0.29","0.71","0","0",,,"0","15","2024-03-06 13:51:08"
"6519c8ed2ac89f36ddeea7e2",,"1","34","9","2","5","5","1","0","732","1432","1","0","1","4","0.29","0.71","0","0",,,"1","75","2024-03-06 13:51:10"
"597fe89a1b41a20001749f57",,"3","4","8","2","5","5","0","1","599","1166","1","1","1","2","0.12","0.45","0","0",,,"1","20","2024-03-06 13:51:11"
"597fe89a1b41a20001749f57",,"3","5","12","2","5","5","1","0","516","717","1","0","1","4","0.12","0.71","0","0",,,"1","25","2024-03-06 13:51:13"
"6519c8ed2ac89f36ddeea7e2",,"1","35","14","2","5","5","1","0","598","1448","1","0","1","4","0.16","0.84","0","0",,,"1","80","2024-03-06 13:51:14"
"597fe89a1b41a20001749f57",,"3","6","0","2","5","5","1","0","665","866","1","0","1","1","0.16","0.29","0","0",,,"0","25","2024-03-06 13:51:16"
"6519c8ed2ac89f36ddeea7e2",,"1","36","5","2","5","5","1","0","448","1115","1","0","1","2","0.22","0.45","0","0",,,"0","80","2024-03-06 13:51:17"
"597fe89a1b41a20001749f57",,"3","7","2","2","5","5","1","0","549","799","1","0","1","2","0.22","0.37","0","0",,,"0","25","2024-03-06 13:51:19"
"6519c8ed2ac89f36ddeea7e2",,"1","37","1","1","5","5","1","1","482","1598","1","0","4","4","0.71","0.84","0","0",,,"1","85","2024-03-06 13:51:21"
"597fe89a1b41a20001749f57",,"3","8","2","2","5","5","0","1","582","818","0","1","1","2","0.22","0.37","0","0",,,"1","30","2024-03-06 13:51:22"
"597fe89a1b41a20001749f57",,"3","9","4","2","5","5","0","1","481","767","0","1","3","4","0.55","0.78","0","0",,,"1","35","2024-03-06 13:51:24"
"6519c8ed2ac89f36ddeea7e2",,"1","38","7","1","5","5","1","1","16","832","2","0","3","4","0.55","0.88","0","0",,,"1","90","2024-03-06 13:51:25"
"597fe89a1b41a20001749f57",,"3","10","3","2","5","5","1","0","599","850","1","0","3","4","0.63","0.78","0","0",,,"0","35","2024-03-06 13:51:27"
"6519c8ed2ac89f36ddeea7e2",,"1","39","10","2","5","5","1","0","16","1131","2","0","1","3","0.16","0.63","0","0",,,"1","95","2024-03-06 13:51:28"
"597fe89a1b41a20001749f57",,"3","11","14","2","5","5","1","0","501","751","1","0","1","4","0.16","0.84","0","0",,,"1","40","2024-03-06 13:51:30"
"6519c8ed2ac89f36ddeea7e2",,"1","40","8","1","5","5","1","1","565","1182","1","0","1","2","0.12","0.45","0","0",,,"0","95","2024-03-06 13:51:32"
"597fe89a1b41a20001749f57",,"3","12","1","1","5","5","0","0","648","765","0","1","4","4","0.71","0.84","0","0",,,"1","45","2024-03-06 13:51:32"
"597fe89a1b41a20001749f57",,"3","13","13","2","5","5","0","1","582","766","0","1","1","4","0.29","0.88","0","0",,,"1","50","2024-03-06 13:51:35"
"6519c8ed2ac89f36ddeea7e2",,"1","41","15","2","5","5","0","1","32","1466","2","1","1","4","0.12","0.88","0","0",,,"1","100","2024-03-06 13:51:36"
"597fe89a1b41a20001749f57",,"3","14","14","2","5","5","1","0","532","733","1","0","1","4","0.16","0.84","0","0",,,"0","50","2024-03-06 13:51:37"
"6519c8ed2ac89f36ddeea7e2",,"1","42","11","2","5","5","1","0","650","1249","1","0","2","4","0.37","0.84","0","0",,,"1","105","2024-03-06 13:51:40"
"597fe89a1b41a20001749f57",,"3","15","13","2","5","5","0","1","434","634","0","1","1","4","0.29","0.88","0","0",,,"1","55","2024-03-06 13:51:40"
"597fe89a1b41a20001749f57",,"3","16","12","2","5","5","1","0","583","801","1","0","1","4","0.12","0.71","0","0",,,"0","55","2024-03-06 13:51:42"
"6519c8ed2ac89f36ddeea7e2",,"1","43","10","2","5","5","1","0","1048","1715","1","0","1","3","0.16","0.63","0","0",,,"1","110","2024-03-06 13:51:44"
"597fe89a1b41a20001749f57",,"3","17","8","2","5","5","0","1","532","800","0","1","1","2","0.12","0.45","0","0",,,"1","60","2024-03-06 13:51:45"
"6519c8ed2ac89f36ddeea7e2",,"1","44","1","2","5","5","1","0","999","1566","1","0","4","4","0.71","0.84","0","0",,,"1","115","2024-03-06 13:51:48"
"597fe89a1b41a20001749f57",,"3","18","11","2","5","5","1","0","450","766","1","0","2","4","0.37","0.84","0","0",,,"0","60","2024-03-06 13:51:48"
"597fe89a1b41a20001749f57",,"3","19","13","2","5","5","0","1","789","1198","0","1","1","4","0.29","0.88","0","0",,,"1","65","2024-03-06 13:51:51"
"597fe89a1b41a20001749f57",,"3","20","12","2","5","5","1","0","482","832","1","0","1","4","0.12","0.71","0","0",,,"1","70","2024-03-06 13:51:53"
"6519c8ed2ac89f36ddeea7e2",,"1","45","4","0","5","5","0","1","499","0","1","1","3","4","0.55","0.78","0","0",,,"0","115","2024-03-06 13:51:55"
"597fe89a1b41a20001749f57",,"3","21","10","2","5","5","0","1","549","833","0","1","1","3","0.16","0.63","0","0",,,"1","75","2024-03-06 13:51:56"
"597fe89a1b41a20001749f57",,"3","22","1","1","5","5","0","0","500","766","0","1","4","4","0.71","0.84","0","0",,,"0","75","2024-03-06 13:51:59"
"6519c8ed2ac89f36ddeea7e2",,"1","46","13","2","5","5","1","0","149","2482","2","2","1","4","0.29","0.88","0","0",,,"1","120","2024-03-06 13:52:00"
"597fe89a1b41a20001749f57",,"3","23","11","2","5","5","1","0","582","883","1","0","2","4","0.37","0.84","0","0",,,"1","80","2024-03-06 13:52:01"
"597fe89a1b41a20001749f57",,"3","24","5","2","5","5","1","0","583","833","1","0","1","2","0.22","0.45","0","0",,,"0","80","2024-03-06 13:52:04"
"6519c8ed2ac89f36ddeea7e2",,"1","47","9","2","5","5","0","1","749","1849","0","1","1","4","0.29","0.71","0","0",,,"1","125","2024-03-06 13:52:04"
"597fe89a1b41a20001749f57",,"3","25","1","2","5","5","1","0","733","983","1","0","4","4","0.71","0.84","0","0",,,"1","85","2024-03-06 13:52:07"
"6519c8ed2ac89f36ddeea7e2",,"1","48","2","2","5","5","1","0","648","1499","1","0","1","2","0.22","0.37","0","0",,,"0","125","2024-03-06 13:52:08"
"597fe89a1b41a20001749f57",,"3","26","6","2","5","5","1","0","550","817","1","0","2","3","0.37","0.63","0","0",,,"1","90","2024-03-06 13:52:10"
"597fe89a1b41a20001749f57",,"3","27","12","2","5","5","1","0","566","917","1","0","1","4","0.12","0.71","0","0",,,"1","95","2024-03-06 13:52:12"
"6519c8ed2ac89f36ddeea7e2",,"1","49","3","2","5","5","1","0","898","2064","1","1","3","4","0.63","0.78","0","0",,,"1","130","2024-03-06 13:52:12"
"597fe89a1b41a20001749f57",,"3","28","0","2","5","5","1","0","599","883","1","0","1","1","0.16","0.29","0","0",,,"0","95","2024-03-06 13:52:15"
"6519c8ed2ac89f36ddeea7e2",,"1","50","15","2","5","5","1","0","1049","1665","1","0","1","4","0.12","0.88","0","0",,,"1","135","2024-03-06 13:52:16"
"597fe89a1b41a20001749f57",,"3","29","0","2","5","5","0","1","749","1049","0","1","1","1","0.16","0.29","0","0",,,"0","95","2024-03-06 13:52:18"
"597fe89a1b41a20001749f57",,"3","30","11","2","5","5","1","0","533","733","1","0","2","4","0.37","0.84","0","0",,,"1","100","2024-03-06 13:52:21"
"597fe89a1b41a20001749f57",,"3","31","7","2","5","5","0","1","492","725","0","1","3","4","0.55","0.88","0","0",,,"1","105","2024-03-06 13:52:23"
"6519c8ed2ac89f36ddeea7e2",,"1","51","6","0","5","5","0","1","2465","0","0","1","2","3","0.37","0.63","0","0",,,"0","135","2024-03-06 13:52:24"
"597fe89a1b41a20001749f57",,"3","32","0","2","5","5","0","1","1449","1666","0","1","1","1","0.16","0.29","0","0",,,"0","105","2024-03-06 13:52:26"
"6519c8ed2ac89f36ddeea7e2",,"1","52","5","2","5","5","0","1","149","832","0","1","1","2","0.22","0.45","0","0",,,"1","140","2024-03-06 13:52:27"
"597fe89a1b41a20001749f57",,"3","33","13","2","5","5","1","0","482","733","1","0","1","4","0.29","0.88","0","0",,,"1","110","2024-03-06 13:52:29"
"6519c8ed2ac89f36ddeea7e2",,"1","53","2","2","5","5","0","1","16","1166","0","2","1","2","0.22","0.37","0","0",,,"1","145","2024-03-06 13:52:31"
"597fe89a1b41a20001749f57",,"3","34","2","2","5","5","0","1","566","834","0","1","1","2","0.22","0.37","0","0",,,"0","110","2024-03-06 13:52:32"
"597fe89a1b41a20001749f57",,"3","35","9","2","5","5","1","0","483","716","1","0","1","4","0.29","0.71","0","0",,,"1","115","2024-03-06 13:52:34"
"6519c8ed2ac89f36ddeea7e2",,"1","54","11","1","5","5","1","1","15","1748","1","2","2","4","0.37","0.84","0","0",,,"0","145","2024-03-06 13:52:36"
"597fe89a1b41a20001749f57",,"3","36","15","2","5","5","1","0","533","767","1","0","1","4","0.12","0.88","0","0",,,"1","120","2024-03-06 13:52:37"
"6519c8ed2ac89f36ddeea7e2",,"1","55","0","2","5","5","0","1","199","932","0","1","1","1","0.16","0.29","0","0",,,"1","150","2024-03-06 13:52:39"
"597fe89a1b41a20001749f57",,"3","37","15","2","5","5","1","0","499","751","1","0","1","4","0.12","0.88","0","0",,,"0","120","2024-03-06 13:52:39"
"597fe89a1b41a20001749f57",,"3","38","5","2","5","5","1","0","734","967","1","0","1","2","0.22","0.45","0","0",,,"1","125","2024-03-06 13:52:42"
"6519c8ed2ac89f36ddeea7e2",,"1","56","3","2","5","5","0","1","16","1232","0","2","3","4","0.63","0.78","0","0",,,"1","155","2024-03-06 13:52:43"
"597fe89a1b41a20001749f57",,"3","39","8","2","5","5","1","0","583","833","1","0","1","2","0.12","0.45","0","0",,,"1","130","2024-03-06 13:52:45"
"6519c8ed2ac89f36ddeea7e2",,"1","57","6","1","5","5","0","0","16","1066","0","2","2","3","0.37","0.63","0","0",,,"1","160","2024-03-06 13:52:46"
"597fe89a1b41a20001749f57",,"3","40","5","2","5","5","1","0","615","817","1","0","1","2","0.22","0.45","0","0",,,"0","130","2024-03-06 13:52:47"
"6519c8ed2ac89f36ddeea7e2",,"1","58","2","2","5","5","0","1","815","1165","0","1","1","2","0.22","0.37","0","0",,,"1","165","2024-03-06 13:52:50"
"597fe89a1b41a20001749f57",,"3","41","5","2","5","5","0","1","549","750","0","1","1","2","0.22","0.45","0","0",,,"1","135","2024-03-06 13:52:50"
"597fe89a1b41a20001749f57",,"3","42","1","2","5","5","0","1","565","1199","1","1","4","4","0.71","0.84","0","0",,,"1","140","2024-03-06 13:52:53"
"6519c8ed2ac89f36ddeea7e2",,"1","59","13","2","5","5","0","1","16","1017","0","2","1","4","0.29","0.88","0","0",,,"1","170","2024-03-06 13:52:53"
"597fe89a1b41a20001749f57",,"3","43","6","2","5","5","1","0","549","717","1","0","2","3","0.37","0.63","0","0",,,"1","145","2024-03-06 13:52:56"
"6519c8ed2ac89f36ddeea7e2",,"1","60","6","1","5","5","0","0","16","916","0","2","2","3","0.37","0.63","0","0",,,"1","175","2024-03-06 13:52:57"
"597fe89a1b41a20001749f57",,"3","44","2","2","5","5","0","1","616","816","0","1","1","2","0.22","0.37","0","0",,,"0","145","2024-03-06 13:52:58"
"6519c8ed2ac89f36ddeea7e2",,"1","61","14","1","5","5","0","0","16","1066","0","2","1","4","0.16","0.84","0","0",,,"0","175","2024-03-06 13:53:00"
"597fe89a1b41a20001749f57",,"3","45","10","2","5","5","0","1","482","665","0","1","1","3","0.16","0.63","0","0",,,"0","145","2024-03-06 13:53:01"
"597fe89a1b41a20001749f57",,"3","46","6","2","5","5","1","0","649","850","1","0","2","3","0.37","0.63","0","0",,,"1","150","2024-03-06 13:53:04"
"6519c8ed2ac89f36ddeea7e2",,"1","62","7","1","5","5","1","1","366","1083","1","0","3","4","0.55","0.88","0","0",,,"0","175","2024-03-06 13:53:04"
"597fe89a1b41a20001749f57",,"3","47","7","2","5","5","1","0","649","801","1","0","3","4","0.55","0.88","0","0",,,"1","155","2024-03-06 13:53:06"
"597fe89a1b41a20001749f57",,"3","48","3","2","5","5","0","1","500","700","0","1","3","4","0.63","0.78","0","0",,,"1","160","2024-03-06 13:53:09"
"597fe89a1b41a20001749f57",,"3","49","3","2","5","5","0","1","482","700","0","1","3","4","0.63","0.78","0","0",,,"1","165","2024-03-06 13:53:11"
"6519c8ed2ac89f36ddeea7e2",,"1","63","10","0","5","5","0","0","3081","0","0","1","1","3","0.16","0.63","0","0",,,"0","175","2024-03-06 13:53:12"
"597fe89a1b41a20001749f57",,"3","50","10","2","5","5","1","0","566","784","1","0","1","3","0.16","0.63","0","0",,,"1","170","2024-03-06 13:53:14"
"597fe89a1b41a20001749f57",,"3","51","4","2","5","5","0","1","416","667","0","1","3","4","0.55","0.78","0","0",,,"1","175","2024-03-06 13:53:16"
"597fe89a1b41a20001749f57",,"3","52","15","2","5","5","0","1","517","684","0","1","1","4","0.12","0.88","0","0",,,"1","180","2024-03-06 13:53:19"
"597fe89a1b41a20001749f57",,"3","53","7","2","5","5","0","1","449","667","0","1","3","4","0.55","0.88","0","0",,,"1","185","2024-03-06 13:53:21"
"597fe89a1b41a20001749f57",,"3","54","9","2","5","5","0","1","416","650","0","1","1","4","0.29","0.71","0","0",,,"1","190","2024-03-06 13:53:24"
"597fe89a1b41a20001749f57",,"3","55","9","2","5","5","0","1","465","750","0","1","1","4","0.29","0.71","0","0",,,"1","195","2024-03-06 13:53:26"
"597fe89a1b41a20001749f57",,"3","56","4","2","5","5","0","1","498","699","0","1","3","4","0.55","0.78","0","0",,,"0","195","2024-03-06 13:53:29"
"597fe89a1b41a20001749f57",,"3","57","8","2","5","5","1","0","616","867","1","0","1","2","0.12","0.45","0","0",,,"1","200","2024-03-06 13:53:31"
"597fe89a1b41a20001749f57",,"3","58","10","2","5","5","0","1","449","717","0","1","1","3","0.16","0.63","0","0",,,"1","205","2024-03-06 13:53:34"
"597fe89a1b41a20001749f57",,"3","59","7","2","5","5","0","1","449","650","0","1","3","4","0.55","0.88","0","0",,,"1","210","2024-03-06 13:53:36"
"597fe89a1b41a20001749f57",,"3","60","6","2","5","5","0","1","549","750","0","1","2","3","0.37","0.63","0","0",,,"1","215","2024-03-06 13:53:39"
"597fe89a1b41a20001749f57",,"3","61","3","2","5","5","1","0","551","768","1","0","3","4","0.63","0.78","0","0",,,"1","220","2024-03-06 13:53:41"
"597fe89a1b41a20001749f57",,"3","62","15","2","5","5","1","0","499","700","1","0","1","4","0.12","0.88","0","0",,,"0","220","2024-03-06 13:53:44"
"597fe89a1b41a20001749f57",,"3","63","11","2","5","5","1","0","499","701","1","0","2","4","0.37","0.84","0","0",,,"1","225","2024-03-06 13:53:47"
"597fe89a1b41a20001749f57",,"4","0","9","2","5","5","1","0","516","750","1","0","1","4","0.29","0.71","0","0",,,"1","5","2024-03-06 13:54:01"
"597fe89a1b41a20001749f57",,"4","1","10","2","5","5","0","1","532","700","0","1","1","3","0.16","0.63","0","0",,,"0","5","2024-03-06 13:54:04"
"597fe89a1b41a20001749f57",,"4","2","1","1","5","5","0","0","416","666","0","1","4","4","0.71","0.84","0","0",,,"1","10","2024-03-06 13:54:06"
"597fe89a1b41a20001749f57",,"4","3","14","2","5","5","1","0","449","633","1","0","1","4","0.16","0.84","0","0",,,"1","15","2024-03-06 13:54:09"
"597fe89a1b41a20001749f57",,"4","4","0","1","5","5","0","0","699","882","0","1","1","1","0.16","0.29","0","0",,,"0","15","2024-03-06 13:54:12"
"597fe89a1b41a20001749f57",,"4","5","0","2","5","5","1","0","566","851","1","0","1","1","0.16","0.29","0","0",,,"0","15","2024-03-06 13:54:14"
"597fe89a1b41a20001749f57",,"4","6","9","2","5","5","1","0","549","799","1","0","1","4","0.29","0.71","0","0",,,"1","20","2024-03-06 13:54:17"
"597fe89a1b41a20001749f57",,"4","7","10","2","5","5","0","1","499","669","0","1","1","3","0.16","0.63","0","0",,,"1","25","2024-03-06 13:54:20"
"597fe89a1b41a20001749f57",,"4","8","6","2","5","5","1","0","466","633","1","0","2","3","0.37","0.63","0","0",,,"1","30","2024-03-06 13:54:22"
"597fe89a1b41a20001749f57",,"4","9","8","2","5","5","1","0","582","816","1","0","1","2","0.12","0.45","0","0",,,"0","30","2024-03-06 13:54:25"
"597fe89a1b41a20001749f57",,"4","10","15","2","5","5","1","0","483","800","1","0","1","4","0.12","0.88","0","0",,,"0","30","2024-03-06 13:54:27"
"597fe89a1b41a20001749f57",,"4","11","2","2","5","5","1","0","483","799","1","0","1","2","0.22","0.37","0","0",,,"1","35","2024-03-06 13:54:30"
"597fe89a1b41a20001749f57",,"4","12","13","2","5","5","0","1","499","815","0","1","1","4","0.29","0.88","0","0",,,"1","40","2024-03-06 13:54:33"
"597fe89a1b41a20001749f57",,"4","13","8","2","5","5","1","0","516","900","1","0","1","2","0.12","0.45","0","0",,,"0","40","2024-03-06 13:54:35"
"6519c8ed2ac89f36ddeea7e2",,"2","0","8","2","5","5","1","0","682","1016","1","0","1","2","0.12","0.45","0","0",,,"1","5","2024-03-06 13:54:37"
"597fe89a1b41a20001749f57",,"4","14","5","2","5","5","1","0","632","966","1","0","1","2","0.22","0.45","0","0",,,"0","40","2024-03-06 13:54:38"
"6519c8ed2ac89f36ddeea7e2",,"2","1","12","1","5","5","1","1","16","1099","2","0","1","4","0.12","0.71","0","0",,,"0","5","2024-03-06 13:54:41"
"597fe89a1b41a20001749f57",,"4","15","5","2","5","5","1","0","600","966","1","0","1","2","0.22","0.45","0","0",,,"0","40","2024-03-06 13:54:41"
"597fe89a1b41a20001749f57",,"4","16","3","2","5","5","0","1","582","849","0","1","3","4","0.63","0.78","0","0",,,"1","45","2024-03-06 13:54:44"
"6519c8ed2ac89f36ddeea7e2",,"2","2","11","2","5","5","1","0","732","1199","1","0","2","4","0.37","0.84","0","0",,,"1","10","2024-03-06 13:54:44"
"597fe89a1b41a20001749f57",,"4","17","12","2","5","5","1","0","499","866","1","0","1","4","0.12","0.71","0","0",,,"0","45","2024-03-06 13:54:47"
"6519c8ed2ac89f36ddeea7e2",,"2","3","2","2","5","5","1","0","349","832","1","0","1","2","0.22","0.37","0","0",,,"0","10","2024-03-06 13:54:48"
"597fe89a1b41a20001749f57",,"4","18","13","2","5","5","1","0","499","850","1","0","1","4","0.29","0.88","0","0",,,"1","50","2024-03-06 13:54:50"
"597fe89a1b41a20001749f57",,"4","19","9","2","5","5","1","0","633","982","1","0","1","4","0.29","0.71","0","0",,,"0","50","2024-03-06 13:54:52"
"6519c8ed2ac89f36ddeea7e2",,"2","4","14","1","5","5","1","1","2181","2614","1","0","1","4","0.16","0.84","0","0",,,"0","10","2024-03-06 13:54:52"
"597fe89a1b41a20001749f57",,"4","20","15","2","5","5","1","0","465","800","1","0","1","4","0.12","0.88","0","0",,,"1","55","2024-03-06 13:54:55"
"597fe89a1b41a20001749f57",,"4","21","1","2","5","5","0","1","965","1249","0","1","4","4","0.71","0.84","0","0",,,"1","60","2024-03-06 13:54:58"
"597fe89a1b41a20001749f57",,"4","22","13","2","5","5","0","1","532","732","0","1","1","4","0.29","0.88","0","0",,,"1","65","2024-03-06 13:55:00"
"6519c8ed2ac89f36ddeea7e2",,"2","5","15","0","5","5","0","0","3114","0","1","0","1","4","0.12","0.88","0","0",,,"0","10","2024-03-06 13:55:00"
"597fe89a1b41a20001749f57",,"4","23","2","2","5","5","1","0","666","801","1","0","1","2","0.22","0.37","0","0",,,"0","65","2024-03-06 13:55:03"
"6519c8ed2ac89f36ddeea7e2",,"2","6","8","1","5","5","1","1","1148","1599","1","1","1","2","0.12","0.45","0","0",,,"1","15","2024-03-06 13:55:04"
"597fe89a1b41a20001749f57",,"4","24","3","2","5","5","1","0","549","683","1","0","3","4","0.63","0.78","0","0",,,"1","70","2024-03-06 13:55:06"
"6519c8ed2ac89f36ddeea7e2",,"2","7","14","1","5","5","1","1","699","1049","1","0","1","4","0.16","0.84","0","0",,,"0","15","2024-03-06 13:55:08"
"597fe89a1b41a20001749f57",,"4","25","1","1","5","5","0","0","615","915","0","1","4","4","0.71","0.84","0","0",,,"0","70","2024-03-06 13:55:08"
"597fe89a1b41a20001749f57",,"4","26","9","2","5","5","1","0","466","632","1","0","1","4","0.29","0.71","0","0",,,"0","70","2024-03-06 13:55:11"
"6519c8ed2ac89f36ddeea7e2",,"2","8","6","2","5","5","1","0","16","1116","2","0","2","3","0.37","0.63","0","0",,,"1","20","2024-03-06 13:55:11"
"597fe89a1b41a20001749f57",,"4","27","15","2","5","5","1","0","399","566","1","0","1","4","0.12","0.88","0","0",,,"1","75","2024-03-06 13:55:13"
"6519c8ed2ac89f36ddeea7e2",,"2","9","14","1","5","5","1","1","566","1382","1","0","1","4","0.16","0.84","0","0",,,"0","20","2024-03-06 13:55:15"
"597fe89a1b41a20001749f57",,"4","28","15","2","5","5","1","0","465","617","1","0","1","4","0.12","0.88","0","0",,,"1","80","2024-03-06 13:55:16"
"597fe89a1b41a20001749f57",,"4","29","14","2","5","5","0","1","432","583","0","1","1","4","0.16","0.84","0","0",,,"0","80","2024-03-06 13:55:18"
"6519c8ed2ac89f36ddeea7e2",,"2","10","13","0","5","5","0","1","0","0","0","0","1","4","0.29","0.88","0","0",,,"0","20","2024-03-06 13:55:21"
"597fe89a1b41a20001749f57",,"4","30","11","2","5","5","0","1","516","699","0","1","2","4","0.37","0.84","0","0",,,"0","80","2024-03-06 13:55:21"
"597fe89a1b41a20001749f57",,"4","31","0","2","5","5","0","1","366","516","0","1","1","1","0.16","0.29","0","0",,,"0","80","2024-03-06 13:55:24"
"597fe89a1b41a20001749f57",,"4","32","13","2","5","5","1","0","500","616","1","0","1","4","0.29","0.88","0","0",,,"1","85","2024-03-06 13:55:26"
"597fe89a1b41a20001749f57",,"4","33","12","2","5","5","1","0","466","634","1","0","1","4","0.12","0.71","0","0",,,"1","90","2024-03-06 13:55:29"
"6519c8ed2ac89f36ddeea7e2",,"2","11","9","0","5","5","0","1","0","0","0","0","1","4","0.29","0.71","0","0",,,"0","20","2024-03-06 13:55:29"
"597fe89a1b41a20001749f57",,"4","34","0","1","5","5","0","0","882","1032","0","1","1","1","0.16","0.29","0","0",,,"0","90","2024-03-06 13:55:31"
"597fe89a1b41a20001749f57",,"4","35","7","2","5","5","1","0","849","984","1","0","3","4","0.55","0.88","0","0",,,"1","95","2024-03-06 13:55:34"
"6519c8ed2ac89f36ddeea7e2",,"2","12","7","0","5","5","0","1","2631","0","1","0","3","4","0.55","0.88","0","0",,,"0","20","2024-03-06 13:55:35"
"597fe89a1b41a20001749f57",,"4","36","6","2","5","5","1","0","482","600","1","0","2","3","0.37","0.63","0","0",,,"1","100","2024-03-06 13:55:37"
"597fe89a1b41a20001749f57",,"4","37","4","2","5","5","0","1","566","733","0","1","3","4","0.55","0.78","0","0",,,"0","100","2024-03-06 13:55:39"
"597fe89a1b41a20001749f57",,"4","38","11","2","5","5","1","0","416","567","1","0","2","4","0.37","0.84","0","0",,,"1","105","2024-03-06 13:55:42"
"6519c8ed2ac89f36ddeea7e2",,"2","13","0","0","5","5","0","0","0","0","0","0","1","1","0.16","0.29","0","0",,,"0","20","2024-03-06 13:55:43"
"597fe89a1b41a20001749f57",,"4","39","8","2","5","5","1","0","549","700","1","0","1","2","0.12","0.45","0","0",,,"0","105","2024-03-06 13:55:44"
"6519c8ed2ac89f36ddeea7e2",,"2","14","1","2","5","5","1","0","1314","1731","1","0","4","4","0.71","0.84","0","0",,,"1","25","2024-03-06 13:55:47"
"597fe89a1b41a20001749f57",,"4","40","6","2","5","5","1","0","432","582","1","0","2","3","0.37","0.63","0","0",,,"0","105","2024-03-06 13:55:47"
"597fe89a1b41a20001749f57",,"4","41","4","2","5","5","0","1","549","683","0","1","3","4","0.55","0.78","0","0",,,"1","110","2024-03-06 13:55:50"
"6519c8ed2ac89f36ddeea7e2",,"2","15","4","1","5","5","0","0","1397","2031","0","1","3","4","0.55","0.78","0","0",,,"0","25","2024-03-06 13:55:52"
"597fe89a1b41a20001749f57",,"4","42","5","2","5","5","1","0","566","699","1","0","1","2","0.22","0.45","0","0",,,"0","110","2024-03-06 13:55:52"
"597fe89a1b41a20001749f57",,"4","43","7","2","5","5","1","0","549","683","1","0","3","4","0.55","0.88","0","0",,,"1","115","2024-03-06 13:55:55"
"597fe89a1b41a20001749f57",,"4","44","11","2","5","5","1","0","499","633","1","0","2","4","0.37","0.84","0","0",,,"0","115","2024-03-06 13:55:57"
"6519c8ed2ac89f36ddeea7e2",,"2","16","9","0","5","5","0","1","1399","0","1","0","1","4","0.29","0.71","0","0",,,"0","25","2024-03-06 13:55:57"
"597fe89a1b41a20001749f57",,"4","45","2","1","5","5","1","1","482","615","1","0","1","2","0.22","0.37","0","0",,,"0","115","2024-03-06 13:56:00"
"6519c8ed2ac89f36ddeea7e2",,"2","17","0","2","5","5","0","1","581","1664","0","1","1","1","0.16","0.29","0","0",,,"0","25","2024-03-06 13:56:02"
"597fe89a1b41a20001749f57",,"4","46","6","2","5","5","0","1","466","599","0","1","2","3","0.37","0.63","0","0",,,"1","120","2024-03-06 13:56:02"
"597fe89a1b41a20001749f57",,"4","47","7","2","5","5","0","1","565","716","0","1","3","4","0.55","0.88","0","0",,,"1","125","2024-03-06 13:56:05"
"6519c8ed2ac89f36ddeea7e2",,"2","18","13","1","5","5","1","1","599","1649","1","0","1","4","0.29","0.88","0","0",,,"0","25","2024-03-06 13:56:06"
"597fe89a1b41a20001749f57",,"4","48","10","2","5","5","1","0","599","716","1","0","1","3","0.16","0.63","0","0",,,"1","130","2024-03-06 13:56:07"
"597fe89a1b41a20001749f57",,"4","49","1","2","5","5","1","0","849","967","1","0","4","4","0.71","0.84","0","0",,,"0","130","2024-03-06 13:56:10"
"6519c8ed2ac89f36ddeea7e2",,"2","19","10","2","5","5","0","1","1133","1932","0","1","1","3","0.16","0.63","0","0",,,"1","30","2024-03-06 13:56:10"
"597fe89a1b41a20001749f57",,"4","50","12","2","5","5","1","0","533","633","1","0","1","4","0.12","0.71","0","0",,,"0","130","2024-03-06 13:56:13"
"597fe89a1b41a20001749f57",,"4","51","12","2","5","5","0","1","499","634","0","1","1","4","0.12","0.71","0","0",,,"0","130","2024-03-06 13:56:15"
"6519c8ed2ac89f36ddeea7e2",,"2","20","2","0","5","5","0","0","3230","0","0","1","1","2","0.22","0.37","0","0",,,"0","30","2024-03-06 13:56:16"
"597fe89a1b41a20001749f57",,"4","52","2","2","5","5","1","0","582","665","1","0","1","2","0.22","0.37","0","0",,,"0","130","2024-03-06 13:56:18"
"6519c8ed2ac89f36ddeea7e2",,"2","21","8","2","5","5","1","0","1632","2099","1","0","1","2","0.12","0.45","0","0",,,"1","35","2024-03-06 13:56:20"
"597fe89a1b41a20001749f57",,"4","53","4","2","5","5","1","0","482","616","1","0","3","4","0.55","0.78","0","0",,,"0","130","2024-03-06 13:56:21"
"597fe89a1b41a20001749f57",,"4","54","3","2","5","5","0","1","699","849","0","1","3","4","0.63","0.78","0","0",,,"1","135","2024-03-06 13:56:24"
"6519c8ed2ac89f36ddeea7e2",,"2","22","1","2","5","5","0","1","600","1432","0","1","4","4","0.71","0.84","0","0",,,"1","40","2024-03-06 13:56:24"
"597fe89a1b41a20001749f57",,"4","55","8","2","5","5","1","0","716","882","1","0","1","2","0.12","0.45","0","0",,,"1","140","2024-03-06 13:56:26"
"6519c8ed2ac89f36ddeea7e2",,"2","23","5","2","5","5","1","0","1881","2315","1","0","1","2","0.22","0.45","0","0",,,"1","45","2024-03-06 13:56:28"
"597fe89a1b41a20001749f57",,"4","56","11","2","5","5","1","0","582","716","1","0","2","4","0.37","0.84","0","0",,,"1","145","2024-03-06 13:56:29"
"597fe89a1b41a20001749f57",,"4","57","3","2","5","5","1","0","533","649","1","0","3","4","0.63","0.78","0","0",,,"0","145","2024-03-06 13:56:31"
"6519c8ed2ac89f36ddeea7e2",,"2","24","1","1","5","5","0","0","666","1299","0","1","4","4","0.71","0.84","0","0",,,"1","50","2024-03-06 13:56:32"
"597fe89a1b41a20001749f57",,"4","58","5","2","5","5","0","1","648","784","0","1","1","2","0.22","0.45","0","0",,,"1","150","2024-03-06 13:56:34"
"597fe89a1b41a20001749f57",,"4","59","7","2","5","5","1","0","566","800","1","0","3","4","0.55","0.88","0","0",,,"1","155","2024-03-06 13:56:37"
"597fe89a1b41a20001749f57",,"4","60","4","2","5","5","1","0","616","716","1","0","3","4","0.55","0.78","0","0",,,"0","155","2024-03-06 13:56:39"
"6519c8ed2ac89f36ddeea7e2",,"2","25","2","0","5","5","0","1","2648","0","0","1","1","2","0.22","0.37","0","0",,,"0","50","2024-03-06 13:56:40"
"597fe89a1b41a20001749f57",,"4","61","14","2","5","5","1","0","599","700","1","0","1","4","0.16","0.84","0","0",,,"1","160","2024-03-06 13:56:42"
"6519c8ed2ac89f36ddeea7e2",,"2","26","0","1","5","5","1","1","982","1483","1","0","1","1","0.16","0.29","0","0",,,"0","50","2024-03-06 13:56:44"
"597fe89a1b41a20001749f57",,"4","62","10","2","5","5","1","0","633","733","1","0","1","3","0.16","0.63","0","0",,,"1","165","2024-03-06 13:56:44"
"597fe89a1b41a20001749f57",,"4","63","14","2","5","5","0","1","566","667","0","1","1","4","0.16","0.84","0","0",,,"1","170","2024-03-06 13:56:47"
"6519c8ed2ac89f36ddeea7e2",,"2","27","14","1","5","5","0","0","582","1831","0","1","1","4","0.16","0.84","0","0",,,"0","50","2024-03-06 13:56:48"
"6519c8ed2ac89f36ddeea7e2",,"2","28","4","2","5","5","1","0","598","1381","1","0","3","4","0.55","0.78","0","0",,,"0","50","2024-03-06 13:56:52"
"6519c8ed2ac89f36ddeea7e2",,"2","29","13","2","5","5","0","1","99","1765","0","2","1","4","0.29","0.88","0","0",,,"1","55","2024-03-06 13:56:56"
"6519c8ed2ac89f36ddeea7e2",,"2","30","1","2","5","5","1","0","1997","2415","1","0","4","4","0.71","0.84","0","0",,,"1","60","2024-03-06 13:57:00"
"6519c8ed2ac89f36ddeea7e2",,"2","31","8","1","5","5","0","0","598","2714","0","1","1","2","0.12","0.45","0","0",,,"0","60","2024-03-06 13:57:05"
"6519c8ed2ac89f36ddeea7e2",,"2","32","6","2","5","5","1","0","1198","1697","1","0","2","3","0.37","0.63","0","0",,,"1","65","2024-03-06 13:57:10"
"6519c8ed2ac89f36ddeea7e2",,"2","33","6","2","5","5","0","1","548","1915","0","1","2","3","0.37","0.63","0","0",,,"1","70","2024-03-06 13:57:14"
"597fe89a1b41a20001749f57",,"5","0","11","2","5","5","1","0","813","997","1","0","2","4","0.37","0.84","0","0",,,"0","0","2024-03-06 13:57:16"
"6519c8ed2ac89f36ddeea7e2",,"2","34","13","1","5","5","1","1","549","1149","1","0","1","4","0.29","0.88","0","0",,,"0","70","2024-03-06 13:57:17"
"597fe89a1b41a20001749f57",,"5","1","1","2","5","5","0","1","599","716","0","1","4","4","0.71","0.84","0","0",,,"1","5","2024-03-06 13:57:19"
"597fe89a1b41a20001749f57",,"5","2","14","2","5","5","1","0","399","533","1","0","1","4","0.16","0.84","0","0",,,"1","10","2024-03-06 13:57:21"
"6519c8ed2ac89f36ddeea7e2",,"2","35","10","1","5","5","0","0","16","1415","0","2","1","3","0.16","0.63","0","0",,,"1","75","2024-03-06 13:57:21"
"597fe89a1b41a20001749f57",,"5","3","4","2","5","5","0","1","449","583","0","1","3","4","0.55","0.78","0","0",,,"1","15","2024-03-06 13:57:23"
"6519c8ed2ac89f36ddeea7e2",,"2","36","9","1","5","5","1","1","1448","1832","1","0","1","4","0.29","0.71","0","0",,,"0","75","2024-03-06 13:57:25"
"597fe89a1b41a20001749f57",,"5","4","8","2","5","5","0","1","583","700","0","1","1","2","0.12","0.45","0","0",,,"1","20","2024-03-06 13:57:26"
"597fe89a1b41a20001749f57",,"5","5","15","2","5","5","0","1","532","866","1","1","1","4","0.12","0.88","0","0",,,"1","25","2024-03-06 13:57:28"
"6519c8ed2ac89f36ddeea7e2",,"2","37","7","1","5","5","0","0","416","1183","0","1","3","4","0.55","0.88","0","0",,,"0","75","2024-03-06 13:57:30"
"597fe89a1b41a20001749f57",,"5","6","14","2","5","5","1","0","499","633","1","0","1","4","0.16","0.84","0","0",,,"0","25","2024-03-06 13:57:31"
"597fe89a1b41a20001749f57",,"5","7","15","2","5","5","0","1","415","516","0","1","1","4","0.12","0.88","0","0",,,"1","30","2024-03-06 13:57:33"
"6519c8ed2ac89f36ddeea7e2",,"2","38","3","2","5","5","1","0","615","1149","1","0","3","4","0.63","0.78","0","0",,,"1","80","2024-03-06 13:57:34"
"597fe89a1b41a20001749f57",,"5","8","7","2","5","5","0","1","432","566","0","1","3","4","0.55","0.88","0","0",,,"1","35","2024-03-06 13:57:36"
"6519c8ed2ac89f36ddeea7e2",,"2","39","9","1","5","5","0","0","516","1083","0","1","1","4","0.29","0.71","0","0",,,"1","85","2024-03-06 13:57:37"
"597fe89a1b41a20001749f57",,"5","9","5","2","5","5","0","1","416","516","0","1","1","2","0.22","0.45","0","0",,,"0","35","2024-03-06 13:57:38"
"597fe89a1b41a20001749f57",,"5","10","14","2","5","5","0","1","449","549","0","1","1","4","0.16","0.84","0","0",,,"1","40","2024-03-06 13:57:41"
"6519c8ed2ac89f36ddeea7e2",,"2","40","12","2","5","5","1","0","931","1414","1","0","1","4","0.12","0.71","0","0",,,"1","90","2024-03-06 13:57:41"
"597fe89a1b41a20001749f57",,"5","11","5","2","5","5","1","0","749","832","1","0","1","2","0.22","0.45","0","0",,,"0","40","2024-03-06 13:57:43"
"6519c8ed2ac89f36ddeea7e2",,"2","41","10","1","5","5","0","0","399","1115","0","1","1","3","0.16","0.63","0","0",,,"0","90","2024-03-06 13:57:44"
"597fe89a1b41a20001749f57",,"5","12","14","2","5","5","1","0","583","666","1","0","1","4","0.16","0.84","0","0",,,"1","45","2024-03-06 13:57:46"
"6519c8ed2ac89f36ddeea7e2",,"2","42","12","1","5","5","1","1","516","1000","1","0","1","4","0.12","0.71","0","0",,,"0","90","2024-03-06 13:57:48"
"597fe89a1b41a20001749f57",,"5","13","6","2","5","5","1","0","616","682","1","0","2","3","0.37","0.63","0","0",,,"1","50","2024-03-06 13:57:48"
"597fe89a1b41a20001749f57",,"5","14","12","2","5","5","1","0","499","616","1","0","1","4","0.12","0.71","0","0",,,"1","55","2024-03-06 13:57:51"
"6519c8ed2ac89f36ddeea7e2",,"2","43","12","1","5","5","1","1","66","667","2","0","1","4","0.12","0.71","0","0",,,"0","90","2024-03-06 13:57:51"
"597fe89a1b41a20001749f57",,"5","15","13","2","5","5","0","1","399","500","0","1","1","4","0.29","0.88","0","0",,,"1","60","2024-03-06 13:57:53"
"6519c8ed2ac89f36ddeea7e2",,"2","44","4","1","5","5","0","0","832","1266","0","1","3","4","0.55","0.78","0","0",,,"1","95","2024-03-06 13:57:55"
"597fe89a1b41a20001749f57",,"5","16","6","2","5","5","1","0","465","566","1","0","2","3","0.37","0.63","0","0",,,"1","65","2024-03-06 13:57:56"
"597fe89a1b41a20001749f57",,"5","17","13","2","5","5","1","0","449","566","1","0","1","4","0.29","0.88","0","0",,,"1","70","2024-03-06 13:57:58"
"6519c8ed2ac89f36ddeea7e2",,"2","45","3","2","5","5","1","0","499","1049","1","0","3","4","0.63","0.78","0","0",,,"1","100","2024-03-06 13:57:58"
"597fe89a1b41a20001749f57",,"5","18","2","2","5","5","1","0","482","599","1","0","1","2","0.22","0.37","0","0",,,"1","75","2024-03-06 13:58:00"
"6519c8ed2ac89f36ddeea7e2",,"2","46","11","1","5","5","0","0","632","1249","0","1","2","4","0.37","0.84","0","0",,,"0","100","2024-03-06 13:58:02"
"597fe89a1b41a20001749f57",,"5","19","5","2","5","5","0","1","582","683","0","1","1","2","0.22","0.45","0","0",,,"0","75","2024-03-06 13:58:03"
"6519c8ed2ac89f36ddeea7e2",,"2","47","2","1","5","5","1","1","315","866","1","0","1","2","0.22","0.37","0","0",,,"0","100","2024-03-06 13:58:05"
"597fe89a1b41a20001749f57",,"5","20","7","2","5","5","1","0","515","583","1","0","3","4","0.55","0.88","0","0",,,"1","80","2024-03-06 13:58:05"
"597fe89a1b41a20001749f57",,"5","21","0","2","5","5","0","1","566","683","0","1","1","1","0.16","0.29","0","0",,,"0","80","2024-03-06 13:58:08"
"6519c8ed2ac89f36ddeea7e2",,"2","48","15","1","5","5","0","0","33","784","0","2","1","4","0.12","0.88","0","0",,,"0","100","2024-03-06 13:58:08"
"597fe89a1b41a20001749f57",,"5","22","4","2","5","5","0","1","451","567","0","1","3","4","0.55","0.78","0","0",,,"1","85","2024-03-06 13:58:10"
"6519c8ed2ac89f36ddeea7e2",,"2","49","10","2","5","5","1","0","199","766","1","0","1","3","0.16","0.63","0","0",,,"1","105","2024-03-06 13:58:12"
"597fe89a1b41a20001749f57",,"5","23","3","2","5","5","1","0","582","666","1","0","3","4","0.63","0.78","0","0",,,"1","90","2024-03-06 13:58:13"
"597fe89a1b41a20001749f57",,"5","24","12","2","5","5","1","0","533","649","1","0","1","4","0.12","0.71","0","0",,,"1","95","2024-03-06 13:58:15"
"6519c8ed2ac89f36ddeea7e2",,"2","50","4","1","5","5","0","0","632","1382","0","1","3","4","0.55","0.78","0","0",,,"1","110","2024-03-06 13:58:15"
"597fe89a1b41a20001749f57",,"5","25","10","2","5","5","0","1","516","633","0","1","1","3","0.16","0.63","0","0",,,"0","95","2024-03-06 13:58:18"
"6519c8ed2ac89f36ddeea7e2",,"2","51","5","2","5","5","1","0","598","1199","1","0","1","2","0.22","0.45","0","0",,,"1","115","2024-03-06 13:58:19"
"597fe89a1b41a20001749f57",,"5","26","3","2","5","5","0","1","465","583","0","1","3","4","0.63","0.78","0","0",,,"1","100","2024-03-06 13:58:20"
"597fe89a1b41a20001749f57",,"5","27","0","2","5","5","1","0","516","633","1","0","1","1","0.16","0.29","0","0",,,"0","100","2024-03-06 13:58:23"
"6519c8ed2ac89f36ddeea7e2",,"2","52","3","2","5","5","0","1","1232","1832","0","1","3","4","0.63","0.78","0","0",,,"1","120","2024-03-06 13:58:23"
"597fe89a1b41a20001749f57",,"5","28","2","2","5","5","0","1","482","616","0","1","1","2","0.22","0.37","0","0",,,"0","100","2024-03-06 13:58:25"
"597fe89a1b41a20001749f57",,"5","29","12","2","5","5","0","1","482","583","0","1","1","4","0.12","0.71","0","0",,,"1","105","2024-03-06 13:58:28"
"597fe89a1b41a20001749f57",,"5","30","8","2","5","5","1","0","649","717","1","0","1","2","0.12","0.45","0","0",,,"1","110","2024-03-06 13:58:30"
"6519c8ed2ac89f36ddeea7e2",,"2","53","11","0","5","5","0","1","2364","0","0","1","2","4","0.37","0.84","0","0",,,"0","120","2024-03-06 13:58:31"
"597fe89a1b41a20001749f57",,"5","31","11","2","5","5","0","1","532","649","0","1","2","4","0.37","0.84","0","0",,,"1","115","2024-03-06 13:58:33"
"6519c8ed2ac89f36ddeea7e2",,"2","54","3","1","5","5","1","1","632","1283","1","0","3","4","0.63","0.78","0","0",,,"1","125","2024-03-06 13:58:35"
"597fe89a1b41a20001749f57",,"5","32","1","2","5","5","0","1","649","750","0","1","4","4","0.71","0.84","0","0",,,"0","115","2024-03-06 13:58:35"
"597fe89a1b41a20001749f57",,"5","33","10","2","5","5","0","1","599","717","0","1","1","3","0.16","0.63","0","0",,,"1","120","2024-03-06 13:58:38"
"6519c8ed2ac89f36ddeea7e2",,"2","55","0","1","5","5","0","0","1330","1864","0","1","1","1","0.16","0.29","0","0",,,"0","125","2024-03-06 13:58:39"
"597fe89a1b41a20001749f57",,"5","34","8","2","5","5","1","0","583","716","1","0","1","2","0.12","0.45","0","0",,,"0","120","2024-03-06 13:58:41"
"6519c8ed2ac89f36ddeea7e2",,"2","56","7","1","5","5","1","1","531","981","1","0","3","4","0.55","0.88","0","0",,,"1","130","2024-03-06 13:58:42"
"597fe89a1b41a20001749f57",,"5","35","7","2","5","5","1","0","599","717","1","0","3","4","0.55","0.88","0","0",,,"1","125","2024-03-06 13:58:43"
"597fe89a1b41a20001749f57",,"5","36","13","2","5","5","0","1","482","583","0","1","1","4","0.29","0.88","0","0",,,"1","130","2024-03-06 13:58:46"
"6519c8ed2ac89f36ddeea7e2",,"2","57","15","2","5","5","0","1","531","1098","0","1","1","4","0.12","0.88","0","0",,,"0","130","2024-03-06 13:58:46"
"597fe89a1b41a20001749f57",,"5","37","9","2","5","5","1","0","533","650","1","0","1","4","0.29","0.71","0","0",,,"1","135","2024-03-06 13:58:48"
"6519c8ed2ac89f36ddeea7e2",,"2","58","15","1","5","5","1","1","32","566","2","0","1","4","0.12","0.88","0","0",,,"0","130","2024-03-06 13:58:49"
"597fe89a1b41a20001749f57",,"5","38","2","2","5","5","1","0","616","716","1","0","1","2","0.22","0.37","0","0",,,"0","135","2024-03-06 13:58:51"
"6519c8ed2ac89f36ddeea7e2",,"2","59","5","1","5","5","0","0","631","1182","0","1","1","2","0.22","0.45","0","0",,,"1","135","2024-03-06 13:58:52"
"597fe89a1b41a20001749f57",,"5","39","12","2","5","5","0","1","483","583","0","1","1","4","0.12","0.71","0","0",,,"1","140","2024-03-06 13:58:53"
"6519c8ed2ac89f36ddeea7e2",,"2","60","7","1","5","5","1","1","949","1382","1","0","3","4","0.55","0.88","0","0",,,"0","135","2024-03-06 13:58:56"
"597fe89a1b41a20001749f57",,"5","40","0","2","5","5","0","1","748","850","0","1","1","1","0.16","0.29","0","0",,,"0","140","2024-03-06 13:58:56"
"597fe89a1b41a20001749f57",,"5","41","0","2","5","5","0","1","616","750","0","1","1","1","0.16","0.29","0","0",,,"0","140","2024-03-06 13:58:59"
"6519c8ed2ac89f36ddeea7e2",,"2","61","6","1","5","5","0","0","1748","2215","0","1","2","3","0.37","0.63","0","0",,,"1","140","2024-03-06 13:59:00"
"597fe89a1b41a20001749f57",,"5","42","7","2","5","5","0","1","467","582","0","1","3","4","0.55","0.88","0","0",,,"1","145","2024-03-06 13:59:01"
"597fe89a1b41a20001749f57",,"5","43","9","2","5","5","0","1","632","942","0","1","1","4","0.29","0.71","0","0",,,"1","150","2024-03-06 13:59:04"
"6519c8ed2ac89f36ddeea7e2",,"2","62","11","2","5","5","1","0","1998","2449","1","0","2","4","0.37","0.84","0","0",,,"1","145","2024-03-06 13:59:05"
"597fe89a1b41a20001749f57",,"5","44","9","2","5","5","1","0","582","653","1","0","1","4","0.29","0.71","0","0",,,"1","155","2024-03-06 13:59:07"
"6519c8ed2ac89f36ddeea7e2",,"2","63","5","1","5","5","0","0","849","1465","0","1","1","2","0.22","0.45","0","0",,,"0","145","2024-03-06 13:59:08"
"597fe89a1b41a20001749f57",,"5","45","1","1","5","5","0","0","666","1067","0","1","4","4","0.71","0.84","0","0",,,"1","160","2024-03-06 13:59:09"
"597fe89a1b41a20001749f57",,"5","46","3","2","5","5","1","0","749","817","1","0","3","4","0.63","0.78","0","0",,,"1","165","2024-03-06 13:59:12"
"597fe89a1b41a20001749f57",,"5","47","11","2","5","5","1","0","516","585","1","0","2","4","0.37","0.84","0","0",,,"1","170","2024-03-06 13:59:14"
"597fe89a1b41a20001749f57",,"5","48","6","2","5","5","0","1","568","667","0","1","2","3","0.37","0.63","0","0",,,"0","170","2024-03-06 13:59:17"
"597fe89a1b41a20001749f57",,"5","49","1","2","5","5","0","1","483","583","0","1","4","4","0.71","0.84","0","0",,,"0","170","2024-03-06 13:59:19"
"597fe89a1b41a20001749f57",,"5","50","10","2","5","5","0","1","616","716","0","1","1","3","0.16","0.63","0","0",,,"0","170","2024-03-06 13:59:22"
"6519c8ed2ac89f36ddeea7e2",,"3","0","10","2","5","5","0","1","632","1182","0","1","1","3","0.16","0.63","0","0",,,"0","0","2024-03-06 13:59:23"
"597fe89a1b41a20001749f57",,"5","51","9","2","5","5","1","0","515","617","1","0","1","4","0.29","0.71","0","0",,,"1","175","2024-03-06 13:59:25"
"597fe89a1b41a20001749f57",,"5","52","4","2","5","5","1","0","533","650","1","0","3","4","0.55","0.78","0","0",,,"1","180","2024-03-06 13:59:27"
"6519c8ed2ac89f36ddeea7e2",,"3","1","10","1","5","5","1","1","2264","2614","1","0","1","3","0.16","0.63","0","0",,,"0","0","2024-03-06 13:59:28"
"597fe89a1b41a20001749f57",,"5","53","2","2","5","5","1","0","566","650","1","0","1","2","0.22","0.37","0","0",,,"0","180","2024-03-06 13:59:30"
"6519c8ed2ac89f36ddeea7e2",,"3","2","14","1","5","5","0","0","482","1066","0","1","1","4","0.16","0.84","0","0",,,"0","0","2024-03-06 13:59:31"
"597fe89a1b41a20001749f57",,"5","54","6","2","5","5","0","1","452","567","0","1","2","3","0.37","0.63","0","0",,,"0","180","2024-03-06 13:59:32"
"6519c8ed2ac89f36ddeea7e2",,"3","3","15","1","5","5","1","1","16","548","2","0","1","4","0.12","0.88","0","0",,,"0","0","2024-03-06 13:59:34"
"597fe89a1b41a20001749f57",,"5","55","4","2","5","5","0","1","499","617","0","1","3","4","0.55","0.78","0","0",,,"0","180","2024-03-06 13:59:35"
"597fe89a1b41a20001749f57",,"5","56","15","2","5","5","0","1","483","584","0","1","1","4","0.12","0.88","0","0",,,"1","185","2024-03-06 13:59:38"
"6519c8ed2ac89f36ddeea7e2",,"3","4","0","1","5","5","0","0","299","1015","0","1","1","1","0.16","0.29","0","0",,,"1","5","2024-03-06 13:59:38"
"597fe89a1b41a20001749f57",,"5","57","15","2","5","5","0","1","449","566","0","1","1","4","0.12","0.88","0","0",,,"1","190","2024-03-06 13:59:40"
"6519c8ed2ac89f36ddeea7e2",,"3","5","13","2","5","5","1","0","349","849","1","0","1","4","0.29","0.88","0","0",,,"1","10","2024-03-06 13:59:41"
"597fe89a1b41a20001749f57",,"5","58","10","2","5","5","0","1","466","549","0","1","1","3","0.16","0.63","0","0",,,"1","195","2024-03-06 13:59:42"
"597fe89a1b41a20001749f57",,"5","59","13","2","5","5","0","1","465","586","0","1","1","4","0.29","0.88","0","0",,,"1","200","2024-03-06 13:59:45"
"6519c8ed2ac89f36ddeea7e2",,"3","6","14","2","5","5","0","1","399","915","0","1","1","4","0.16","0.84","0","0",,,"1","15","2024-03-06 13:59:45"
"597fe89a1b41a20001749f57",,"5","60","11","2","5","5","0","1","498","599","0","1","2","4","0.37","0.84","0","0",,,"1","205","2024-03-06 13:59:47"
"6519c8ed2ac89f36ddeea7e2",,"3","7","2","1","5","5","1","1","399","916","1","0","1","2","0.22","0.37","0","0",,,"1","20","2024-03-06 13:59:48"
"597fe89a1b41a20001749f57",,"5","61","5","2","5","5","1","0","599","685","1","0","1","2","0.22","0.45","0","0",,,"0","205","2024-03-06 13:59:50"
"6519c8ed2ac89f36ddeea7e2",,"3","8","5","2","5","5","0","1","465","1066","0","1","1","2","0.22","0.45","0","0",,,"0","20","2024-03-06 13:59:52"
"597fe89a1b41a20001749f57",,"5","62","8","2","5","5","0","1","966","1050","0","1","1","2","0.12","0.45","0","0",,,"0","205","2024-03-06 13:59:53"
"6519c8ed2ac89f36ddeea7e2",,"3","9","8","2","5","5","1","0","149","900","1","0","1","2","0.12","0.45","0","0",,,"1","25","2024-03-06 13:59:55"
"597fe89a1b41a20001749f57",,"5","63","3","2","5","5","0","1","417","500","0","1","3","4","0.63","0.78","0","0",,,"1","210","2024-03-06 13:59:55"
"6519c8ed2ac89f36ddeea7e2",,"3","10","15","2","5","5","1","0","882","1249","1","0","1","4","0.12","0.88","0","0",,,"1","30","2024-03-06 13:59:58"
"6519c8ed2ac89f36ddeea7e2",,"3","11","4","0","5","5","0","0","2680","0","0","1","3","4","0.55","0.78","0","0",,,"0","30","2024-03-06 14:00:04"
"6519c8ed2ac89f36ddeea7e2",,"3","12","15","2","5","5","1","0","1914","2098","1","0","1","4","0.12","0.88","0","0",,,"1","35","2024-03-06 14:00:08"
"6519c8ed2ac89f36ddeea7e2",,"3","13","4","1","5","5","0","0","932","1248","0","1","3","4","0.55","0.78","0","0",,,"1","40","2024-03-06 14:00:11"
"6519c8ed2ac89f36ddeea7e2",,"3","14","4","1","5","5","1","1","381","732","1","0","3","4","0.55","0.78","0","0",,,"0","40","2024-03-06 14:00:16"
"6519c8ed2ac89f36ddeea7e2",,"3","15","6","2","5","5","0","1","582","949","0","1","2","3","0.37","0.63","0","0",,,"0","40","2024-03-06 14:00:19"
"6519c8ed2ac89f36ddeea7e2",,"3","16","1","2","5","5","1","0","449","766","1","0","4","4","0.71","0.84","0","0",,,"1","45","2024-03-06 14:00:22"
"6519c8ed2ac89f36ddeea7e2",,"3","17","3","2","5","5","0","1","1248","1582","0","1","3","4","0.63","0.78","0","0",,,"1","50","2024-03-06 14:00:26"
"6519c8ed2ac89f36ddeea7e2",,"3","18","4","2","5","5","1","0","16","833","2","0","3","4","0.55","0.78","0","0",,,"0","50","2024-03-06 14:00:30"
"6519c8ed2ac89f36ddeea7e2",,"3","19","8","2","5","5","1","0","449","799","1","0","1","2","0.12","0.45","0","0",,,"0","50","2024-03-06 14:00:33"
"6519c8ed2ac89f36ddeea7e2",,"3","20","2","1","5","5","0","0","632","1066","0","1","1","2","0.22","0.37","0","0",,,"0","50","2024-03-06 14:00:37"
"6519c8ed2ac89f36ddeea7e2",,"3","21","0","2","5","5","1","0","516","833","1","0","1","1","0.16","0.29","0","0",,,"0","50","2024-03-06 14:00:41"
"6519c8ed2ac89f36ddeea7e2",,"3","22","9","2","5","5","0","1","432","799","0","1","1","4","0.29","0.71","0","0",,,"1","55","2024-03-06 14:00:44"
"6519c8ed2ac89f36ddeea7e2",,"3","23","6","1","5","5","1","1","349","716","1","0","2","3","0.37","0.63","0","0",,,"1","60","2024-03-06 14:00:47"
"6519c8ed2ac89f36ddeea7e2",,"3","24","10","1","5","5","0","0","449","832","0","1","1","3","0.16","0.63","0","0",,,"0","60","2024-03-06 14:00:50"
"6519c8ed2ac89f36ddeea7e2",,"3","25","5","2","5","5","1","0","317","650","1","0","1","2","0.22","0.45","0","0",,,"0","60","2024-03-06 14:00:54"
"6519c8ed2ac89f36ddeea7e2",,"3","26","13","1","5","5","0","0","465","816","0","1","1","4","0.29","0.88","0","0",,,"1","65","2024-03-06 14:00:57"
"6519c8ed2ac89f36ddeea7e2",,"3","27","9","1","5","5","1","1","299","649","1","0","1","4","0.29","0.71","0","0",,,"1","70","2024-03-06 14:01:00"
"6519c8ed2ac89f36ddeea7e2",,"3","28","3","2","5","5","0","1","199","482","0","1","3","4","0.63","0.78","0","0",,,"1","75","2024-03-06 14:01:03"
"6519c8ed2ac89f36ddeea7e2",,"3","29","13","2","5","5","1","0","16","399","2","0","1","4","0.29","0.88","0","0",,,"1","80","2024-03-06 14:01:06"
"6519c8ed2ac89f36ddeea7e2",,"3","30","11","1","5","5","0","0","282","550","0","1","2","4","0.37","0.84","0","0",,,"0","80","2024-03-06 14:01:09"
"6519c8ed2ac89f36ddeea7e2",,"3","31","8","1","5","5","1","1","366","666","1","0","1","2","0.12","0.45","0","0",,,"1","85","2024-03-06 14:01:12"
"6519c8ed2ac89f36ddeea7e2",,"3","32","7","2","5","5","0","1","216","583","0","1","3","4","0.55","0.88","0","0",,,"1","90","2024-03-06 14:01:15"
"6519c8ed2ac89f36ddeea7e2",,"3","33","9","2","5","5","1","0","16","516","2","0","1","4","0.29","0.71","0","0",,,"1","95","2024-03-06 14:01:18"
"6519c8ed2ac89f36ddeea7e2",,"3","34","2","1","5","5","0","0","82","650","0","2","1","2","0.22","0.37","0","0",,,"0","95","2024-03-06 14:01:21"
"6519c8ed2ac89f36ddeea7e2",,"3","35","3","1","5","5","1","1","33","1016","2","0","3","4","0.63","0.78","0","0",,,"1","100","2024-03-06 14:01:25"
"6519c8ed2ac89f36ddeea7e2",,"3","36","14","2","5","5","0","1","366","816","0","1","1","4","0.16","0.84","0","0",,,"1","105","2024-03-06 14:01:28"
"6519c8ed2ac89f36ddeea7e2",,"3","37","1","1","5","5","1","1","99","465","2","0","4","4","0.71","0.84","0","0",,,"1","110","2024-03-06 14:01:31"
"6519c8ed2ac89f36ddeea7e2",,"3","38","11","2","5","5","0","1","299","649","0","1","2","4","0.37","0.84","0","0",,,"1","115","2024-03-06 14:01:34"
"6519c8ed2ac89f36ddeea7e2",,"3","39","1","2","5","5","1","0","16","349","2","0","4","4","0.71","0.84","0","0",,,"1","120","2024-03-06 14:01:37"
"6519c8ed2ac89f36ddeea7e2",,"3","40","6","1","5","5","0","0","366","666","0","1","2","3","0.37","0.63","0","0",,,"0","120","2024-03-06 14:01:41"
"6519c8ed2ac89f36ddeea7e2",,"3","41","7","1","5","5","1","1","416","749","1","0","3","4","0.55","0.88","0","0",,,"0","120","2024-03-06 14:01:44"
"6519c8ed2ac89f36ddeea7e2",,"3","42","0","1","5","5","0","0","16","717","0","2","1","1","0.16","0.29","0","0",,,"0","120","2024-03-06 14:01:47"
"6519c8ed2ac89f36ddeea7e2",,"3","43","8","2","5","5","1","0","1214","1482","1","0","1","2","0.12","0.45","0","0",,,"1","125","2024-03-06 14:01:51"
"6519c8ed2ac89f36ddeea7e2",,"3","44","11","1","5","5","0","0","432","933","0","1","2","4","0.37","0.84","0","0",,,"1","130","2024-03-06 14:01:54"
"6519c8ed2ac89f36ddeea7e2",,"3","45","12","2","5","5","1","0","315","665","1","0","1","4","0.12","0.71","0","0",,,"0","130","2024-03-06 14:01:57"
"6519c8ed2ac89f36ddeea7e2",,"3","46","5","1","5","5","0","0","699","933","0","1","1","2","0.22","0.45","0","0",,,"1","135","2024-03-06 14:02:01"
"6519c8ed2ac89f36ddeea7e2",,"3","47","15","1","5","5","1","1","16","617","2","0","1","4","0.12","0.88","0","0",,,"1","140","2024-03-06 14:02:05"
"6519c8ed2ac89f36ddeea7e2",,"3","48","12","2","5","5","0","1","1432","1752","0","1","1","4","0.12","0.71","0","0",,,"1","145","2024-03-06 14:02:34"
"6519c8ed2ac89f36ddeea7e2",,"3","49","12","2","5","5","1","0","565","899","1","0","1","4","0.12","0.71","0","0",,,"1","150","2024-03-06 14:02:38"
"6519c8ed2ac89f36ddeea7e2",,"3","50","5","1","5","5","0","0","616","966","0","1","1","2","0.22","0.45","0","0",,,"0","150","2024-03-06 14:02:41"
"6519c8ed2ac89f36ddeea7e2",,"3","51","9","1","5","5","1","1","1699","1999","1","0","1","4","0.29","0.71","0","0",,,"0","150","2024-03-06 14:02:45"
"6519c8ed2ac89f36ddeea7e2",,"3","52","7","2","5","5","0","1","432","749","0","1","3","4","0.55","0.88","0","0",,,"0","150","2024-03-06 14:02:49"
"6519c8ed2ac89f36ddeea7e2",,"3","53","2","1","5","5","1","1","349","766","1","0","1","2","0.22","0.37","0","0",,,"0","150","2024-03-06 14:02:52"
"6519c8ed2ac89f36ddeea7e2",,"3","54","0","1","5","5","0","0","381","749","0","1","1","1","0.16","0.29","0","0",,,"0","150","2024-03-06 14:02:55"
"6519c8ed2ac89f36ddeea7e2",,"3","55","11","2","5","5","1","0","33","616","2","0","2","4","0.37","0.84","0","0",,,"1","155","2024-03-06 14:02:58"
"6519c8ed2ac89f36ddeea7e2",,"3","56","1","2","5","5","0","1","549","966","0","1","4","4","0.71","0.84","0","0",,,"1","160","2024-03-06 14:03:01"
"6519c8ed2ac89f36ddeea7e2",,"3","57","10","2","5","5","1","0","533","949","1","0","1","3","0.16","0.63","0","0",,,"1","165","2024-03-06 14:03:05"
"6519c8ed2ac89f36ddeea7e2",,"3","58","14","2","5","5","0","1","582","932","0","1","1","4","0.16","0.84","0","0",,,"1","170","2024-03-06 14:03:08"
"6519c8ed2ac89f36ddeea7e2",,"3","59","13","2","5","5","1","0","416","816","1","0","1","4","0.29","0.88","0","0",,,"1","175","2024-03-06 14:03:12"
"6519c8ed2ac89f36ddeea7e2",,"3","60","6","2","5","5","0","1","782","1166","0","1","2","3","0.37","0.63","0","0",,,"1","180","2024-03-06 14:03:15"
"6519c8ed2ac89f36ddeea7e2",,"3","61","7","2","5","5","1","0","449","867","1","0","3","4","0.55","0.88","0","0",,,"1","185","2024-03-06 14:03:19"
"6519c8ed2ac89f36ddeea7e2",,"3","62","12","2","5","5","0","1","466","849","0","1","1","4","0.12","0.71","0","0",,,"0","185","2024-03-06 14:03:22"
"6519c8ed2ac89f36ddeea7e2",,"3","63","3","1","5","5","1","1","326","660","1","0","3","4","0.63","0.78","0","0",,,"1","190","2024-03-06 14:03:25"
"6519c8ed2ac89f36ddeea7e2",,"4","0","14","2","5","5","0","1","1164","1582","0","1","1","4","0.16","0.84","0","0",,,"1","5","2024-03-06 14:03:51"
"6519c8ed2ac89f36ddeea7e2",,"4","1","10","1","5","5","1","1","349","715","1","0","1","3","0.16","0.63","0","0",,,"0","5","2024-03-06 14:03:54"
"6519c8ed2ac89f36ddeea7e2",,"4","2","15","1","5","5","0","0","532","849","0","1","1","4","0.12","0.88","0","0",,,"0","5","2024-03-06 14:03:57"
"6519c8ed2ac89f36ddeea7e2",,"4","3","14","2","5","5","1","0","382","699","1","0","1","4","0.16","0.84","0","0",,,"1","10","2024-03-06 14:04:01"
"6519c8ed2ac89f36ddeea7e2",,"4","4","9","2","5","5","0","1","664","1048","0","1","1","4","0.29","0.71","0","0",,,"1","15","2024-03-06 14:04:04"
"6519c8ed2ac89f36ddeea7e2",,"4","5","6","2","5","5","1","0","382","866","1","0","2","3","0.37","0.63","0","0",,,"1","20","2024-03-06 14:04:08"
"6519c8ed2ac89f36ddeea7e2",,"4","6","10","2","5","5","1","0","482","966","1","0","1","3","0.16","0.63","0","0",,,"0","20","2024-03-06 14:04:11"
"6519c8ed2ac89f36ddeea7e2",,"4","7","4","2","5","5","0","1","466","799","0","1","3","4","0.55","0.78","0","0",,,"0","20","2024-03-06 14:04:14"
"6519c8ed2ac89f36ddeea7e2",,"4","8","3","2","5","5","1","0","299","666","1","0","3","4","0.63","0.78","0","0",,,"0","20","2024-03-06 14:04:18"
"6519c8ed2ac89f36ddeea7e2",,"4","9","8","1","5","5","1","1","415","983","1","0","1","2","0.12","0.45","0","0",,,"0","20","2024-03-06 14:04:21"
"6519c8ed2ac89f36ddeea7e2",,"4","10","9","1","5","5","0","0","199","666","0","1","1","4","0.29","0.71","0","0",,,"1","25","2024-03-06 14:04:24"
"6519c8ed2ac89f36ddeea7e2",,"4","11","7","1","5","5","1","1","532","950","1","0","3","4","0.55","0.88","0","0",,,"0","25","2024-03-06 14:04:27"
"6519c8ed2ac89f36ddeea7e2",,"4","12","8","2","5","5","0","1","16","516","0","2","1","2","0.12","0.45","0","0",,,"0","25","2024-03-06 14:04:30"
"6519c8ed2ac89f36ddeea7e2",,"4","13","1","1","5","5","1","1","382","699","1","0","4","4","0.71","0.84","0","0",,,"1","30","2024-03-06 14:04:33"
"6519c8ed2ac89f36ddeea7e2",,"4","14","0","2","5","5","0","1","16","1032","0","2","1","1","0.16","0.29","0","0",,,"0","30","2024-03-06 14:04:36"
"6519c8ed2ac89f36ddeea7e2",,"4","15","0","2","5","5","1","0","916","1299","1","0","1","1","0.16","0.29","0","0",,,"1","35","2024-03-06 14:04:40"
"6519c8ed2ac89f36ddeea7e2",,"4","16","13","2","5","5","1","0","549","949","1","0","1","4","0.29","0.88","0","0",,,"1","40","2024-03-06 14:04:43"
"6519c8ed2ac89f36ddeea7e2",,"4","17","2","2","5","5","1","0","615","1083","1","0","1","2","0.22","0.37","0","0",,,"0","40","2024-03-06 14:04:46"
"6519c8ed2ac89f36ddeea7e2",,"4","18","11","2","5","5","1","0","614","1115","1","0","2","4","0.37","0.84","0","0",,,"1","45","2024-03-06 14:04:50"
"6519c8ed2ac89f36ddeea7e2",,"4","19","14","2","5","5","1","0","466","916","1","0","1","4","0.16","0.84","0","0",,,"0","45","2024-03-06 14:04:53"
"6519c8ed2ac89f36ddeea7e2",,"4","20","2","2","5","5","1","0","366","782","1","0","1","2","0.22","0.37","0","0",,,"0","45","2024-03-06 14:04:56"
"6519c8ed2ac89f36ddeea7e2",,"4","21","10","2","5","5","1","0","716","1099","1","0","1","3","0.16","0.63","0","0",,,"1","50","2024-03-06 14:04:59"
"6519c8ed2ac89f36ddeea7e2",,"4","22","5","1","5","5","1","1","732","1115","1","0","1","2","0.22","0.45","0","0",,,"0","50","2024-03-06 14:05:03"
"6519c8ed2ac89f36ddeea7e2",,"4","23","0","2","5","5","1","0","433","883","1","0","1","1","0.16","0.29","0","0",,,"0","50","2024-03-06 14:05:06"
"6519c8ed2ac89f36ddeea7e2",,"4","24","11","2","5","5","0","1","399","916","0","1","2","4","0.37","0.84","0","0",,,"1","55","2024-03-06 14:05:09"
"6519c8ed2ac89f36ddeea7e2",,"4","25","1","2","5","5","1","0","582","948","1","0","4","4","0.71","0.84","0","0",,,"0","55","2024-03-06 14:05:12"
"6519c8ed2ac89f36ddeea7e2",,"4","26","4","1","5","5","0","0","499","883","0","1","3","4","0.55","0.78","0","0",,,"1","60","2024-03-06 14:05:15"
"6519c8ed2ac89f36ddeea7e2",,"4","27","3","1","5","5","1","1","349","683","1","0","3","4","0.63","0.78","0","0",,,"0","60","2024-03-06 14:05:18"
"6519c8ed2ac89f36ddeea7e2",,"4","28","4","2","5","5","0","1","366","700","0","1","3","4","0.55","0.78","0","0",,,"0","60","2024-03-06 14:05:21"
"6519c8ed2ac89f36ddeea7e2",,"4","29","13","1","5","5","1","1","16","1383","2","0","1","4","0.29","0.88","0","0",,,"0","60","2024-03-06 14:05:25"
"6519c8ed2ac89f36ddeea7e2",,"4","30","11","1","5","5","0","0","548","1016","0","1","2","4","0.37","0.84","0","0",,,"0","60","2024-03-06 14:05:28"
"6519c8ed2ac89f36ddeea7e2",,"4","31","13","1","5","5","1","1","15","482","2","0","1","4","0.29","0.88","0","0",,,"0","60","2024-03-06 14:05:31"
"6519c8ed2ac89f36ddeea7e2",,"4","32","2","1","5","5","0","0","16","749","0","2","1","2","0.22","0.37","0","0",,,"0","60","2024-03-06 14:05:34"
"6519c8ed2ac89f36ddeea7e2",,"4","33","15","1","5","5","1","1","432","749","1","0","1","4","0.12","0.88","0","0",,,"0","60","2024-03-06 14:05:37"
"6519c8ed2ac89f36ddeea7e2",,"4","34","0","2","5","5","0","1","382","933","0","1","1","1","0.16","0.29","0","0",,,"0","60","2024-03-06 14:05:40"
"6519c8ed2ac89f36ddeea7e2",,"4","35","1","2","5","5","1","0","16","765","2","0","4","4","0.71","0.84","0","0",,,"1","65","2024-03-06 14:05:43"
"6519c8ed2ac89f36ddeea7e2",,"4","36","3","2","5","5","0","1","714","1748","0","1","3","4","0.63","0.78","0","0",,,"1","70","2024-03-06 14:05:47"
"6519c8ed2ac89f36ddeea7e2",,"4","37","7","2","5","5","1","0","449","916","1","0","3","4","0.55","0.88","0","0",,,"1","75","2024-03-06 14:05:50"
"6519c8ed2ac89f36ddeea7e2",,"4","38","6","1","5","5","0","0","648","1082","0","1","2","3","0.37","0.63","0","0",,,"0","75","2024-03-06 14:05:54"
"6519c8ed2ac89f36ddeea7e2",,"4","39","5","1","5","5","1","1","49","832","2","0","1","2","0.22","0.45","0","0",,,"0","75","2024-03-06 14:05:57"
"6519c8ed2ac89f36ddeea7e2",,"4","40","13","2","5","5","0","1","182","649","0","1","1","4","0.29","0.88","0","0",,,"1","80","2024-03-06 14:06:00"
"6519c8ed2ac89f36ddeea7e2",,"4","41","6","1","5","5","1","1","265","682","1","0","2","3","0.37","0.63","0","0",,,"1","85","2024-03-06 14:06:03"
"6519c8ed2ac89f36ddeea7e2",,"4","42","7","1","5","5","1","1","466","882","1","0","3","4","0.55","0.88","0","0",,,"1","90","2024-03-06 14:06:06"
"6519c8ed2ac89f36ddeea7e2",,"4","43","12","2","5","5","1","0","632","949","1","0","1","4","0.12","0.71","0","0",,,"1","95","2024-03-06 14:06:09"
"6519c8ed2ac89f36ddeea7e2",,"4","44","10","1","5","5","1","1","366","783","1","0","1","3","0.16","0.63","0","0",,,"0","95","2024-03-06 14:06:12"
"6519c8ed2ac89f36ddeea7e2",,"4","45","12","2","5","5","0","1","48","698","0","2","1","4","0.12","0.71","0","0",,,"1","100","2024-03-06 14:06:15"
"6519c8ed2ac89f36ddeea7e2",,"4","46","14","2","5","5","1","0","632","1033","1","0","1","4","0.16","0.84","0","0",,,"1","105","2024-03-06 14:06:19"
"6519c8ed2ac89f36ddeea7e2",,"4","47","6","2","5","5","0","1","515","899","0","1","2","3","0.37","0.63","0","0",,,"1","110","2024-03-06 14:06:22"
"6519c8ed2ac89f36ddeea7e2",,"4","48","4","2","5","5","1","0","482","899","1","0","3","4","0.55","0.78","0","0",,,"1","115","2024-03-06 14:06:25"
"6519c8ed2ac89f36ddeea7e2",,"4","49","3","2","5","5","1","0","682","1015","1","0","3","4","0.63","0.78","0","0",,,"1","120","2024-03-06 14:06:28"
"6519c8ed2ac89f36ddeea7e2",,"4","50","2","1","5","5","1","1","617","1066","1","0","1","2","0.22","0.37","0","0",,,"0","120","2024-03-06 14:06:31"
"6519c8ed2ac89f36ddeea7e2",,"4","51","5","2","5","5","1","0","365","732","1","0","1","2","0.22","0.45","0","0",,,"0","120","2024-03-06 14:06:35"
"6519c8ed2ac89f36ddeea7e2",,"4","52","8","1","5","5","1","1","299","699","1","0","1","2","0.12","0.45","0","0",,,"0","120","2024-03-06 14:06:38"
"6519c8ed2ac89f36ddeea7e2",,"4","53","12","2","5","5","1","0","781","1099","1","0","1","4","0.12","0.71","0","0",,,"0","120","2024-03-06 14:06:41"
"6519c8ed2ac89f36ddeea7e2",,"4","54","9","1","5","5","1","1","482","966","1","0","1","4","0.29","0.71","0","0",,,"0","120","2024-03-06 14:06:44"
"6519c8ed2ac89f36ddeea7e2",,"4","55","15","2","5","5","1","0","349","733","1","0","1","4","0.12","0.88","0","0",,,"1","125","2024-03-06 14:06:48"
"6519c8ed2ac89f36ddeea7e2",,"4","56","15","2","5","5","1","0","597","1048","1","0","1","4","0.12","0.88","0","0",,,"1","130","2024-03-06 14:06:51"
"6519c8ed2ac89f36ddeea7e2",,"4","57","12","2","5","5","1","0","1948","2215","1","0","1","4","0.12","0.71","0","0",,,"1","135","2024-03-06 14:06:55"
"6519c8ed2ac89f36ddeea7e2",,"4","58","1","2","5","5","1","0","549","915","1","0","4","4","0.71","0.84","0","0",,,"1","140","2024-03-06 14:06:58"
"6519c8ed2ac89f36ddeea7e2",,"4","59","9","2","5","5","1","0","1015","1766","1","0","1","4","0.29","0.71","0","0",,,"0","140","2024-03-06 14:07:02"
"6519c8ed2ac89f36ddeea7e2",,"4","60","11","0","5","5","0","0","0","0","0","0","2","4","0.37","0.84","0","0",,,"0","140","2024-03-06 14:07:09"
"6519c8ed2ac89f36ddeea7e2",,"4","61","5","0","5","5","0","0","0","0","0","0","1","2","0.22","0.45","0","0",,,"0","140","2024-03-06 14:07:14"
"6519c8ed2ac89f36ddeea7e2",,"4","62","7","1","5","5","0","0","365","981","0","1","3","4","0.55","0.88","0","0",,,"0","140","2024-03-06 14:07:17"
"6519c8ed2ac89f36ddeea7e2",,"4","63","8","0","5","5","0","0","0","0","0","0","1","2","0.12","0.45","0","0",,,"0","140","2024-03-06 14:07:22"
"6519c8ed2ac89f36ddeea7e2",,"5","0","13","2","5","5","0","1","2431","2648","0","1","1","4","0.29","0.88","0","0",,,"0","0","2024-03-06 14:08:32"
"6519c8ed2ac89f36ddeea7e2",,"5","1","10","0","5","5","0","0","0","0","0","0","1","3","0.16","0.63","0","0",,,"0","0","2024-03-06 14:08:37"
"6519c8ed2ac89f36ddeea7e2",,"5","2","3","0","5","5","0","0","0","0","0","0","3","4","0.63","0.78","0","0",,,"0","0","2024-03-06 14:08:42"
"655fa05b1303f59972ea6555",,"0","0","3","2","5","5","1","0","666","1184","1","0","3","4","0.63","0.78","0","0",,,"1","5","2024-03-06 14:08:47"
"6519c8ed2ac89f36ddeea7e2",,"5","3","14","0","5","5","0","1","0","0","0","0","1","4","0.16","0.84","0","0",,,"0","0","2024-03-06 14:08:47"
"655fa05b1303f59972ea6555",,"0","1","13","2","5","5","0","1","666","1100","0","1","1","4","0.29","0.88","0","0",,,"1","10","2024-03-06 14:08:49"
"655fa05b1303f59972ea6555",,"0","2","10","2","5","5","0","1","849","1200","0","1","1","3","0.16","0.63","0","0",,,"1","15","2024-03-06 14:08:52"
"6519c8ed2ac89f36ddeea7e2",,"5","4","6","0","5","5","0","0","0","0","0","0","2","3","0.37","0.63","0","0",,,"0","0","2024-03-06 14:08:55"
"655fa05b1303f59972ea6555",,"0","3","13","2","5","5","1","0","1199","1483","1","0","1","4","0.29","0.88","0","0",,,"1","20","2024-03-06 14:08:55"
"655fa05b1303f59972ea6555",,"0","4","6","2","5","5","1","0","649","982","1","0","2","3","0.37","0.63","0","0",,,"1","25","2024-03-06 14:08:58"
"6519c8ed2ac89f36ddeea7e2",,"5","5","14","0","5","5","0","1","0","0","0","0","1","4","0.16","0.84","0","0",,,"0","0","2024-03-06 14:09:00"
"655fa05b1303f59972ea6555",,"0","5","8","2","5","5","1","0","966","1266","1","0","1","2","0.12","0.45","0","0",,,"0","25","2024-03-06 14:09:01"
"655fa05b1303f59972ea6555",,"0","6","15","2","5","5","1","0","682","1549","1","1","1","4","0.12","0.88","0","0",,,"0","25","2024-03-06 14:09:04"
"6519c8ed2ac89f36ddeea7e2",,"5","6","8","0","5","5","0","1","0","0","0","0","1","2","0.12","0.45","0","0",,,"0","0","2024-03-06 14:09:05"
"655fa05b1303f59972ea6555",,"0","7","8","2","5","5","0","1","1032","1350","0","1","1","2","0.12","0.45","0","0",,,"0","25","2024-03-06 14:09:08"
"6519c8ed2ac89f36ddeea7e2",,"5","7","3","0","5","5","0","1","0","0","0","0","3","4","0.63","0.78","0","0",,,"0","0","2024-03-06 14:09:10"
"655fa05b1303f59972ea6555",,"0","8","8","1","5","5","0","0","899","1217","0","1","1","2","0.12","0.45","0","0",,,"0","25","2024-03-06 14:09:11"
"655fa05b1303f59972ea6555",,"0","9","2","2","5","5","0","1","916","1200","0","1","1","2","0.22","0.37","0","0",,,"0","25","2024-03-06 14:09:14"
"6519c8ed2ac89f36ddeea7e2",,"5","8","4","1","5","5","1","1","948","1499","1","0","3","4","0.55","0.78","0","0",,,"1","5","2024-03-06 14:09:14"
"655fa05b1303f59972ea6555",,"0","10","1","2","5","5","1","0","666","1033","1","0","4","4","0.71","0.84","0","0",,,"1","30","2024-03-06 14:09:17"
"6519c8ed2ac89f36ddeea7e2",,"5","9","13","2","5","5","0","1","581","1065","0","1","1","4","0.29","0.88","0","0",,,"1","10","2024-03-06 14:09:17"
"655fa05b1303f59972ea6555",,"0","11","13","2","5","5","0","1","649","965","0","1","1","4","0.29","0.88","0","0",,,"0","30","2024-03-06 14:09:20"
"6519c8ed2ac89f36ddeea7e2",,"5","10","14","1","5","5","1","1","465","899","1","0","1","4","0.16","0.84","0","0",,,"0","10","2024-03-06 14:09:21"
"655fa05b1303f59972ea6555",,"0","12","3","1","5","5","0","0","700","984","0","1","3","4","0.63","0.78","0","0",,,"1","35","2024-03-06 14:09:22"
"6519c8ed2ac89f36ddeea7e2",,"5","11","13","2","5","5","0","1","733","1165","0","1","1","4","0.29","0.88","0","0",,,"1","15","2024-03-06 14:09:24"
"655fa05b1303f59972ea6555",,"0","13","4","2","5","5","1","0","682","1066","1","0","3","4","0.55","0.78","0","0",,,"1","40","2024-03-06 14:09:25"
"6519c8ed2ac89f36ddeea7e2",,"5","12","7","2","5","5","1","0","1332","1715","1","0","3","4","0.55","0.88","0","0",,,"0","15","2024-03-06 14:09:28"
"655fa05b1303f59972ea6555",,"0","14","12","2","5","5","0","1","633","967","0","1","1","4","0.12","0.71","0","0",,,"0","40","2024-03-06 14:09:28"
"6519c8ed2ac89f36ddeea7e2",,"5","13","8","1","5","5","0","0","515","882","0","1","1","2","0.12","0.45","0","0",,,"0","15","2024-03-06 14:09:31"
"655fa05b1303f59972ea6555",,"0","15","4","2","5","5","0","1","883","1183","0","1","3","4","0.55","0.78","0","0",,,"1","45","2024-03-06 14:09:31"
"6519c8ed2ac89f36ddeea7e2",,"5","14","3","1","5","5","1","1","399","782","1","0","3","4","0.63","0.78","0","0",,,"1","20","2024-03-06 14:09:34"
"655fa05b1303f59972ea6555",,"0","16","10","2","5","5","1","0","716","1000","1","0","1","3","0.16","0.63","0","0",,,"1","50","2024-03-06 14:09:34"
"655fa05b1303f59972ea6555",,"0","17","13","2","5","5","0","1","882","1133","0","1","1","4","0.29","0.88","0","0",,,"1","55","2024-03-06 14:09:37"
"6519c8ed2ac89f36ddeea7e2",,"5","15","11","1","5","5","0","0","547","914","0","1","2","4","0.37","0.84","0","0",,,"0","20","2024-03-06 14:09:37"
"655fa05b1303f59972ea6555",,"0","18","7","2","5","5","1","0","565","832","1","0","3","4","0.55","0.88","0","0",,,"1","60","2024-03-06 14:09:39"
"6519c8ed2ac89f36ddeea7e2",,"5","16","12","2","5","5","1","0","431","882","1","0","1","4","0.12","0.71","0","0",,,"0","20","2024-03-06 14:09:40"
"655fa05b1303f59972ea6555",,"0","19","11","2","5","5","0","1","665","933","0","1","2","4","0.37","0.84","0","0",,,"1","65","2024-03-06 14:09:42"
"6519c8ed2ac89f36ddeea7e2",,"5","17","11","1","5","5","0","0","482","866","0","1","2","4","0.37","0.84","0","0",,,"0","20","2024-03-06 14:09:43"
"655fa05b1303f59972ea6555",,"0","20","11","2","5","5","1","0","432","701","1","0","2","4","0.37","0.84","0","0",,,"1","70","2024-03-06 14:09:44"
"6519c8ed2ac89f36ddeea7e2",,"5","18","15","2","5","5","1","0","299","732","1","0","1","4","0.12","0.88","0","0",,,"1","25","2024-03-06 14:09:47"
"655fa05b1303f59972ea6555",,"0","21","11","2","5","5","1","0","432","683","1","0","2","4","0.37","0.84","0","0",,,"1","75","2024-03-06 14:09:47"
"655fa05b1303f59972ea6555",,"0","22","7","2","5","5","1","0","449","682","1","0","3","4","0.55","0.88","0","0",,,"1","80","2024-03-06 14:09:49"
"6519c8ed2ac89f36ddeea7e2",,"5","19","4","2","5","5","0","1","782","1149","0","1","3","4","0.55","0.78","0","0",,,"1","30","2024-03-06 14:09:50"
"655fa05b1303f59972ea6555",,"0","23","3","2","5","5","1","0","1149","1382","1","0","3","4","0.63","0.78","0","0",,,"0","80","2024-03-06 14:09:52"
"6519c8ed2ac89f36ddeea7e2",,"5","20","12","1","5","5","1","1","631","982","1","0","1","4","0.12","0.71","0","0",,,"0","30","2024-03-06 14:09:53"
"655fa05b1303f59972ea6555",,"0","24","0","2","5","5","1","0","1216","1416","1","0","1","1","0.16","0.29","0","0",,,"0","80","2024-03-06 14:09:56"
"6519c8ed2ac89f36ddeea7e2",,"5","21","9","2","5","5","0","1","582","983","0","1","1","4","0.29","0.71","0","0",,,"1","35","2024-03-06 14:09:56"
"655fa05b1303f59972ea6555",,"0","25","14","2","5","5","0","1","982","1200","0","1","1","4","0.16","0.84","0","0",,,"1","85","2024-03-06 14:09:59"
"6519c8ed2ac89f36ddeea7e2",,"5","22","8","2","5","5","1","0","15","631","2","0","1","2","0.12","0.45","0","0",,,"0","35","2024-03-06 14:10:00"
"655fa05b1303f59972ea6555",,"0","26","0","1","5","5","0","0","1299","1500","0","1","1","1","0.16","0.29","0","0",,,"0","85","2024-03-06 14:10:02"
"6519c8ed2ac89f36ddeea7e2",,"5","23","9","2","5","5","0","1","399","716","0","1","1","4","0.29","0.71","0","0",,,"1","40","2024-03-06 14:10:03"
"655fa05b1303f59972ea6555",,"0","27","0","2","5","5","1","0","899","1149","1","0","1","1","0.16","0.29","0","0",,,"0","85","2024-03-06 14:10:05"
"6519c8ed2ac89f36ddeea7e2",,"5","24","2","2","5","5","1","0","532","882","1","0","1","2","0.22","0.37","0","0",,,"1","45","2024-03-06 14:10:06"
"655fa05b1303f59972ea6555",,"0","28","9","2","5","5","1","0","566","850","1","0","1","4","0.29","0.71","0","0",,,"1","90","2024-03-06 14:10:08"
"6519c8ed2ac89f36ddeea7e2",,"5","25","2","1","5","5","0","0","749","1082","0","1","1","2","0.22","0.37","0","0",,,"0","45","2024-03-06 14:10:09"
"655fa05b1303f59972ea6555",,"0","29","4","2","5","5","0","1","499","783","0","1","3","4","0.55","0.78","0","0",,,"0","90","2024-03-06 14:10:10"
"6519c8ed2ac89f36ddeea7e2",,"5","26","2","2","5","5","1","0","1051","1399","1","0","1","2","0.22","0.37","0","0",,,"0","45","2024-03-06 14:10:12"
"655fa05b1303f59972ea6555",,"0","30","0","2","5","5","0","1","1017","1251","0","1","1","1","0.16","0.29","0","0",,,"0","90","2024-03-06 14:10:14"
"6519c8ed2ac89f36ddeea7e2",,"5","27","15","2","5","5","0","1","182","616","0","1","1","4","0.12","0.88","0","0",,,"1","50","2024-03-06 14:10:15"
"655fa05b1303f59972ea6555",,"0","31","4","2","5","5","1","0","666","883","1","0","3","4","0.55","0.78","0","0",,,"1","95","2024-03-06 14:10:16"
"6519c8ed2ac89f36ddeea7e2",,"5","28","6","1","5","5","1","1","49","533","2","0","2","3","0.37","0.63","0","0",,,"0","50","2024-03-06 14:10:18"
"655fa05b1303f59972ea6555",,"0","32","12","2","5","5","1","0","549","799","1","0","1","4","0.12","0.71","0","0",,,"1","100","2024-03-06 14:10:19"
"6519c8ed2ac89f36ddeea7e2",,"5","29","6","2","5","5","0","1","33","416","0","2","2","3","0.37","0.63","0","0",,,"1","55","2024-03-06 14:10:21"
"655fa05b1303f59972ea6555",,"0","33","9","2","5","5","1","0","499","749","1","0","1","4","0.29","0.71","0","0",,,"0","100","2024-03-06 14:10:22"
"6519c8ed2ac89f36ddeea7e2",,"5","30","4","1","5","5","1","1","800","1149","1","0","3","4","0.55","0.78","0","0",,,"0","55","2024-03-06 14:10:24"
"655fa05b1303f59972ea6555",,"0","34","8","2","5","5","1","0","1082","1283","1","0","1","2","0.12","0.45","0","0",,,"0","100","2024-03-06 14:10:25"
"6519c8ed2ac89f36ddeea7e2",,"5","31","10","2","5","5","0","1","416","716","0","1","1","3","0.16","0.63","0","0",,,"1","60","2024-03-06 14:10:28"
"655fa05b1303f59972ea6555",,"0","35","9","2","5","5","0","1","1199","1433","0","1","1","4","0.29","0.71","0","0",,,"0","100","2024-03-06 14:10:28"
"6519c8ed2ac89f36ddeea7e2",,"5","32","4","2","5","5","1","0","381","748","1","0","3","4","0.55","0.78","0","0",,,"1","65","2024-03-06 14:10:31"
"655fa05b1303f59972ea6555",,"0","36","6","2","5","5","0","1","666","949","0","1","2","3","0.37","0.63","0","0",,,"1","105","2024-03-06 14:10:31"
"655fa05b1303f59972ea6555",,"0","37","14","2","5","5","0","1","718","984","0","1","1","4","0.16","0.84","0","0",,,"1","110","2024-03-06 14:10:34"
"6519c8ed2ac89f36ddeea7e2",,"5","33","1","2","5","5","0","1","697","1232","0","1","4","4","0.71","0.84","0","0",,,"1","70","2024-03-06 14:10:34"
"655fa05b1303f59972ea6555",,"0","38","10","2","5","5","1","0","766","1050","1","0","1","3","0.16","0.63","0","0",,,"0","110","2024-03-06 14:10:36"
"6519c8ed2ac89f36ddeea7e2",,"5","34","5","2","5","5","1","0","465","849","1","0","1","2","0.22","0.45","0","0",,,"0","70","2024-03-06 14:10:37"
"655fa05b1303f59972ea6555",,"0","39","5","1","5","5","1","1","1199","1433","1","0","1","2","0.22","0.45","0","0",,,"0","110","2024-03-06 14:10:40"
"6519c8ed2ac89f36ddeea7e2",,"5","35","2","2","5","5","0","1","15","366","0","2","1","2","0.22","0.37","0","0",,,"1","75","2024-03-06 14:10:40"
"655fa05b1303f59972ea6555",,"0","40","12","2","5","5","0","1","749","1067","0","1","1","4","0.12","0.71","0","0",,,"1","115","2024-03-06 14:10:43"
"6519c8ed2ac89f36ddeea7e2",,"5","36","14","2","5","5","1","0","599","916","1","0","1","4","0.16","0.84","0","0",,,"1","80","2024-03-06 14:10:43"
"655fa05b1303f59972ea6555",,"0","41","11","2","5","5","1","0","516","783","1","0","2","4","0.37","0.84","0","0",,,"1","120","2024-03-06 14:10:45"
"6519c8ed2ac89f36ddeea7e2",,"5","37","5","1","5","5","0","0","432","732","0","1","1","2","0.22","0.45","0","0",,,"0","80","2024-03-06 14:10:46"
"655fa05b1303f59972ea6555",,"0","42","10","2","5","5","0","1","615","916","0","1","1","3","0.16","0.63","0","0",,,"1","125","2024-03-06 14:10:48"
"6519c8ed2ac89f36ddeea7e2",,"5","38","7","2","5","5","1","0","299","815","1","0","3","4","0.55","0.88","0","0",,,"1","85","2024-03-06 14:10:49"
"655fa05b1303f59972ea6555",,"0","43","2","2","5","5","0","1","1032","1300","0","1","1","2","0.22","0.37","0","0",,,"0","125","2024-03-06 14:10:51"
"6519c8ed2ac89f36ddeea7e2",,"5","39","7","2","5","5","0","1","116","499","0","1","3","4","0.55","0.88","0","0",,,"1","90","2024-03-06 14:10:53"
"655fa05b1303f59972ea6555",,"0","44","5","2","5","5","1","0","717","1501","1","0","1","2","0.22","0.45","0","0",,,"0","125","2024-03-06 14:10:54"
"6519c8ed2ac89f36ddeea7e2",,"5","40","10","2","5","5","1","0","1300","1532","1","0","1","3","0.16","0.63","0","0",,,"1","95","2024-03-06 14:10:56"
"655fa05b1303f59972ea6555",,"0","45","5","1","5","5","0","0","1018","1267","0","1","1","2","0.22","0.45","0","0",,,"0","125","2024-03-06 14:10:57"
"6519c8ed2ac89f36ddeea7e2",,"5","41","11","2","5","5","0","1","498","815","0","1","2","4","0.37","0.84","0","0",,,"1","100","2024-03-06 14:10:59"
"655fa05b1303f59972ea6555",,"0","46","7","2","5","5","0","1","715","1000","0","1","3","4","0.55","0.88","0","0",,,"1","130","2024-03-06 14:11:00"
"6519c8ed2ac89f36ddeea7e2",,"5","42","13","2","5","5","1","0","383","700","1","0","1","4","0.29","0.88","0","0",,,"1","105","2024-03-06 14:11:02"
"655fa05b1303f59972ea6555",,"0","47","3","2","5","5","0","1","599","1000","0","1","3","4","0.63","0.78","0","0",,,"0","130","2024-03-06 14:11:03"
"6519c8ed2ac89f36ddeea7e2",,"5","43","1","2","5","5","1","0","799","1165","1","0","4","4","0.71","0.84","0","0",,,"1","110","2024-03-06 14:11:06"
"655fa05b1303f59972ea6555",,"0","48","7","2","5","5","1","0","483","716","1","0","3","4","0.55","0.88","0","0",,,"1","135","2024-03-06 14:11:06"
"655fa05b1303f59972ea6555",,"0","49","2","2","5","5","0","1","899","1200","0","1","1","2","0.22","0.37","0","0",,,"0","135","2024-03-06 14:11:09"
"6519c8ed2ac89f36ddeea7e2",,"5","44","3","2","5","5","0","1","1482","1849","0","1","3","4","0.63","0.78","0","0",,,"1","115","2024-03-06 14:11:09"
"655fa05b1303f59972ea6555",,"0","50","14","2","5","5","0","1","618","868","0","1","1","4","0.16","0.84","0","0",,,"1","140","2024-03-06 14:11:11"
"6519c8ed2ac89f36ddeea7e2",,"5","45","0","1","5","5","1","1","499","916","1","0","1","1","0.16","0.29","0","0",,,"0","115","2024-03-06 14:11:13"
"655fa05b1303f59972ea6555",,"0","51","1","2","5","5","0","1","1266","1465","0","1","4","4","0.71","0.84","0","0",,,"1","145","2024-03-06 14:11:15"
"6519c8ed2ac89f36ddeea7e2",,"5","46","0","2","5","5","0","1","32","683","0","2","1","1","0.16","0.29","0","0",,,"0","115","2024-03-06 14:11:15"
"655fa05b1303f59972ea6555",,"0","52","15","2","5","5","1","0","482","750","1","0","1","4","0.12","0.88","0","0",,,"1","150","2024-03-06 14:11:17"
"6519c8ed2ac89f36ddeea7e2",,"5","47","12","2","5","5","1","0","349","715","1","0","1","4","0.12","0.71","0","0",,,"1","120","2024-03-06 14:11:18"
"655fa05b1303f59972ea6555",,"0","53","5","2","5","5","1","0","816","1083","1","0","1","2","0.22","0.45","0","0",,,"0","150","2024-03-06 14:11:20"
"6519c8ed2ac89f36ddeea7e2",,"5","48","10","2","5","5","1","0","1765","2181","1","0","1","3","0.16","0.63","0","0",,,"0","120","2024-03-06 14:11:22"
"655fa05b1303f59972ea6555",,"0","54","15","2","5","5","1","0","483","749","1","0","1","4","0.12","0.88","0","0",,,"1","155","2024-03-06 14:11:23"
"655fa05b1303f59972ea6555",,"0","55","1","2","5","5","0","1","817","1050","0","1","4","4","0.71","0.84","0","0",,,"1","160","2024-03-06 14:11:25"
"6519c8ed2ac89f36ddeea7e2",,"5","49","1","2","5","5","1","0","933","1417","1","0","4","4","0.71","0.84","0","0",,,"1","125","2024-03-06 14:11:26"
"655fa05b1303f59972ea6555",,"0","56","6","2","5","5","0","1","632","899","0","1","2","3","0.37","0.63","0","0",,,"1","165","2024-03-06 14:11:28"
"6519c8ed2ac89f36ddeea7e2",,"5","50","15","2","5","5","0","1","782","1182","0","1","1","4","0.12","0.88","0","0",,,"1","130","2024-03-06 14:11:29"
"655fa05b1303f59972ea6555",,"0","57","1","1","5","5","1","1","1566","1817","1","0","4","4","0.71","0.84","0","0",,,"0","165","2024-03-06 14:11:31"
"6519c8ed2ac89f36ddeea7e2",,"5","51","15","2","5","5","0","1","449","1598","1","1","1","4","0.12","0.88","0","0",,,"1","135","2024-03-06 14:11:33"
"655fa05b1303f59972ea6555",,"0","58","6","2","5","5","1","0","649","966","1","0","2","3","0.37","0.63","0","0",,,"1","170","2024-03-06 14:11:34"
"6519c8ed2ac89f36ddeea7e2",,"5","52","5","2","5","5","1","0","932","1299","1","0","1","2","0.22","0.45","0","0",,,"0","135","2024-03-06 14:11:36"
"655fa05b1303f59972ea6555",,"0","59","15","2","5","5","1","0","799","1049","1","0","1","4","0.12","0.88","0","0",,,"1","175","2024-03-06 14:11:37"
"6519c8ed2ac89f36ddeea7e2",,"5","53","9","2","5","5","0","1","466","816","0","1","1","4","0.29","0.71","0","0",,,"0","135","2024-03-06 14:11:39"
"655fa05b1303f59972ea6555",,"0","60","9","2","5","5","0","1","1015","1282","0","1","1","4","0.29","0.71","0","0",,,"1","180","2024-03-06 14:11:40"
"6519c8ed2ac89f36ddeea7e2",,"5","54","7","2","5","5","1","0","399","799","1","0","3","4","0.55","0.88","0","0",,,"1","140","2024-03-06 14:11:42"
"655fa05b1303f59972ea6555",,"0","61","12","2","5","5","1","0","499","799","1","0","1","4","0.12","0.71","0","0",,,"1","185","2024-03-06 14:11:43"
"655fa05b1303f59972ea6555",,"0","62","2","2","5","5","1","0","1283","1516","1","0","1","2","0.22","0.37","0","0",,,"0","185","2024-03-06 14:11:46"
"6519c8ed2ac89f36ddeea7e2",,"5","55","0","1","5","5","1","1","1348","1782","1","0","1","1","0.16","0.29","0","0",,,"0","140","2024-03-06 14:11:46"
"655fa05b1303f59972ea6555",,"0","63","14","2","5","5","0","1","816","1049","0","1","1","4","0.16","0.84","0","0",,,"1","190","2024-03-06 14:11:49"
"6519c8ed2ac89f36ddeea7e2",,"5","56","6","2","5","5","1","0","1049","1434","1","0","2","3","0.37","0.63","0","0",,,"1","145","2024-03-06 14:11:49"
"6519c8ed2ac89f36ddeea7e2",,"5","57","12","2","5","5","0","1","499","849","0","1","1","4","0.12","0.71","0","0",,,"0","145","2024-03-06 14:11:52"
"6519c8ed2ac89f36ddeea7e2",,"5","58","1","1","5","5","1","1","366","716","1","0","4","4","0.71","0.84","0","0",,,"1","150","2024-03-06 14:11:55"
"6519c8ed2ac89f36ddeea7e2",,"5","59","9","2","5","5","0","1","483","849","0","1","1","4","0.29","0.71","0","0",,,"1","155","2024-03-06 14:11:58"
"6519c8ed2ac89f36ddeea7e2",,"5","60","0","2","5","5","1","0","582","982","1","0","1","1","0.16","0.29","0","0",,,"0","155","2024-03-06 14:12:02"
"6519c8ed2ac89f36ddeea7e2",,"5","61","5","2","5","5","0","1","482","901","0","1","1","2","0.22","0.45","0","0",,,"0","155","2024-03-06 14:12:05"
"6519c8ed2ac89f36ddeea7e2",,"5","62","11","2","5","5","1","0","2248","2631","1","0","2","4","0.37","0.84","0","0",,,"1","160","2024-03-06 14:12:09"
"6519c8ed2ac89f36ddeea7e2",,"5","63","8","1","5","5","1","1","2364","2498","1","0","1","2","0.12","0.45","0","0",,,"0","160","2024-03-06 14:12:13"
"62fba37f3560a85b4eb94aac",,"0","0","8","1","5","5","0","0","1933","2350","0","1","1","2","0.12","0.45","0","0",,,"0","0","2024-03-06 14:13:04"
"62fba37f3560a85b4eb94aac",,"0","1","11","2","5","5","0","1","1033","1367","0","1","2","4","0.37","0.84","0","0",,,"0","0","2024-03-06 14:13:07"
"62fba37f3560a85b4eb94aac",,"0","2","15","1","5","5","1","1","607","867","1","0","1","4","0.12","0.88","0","0",,,"0","0","2024-03-06 14:13:10"
"62fba37f3560a85b4eb94aac",,"0","3","6","2","5","5","0","1","616","1200","0","1","2","3","0.37","0.63","0","0",,,"0","0","2024-03-06 14:13:13"
"62fba37f3560a85b4eb94aac",,"0","4","15","1","5","5","0","0","1484","1734","0","1","1","4","0.12","0.88","0","0",,,"0","0","2024-03-06 14:13:17"
"62fba37f3560a85b4eb94aac",,"0","5","4","2","5","5","1","0","950","1400","1","0","3","4","0.55","0.78","0","0",,,"0","0","2024-03-06 14:13:20"
"62fba37f3560a85b4eb94aac",,"0","6","1","1","5","5","1","1","617","966","1","0","4","4","0.71","0.84","0","0",,,"1","5","2024-03-06 14:13:23"
"62fba37f3560a85b4eb94aac",,"0","7","7","1","5","5","0","0","765","1064","0","1","3","4","0.55","0.88","0","0",,,"0","5","2024-03-06 14:13:26"
"655fa05b1303f59972ea6555",,"1","0","9","2","5","5","1","0","449","748","1","0","1","4","0.29","0.71","0","0",,,"0","0","2024-03-06 14:13:27"
"62fba37f3560a85b4eb94aac",,"0","8","8","2","5","5","1","0","965","1182","1","0","1","2","0.12","0.45","0","0",,,"1","10","2024-03-06 14:13:29"
"655fa05b1303f59972ea6555",,"1","1","4","2","5","5","0","1","633","884","0","1","3","4","0.55","0.78","0","0",,,"1","5","2024-03-06 14:13:30"
"62fba37f3560a85b4eb94aac",,"0","9","14","1","5","5","1","1","951","1267","1","0","1","4","0.16","0.84","0","0",,,"0","10","2024-03-06 14:13:32"
"655fa05b1303f59972ea6555",,"1","2","9","2","5","5","0","1","567","832","0","1","1","4","0.29","0.71","0","0",,,"0","5","2024-03-06 14:13:32"
"655fa05b1303f59972ea6555",,"1","3","4","2","5","5","1","0","766","982","1","0","3","4","0.55","0.78","0","0",,,"0","5","2024-03-06 14:13:35"
"62fba37f3560a85b4eb94aac",,"0","10","9","1","5","5","0","0","1249","1466","0","1","1","4","0.29","0.71","0","0",,,"0","10","2024-03-06 14:13:35"
"655fa05b1303f59972ea6555",,"1","4","1","2","5","5","0","1","1050","1301","0","1","4","4","0.71","0.84","0","0",,,"1","10","2024-03-06 14:13:38"
"62fba37f3560a85b4eb94aac",,"0","11","4","1","5","5","0","0","1099","1317","0","1","3","4","0.55","0.78","0","0",,,"0","10","2024-03-06 14:13:38"
"655fa05b1303f59972ea6555",,"1","5","6","1","5","5","1","1","1166","1416","1","0","2","3","0.37","0.63","0","0",,,"1","15","2024-03-06 14:13:41"
"62fba37f3560a85b4eb94aac",,"0","12","3","2","5","5","0","1","918","1150","0","1","3","4","0.63","0.78","0","0",,,"1","15","2024-03-06 14:13:41"
"655fa05b1303f59972ea6555",,"1","6","0","2","5","5","1","0","933","1200","1","0","1","1","0.16","0.29","0","0",,,"0","15","2024-03-06 14:13:44"
"62fba37f3560a85b4eb94aac",,"0","13","0","2","5","5","1","0","1334","1450","1","0","1","1","0.16","0.29","0","0",,,"1","20","2024-03-06 14:13:45"
"655fa05b1303f59972ea6555",,"1","7","3","2","5","5","0","1","599","917","0","1","3","4","0.63","0.78","0","0",,,"1","20","2024-03-06 14:13:47"
"62fba37f3560a85b4eb94aac",,"0","14","15","2","5","5","0","1","866","1000","0","1","1","4","0.12","0.88","0","0",,,"0","20","2024-03-06 14:13:47"
"655fa05b1303f59972ea6555",,"1","8","9","2","5","5","1","0","549","767","1","0","1","4","0.29","0.71","0","0",,,"1","25","2024-03-06 14:13:50"
"62fba37f3560a85b4eb94aac",,"0","15","6","2","5","5","1","0","649","766","1","0","2","3","0.37","0.63","0","0",,,"0","20","2024-03-06 14:13:50"
"655fa05b1303f59972ea6555",,"1","9","6","2","5","5","1","0","516","799","1","0","2","3","0.37","0.63","0","0",,,"0","25","2024-03-06 14:13:52"
"62fba37f3560a85b4eb94aac",,"0","16","6","2","5","5","1","0","899","1285","1","0","2","3","0.37","0.63","0","0",,,"1","25","2024-03-06 14:13:53"
"655fa05b1303f59972ea6555",,"1","10","3","2","5","5","0","1","850","1083","0","1","3","4","0.63","0.78","0","0",,,"1","30","2024-03-06 14:13:55"
"62fba37f3560a85b4eb94aac",,"0","17","14","2","5","5","1","0","966","1133","1","0","1","4","0.16","0.84","0","0",,,"1","30","2024-03-06 14:13:56"
"655fa05b1303f59972ea6555",,"1","11","7","2","5","5","1","0","466","749","1","0","3","4","0.55","0.88","0","0",,,"0","30","2024-03-06 14:13:58"
"62fba37f3560a85b4eb94aac",,"0","18","1","1","5","5","1","1","799","1100","1","0","4","4","0.71","0.84","0","0",,,"1","35","2024-03-06 14:13:59"
"655fa05b1303f59972ea6555",,"1","12","11","2","5","5","1","0","533","816","1","0","2","4","0.37","0.84","0","0",,,"1","35","2024-03-06 14:14:01"
"62fba37f3560a85b4eb94aac",,"0","19","4","2","5","5","0","1","749","950","0","1","3","4","0.55","0.78","0","0",,,"1","40","2024-03-06 14:14:02"
"655fa05b1303f59972ea6555",,"1","13","11","2","5","5","0","1","467","767","0","1","2","4","0.37","0.84","0","0",,,"1","40","2024-03-06 14:14:03"
"62fba37f3560a85b4eb94aac",,"0","20","12","2","5","5","0","1","850","1051","0","1","1","4","0.12","0.71","0","0",,,"1","45","2024-03-06 14:14:05"
"655fa05b1303f59972ea6555",,"1","14","10","1","5","5","0","0","415","1383","1","1","1","3","0.16","0.63","0","0",,,"0","40","2024-03-06 14:14:06"
"62fba37f3560a85b4eb94aac",,"0","21","8","2","5","5","0","1","816","1051","0","1","1","2","0.12","0.45","0","0",,,"0","45","2024-03-06 14:14:07"
"655fa05b1303f59972ea6555",,"1","15","6","2","5","5","0","1","549","850","0","1","2","3","0.37","0.63","0","0",,,"1","45","2024-03-06 14:14:09"
"62fba37f3560a85b4eb94aac",,"0","22","5","2","5","5","1","0","683","800","1","0","1","2","0.22","0.45","0","0",,,"1","50","2024-03-06 14:14:10"
"655fa05b1303f59972ea6555",,"1","16","0","2","5","5","1","0","1099","1384","1","0","1","1","0.16","0.29","0","0",,,"0","45","2024-03-06 14:14:12"
"62fba37f3560a85b4eb94aac",,"0","23","14","2","5","5","1","0","1100","1234","1","0","1","4","0.16","0.84","0","0",,,"1","55","2024-03-06 14:14:13"
"655fa05b1303f59972ea6555",,"1","17","15","2","5","5","0","1","565","833","0","1","1","4","0.12","0.88","0","0",,,"1","50","2024-03-06 14:14:15"
"62fba37f3560a85b4eb94aac",,"0","24","1","1","5","5","1","1","833","966","1","0","4","4","0.71","0.84","0","0",,,"0","55","2024-03-06 14:14:16"
"655fa05b1303f59972ea6555",,"1","18","2","2","5","5","0","1","849","1167","0","1","1","2","0.22","0.37","0","0",,,"1","55","2024-03-06 14:14:18"
"62fba37f3560a85b4eb94aac",,"0","25","5","2","5","5","0","1","783","950","0","1","1","2","0.22","0.45","0","0",,,"1","60","2024-03-06 14:14:19"
"655fa05b1303f59972ea6555",,"1","19","8","2","5","5","1","0","832","1100","1","0","1","2","0.12","0.45","0","0",,,"0","55","2024-03-06 14:14:21"
"62fba37f3560a85b4eb94aac",,"0","26","7","2","5","5","1","0","684","817","1","0","3","4","0.55","0.88","0","0",,,"1","65","2024-03-06 14:14:22"
"655fa05b1303f59972ea6555",,"1","20","15","2","5","5","1","0","549","850","1","0","1","4","0.12","0.88","0","0",,,"1","60","2024-03-06 14:14:23"
"62fba37f3560a85b4eb94aac",,"0","27","3","2","5","5","1","0","649","783","1","0","3","4","0.63","0.78","0","0",,,"0","65","2024-03-06 14:14:24"
"655fa05b1303f59972ea6555",,"1","21","1","2","5","5","1","0","1149","1350","1","0","4","4","0.71","0.84","0","0",,,"1","65","2024-03-06 14:14:26"
"62fba37f3560a85b4eb94aac",,"0","28","7","1","5","5","0","0","734","917","0","1","3","4","0.55","0.88","0","0",,,"1","70","2024-03-06 14:14:27"
"655fa05b1303f59972ea6555",,"1","22","2","2","5","5","1","0","883","1150","1","0","1","2","0.22","0.37","0","0",,,"0","65","2024-03-06 14:14:29"
"62fba37f3560a85b4eb94aac",,"0","29","13","2","5","5","0","1","717","900","0","1","1","4","0.29","0.88","0","0",,,"1","75","2024-03-06 14:14:30"
"655fa05b1303f59972ea6555",,"1","23","11","2","5","5","1","0","483","733","1","0","2","4","0.37","0.84","0","0",,,"1","70","2024-03-06 14:14:32"
"62fba37f3560a85b4eb94aac",,"0","30","12","2","5","5","0","1","666","850","0","1","1","4","0.12","0.71","0","0",,,"1","80","2024-03-06 14:14:32"
"655fa05b1303f59972ea6555",,"1","24","13","2","5","5","0","1","1001","1235","0","1","1","4","0.29","0.88","0","0",,,"0","70","2024-03-06 14:14:35"
"62fba37f3560a85b4eb94aac",,"0","31","2","2","5","5","0","1","684","867","0","1","1","2","0.22","0.37","0","0",,,"0","80","2024-03-06 14:14:35"
"62fba37f3560a85b4eb94aac",,"0","32","9","2","5","5","1","0","466","666","1","0","1","4","0.29","0.71","0","0",,,"1","85","2024-03-06 14:14:38"
"655fa05b1303f59972ea6555",,"1","25","14","2","5","5","1","0","449","683","1","0","1","4","0.16","0.84","0","0",,,"1","75","2024-03-06 14:14:38"
"62fba37f3560a85b4eb94aac",,"0","33","14","2","5","5","1","0","583","750","1","0","1","4","0.16","0.84","0","0",,,"0","85","2024-03-06 14:14:40"
"655fa05b1303f59972ea6555",,"1","26","6","2","5","5","1","0","516","1017","1","0","2","3","0.37","0.63","0","0",,,"1","80","2024-03-06 14:14:40"
"62fba37f3560a85b4eb94aac",,"0","34","3","2","5","5","1","0","782","916","1","0","3","4","0.63","0.78","0","0",,,"1","90","2024-03-06 14:14:43"
"655fa05b1303f59972ea6555",,"1","27","0","2","5","5","1","0","932","1199","1","0","1","1","0.16","0.29","0","0",,,"0","80","2024-03-06 14:14:43"
"62fba37f3560a85b4eb94aac",,"0","35","0","2","5","5","0","1","733","917","0","1","1","1","0.16","0.29","0","0",,,"0","90","2024-03-06 14:14:46"
"655fa05b1303f59972ea6555",,"1","28","10","2","5","5","0","1","899","1134","0","1","1","3","0.16","0.63","0","0",,,"1","85","2024-03-06 14:14:46"
"655fa05b1303f59972ea6555",,"1","29","1","2","5","5","0","1","799","1000","0","1","4","4","0.71","0.84","0","0",,,"1","90","2024-03-06 14:14:49"
"62fba37f3560a85b4eb94aac",,"0","36","12","2","5","5","0","1","649","1500","1","1","1","4","0.12","0.71","0","0",,,"1","95","2024-03-06 14:14:49"
"655fa05b1303f59972ea6555",,"1","30","1","2","5","5","0","1","1049","1332","0","1","4","4","0.71","0.84","0","0",,,"1","95","2024-03-06 14:14:52"
"62fba37f3560a85b4eb94aac",,"0","37","2","2","5","5","1","0","950","1100","1","0","1","2","0.22","0.37","0","0",,,"0","95","2024-03-06 14:14:52"
"62fba37f3560a85b4eb94aac",,"0","38","13","2","5","5","1","0","649","765","1","0","1","4","0.29","0.88","0","0",,,"1","100","2024-03-06 14:14:55"
"655fa05b1303f59972ea6555",,"1","31","8","2","5","5","0","1","864","1116","0","1","1","2","0.12","0.45","0","0",,,"1","100","2024-03-06 14:14:55"
"655fa05b1303f59972ea6555",,"1","32","5","2","5","5","1","0","566","917","1","0","1","2","0.22","0.45","0","0",,,"1","105","2024-03-06 14:14:57"
"62fba37f3560a85b4eb94aac",,"0","39","2","2","5","5","0","1","866","998","0","1","1","2","0.22","0.37","0","0",,,"1","105","2024-03-06 14:14:58"
"655fa05b1303f59972ea6555",,"1","33","3","2","5","5","0","1","582","866","0","1","3","4","0.63","0.78","0","0",,,"1","110","2024-03-06 14:15:00"
"62fba37f3560a85b4eb94aac",,"0","40","9","2","5","5","0","1","966","1133","0","1","1","4","0.29","0.71","0","0",,,"0","105","2024-03-06 14:15:01"
"655fa05b1303f59972ea6555",,"1","34","10","2","5","5","0","1","599","848","0","1","1","3","0.16","0.63","0","0",,,"1","115","2024-03-06 14:15:03"
"62fba37f3560a85b4eb94aac",,"0","41","0","2","5","5","1","0","549","783","1","0","1","1","0.16","0.29","0","0",,,"0","105","2024-03-06 14:15:03"
"655fa05b1303f59972ea6555",,"1","35","7","2","5","5","1","0","682","900","1","0","3","4","0.55","0.88","0","0",,,"1","120","2024-03-06 14:15:05"
"62fba37f3560a85b4eb94aac",,"0","42","11","2","5","5","1","0","700","850","1","0","2","4","0.37","0.84","0","0",,,"1","110","2024-03-06 14:15:06"
"655fa05b1303f59972ea6555",,"1","36","0","1","5","5","0","0","1082","1333","0","1","1","1","0.16","0.29","0","0",,,"0","120","2024-03-06 14:15:08"
"62fba37f3560a85b4eb94aac",,"0","43","11","2","5","5","1","0","583","699","1","0","2","4","0.37","0.84","0","0",,,"1","115","2024-03-06 14:15:09"
"655fa05b1303f59972ea6555",,"1","37","10","2","5","5","1","0","482","783","1","0","1","3","0.16","0.63","0","0",,,"0","120","2024-03-06 14:15:11"
"62fba37f3560a85b4eb94aac",,"0","44","7","2","5","5","0","1","899","1050","0","1","3","4","0.55","0.88","0","0",,,"1","120","2024-03-06 14:15:11"
"655fa05b1303f59972ea6555",,"1","38","14","2","5","5","1","0","549","816","1","0","1","4","0.16","0.84","0","0",,,"0","120","2024-03-06 14:15:14"
"62fba37f3560a85b4eb94aac",,"0","45","15","2","5","5","0","1","666","816","0","1","1","4","0.12","0.88","0","0",,,"1","125","2024-03-06 14:15:14"
"62fba37f3560a85b4eb94aac",,"0","46","2","1","5","5","1","1","866","1017","1","0","1","2","0.22","0.37","0","0",,,"0","125","2024-03-06 14:15:17"
"655fa05b1303f59972ea6555",,"1","39","8","1","5","5","0","0","699","1050","0","1","1","2","0.12","0.45","0","0",,,"0","120","2024-03-06 14:15:17"
"655fa05b1303f59972ea6555",,"1","40","14","2","5","5","1","0","549","799","1","0","1","4","0.16","0.84","0","0",,,"1","125","2024-03-06 14:15:20"
"62fba37f3560a85b4eb94aac",,"0","47","6","2","5","5","1","0","732","849","1","0","2","3","0.37","0.63","0","0",,,"1","130","2024-03-06 14:15:20"
"655fa05b1303f59972ea6555",,"1","41","12","2","5","5","1","0","499","782","1","0","1","4","0.12","0.71","0","0",,,"1","130","2024-03-06 14:15:22"
"62fba37f3560a85b4eb94aac",,"0","48","5","2","5","5","1","0","999","1167","1","0","1","2","0.22","0.45","0","0",,,"1","135","2024-03-06 14:15:23"
"655fa05b1303f59972ea6555",,"1","42","7","2","5","5","1","0","417","751","1","0","3","4","0.55","0.88","0","0",,,"1","135","2024-03-06 14:15:25"
"62fba37f3560a85b4eb94aac",,"0","49","9","2","5","5","1","0","1217","1367","1","0","1","4","0.29","0.71","0","0",,,"1","140","2024-03-06 14:15:26"
"655fa05b1303f59972ea6555",,"1","43","12","2","5","5","1","0","582","900","1","0","1","4","0.12","0.71","0","0",,,"1","140","2024-03-06 14:15:27"
"62fba37f3560a85b4eb94aac",,"0","50","10","2","5","5","0","1","1533","1683","0","1","1","3","0.16","0.63","0","0",,,"1","145","2024-03-06 14:15:29"
"655fa05b1303f59972ea6555",,"1","44","2","2","5","5","1","0","883","1132","1","0","1","2","0.22","0.37","0","0",,,"1","145","2024-03-06 14:15:30"
"62fba37f3560a85b4eb94aac",,"0","51","4","2","5","5","0","1","1049","1233","0","1","3","4","0.55","0.78","0","0",,,"1","150","2024-03-06 14:15:32"
"655fa05b1303f59972ea6555",,"1","45","13","2","5","5","0","1","749","1950","1","2","1","4","0.29","0.88","0","0",,,"1","150","2024-03-06 14:15:34"
"62fba37f3560a85b4eb94aac",,"0","52","5","2","5","5","0","1","1000","1100","0","1","1","2","0.22","0.45","0","0",,,"1","155","2024-03-06 14:15:35"
"655fa05b1303f59972ea6555",,"1","46","9","2","5","5","0","1","532","815","0","1","1","4","0.29","0.71","0","0",,,"1","155","2024-03-06 14:15:36"
"62fba37f3560a85b4eb94aac",,"0","53","10","2","5","5","1","0","651","784","1","0","1","3","0.16","0.63","0","0",,,"1","160","2024-03-06 14:15:37"
"655fa05b1303f59972ea6555",,"1","47","5","2","5","5","1","0","799","1067","1","0","1","2","0.22","0.45","0","0",,,"0","155","2024-03-06 14:15:39"
"62fba37f3560a85b4eb94aac",,"0","54","10","2","5","5","0","1","548","699","0","1","1","3","0.16","0.63","0","0",,,"0","160","2024-03-06 14:15:40"
"655fa05b1303f59972ea6555",,"1","48","13","2","5","5","1","0","466","716","1","0","1","4","0.29","0.88","0","0",,,"1","160","2024-03-06 14:15:42"
"62fba37f3560a85b4eb94aac",,"0","55","13","2","5","5","0","1","583","750","0","1","1","4","0.29","0.88","0","0",,,"1","165","2024-03-06 14:15:43"
"655fa05b1303f59972ea6555",,"1","49","4","2","5","5","1","0","516","1032","1","0","3","4","0.55","0.78","0","0",,,"0","160","2024-03-06 14:15:44"
"62fba37f3560a85b4eb94aac",,"0","56","3","2","5","5","0","1","550","734","0","1","3","4","0.63","0.78","0","0",,,"0","165","2024-03-06 14:15:45"
"655fa05b1303f59972ea6555",,"1","50","12","2","5","5","1","0","632","967","1","0","1","4","0.12","0.71","0","0",,,"1","165","2024-03-06 14:15:47"
"62fba37f3560a85b4eb94aac",,"0","57","0","2","5","5","0","1","1616","1733","0","1","1","1","0.16","0.29","0","0",,,"0","165","2024-03-06 14:15:49"
"655fa05b1303f59972ea6555",,"1","51","3","2","5","5","1","0","482","882","1","0","3","4","0.63","0.78","0","0",,,"1","170","2024-03-06 14:15:50"
"62fba37f3560a85b4eb94aac",,"0","58","11","2","5","5","0","1","799","950","0","1","2","4","0.37","0.84","0","0",,,"1","170","2024-03-06 14:15:52"
"655fa05b1303f59972ea6555",,"1","52","2","2","5","5","1","0","883","1150","1","0","1","2","0.22","0.37","0","0",,,"0","170","2024-03-06 14:15:53"
"62fba37f3560a85b4eb94aac",,"0","59","13","2","5","5","0","1","732","899","0","1","1","4","0.29","0.88","0","0",,,"1","175","2024-03-06 14:15:55"
"655fa05b1303f59972ea6555",,"1","53","15","2","5","5","1","0","550","817","1","0","1","4","0.12","0.88","0","0",,,"1","175","2024-03-06 14:15:56"
"62fba37f3560a85b4eb94aac",,"0","60","10","2","5","5","1","0","784","1150","1","0","1","3","0.16","0.63","0","0",,,"1","180","2024-03-06 14:15:57"
"655fa05b1303f59972ea6555",,"1","54","15","2","5","5","1","0","433","717","1","0","1","4","0.12","0.88","0","0",,,"1","180","2024-03-06 14:15:58"
"62fba37f3560a85b4eb94aac",,"0","61","1","2","5","5","0","1","617","750","0","1","4","4","0.71","0.84","0","0",,,"1","185","2024-03-06 14:16:00"
"655fa05b1303f59972ea6555",,"1","55","12","2","5","5","1","0","449","814","1","0","1","4","0.12","0.71","0","0",,,"1","185","2024-03-06 14:16:01"
"62fba37f3560a85b4eb94aac",,"0","62","8","2","5","5","0","1","816","1002","0","1","1","2","0.12","0.45","0","0",,,"1","190","2024-03-06 14:16:03"
"655fa05b1303f59972ea6555",,"1","56","11","2","5","5","1","0","433","716","1","0","2","4","0.37","0.84","0","0",,,"1","190","2024-03-06 14:16:03"
"62fba37f3560a85b4eb94aac",,"0","63","12","2","5","5","0","1","649","783","0","1","1","4","0.12","0.71","0","0",,,"0","190","2024-03-06 14:16:05"
"655fa05b1303f59972ea6555",,"1","57","14","2","5","5","0","1","916","1766","1","1","1","4","0.16","0.84","0","0",,,"1","195","2024-03-06 14:16:06"
"655fa05b1303f59972ea6555",,"1","58","4","2","5","5","1","0","566","833","1","0","3","4","0.55","0.78","0","0",,,"1","200","2024-03-06 14:16:09"
"655fa05b1303f59972ea6555",,"1","59","7","2","5","5","0","1","681","950","0","1","3","4","0.55","0.88","0","0",,,"1","205","2024-03-06 14:16:12"
"655fa05b1303f59972ea6555",,"1","60","8","2","5","5","1","0","515","1150","1","0","1","2","0.12","0.45","0","0",,,"0","205","2024-03-06 14:16:15"
"655fa05b1303f59972ea6555",,"1","61","5","2","5","5","0","1","816","1033","0","1","1","2","0.22","0.45","0","0",,,"1","210","2024-03-06 14:16:17"
"655fa05b1303f59972ea6555",,"1","62","5","2","5","5","1","0","883","1100","1","0","1","2","0.22","0.45","0","0",,,"0","210","2024-03-06 14:16:20"
"655fa05b1303f59972ea6555",,"1","63","13","2","5","5","0","1","749","983","0","1","1","4","0.29","0.88","0","0",,,"1","215","2024-03-06 14:16:23"
"62b473736986d2b27c1427d2",,"0","0","4","0","0","0","0","1","0","0","0","0","3","4","0.55","0.78","0","0",,,"0","0","2024-03-06 14:16:34"
"62fba37f3560a85b4eb94aac",,"1","0","15","2","5","5","1","0","700","800","1","0","1","4","0.12","0.88","0","0",,,"0","0","2024-03-06 14:16:38"
"62b473736986d2b27c1427d2",,"0","1","12","0","5","5","0","1","0","0","0","0","1","4","0.12","0.71","0","0",,,"0","0","2024-03-06 14:16:39"
"62fba37f3560a85b4eb94aac",,"1","1","1","2","5","5","1","0","982","1132","1","0","4","4","0.71","0.84","0","0",,,"1","5","2024-03-06 14:16:41"
"62b473736986d2b27c1427d2",,"0","2","14","0","5","5","0","0","0","0","0","0","1","4","0.16","0.84","0","0",,,"0","0","2024-03-06 14:16:43"
"62fba37f3560a85b4eb94aac",,"1","2","10","2","5","5","0","1","950","1067","0","1","1","3","0.16","0.63","0","0",,,"1","10","2024-03-06 14:16:44"
"62fba37f3560a85b4eb94aac",,"1","3","7","2","5","5","1","0","1316","1417","1","0","3","4","0.55","0.88","0","0",,,"1","15","2024-03-06 14:16:47"
"62b473736986d2b27c1427d2",,"0","3","0","0","5","5","0","1","0","0","0","0","1","1","0.16","0.29","0","0",,,"0","0","2024-03-06 14:16:48"
"62fba37f3560a85b4eb94aac",,"1","4","1","2","5","5","1","0","1367","1467","1","0","4","4","0.71","0.84","0","0",,,"1","20","2024-03-06 14:16:50"
"62b473736986d2b27c1427d2",,"0","4","11","0","5","5","0","1","0","0","0","0","2","4","0.37","0.84","0","0",,,"0","0","2024-03-06 14:16:52"
"62fba37f3560a85b4eb94aac",,"1","5","10","2","5","5","1","0","1349","1517","1","0","1","3","0.16","0.63","0","0",,,"1","25","2024-03-06 14:16:53"
"62fba37f3560a85b4eb94aac",,"1","6","7","2","5","5","0","1","1083","1217","0","1","3","4","0.55","0.88","0","0",,,"1","30","2024-03-06 14:16:56"
"62b473736986d2b27c1427d2",,"0","5","5","0","5","5","0","1","0","0","0","0","1","2","0.22","0.45","0","0",,,"0","0","2024-03-06 14:16:57"
"62fba37f3560a85b4eb94aac",,"1","7","14","2","5","5","0","1","1082","1234","0","1","1","4","0.16","0.84","0","0",,,"1","35","2024-03-06 14:16:59"
"62b473736986d2b27c1427d2",,"0","6","13","0","5","5","0","1","0","0","0","0","1","4","0.29","0.88","0","0",,,"0","0","2024-03-06 14:17:01"
"62fba37f3560a85b4eb94aac",,"1","8","15","2","5","5","1","0","1032","1149","1","0","1","4","0.12","0.88","0","0",,,"1","40","2024-03-06 14:17:02"
"62fba37f3560a85b4eb94aac",,"1","9","10","2","5","5","1","0","1434","1583","1","0","1","3","0.16","0.63","0","0",,,"1","45","2024-03-06 14:17:05"
"62b473736986d2b27c1427d2",,"0","7","8","0","5","5","0","0","0","0","0","0","1","2","0.12","0.45","0","0",,,"0","0","2024-03-06 14:17:06"
"62fba37f3560a85b4eb94aac",,"1","10","0","2","5","5","1","0","1900","1983","1","0","1","1","0.16","0.29","0","0",,,"0","45","2024-03-06 14:17:09"
"62b473736986d2b27c1427d2",,"0","8","15","0","5","5","0","1","0","0","0","0","1","4","0.12","0.88","0","0",,,"0","0","2024-03-06 14:17:10"
"62fba37f3560a85b4eb94aac",,"1","11","3","2","5","5","1","0","865","1000","1","0","3","4","0.63","0.78","0","0",,,"1","50","2024-03-06 14:17:12"
"62b473736986d2b27c1427d2",,"0","9","7","0","5","5","0","0","0","0","0","0","3","4","0.55","0.88","0","0",,,"0","0","2024-03-06 14:17:15"
"62fba37f3560a85b4eb94aac",,"1","12","15","2","5","5","0","1","1434","1584","0","1","1","4","0.12","0.88","0","0",,,"1","55","2024-03-06 14:17:15"
"62b473736986d2b27c1427d2",,"0","10","6","2","5","5","0","1","786","819","0","1","2","3","0.37","0.63","0","0",,,"0","0","2024-03-06 14:17:17"
"62fba37f3560a85b4eb94aac",,"1","13","2","2","5","5","1","0","1400","1534","1","0","1","2","0.22","0.37","0","0",,,"0","55","2024-03-06 14:17:19"
"62fba37f3560a85b4eb94aac",,"1","14","2","2","5","5","0","1","1149","1299","0","1","1","2","0.22","0.37","0","0",,,"0","55","2024-03-06 14:17:22"
"62b473736986d2b27c1427d2",,"0","11","5","0","5","5","0","1","0","0","0","0","1","2","0.22","0.45","0","0",,,"0","0","2024-03-06 14:17:22"
"62fba37f3560a85b4eb94aac",,"1","15","0","2","5","5","1","0","850","966","1","0","1","1","0.16","0.29","0","0",,,"1","60","2024-03-06 14:17:25"
"62b473736986d2b27c1427d2",,"0","12","5","1","5","5","0","0","1934","1972","0","1","1","2","0.22","0.45","0","0",,,"0","0","2024-03-06 14:17:26"
"62fba37f3560a85b4eb94aac",,"1","16","3","2","5","5","1","0","1465","1583","1","0","3","4","0.63","0.78","0","0",,,"1","65","2024-03-06 14:17:28"
"62b473736986d2b27c1427d2",,"0","13","0","0","5","5","0","1","0","0","0","0","1","1","0.16","0.29","0","0",,,"0","0","2024-03-06 14:17:30"
"62fba37f3560a85b4eb94aac",,"1","17","12","2","5","5","0","1","1400","1516","0","1","1","4","0.12","0.71","0","0",,,"1","70","2024-03-06 14:17:31"
"62fba37f3560a85b4eb94aac",,"1","18","1","2","5","5","0","1","1217","1983","1","1","4","4","0.71","0.84","0","0",,,"1","75","2024-03-06 14:17:35"
"62b473736986d2b27c1427d2",,"0","14","9","0","5","5","0","0","0","0","0","0","1","4","0.29","0.71","0","0",,,"0","0","2024-03-06 14:17:35"
"62fba37f3560a85b4eb94aac",,"1","19","8","2","5","5","1","0","1449","1599","1","0","1","2","0.12","0.45","0","0",,,"1","80","2024-03-06 14:17:38"
"62b473736986d2b27c1427d2",,"0","15","9","0","5","5","0","0","0","0","0","0","1","4","0.29","0.71","0","0",,,"0","0","2024-03-06 14:17:39"
"62fba37f3560a85b4eb94aac",,"1","20","8","2","5","5","0","1","1216","1367","0","1","1","2","0.12","0.45","0","0",,,"1","85","2024-03-06 14:17:41"
"62b473736986d2b27c1427d2",,"0","16","10","1","5","5","1","1","767","823","1","0","1","3","0.16","0.63","0","0",,,"0","0","2024-03-06 14:17:42"
"62fba37f3560a85b4eb94aac",,"1","21","10","2","5","5","0","1","950","1067","0","1","1","3","0.16","0.63","0","0",,,"0","85","2024-03-06 14:17:44"
"62fba37f3560a85b4eb94aac",,"1","22","13","2","5","5","0","1","668","766","0","1","1","4","0.29","0.88","0","0",,,"1","90","2024-03-06 14:17:47"
"62b473736986d2b27c1427d2",,"0","17","11","0","5","5","0","0","402","0","0","1","2","4","0.37","0.84","0","0",,,"0","0","2024-03-06 14:17:47"
"62fba37f3560a85b4eb94aac",,"1","23","12","2","5","5","0","1","1200","1367","0","1","1","4","0.12","0.71","0","0",,,"1","95","2024-03-06 14:17:50"
"62b473736986d2b27c1427d2",,"0","18","6","0","5","5","0","1","1684","0","0","1","2","3","0.37","0.63","0","0",,,"0","0","2024-03-06 14:17:51"
"62fba37f3560a85b4eb94aac",,"1","24","2","2","5","5","0","1","934","1067","0","1","1","2","0.22","0.37","0","0",,,"1","100","2024-03-06 14:17:52"
"62fba37f3560a85b4eb94aac",,"1","25","14","2","5","5","1","0","816","949","1","0","1","4","0.16","0.84","0","0",,,"1","105","2024-03-06 14:17:55"
"62b473736986d2b27c1427d2",,"0","19","1","0","5","5","0","0","517","0","1","0","4","4","0.71","0.84","0","0",,,"0","0","2024-03-06 14:17:56"
"62fba37f3560a85b4eb94aac",,"1","26","5","2","5","5","1","0","949","1050","1","0","1","2","0.22","0.45","0","0",,,"0","105","2024-03-06 14:17:58"
"62b473736986d2b27c1427d2",,"0","20","1","0","5","5","0","1","0","0","0","0","4","4","0.71","0.84","0","0",,,"0","0","2024-03-06 14:18:00"
"62fba37f3560a85b4eb94aac",,"1","27","14","2","5","5","0","1","599","759","0","1","1","4","0.16","0.84","0","0",,,"1","110","2024-03-06 14:18:01"
"655fa05b1303f59972ea6555",,"2","0","2","2","5","5","1","0","882","1098","1","0","1","2","0.22","0.37","0","0",,,"1","5","2024-03-06 14:18:01"
"655fa05b1303f59972ea6555",,"2","1","5","2","5","5","1","0","766","933","1","0","1","2","0.22","0.45","0","0",,,"0","5","2024-03-06 14:18:04"
"62fba37f3560a85b4eb94aac",,"1","28","4","2","5","5","0","1","1984","2100","0","1","3","4","0.55","0.78","0","0",,,"0","110","2024-03-06 14:18:05"
"62b473736986d2b27c1427d2",,"0","21","14","0","5","5","0","1","133","0","1","0","1","4","0.16","0.84","0","0",,,"0","0","2024-03-06 14:18:05"
"655fa05b1303f59972ea6555",,"2","2","15","2","5","5","0","1","499","700","0","1","1","4","0.12","0.88","0","0",,,"1","10","2024-03-06 14:18:06"
"62fba37f3560a85b4eb94aac",,"1","29","6","2","5","5","0","1","1166","1301","0","1","2","3","0.37","0.63","0","0",,,"0","110","2024-03-06 14:18:08"
"655fa05b1303f59972ea6555",,"2","3","4","2","5","5","1","0","415","600","1","0","3","4","0.55","0.78","0","0",,,"1","15","2024-03-06 14:18:09"
"62b473736986d2b27c1427d2",,"0","22","10","0","5","5","0","1","153","0","1","0","1","3","0.16","0.63","0","0",,,"0","0","2024-03-06 14:18:09"
"62fba37f3560a85b4eb94aac",,"1","30","8","2","5","5","1","0","816","934","1","0","1","2","0.12","0.45","0","0",,,"0","110","2024-03-06 14:18:11"
"655fa05b1303f59972ea6555",,"2","4","0","2","5","5","0","1","966","1133","0","1","1","1","0.16","0.29","0","0",,,"0","15","2024-03-06 14:18:12"
"62b473736986d2b27c1427d2",,"0","23","3","1","5","5","0","0","450","483","0","1","3","4","0.63","0.78","0","0",,,"1","5","2024-03-06 14:18:12"
"62fba37f3560a85b4eb94aac",,"1","31","6","2","5","5","0","1","750","884","0","1","2","3","0.37","0.63","0","0",,,"1","115","2024-03-06 14:18:13"
"655fa05b1303f59972ea6555",,"2","5","8","2","5","5","1","0","1101","1267","1","0","1","2","0.12","0.45","0","0",,,"1","20","2024-03-06 14:18:15"
"62b473736986d2b27c1427d2",,"0","24","6","0","5","5","0","1","2968","0","0","1","2","3","0.37","0.63","0","0",,,"0","5","2024-03-06 14:18:16"
"62fba37f3560a85b4eb94aac",,"1","32","13","2","5","5","0","1","899","1050","0","1","1","4","0.29","0.88","0","0",,,"1","120","2024-03-06 14:18:16"
"655fa05b1303f59972ea6555",,"2","6","1","2","5","5","0","1","933","1317","0","1","4","4","0.71","0.84","0","0",,,"0","20","2024-03-06 14:18:18"
"62fba37f3560a85b4eb94aac",,"1","33","11","2","5","5","1","0","866","966","1","0","2","4","0.37","0.84","0","0",,,"1","125","2024-03-06 14:18:19"
"655fa05b1303f59972ea6555",,"2","7","15","2","5","5","0","1","666","916","0","1","1","4","0.12","0.88","0","0",,,"1","25","2024-03-06 14:18:21"
"62b473736986d2b27c1427d2",,"0","25","0","0","5","5","0","1","2861","0","0","1","1","1","0.16","0.29","0","0",,,"0","5","2024-03-06 14:18:21"
"62fba37f3560a85b4eb94aac",,"1","34","0","2","5","5","0","1","1100","1268","0","1","1","1","0.16","0.29","0","0",,,"0","125","2024-03-06 14:18:22"
"655fa05b1303f59972ea6555",,"2","8","2","2","5","5","1","0","799","983","1","0","1","2","0.22","0.37","0","0",,,"1","30","2024-03-06 14:18:23"
"62fba37f3560a85b4eb94aac",,"1","35","2","2","5","5","1","0","849","1083","1","0","1","2","0.22","0.37","0","0",,,"0","125","2024-03-06 14:18:25"
"62b473736986d2b27c1427d2",,"0","26","8","0","5","5","0","0","0","0","0","0","1","2","0.12","0.45","0","0",,,"0","5","2024-03-06 14:18:25"
"655fa05b1303f59972ea6555",,"2","9","7","2","5","5","1","0","632","866","1","0","3","4","0.55","0.88","0","0",,,"1","35","2024-03-06 14:18:26"
"62fba37f3560a85b4eb94aac",,"1","36","13","2","5","5","0","1","683","833","0","1","1","4","0.29","0.88","0","0",,,"1","130","2024-03-06 14:18:28"
"655fa05b1303f59972ea6555",,"2","10","10","2","5","5","0","1","499","783","0","1","1","3","0.16","0.63","0","0",,,"1","40","2024-03-06 14:18:29"
"62b473736986d2b27c1427d2",,"0","27","15","0","5","5","0","1","0","0","0","0","1","4","0.12","0.88","0","0",,,"0","5","2024-03-06 14:18:30"
"62fba37f3560a85b4eb94aac",,"1","37","9","2","5","5","1","0","600","717","1","0","1","4","0.29","0.71","0","0",,,"1","135","2024-03-06 14:18:30"
"655fa05b1303f59972ea6555",,"2","11","12","2","5","5","0","1","631","883","0","1","1","4","0.12","0.71","0","0",,,"1","45","2024-03-06 14:18:31"
"62fba37f3560a85b4eb94aac",,"1","38","12","2","5","5","0","1","600","750","0","1","1","4","0.12","0.71","0","0",,,"0","135","2024-03-06 14:18:33"
"655fa05b1303f59972ea6555",,"2","12","11","2","5","5","0","1","699","1000","0","1","2","4","0.37","0.84","0","0",,,"1","50","2024-03-06 14:18:34"
"62b473736986d2b27c1427d2",,"0","28","2","0","5","5","0","1","0","0","0","0","1","2","0.22","0.37","0","0",,,"0","5","2024-03-06 14:18:34"
"62fba37f3560a85b4eb94aac",,"1","39","13","2","5","5","0","1","533","667","0","1","1","4","0.29","0.88","0","0",,,"1","140","2024-03-06 14:18:36"
"655fa05b1303f59972ea6555",,"2","13","4","2","5","5","0","1","449","683","0","1","3","4","0.55","0.78","0","0",,,"1","55","2024-03-06 14:18:36"
"62fba37f3560a85b4eb94aac",,"1","40","5","2","5","5","1","0","1183","1333","1","0","1","2","0.22","0.45","0","0",,,"0","140","2024-03-06 14:18:39"
"62b473736986d2b27c1427d2",,"0","29","15","0","5","5","0","1","2786","0","1","0","1","4","0.12","0.88","0","0",,,"0","5","2024-03-06 14:18:39"
"655fa05b1303f59972ea6555",,"2","14","0","2","5","5","1","0","867","1134","1","0","1","1","0.16","0.29","0","0",,,"0","55","2024-03-06 14:18:39"
"62fba37f3560a85b4eb94aac",,"1","41","8","2","5","5","0","1","817","999","0","1","1","2","0.12","0.45","0","0",,,"1","145","2024-03-06 14:18:42"
"655fa05b1303f59972ea6555",,"2","15","4","2","5","5","1","0","466","633","1","0","3","4","0.55","0.78","0","0",,,"1","60","2024-03-06 14:18:42"
"62b473736986d2b27c1427d2",,"0","30","4","0","5","5","0","0","143","0","1","1","3","4","0.55","0.78","0","0",,,"0","5","2024-03-06 14:18:43"
"62fba37f3560a85b4eb94aac",,"1","42","7","2","5","5","0","1","633","766","0","1","3","4","0.55","0.88","0","0",,,"1","150","2024-03-06 14:18:44"
"655fa05b1303f59972ea6555",,"2","16","10","2","5","5","1","0","649","832","1","0","1","3","0.16","0.63","0","0",,,"1","65","2024-03-06 14:18:44"
"62fba37f3560a85b4eb94aac",,"1","43","3","2","5","5","0","1","533","650","0","1","3","4","0.63","0.78","0","0",,,"1","155","2024-03-06 14:18:47"
"655fa05b1303f59972ea6555",,"2","17","6","2","5","5","1","0","533","800","1","0","2","3","0.37","0.63","0","0",,,"1","70","2024-03-06 14:18:47"
"62b473736986d2b27c1427d2",,"0","31","13","0","5","5","0","1","133","0","1","2","1","4","0.29","0.88","0","0",,,"0","5","2024-03-06 14:18:48"
"62fba37f3560a85b4eb94aac",,"1","44","6","2","5","5","0","1","665","817","0","1","2","3","0.37","0.63","0","0",,,"1","160","2024-03-06 14:18:49"
"655fa05b1303f59972ea6555",,"2","18","13","2","5","5","0","1","449","633","0","1","1","4","0.29","0.88","0","0",,,"1","75","2024-03-06 14:18:49"
"62fba37f3560a85b4eb94aac",,"1","45","11","2","5","5","0","1","650","767","0","1","2","4","0.37","0.84","0","0",,,"0","160","2024-03-06 14:18:52"
"655fa05b1303f59972ea6555",,"2","19","6","2","5","5","1","0","433","650","1","0","2","3","0.37","0.63","0","0",,,"0","75","2024-03-06 14:18:52"
"62b473736986d2b27c1427d2",,"0","32","11","0","5","5","0","0","1852","0","2","0","2","4","0.37","0.84","0","0",,,"0","5","2024-03-06 14:18:52"
"655fa05b1303f59972ea6555",,"2","20","3","2","5","5","0","1","449","650","0","1","3","4","0.63","0.78","0","0",,,"0","75","2024-03-06 14:18:55"
"62fba37f3560a85b4eb94aac",,"1","46","9","2","5","5","0","1","750","884","0","1","1","4","0.29","0.71","0","0",,,"1","165","2024-03-06 14:18:55"
"62b473736986d2b27c1427d2",,"0","33","10","0","5","5","0","0","166","0","1","0","1","3","0.16","0.63","0","0",,,"0","5","2024-03-06 14:18:57"
"655fa05b1303f59972ea6555",,"2","21","9","2","5","5","1","0","483","716","1","0","1","4","0.29","0.71","0","0",,,"1","80","2024-03-06 14:18:57"
"62fba37f3560a85b4eb94aac",,"1","47","11","2","5","5","0","1","767","917","0","1","2","4","0.37","0.84","0","0",,,"1","170","2024-03-06 14:18:57"
"62fba37f3560a85b4eb94aac",,"1","48","14","2","5","5","0","1","549","682","0","1","1","4","0.16","0.84","0","0",,,"1","175","2024-03-06 14:19:00"
"655fa05b1303f59972ea6555",,"2","22","15","2","5","5","0","1","482","700","0","1","1","4","0.12","0.88","0","0",,,"1","85","2024-03-06 14:19:00"
"62b473736986d2b27c1427d2",,"0","34","3","0","5","5","0","0","150","0","1","0","3","4","0.63","0.78","0","0",,,"0","5","2024-03-06 14:19:01"
"655fa05b1303f59972ea6555",,"2","23","11","2","5","5","0","1","566","867","0","1","2","4","0.37","0.84","0","0",,,"1","90","2024-03-06 14:19:02"
"62fba37f3560a85b4eb94aac",,"1","49","1","2","5","5","0","1","699","866","0","1","4","4","0.71","0.84","0","0",,,"1","180","2024-03-06 14:19:02"
"655fa05b1303f59972ea6555",,"2","24","8","2","5","5","1","0","416","632","1","0","1","2","0.12","0.45","0","0",,,"0","90","2024-03-06 14:19:05"
"62fba37f3560a85b4eb94aac",,"1","50","5","2","5","5","0","1","933","1050","0","1","1","2","0.22","0.45","0","0",,,"1","185","2024-03-06 14:19:05"
"62b473736986d2b27c1427d2",,"0","35","1","0","5","5","0","0","2399","0","1","0","4","4","0.71","0.84","0","0",,,"0","5","2024-03-06 14:19:06"
"655fa05b1303f59972ea6555",,"2","25","0","1","5","5","1","1","499","1016","1","0","1","1","0.16","0.29","0","0",,,"0","90","2024-03-06 14:19:08"
"62fba37f3560a85b4eb94aac",,"1","51","9","2","5","5","1","0","650","767","1","0","1","4","0.29","0.71","0","0",,,"1","190","2024-03-06 14:19:08"
"62fba37f3560a85b4eb94aac",,"1","52","3","2","5","5","0","1","567","684","0","1","3","4","0.63","0.78","0","0",,,"1","195","2024-03-06 14:19:10"
"655fa05b1303f59972ea6555",,"2","26","6","2","5","5","0","1","482","699","0","1","2","3","0.37","0.63","0","0",,,"1","95","2024-03-06 14:19:10"
"62b473736986d2b27c1427d2",,"0","36","13","0","5","5","0","1","135","0","1","0","1","4","0.29","0.88","0","0",,,"0","5","2024-03-06 14:19:10"
"655fa05b1303f59972ea6555",,"2","27","3","2","5","5","0","1","432","667","0","1","3","4","0.63","0.78","0","0",,,"0","95","2024-03-06 14:19:13"
"62fba37f3560a85b4eb94aac",,"1","53","11","2","5","5","0","1","667","833","0","1","2","4","0.37","0.84","0","0",,,"1","200","2024-03-06 14:19:13"
"62b473736986d2b27c1427d2",,"0","37","4","0","5","5","0","0","1104","0","1","0","3","4","0.55","0.78","0","0",,,"0","5","2024-03-06 14:19:15"
"62fba37f3560a85b4eb94aac",,"1","54","9","2","5","5","1","0","566","667","1","0","1","4","0.29","0.71","0","0",,,"1","205","2024-03-06 14:19:15"
"655fa05b1303f59972ea6555",,"2","28","1","2","5","5","1","0","816","983","1","0","4","4","0.71","0.84","0","0",,,"1","100","2024-03-06 14:19:16"
"62fba37f3560a85b4eb94aac",,"1","55","6","2","5","5","1","0","665","766","1","0","2","3","0.37","0.63","0","0",,,"0","205","2024-03-06 14:19:18"
"655fa05b1303f59972ea6555",,"2","29","12","2","5","5","0","1","466","684","0","1","1","4","0.12","0.71","0","0",,,"0","100","2024-03-06 14:19:18"
"62b473736986d2b27c1427d2",,"0","38","15","0","5","5","0","1","0","0","0","0","1","4","0.12","0.88","0","0",,,"0","5","2024-03-06 14:19:19"
"62fba37f3560a85b4eb94aac",,"1","56","12","2","5","5","1","0","566","767","1","0","1","4","0.12","0.71","0","0",,,"1","210","2024-03-06 14:19:21"
"655fa05b1303f59972ea6555",,"2","30","5","2","5","5","1","0","599","833","1","0","1","2","0.22","0.45","0","0",,,"0","100","2024-03-06 14:19:21"
"62fba37f3560a85b4eb94aac",,"1","57","7","2","5","5","0","1","683","834","0","1","3","4","0.55","0.88","0","0",,,"1","215","2024-03-06 14:19:23"
"62b473736986d2b27c1427d2",,"0","39","11","0","5","5","0","0","133","0","2","0","2","4","0.37","0.84","0","0",,,"0","5","2024-03-06 14:19:24"
"655fa05b1303f59972ea6555",,"2","31","5","2","5","5","0","1","1248","1533","0","1","1","2","0.22","0.45","0","0",,,"0","100","2024-03-06 14:19:24"
"62fba37f3560a85b4eb94aac",,"1","58","4","2","5","5","1","0","549","665","1","0","3","4","0.55","0.78","0","0",,,"1","220","2024-03-06 14:19:26"
"655fa05b1303f59972ea6555",,"2","32","14","2","5","5","0","1","667","868","0","1","1","4","0.16","0.84","0","0",,,"1","105","2024-03-06 14:19:27"
"62b473736986d2b27c1427d2",,"0","40","8","0","5","5","0","1","2403","0","1","0","1","2","0.12","0.45","0","0",,,"0","5","2024-03-06 14:19:28"
"62fba37f3560a85b4eb94aac",,"1","59","15","2","5","5","1","0","751","968","1","0","1","4","0.12","0.88","0","0",,,"0","220","2024-03-06 14:19:29"
"655fa05b1303f59972ea6555",,"2","33","10","2","5","5","0","1","449","749","0","1","1","3","0.16","0.63","0","0",,,"1","110","2024-03-06 14:19:30"
"62fba37f3560a85b4eb94aac",,"1","60","4","2","5","5","1","0","616","766","1","0","3","4","0.55","0.78","0","0",,,"1","225","2024-03-06 14:19:31"
"655fa05b1303f59972ea6555",,"2","34","13","2","5","5","0","1","517","784","0","1","1","4","0.29","0.88","0","0",,,"1","115","2024-03-06 14:19:32"
"62b473736986d2b27c1427d2",,"0","41","7","0","5","5","0","0","134","0","1","0","3","4","0.55","0.88","0","0",,,"0","5","2024-03-06 14:19:33"
"62fba37f3560a85b4eb94aac",,"1","61","5","2","5","5","0","1","716","867","0","1","1","2","0.22","0.45","0","0",,,"1","230","2024-03-06 14:19:34"
"655fa05b1303f59972ea6555",,"2","35","5","2","5","5","0","1","633","933","0","1","1","2","0.22","0.45","0","0",,,"0","115","2024-03-06 14:19:35"
"62fba37f3560a85b4eb94aac",,"1","62","0","1","5","5","1","1","766","984","1","0","1","1","0.16","0.29","0","0",,,"0","230","2024-03-06 14:19:37"
"655fa05b1303f59972ea6555",,"2","36","11","2","5","5","1","0","466","684","1","0","2","4","0.37","0.84","0","0",,,"1","120","2024-03-06 14:19:38"
"62b473736986d2b27c1427d2",,"0","42","6","0","5","5","0","1","634","0","1","0","2","3","0.37","0.63","0","0",,,"0","5","2024-03-06 14:19:38"
"62fba37f3560a85b4eb94aac",,"1","63","4","2","5","5","0","1","666","816","0","1","3","4","0.55","0.78","0","0",,,"0","230","2024-03-06 14:19:40"
"655fa05b1303f59972ea6555",,"2","37","7","2","5","5","1","0","384","634","1","0","3","4","0.55","0.88","0","0",,,"1","125","2024-03-06 14:19:40"
"62b473736986d2b27c1427d2",,"0","43","12","0","5","5","0","0","2018","0","0","1","1","4","0.12","0.71","0","0",,,"0","5","2024-03-06 14:19:42"
"655fa05b1303f59972ea6555",,"2","38","3","2","5","5","0","1","483","765","0","1","3","4","0.63","0.78","0","0",,,"1","130","2024-03-06 14:19:42"
"655fa05b1303f59972ea6555",,"2","39","4","2","5","5","0","1","416","683","0","1","3","4","0.55","0.78","0","0",,,"1","135","2024-03-06 14:19:45"
"62b473736986d2b27c1427d2",,"0","44","12","0","5","5","0","0","968","0","1","0","1","4","0.12","0.71","0","0",,,"0","5","2024-03-06 14:19:47"
"655fa05b1303f59972ea6555",,"2","40","9","2","5","5","1","0","417","601","1","0","1","4","0.29","0.71","0","0",,,"1","140","2024-03-06 14:19:47"
"655fa05b1303f59972ea6555",,"2","41","13","2","5","5","1","0","448","650","1","0","1","4","0.29","0.88","0","0",,,"1","145","2024-03-06 14:19:50"
"62b473736986d2b27c1427d2",,"0","45","5","0","5","5","0","1","165","0","1","0","1","2","0.22","0.45","0","0",,,"0","5","2024-03-06 14:19:51"
"655fa05b1303f59972ea6555",,"2","42","6","2","5","5","0","1","566","783","0","1","2","3","0.37","0.63","0","0",,,"0","145","2024-03-06 14:19:52"
"655fa05b1303f59972ea6555",,"2","43","13","2","5","5","0","1","516","733","0","1","1","4","0.29","0.88","0","0",,,"1","150","2024-03-06 14:19:55"
"62b473736986d2b27c1427d2",,"0","46","2","1","5","5","1","1","2668","2718","1","0","1","2","0.22","0.37","0","0",,,"1","10","2024-03-06 14:19:55"
"62fba37f3560a85b4eb94aac",,"2","0","1","2","5","5","1","0","1099","1217","1","0","4","4","0.71","0.84","0","0",,,"1","5","2024-03-06 14:19:57"
"655fa05b1303f59972ea6555",,"2","44","0","2","5","5","1","0","515","682","1","0","1","1","0.16","0.29","0","0",,,"0","150","2024-03-06 14:19:57"
"62b473736986d2b27c1427d2",,"0","47","2","2","5","5","1","0","1850","1884","1","0","1","2","0.22","0.37","0","0",,,"0","10","2024-03-06 14:19:59"
"62fba37f3560a85b4eb94aac",,"2","1","2","2","5","5","0","1","850","1100","0","1","1","2","0.22","0.37","0","0",,,"0","5","2024-03-06 14:20:00"
"655fa05b1303f59972ea6555",,"2","45","8","2","5","5","0","1","582","799","0","1","1","2","0.12","0.45","0","0",,,"0","150","2024-03-06 14:20:00"
"62fba37f3560a85b4eb94aac",,"2","2","4","2","5","5","1","0","633","800","1","0","3","4","0.55","0.78","0","0",,,"1","10","2024-03-06 14:20:03"
"655fa05b1303f59972ea6555",,"2","46","2","2","5","5","1","0","749","1033","1","0","1","2","0.22","0.37","0","0",,,"1","155","2024-03-06 14:20:03"
"62fba37f3560a85b4eb94aac",,"2","3","11","2","5","5","1","0","667","767","1","0","2","4","0.37","0.84","0","0",,,"1","15","2024-03-06 14:20:05"
"655fa05b1303f59972ea6555",,"2","47","11","2","5","5","0","1","916","1149","0","1","2","4","0.37","0.84","0","0",,,"0","155","2024-03-06 14:20:06"
"62fba37f3560a85b4eb94aac",,"2","4","5","2","5","5","0","1","817","917","0","1","1","2","0.22","0.45","0","0",,,"0","15","2024-03-06 14:20:08"
"655fa05b1303f59972ea6555",,"2","48","14","2","5","5","0","1","716","933","0","1","1","4","0.16","0.84","0","0",,,"0","155","2024-03-06 14:20:09"
"62fba37f3560a85b4eb94aac",,"2","5","7","2","5","5","0","1","583","717","0","1","3","4","0.55","0.88","0","0",,,"1","20","2024-03-06 14:20:11"
"655fa05b1303f59972ea6555",,"2","49","12","1","5","5","1","1","1066","1216","1","0","1","4","0.12","0.71","0","0",,,"0","155","2024-03-06 14:20:12"
"62fba37f3560a85b4eb94aac",,"2","6","8","2","5","5","0","1","916","1117","0","1","1","2","0.12","0.45","0","0",,,"0","20","2024-03-06 14:20:13"
"655fa05b1303f59972ea6555",,"2","50","14","2","5","5","1","0","616","849","1","0","1","4","0.16","0.84","0","0",,,"1","160","2024-03-06 14:20:15"
"62fba37f3560a85b4eb94aac",,"2","7","3","2","5","5","0","1","650","835","0","1","3","4","0.63","0.78","0","0",,,"1","25","2024-03-06 14:20:16"
"655fa05b1303f59972ea6555",,"2","51","7","2","5","5","1","0","398","666","1","0","3","4","0.55","0.88","0","0",,,"0","160","2024-03-06 14:20:17"
"62fba37f3560a85b4eb94aac",,"2","8","11","2","5","5","0","1","900","1033","0","1","2","4","0.37","0.84","0","0",,,"1","30","2024-03-06 14:20:19"
"655fa05b1303f59972ea6555",,"2","52","12","2","5","5","1","0","465","666","1","0","1","4","0.12","0.71","0","0",,,"1","165","2024-03-06 14:20:20"
"62fba37f3560a85b4eb94aac",,"2","9","10","2","5","5","0","1","716","866","0","1","1","3","0.16","0.63","0","0",,,"0","30","2024-03-06 14:20:22"
"655fa05b1303f59972ea6555",,"2","53","9","2","5","5","1","0","465","666","1","0","1","4","0.29","0.71","0","0",,,"1","170","2024-03-06 14:20:23"
"62fba37f3560a85b4eb94aac",,"2","10","8","2","5","5","0","1","803","951","0","1","1","2","0.12","0.45","0","0",,,"0","30","2024-03-06 14:20:24"
"655fa05b1303f59972ea6555",,"2","54","3","2","5","5","1","0","433","650","1","0","3","4","0.63","0.78","0","0",,,"1","175","2024-03-06 14:20:25"
"62fba37f3560a85b4eb94aac",,"2","11","15","2","5","5","0","1","599","733","0","1","1","4","0.12","0.88","0","0",,,"1","35","2024-03-06 14:20:27"
"655fa05b1303f59972ea6555",,"2","55","2","2","5","5","0","1","699","884","0","1","1","2","0.22","0.37","0","0",,,"1","180","2024-03-06 14:20:28"
"62fba37f3560a85b4eb94aac",,"2","12","3","2","5","5","0","1","534","667","0","1","3","4","0.63","0.78","0","0",,,"1","40","2024-03-06 14:20:30"
"655fa05b1303f59972ea6555",,"2","56","14","2","5","5","0","1","599","833","0","1","1","4","0.16","0.84","0","0",,,"1","185","2024-03-06 14:20:30"
"62fba37f3560a85b4eb94aac",,"2","13","8","2","5","5","1","0","950","1083","1","0","1","2","0.12","0.45","0","0",,,"0","40","2024-03-06 14:20:33"
"655fa05b1303f59972ea6555",,"2","57","15","2","5","5","0","1","499","800","0","1","1","4","0.12","0.88","0","0",,,"1","190","2024-03-06 14:20:33"
"655fa05b1303f59972ea6555",,"2","58","10","2","5","5","1","0","483","682","1","0","1","3","0.16","0.63","0","0",,,"0","190","2024-03-06 14:20:35"
"62fba37f3560a85b4eb94aac",,"2","14","7","2","5","5","1","0","734","850","1","0","3","4","0.55","0.88","0","0",,,"1","45","2024-03-06 14:20:35"
"62fba37f3560a85b4eb94aac",,"2","15","14","2","5","5","0","1","633","751","0","1","1","4","0.16","0.84","0","0",,,"1","50","2024-03-06 14:20:38"
"655fa05b1303f59972ea6555",,"2","59","1","2","5","5","1","0","699","866","1","0","4","4","0.71","0.84","0","0",,,"1","195","2024-03-06 14:20:38"
"655fa05b1303f59972ea6555",,"2","60","9","2","5","5","1","0","499","700","1","0","1","4","0.29","0.71","0","0",,,"0","195","2024-03-06 14:20:40"
"62fba37f3560a85b4eb94aac",,"2","16","6","2","5","5","0","1","1051","1201","0","1","2","3","0.37","0.63","0","0",,,"1","55","2024-03-06 14:20:41"
"655fa05b1303f59972ea6555",,"2","61","1","2","5","5","0","1","666","849","0","1","4","4","0.71","0.84","0","0",,,"1","200","2024-03-06 14:20:43"
"62fba37f3560a85b4eb94aac",,"2","17","1","2","5","5","1","0","717","850","1","0","4","4","0.71","0.84","0","0",,,"1","60","2024-03-06 14:20:44"
"655fa05b1303f59972ea6555",,"2","62","7","2","5","5","1","0","432","617","1","0","3","4","0.55","0.88","0","0",,,"1","205","2024-03-06 14:20:46"
"62fba37f3560a85b4eb94aac",,"2","18","13","2","5","5","0","1","567","701","0","1","1","4","0.29","0.88","0","0",,,"0","60","2024-03-06 14:20:46"
"655fa05b1303f59972ea6555",,"2","63","8","2","5","5","1","0","1066","1216","1","0","1","2","0.12","0.45","0","0",,,"1","210","2024-03-06 14:20:49"
"62fba37f3560a85b4eb94aac",,"2","19","0","2","5","5","0","1","849","983","0","1","1","1","0.16","0.29","0","0",,,"0","60","2024-03-06 14:20:49"
"62fba37f3560a85b4eb94aac",,"2","20","4","2","5","5","0","1","550","717","0","1","3","4","0.55","0.78","0","0",,,"1","65","2024-03-06 14:20:52"
"62fba37f3560a85b4eb94aac",,"2","21","0","2","5","5","0","1","1167","1317","0","1","1","1","0.16","0.29","0","0",,,"0","65","2024-03-06 14:20:55"
"62fba37f3560a85b4eb94aac",,"2","22","7","2","5","5","0","1","583","716","0","1","3","4","0.55","0.88","0","0",,,"1","70","2024-03-06 14:20:58"
"62fba37f3560a85b4eb94aac",,"2","23","1","2","5","5","1","0","733","884","1","0","4","4","0.71","0.84","0","0",,,"1","75","2024-03-06 14:21:00"
"62fba37f3560a85b4eb94aac",,"2","24","9","2","5","5","0","1","734","850","0","1","1","4","0.29","0.71","0","0",,,"1","80","2024-03-06 14:21:03"
"62fba37f3560a85b4eb94aac",,"2","25","6","2","5","5","0","1","616","750","0","1","2","3","0.37","0.63","0","0",,,"1","85","2024-03-06 14:21:06"
"62fba37f3560a85b4eb94aac",,"2","26","5","2","5","5","0","1","816","917","0","1","1","2","0.22","0.45","0","0",,,"0","85","2024-03-06 14:21:08"
"62fba37f3560a85b4eb94aac",,"2","27","14","2","5","5","1","0","632","733","1","0","1","4","0.16","0.84","0","0",,,"1","90","2024-03-06 14:21:11"
"62fba37f3560a85b4eb94aac",,"2","28","6","2","5","5","1","0","733","866","1","0","2","3","0.37","0.63","0","0",,,"1","95","2024-03-06 14:21:14"
"62fba37f3560a85b4eb94aac",,"2","29","15","2","5","5","1","0","967","1134","1","0","1","4","0.12","0.88","0","0",,,"1","100","2024-03-06 14:21:17"
"62fba37f3560a85b4eb94aac",,"2","30","14","2","5","5","0","1","901","1035","0","1","1","4","0.16","0.84","0","0",,,"1","105","2024-03-06 14:21:19"
"62fba37f3560a85b4eb94aac",,"2","31","10","2","5","5","1","0","1199","1332","1","0","1","3","0.16","0.63","0","0",,,"0","105","2024-03-06 14:21:22"
"62fba37f3560a85b4eb94aac",,"2","32","11","2","5","5","1","0","666","817","1","0","2","4","0.37","0.84","0","0",,,"1","110","2024-03-06 14:21:25"
"62fba37f3560a85b4eb94aac",,"2","33","9","2","5","5","1","0","617","734","1","0","1","4","0.29","0.71","0","0",,,"0","110","2024-03-06 14:21:28"
"62fba37f3560a85b4eb94aac",,"2","34","5","2","5","5","1","0","682","783","1","0","1","2","0.22","0.45","0","0",,,"0","110","2024-03-06 14:21:31"
"62fba37f3560a85b4eb94aac",,"2","35","14","2","5","5","1","0","634","767","1","0","1","4","0.16","0.84","0","0",,,"0","110","2024-03-06 14:21:33"
"62fba37f3560a85b4eb94aac",,"2","36","0","2","5","5","0","1","950","1083","0","1","1","1","0.16","0.29","0","0",,,"0","110","2024-03-06 14:21:36"
"62fba37f3560a85b4eb94aac",,"2","37","0","2","5","5","0","1","1599","1749","0","1","1","1","0.16","0.29","0","0",,,"1","115","2024-03-06 14:21:40"
"62fba37f3560a85b4eb94aac",,"2","38","5","2","5","5","0","1","849","1015","0","1","1","2","0.22","0.45","0","0",,,"1","120","2024-03-06 14:21:43"
"62fba37f3560a85b4eb94aac",,"2","39","11","2","5","5","1","0","784","884","1","0","2","4","0.37","0.84","0","0",,,"1","125","2024-03-06 14:21:45"
"62fba37f3560a85b4eb94aac",,"2","40","9","2","5","5","1","0","716","850","1","0","1","4","0.29","0.71","0","0",,,"0","125","2024-03-06 14:21:48"
"62fba37f3560a85b4eb94aac",,"2","41","9","2","5","5","0","1","733","849","0","1","1","4","0.29","0.71","0","0",,,"1","130","2024-03-06 14:21:51"
"62fba37f3560a85b4eb94aac",,"2","42","7","2","5","5","0","1","884","1002","0","1","3","4","0.55","0.88","0","0",,,"1","135","2024-03-06 14:21:54"
"62fba37f3560a85b4eb94aac",,"2","43","10","2","5","5","1","0","866","1000","1","0","1","3","0.16","0.63","0","0",,,"0","135","2024-03-06 14:21:56"
"62fba37f3560a85b4eb94aac",,"2","44","4","2","5","5","0","1","633","750","0","1","3","4","0.55","0.78","0","0",,,"1","140","2024-03-06 14:21:59"
"62fba37f3560a85b4eb94aac",,"2","45","15","2","5","5","1","0","583","666","1","0","1","4","0.12","0.88","0","0",,,"1","145","2024-03-06 14:22:02"
"62fba37f3560a85b4eb94aac",,"2","46","13","2","5","5","0","1","633","732","0","1","1","4","0.29","0.88","0","0",,,"0","145","2024-03-06 14:22:04"
"62fba37f3560a85b4eb94aac",,"2","47","4","2","5","5","0","1","633","766","0","1","3","4","0.55","0.78","0","0",,,"1","150","2024-03-06 14:22:07"
"62fba37f3560a85b4eb94aac",,"2","48","15","2","5","5","1","0","785","901","1","0","1","4","0.12","0.88","0","0",,,"1","155","2024-03-06 14:22:10"
"62fba37f3560a85b4eb94aac",,"2","49","13","2","5","5","0","1","833","967","0","1","1","4","0.29","0.88","0","0",,,"1","160","2024-03-06 14:22:12"
"62fba37f3560a85b4eb94aac",,"2","50","3","2","5","5","1","0","616","767","1","0","3","4","0.63","0.78","0","0",,,"1","165","2024-03-06 14:22:15"
"62fba37f3560a85b4eb94aac",,"2","51","2","2","5","5","0","1","883","1033","0","1","1","2","0.22","0.37","0","0",,,"0","165","2024-03-06 14:22:18"
"62fba37f3560a85b4eb94aac",,"2","52","12","2","5","5","1","0","582","683","1","0","1","4","0.12","0.71","0","0",,,"0","165","2024-03-06 14:22:21"
"62fba37f3560a85b4eb94aac",,"2","53","12","2","5","5","1","0","700","817","1","0","1","4","0.12","0.71","0","0",,,"1","170","2024-03-06 14:22:23"
"62fba37f3560a85b4eb94aac",,"2","54","8","2","5","5","1","0","683","800","1","0","1","2","0.12","0.45","0","0",,,"0","170","2024-03-06 14:22:26"
"62fba37f3560a85b4eb94aac",,"2","55","12","2","5","5","0","1","616","733","0","1","1","4","0.12","0.71","0","0",,,"1","175","2024-03-06 14:22:29"
"62fba37f3560a85b4eb94aac",,"2","56","3","2","5","5","0","1","751","900","0","1","3","4","0.63","0.78","0","0",,,"1","180","2024-03-06 14:22:31"
"62fba37f3560a85b4eb94aac",,"2","57","6","2","5","5","1","0","649","766","1","0","2","3","0.37","0.63","0","0",,,"1","185","2024-03-06 14:22:34"
"62fba37f3560a85b4eb94aac",,"2","58","2","2","5","5","0","1","851","1018","0","1","1","2","0.22","0.37","0","0",,,"0","185","2024-03-06 14:22:37"
"62fba37f3560a85b4eb94aac",,"2","59","12","2","5","5","1","0","583","700","1","0","1","4","0.12","0.71","0","0",,,"1","190","2024-03-06 14:22:39"
"62fba37f3560a85b4eb94aac",,"2","60","1","2","5","5","0","1","950","1084","0","1","4","4","0.71","0.84","0","0",,,"1","195","2024-03-06 14:22:42"
"62fba37f3560a85b4eb94aac",,"2","61","2","2","5","5","1","0","601","701","1","0","1","2","0.22","0.37","0","0",,,"0","195","2024-03-06 14:22:45"
"62fba37f3560a85b4eb94aac",,"2","62","13","2","5","5","1","0","617","717","1","0","1","4","0.29","0.88","0","0",,,"0","195","2024-03-06 14:22:47"
"62fba37f3560a85b4eb94aac",,"2","63","10","2","5","5","1","0","683","801","1","0","1","3","0.16","0.63","0","0",,,"1","200","2024-03-06 14:22:50"
"655fa05b1303f59972ea6555",,"3","0","7","2","5","5","1","0","566","866","1","0","3","4","0.55","0.88","0","0",,,"1","5","2024-03-06 14:22:59"
"655fa05b1303f59972ea6555",,"3","1","15","2","5","5","0","1","415","615","0","1","1","4","0.12","0.88","0","0",,,"1","10","2024-03-06 14:23:02"
"655fa05b1303f59972ea6555",,"3","2","9","2","5","5","1","0","366","615","1","0","1","4","0.29","0.71","0","0",,,"1","15","2024-03-06 14:23:04"
"655fa05b1303f59972ea6555",,"3","3","8","2","5","5","1","0","499","816","1","0","1","2","0.12","0.45","0","0",,,"0","15","2024-03-06 14:23:07"
"655fa05b1303f59972ea6555",,"3","4","10","2","5","5","0","1","967","1084","0","1","1","3","0.16","0.63","0","0",,,"1","20","2024-03-06 14:23:10"
"655fa05b1303f59972ea6555",,"3","5","15","2","5","5","1","0","414","549","1","0","1","4","0.12","0.88","0","0",,,"1","25","2024-03-06 14:23:12"
"62fba37f3560a85b4eb94aac",,"3","0","2","2","5","5","1","0","1216","1333","1","0","1","2","0.22","0.37","0","0",,,"1","5","2024-03-06 14:23:14"
"655fa05b1303f59972ea6555",,"3","6","8","1","5","5","1","1","816","1033","1","0","1","2","0.12","0.45","0","0",,,"0","25","2024-03-06 14:23:15"
"62fba37f3560a85b4eb94aac",,"3","1","3","2","5","5","1","0","683","784","1","0","3","4","0.63","0.78","0","0",,,"1","10","2024-03-06 14:23:17"
"655fa05b1303f59972ea6555",,"3","7","12","2","5","5","1","0","584","751","1","0","1","4","0.12","0.71","0","0",,,"1","30","2024-03-06 14:23:18"
"62fba37f3560a85b4eb94aac",,"3","2","13","2","5","5","1","0","632","766","1","0","1","4","0.29","0.88","0","0",,,"1","15","2024-03-06 14:23:20"
"655fa05b1303f59972ea6555",,"3","8","1","2","5","5","1","0","799","966","1","0","4","4","0.71","0.84","0","0",,,"1","35","2024-03-06 14:23:20"
"62fba37f3560a85b4eb94aac",,"3","3","8","2","5","5","1","0","716","933","1","0","1","2","0.12","0.45","0","0",,,"0","15","2024-03-06 14:23:23"
"655fa05b1303f59972ea6555",,"3","9","2","2","5","5","0","1","1017","1234","0","1","1","2","0.22","0.37","0","0",,,"1","40","2024-03-06 14:23:23"
"62fba37f3560a85b4eb94aac",,"3","4","15","2","5","5","1","0","716","849","1","0","1","4","0.12","0.88","0","0",,,"1","20","2024-03-06 14:23:26"
"655fa05b1303f59972ea6555",,"3","10","9","2","5","5","1","0","516","682","1","0","1","4","0.29","0.71","0","0",,,"1","45","2024-03-06 14:23:26"
"655fa05b1303f59972ea6555",,"3","11","13","2","5","5","0","1","449","650","0","1","1","4","0.29","0.88","0","0",,,"0","45","2024-03-06 14:23:28"
"62fba37f3560a85b4eb94aac",,"3","5","14","2","5","5","1","0","600","683","1","0","1","4","0.16","0.84","0","0",,,"1","25","2024-03-06 14:23:28"
"62fba37f3560a85b4eb94aac",,"3","6","13","2","5","5","1","0","668","767","1","0","1","4","0.29","0.88","0","0",,,"0","25","2024-03-06 14:23:31"
"655fa05b1303f59972ea6555",,"3","12","1","2","5","5","0","1","1268","1467","0","1","4","4","0.71","0.84","0","0",,,"0","45","2024-03-06 14:23:32"
"62fba37f3560a85b4eb94aac",,"3","7","5","2","5","5","1","0","799","882","1","0","1","2","0.22","0.45","0","0",,,"1","30","2024-03-06 14:23:34"
"655fa05b1303f59972ea6555",,"3","13","12","2","5","5","0","1","682","933","0","1","1","4","0.12","0.71","0","0",,,"1","50","2024-03-06 14:23:34"
"62fba37f3560a85b4eb94aac",,"3","8","8","2","5","5","0","1","784","918","0","1","1","2","0.12","0.45","0","0",,,"0","30","2024-03-06 14:23:36"
"655fa05b1303f59972ea6555",,"3","14","11","2","5","5","1","0","433","632","1","0","2","4","0.37","0.84","0","0",,,"0","50","2024-03-06 14:23:37"
"62fba37f3560a85b4eb94aac",,"3","9","11","2","5","5","0","1","684","801","0","1","2","4","0.37","0.84","0","0",,,"1","35","2024-03-06 14:23:39"
"655fa05b1303f59972ea6555",,"3","15","10","2","5","5","1","0","482","1032","1","0","1","3","0.16","0.63","0","0",,,"1","55","2024-03-06 14:23:40"
"62fba37f3560a85b4eb94aac",,"3","10","6","2","5","5","0","1","649","783","0","1","2","3","0.37","0.63","0","0",,,"0","35","2024-03-06 14:23:42"
"655fa05b1303f59972ea6555",,"3","16","0","2","5","5","0","1","1266","1450","0","1","1","1","0.16","0.29","0","0",,,"0","55","2024-03-06 14:23:43"
"62fba37f3560a85b4eb94aac",,"3","11","11","2","5","5","0","1","899","1066","0","1","2","4","0.37","0.84","0","0",,,"1","40","2024-03-06 14:23:45"
"655fa05b1303f59972ea6555",,"3","17","2","1","5","5","1","1","981","1151","1","0","1","2","0.22","0.37","0","0",,,"1","60","2024-03-06 14:23:46"
"62fba37f3560a85b4eb94aac",,"3","12","10","2","5","5","1","0","1084","1217","1","0","1","3","0.16","0.63","0","0",,,"0","40","2024-03-06 14:23:48"
"655fa05b1303f59972ea6555",,"3","18","4","2","5","5","1","0","649","881","1","0","3","4","0.55","0.78","0","0",,,"1","65","2024-03-06 14:23:49"
"62fba37f3560a85b4eb94aac",,"3","13","12","2","5","5","0","1","600","699","0","1","1","4","0.12","0.71","0","0",,,"1","45","2024-03-06 14:23:50"
"655fa05b1303f59972ea6555",,"3","19","4","2","5","5","1","0","616","848","1","0","3","4","0.55","0.78","0","0",,,"0","65","2024-03-06 14:23:51"
"62fba37f3560a85b4eb94aac",,"3","14","6","2","5","5","0","1","650","784","0","1","2","3","0.37","0.63","0","0",,,"1","50","2024-03-06 14:23:53"
"655fa05b1303f59972ea6555",,"3","20","11","2","5","5","0","1","900","1085","0","1","2","4","0.37","0.84","0","0",,,"1","70","2024-03-06 14:23:54"
"62fba37f3560a85b4eb94aac",,"3","15","15","2","5","5","1","0","816","951","1","0","1","4","0.12","0.88","0","0",,,"1","55","2024-03-06 14:23:56"
"655fa05b1303f59972ea6555",,"3","21","0","2","5","5","0","1","682","1066","0","1","1","1","0.16","0.29","0","0",,,"0","70","2024-03-06 14:23:57"
"62fba37f3560a85b4eb94aac",,"3","16","11","2","5","5","0","1","567","667","0","1","2","4","0.37","0.84","0","0",,,"1","60","2024-03-06 14:23:58"
"655fa05b1303f59972ea6555",,"3","22","10","2","5","5","0","1","882","1066","0","1","1","3","0.16","0.63","0","0",,,"0","70","2024-03-06 14:24:00"
"62fba37f3560a85b4eb94aac",,"3","17","9","2","5","5","0","1","582","716","0","1","1","4","0.29","0.71","0","0",,,"1","65","2024-03-06 14:24:01"
"62fba37f3560a85b4eb94aac",,"3","18","12","2","5","5","0","1","600","733","0","1","1","4","0.12","0.71","0","0",,,"1","70","2024-03-06 14:24:03"
"655fa05b1303f59972ea6555",,"3","23","8","1","5","5","1","1","649","1517","1","1","1","2","0.12","0.45","0","0",,,"0","70","2024-03-06 14:24:03"
"62fba37f3560a85b4eb94aac",,"3","19","1","2","5","5","1","0","600","716","1","0","4","4","0.71","0.84","0","0",,,"1","75","2024-03-06 14:24:06"
"655fa05b1303f59972ea6555",,"3","24","1","2","5","5","1","0","966","1167","1","0","4","4","0.71","0.84","0","0",,,"0","70","2024-03-06 14:24:07"
"62fba37f3560a85b4eb94aac",,"3","20","8","2","5","5","0","1","549","666","0","1","1","2","0.12","0.45","0","0",,,"0","75","2024-03-06 14:24:08"
"655fa05b1303f59972ea6555",,"3","25","11","2","5","5","0","1","566","900","0","1","2","4","0.37","0.84","0","0",,,"0","70","2024-03-06 14:24:09"
"62fba37f3560a85b4eb94aac",,"3","21","10","2","5","5","0","1","600","750","0","1","1","3","0.16","0.63","0","0",,,"1","80","2024-03-06 14:24:11"
"655fa05b1303f59972ea6555",,"3","26","14","2","5","5","0","1","834","1016","0","1","1","4","0.16","0.84","0","0",,,"1","75","2024-03-06 14:24:12"
"62fba37f3560a85b4eb94aac",,"3","22","2","2","5","5","0","1","717","867","0","1","1","2","0.22","0.37","0","0",,,"0","80","2024-03-06 14:24:14"
"655fa05b1303f59972ea6555",,"3","27","2","2","5","5","0","1","849","1149","0","1","1","2","0.22","0.37","0","0",,,"1","80","2024-03-06 14:24:15"
"62fba37f3560a85b4eb94aac",,"3","23","7","2","5","5","0","1","610","760","0","1","3","4","0.55","0.88","0","0",,,"1","85","2024-03-06 14:24:16"
"655fa05b1303f59972ea6555",,"3","28","5","2","5","5","1","0","866","1049","1","0","1","2","0.22","0.45","0","0",,,"1","85","2024-03-06 14:24:18"
"62fba37f3560a85b4eb94aac",,"3","24","9","2","5","5","1","0","666","766","1","0","1","4","0.29","0.71","0","0",,,"0","85","2024-03-06 14:24:19"
"655fa05b1303f59972ea6555",,"3","29","7","2","5","5","1","0","800","984","1","0","3","4","0.55","0.88","0","0",,,"1","90","2024-03-06 14:24:21"
"62fba37f3560a85b4eb94aac",,"3","25","10","2","5","5","0","1","667","800","0","1","1","3","0.16","0.63","0","0",,,"0","85","2024-03-06 14:24:22"
"655fa05b1303f59972ea6555",,"3","30","5","2","5","5","0","1","632","1000","0","1","1","2","0.22","0.45","0","0",,,"1","95","2024-03-06 14:24:23"
"62fba37f3560a85b4eb94aac",,"3","26","2","2","5","5","0","1","649","783","0","1","1","2","0.22","0.37","0","0",,,"0","85","2024-03-06 14:24:25"
"655fa05b1303f59972ea6555",,"3","31","14","2","5","5","0","1","632","816","0","1","1","4","0.16","0.84","0","0",,,"1","100","2024-03-06 14:24:26"
"62fba37f3560a85b4eb94aac",,"3","27","11","2","5","5","0","1","648","782","0","1","2","4","0.37","0.84","0","0",,,"1","90","2024-03-06 14:24:27"
"655fa05b1303f59972ea6555",,"3","32","5","2","5","5","0","1","649","950","0","1","1","2","0.22","0.45","0","0",,,"1","105","2024-03-06 14:24:29"
"62fba37f3560a85b4eb94aac",,"3","28","13","2","5","5","0","1","633","750","0","1","1","4","0.29","0.88","0","0",,,"1","95","2024-03-06 14:24:30"
"655fa05b1303f59972ea6555",,"3","33","0","2","5","5","1","0","849","1017","1","0","1","1","0.16","0.29","0","0",,,"0","105","2024-03-06 14:24:31"
"62fba37f3560a85b4eb94aac",,"3","29","7","2","5","5","0","1","517","715","0","1","3","4","0.55","0.88","0","0",,,"1","100","2024-03-06 14:24:33"
"655fa05b1303f59972ea6555",,"3","34","6","2","5","5","1","0","566","764","1","0","2","3","0.37","0.63","0","0",,,"0","105","2024-03-06 14:24:34"
"62fba37f3560a85b4eb94aac",,"3","30","15","2","5","5","1","0","537","666","1","0","1","4","0.12","0.88","0","0",,,"0","100","2024-03-06 14:24:35"
"655fa05b1303f59972ea6555",,"3","35","13","2","5","5","1","0","431","632","1","0","1","4","0.29","0.88","0","0",,,"1","110","2024-03-06 14:24:37"
"62fba37f3560a85b4eb94aac",,"3","31","0","2","5","5","1","0","1049","1182","1","0","1","1","0.16","0.29","0","0",,,"1","105","2024-03-06 14:24:38"
"655fa05b1303f59972ea6555",,"3","36","10","2","5","5","1","0","449","682","1","0","1","3","0.16","0.63","0","0",,,"0","110","2024-03-06 14:24:39"
"62fba37f3560a85b4eb94aac",,"3","32","5","2","5","5","0","1","650","766","0","1","1","2","0.22","0.45","0","0",,,"0","105","2024-03-06 14:24:41"
"655fa05b1303f59972ea6555",,"3","37","7","2","5","5","1","0","450","716","1","0","3","4","0.55","0.88","0","0",,,"1","115","2024-03-06 14:24:42"
"62fba37f3560a85b4eb94aac",,"3","33","1","2","5","5","0","1","782","917","0","1","4","4","0.71","0.84","0","0",,,"1","110","2024-03-06 14:24:44"
"655fa05b1303f59972ea6555",,"3","38","9","2","5","5","0","1","565","816","0","1","1","4","0.29","0.71","0","0",,,"1","120","2024-03-06 14:24:44"
"62fba37f3560a85b4eb94aac",,"3","34","15","2","5","5","1","0","617","734","1","0","1","4","0.12","0.88","0","0",,,"1","115","2024-03-06 14:24:46"
"655fa05b1303f59972ea6555",,"3","39","14","2","5","5","1","0","382","600","1","0","1","4","0.16","0.84","0","0",,,"1","125","2024-03-06 14:24:47"
"62fba37f3560a85b4eb94aac",,"3","35","6","2","5","5","1","0","633","784","1","0","2","3","0.37","0.63","0","0",,,"1","120","2024-03-06 14:24:49"
"655fa05b1303f59972ea6555",,"3","40","12","2","5","5","1","0","349","633","1","0","1","4","0.12","0.71","0","0",,,"1","130","2024-03-06 14:24:49"
"62fba37f3560a85b4eb94aac",,"3","36","12","2","5","5","0","1","617","734","0","1","1","4","0.12","0.71","0","0",,,"1","125","2024-03-06 14:24:51"
"655fa05b1303f59972ea6555",,"3","41","13","2","5","5","1","0","399","616","1","0","1","4","0.29","0.88","0","0",,,"1","135","2024-03-06 14:24:52"
"62fba37f3560a85b4eb94aac",,"3","37","10","2","5","5","0","1","650","750","0","1","1","3","0.16","0.63","0","0",,,"0","125","2024-03-06 14:24:54"
"655fa05b1303f59972ea6555",,"3","42","11","2","5","5","0","1","582","899","0","1","2","4","0.37","0.84","0","0",,,"1","140","2024-03-06 14:24:54"
"62fba37f3560a85b4eb94aac",,"3","38","13","2","5","5","1","0","516","632","1","0","1","4","0.29","0.88","0","0",,,"0","125","2024-03-06 14:24:56"
"655fa05b1303f59972ea6555",,"3","43","6","2","5","5","0","1","533","766","0","1","2","3","0.37","0.63","0","0",,,"0","140","2024-03-06 14:24:57"
"62fba37f3560a85b4eb94aac",,"3","39","0","2","5","5","1","0","782","899","1","0","1","1","0.16","0.29","0","0",,,"0","125","2024-03-06 14:24:59"
"655fa05b1303f59972ea6555",,"3","44","0","2","5","5","1","0","549","783","1","0","1","1","0.16","0.29","0","0",,,"1","145","2024-03-06 14:25:00"
"62fba37f3560a85b4eb94aac",,"3","40","1","2","5","5","1","0","633","768","1","0","4","4","0.71","0.84","0","0",,,"1","130","2024-03-06 14:25:02"
"655fa05b1303f59972ea6555",,"3","45","7","2","5","5","0","1","482","766","0","1","3","4","0.55","0.88","0","0",,,"1","150","2024-03-06 14:25:02"
"655fa05b1303f59972ea6555",,"3","46","15","2","5","5","1","0","416","649","1","0","1","4","0.12","0.88","0","0",,,"1","155","2024-03-06 14:25:05"
"62fba37f3560a85b4eb94aac",,"3","41","0","2","5","5","0","1","832","949","0","1","1","1","0.16","0.29","0","0",,,"0","130","2024-03-06 14:25:05"
"655fa05b1303f59972ea6555",,"3","47","2","2","5","5","1","0","482","850","1","0","1","2","0.22","0.37","0","0",,,"0","155","2024-03-06 14:25:07"
"62fba37f3560a85b4eb94aac",,"3","42","2","2","5","5","1","0","616","749","1","0","1","2","0.22","0.37","0","0",,,"0","130","2024-03-06 14:25:08"
"655fa05b1303f59972ea6555",,"3","48","9","2","5","5","1","0","449","665","1","0","1","4","0.29","0.71","0","0",,,"1","160","2024-03-06 14:25:10"
"62fba37f3560a85b4eb94aac",,"3","43","4","2","5","5","0","1","717","833","0","1","3","4","0.55","0.78","0","0",,,"1","135","2024-03-06 14:25:10"
"655fa05b1303f59972ea6555",,"3","49","3","2","5","5","0","1","449","899","0","1","3","4","0.63","0.78","0","0",,,"1","165","2024-03-06 14:25:12"
"62fba37f3560a85b4eb94aac",,"3","44","5","2","5","5","1","0","683","784","1","0","1","2","0.22","0.45","0","0",,,"0","135","2024-03-06 14:25:13"
"655fa05b1303f59972ea6555",,"3","50","1","2","5","5","1","0","749","900","1","0","4","4","0.71","0.84","0","0",,,"1","170","2024-03-06 14:25:15"
"62fba37f3560a85b4eb94aac",,"3","45","12","2","5","5","1","0","632","750","1","0","1","4","0.12","0.71","0","0",,,"1","140","2024-03-06 14:25:16"
"655fa05b1303f59972ea6555",,"3","51","6","2","5","5","0","1","566","816","0","1","2","3","0.37","0.63","0","0",,,"0","170","2024-03-06 14:25:18"
"62fba37f3560a85b4eb94aac",,"3","46","3","2","5","5","1","0","750","884","1","0","3","4","0.63","0.78","0","0",,,"1","145","2024-03-06 14:25:18"
"655fa05b1303f59972ea6555",,"3","52","5","2","5","5","1","0","451","767","1","0","1","2","0.22","0.45","0","0",,,"0","170","2024-03-06 14:25:20"
"62fba37f3560a85b4eb94aac",,"3","47","3","2","5","5","0","1","683","817","0","1","3","4","0.63","0.78","0","0",,,"1","150","2024-03-06 14:25:21"
"655fa05b1303f59972ea6555",,"3","53","8","2","5","5","1","0","566","783","1","0","1","2","0.12","0.45","0","0",,,"0","170","2024-03-06 14:25:23"
"62fba37f3560a85b4eb94aac",,"3","48","4","2","5","5","0","1","750","866","0","1","3","4","0.55","0.78","0","0",,,"1","155","2024-03-06 14:25:24"
"655fa05b1303f59972ea6555",,"3","54","3","2","5","5","0","1","699","916","0","1","3","4","0.63","0.78","0","0",,,"0","170","2024-03-06 14:25:26"
"62fba37f3560a85b4eb94aac",,"3","49","0","2","5","5","0","1","949","1066","0","1","1","1","0.16","0.29","0","0",,,"1","160","2024-03-06 14:25:27"
"655fa05b1303f59972ea6555",,"3","55","13","2","5","5","1","0","366","583","1","0","1","4","0.29","0.88","0","0",,,"1","175","2024-03-06 14:25:29"
"62fba37f3560a85b4eb94aac",,"3","50","1","2","5","5","0","1","616","1017","0","1","4","4","0.71","0.84","0","0",,,"1","165","2024-03-06 14:25:29"
"655fa05b1303f59972ea6555",,"3","56","3","2","5","5","1","0","499","783","1","0","3","4","0.63","0.78","0","0",,,"1","180","2024-03-06 14:25:31"
"62fba37f3560a85b4eb94aac",,"3","51","4","2","5","5","1","0","633","750","1","0","3","4","0.55","0.78","0","0",,,"1","170","2024-03-06 14:25:32"
"655fa05b1303f59972ea6555",,"3","57","6","2","5","5","1","0","466","650","1","0","2","3","0.37","0.63","0","0",,,"1","185","2024-03-06 14:25:34"
"62fba37f3560a85b4eb94aac",,"3","52","5","2","5","5","1","0","873","973","1","0","1","2","0.22","0.45","0","0",,,"0","170","2024-03-06 14:25:35"
"655fa05b1303f59972ea6555",,"3","58","4","2","5","5","1","0","416","633","1","0","3","4","0.55","0.78","0","0",,,"0","185","2024-03-06 14:25:36"
"62fba37f3560a85b4eb94aac",,"3","53","14","2","5","5","1","0","649","766","1","0","1","4","0.16","0.84","0","0",,,"1","175","2024-03-06 14:25:37"
"655fa05b1303f59972ea6555",,"3","59","14","2","5","5","0","1","565","799","0","1","1","4","0.16","0.84","0","0",,,"1","190","2024-03-06 14:25:39"
"62fba37f3560a85b4eb94aac",,"3","54","9","2","5","5","0","1","483","599","0","1","1","4","0.29","0.71","0","0",,,"1","180","2024-03-06 14:25:40"
"655fa05b1303f59972ea6555",,"3","60","3","2","5","5","0","1","582","850","0","1","3","4","0.63","0.78","0","0",,,"1","195","2024-03-06 14:25:41"
"62fba37f3560a85b4eb94aac",,"3","55","9","2","5","5","1","0","566","667","1","0","1","4","0.29","0.71","0","0",,,"0","180","2024-03-06 14:25:42"
"655fa05b1303f59972ea6555",,"3","61","4","2","5","5","0","1","649","883","0","1","3","4","0.55","0.78","0","0",,,"1","200","2024-03-06 14:25:44"
"62fba37f3560a85b4eb94aac",,"3","56","8","2","5","5","1","0","933","1067","1","0","1","2","0.12","0.45","0","0",,,"1","185","2024-03-06 14:25:45"
"655fa05b1303f59972ea6555",,"3","62","12","2","5","5","0","1","532","733","0","1","1","4","0.12","0.71","0","0",,,"1","205","2024-03-06 14:25:47"
"62fba37f3560a85b4eb94aac",,"3","57","7","2","5","5","0","1","600","701","0","1","3","4","0.55","0.88","0","0",,,"1","190","2024-03-06 14:25:48"
"655fa05b1303f59972ea6555",,"3","63","15","2","5","5","0","1","482","733","0","1","1","4","0.12","0.88","0","0",,,"1","210","2024-03-06 14:25:49"
"62fba37f3560a85b4eb94aac",,"3","58","3","2","5","5","1","0","565","633","1","0","3","4","0.63","0.78","0","0",,,"1","195","2024-03-06 14:25:50"
"62fba37f3560a85b4eb94aac",,"3","59","4","2","5","5","0","1","633","750","0","1","3","4","0.55","0.78","0","0",,,"1","200","2024-03-06 14:25:53"
"62fba37f3560a85b4eb94aac",,"3","60","7","2","5","5","0","1","567","684","0","1","3","4","0.55","0.88","0","0",,,"1","205","2024-03-06 14:25:55"
"62fba37f3560a85b4eb94aac",,"3","61","14","2","5","5","0","1","566","717","0","1","1","4","0.16","0.84","0","0",,,"1","210","2024-03-06 14:25:58"
"62fba37f3560a85b4eb94aac",,"3","62","14","2","5","5","1","0","550","650","1","0","1","4","0.16","0.84","0","0",,,"0","210","2024-03-06 14:26:00"
"62fba37f3560a85b4eb94aac",,"3","63","6","2","5","5","1","0","683","834","1","0","2","3","0.37","0.63","0","0",,,"1","215","2024-03-06 14:26:03"
"62fba37f3560a85b4eb94aac",,"4","0","2","2","5","5","0","1","1066","1200","0","1","1","2","0.22","0.37","0","0",,,"1","5","2024-03-06 14:26:17"
"62fba37f3560a85b4eb94aac",,"4","1","5","2","5","5","1","0","616","700","1","0","1","2","0.22","0.45","0","0",,,"0","5","2024-03-06 14:26:20"
"62fba37f3560a85b4eb94aac",,"4","2","13","2","5","5","1","0","749","833","1","0","1","4","0.29","0.88","0","0",,,"1","10","2024-03-06 14:26:23"
"62fba37f3560a85b4eb94aac",,"4","3","15","2","5","5","1","0","534","650","1","0","1","4","0.12","0.88","0","0",,,"1","15","2024-03-06 14:26:25"
"62fba37f3560a85b4eb94aac",,"4","4","14","2","5","5","1","0","566","700","1","0","1","4","0.16","0.84","0","0",,,"1","20","2024-03-06 14:26:28"
"62fba37f3560a85b4eb94aac",,"4","5","1","2","5","5","0","1","800","917","0","1","4","4","0.71","0.84","0","0",,,"0","20","2024-03-06 14:26:30"
"62fba37f3560a85b4eb94aac",,"4","6","2","2","5","5","0","1","799","1032","0","1","1","2","0.22","0.37","0","0",,,"0","20","2024-03-06 14:26:33"
"62fba37f3560a85b4eb94aac",,"4","7","3","2","5","5","0","1","666","817","0","1","3","4","0.63","0.78","0","0",,,"1","25","2024-03-06 14:26:36"
"62fba37f3560a85b4eb94aac",,"4","8","13","2","5","5","0","1","617","734","0","1","1","4","0.29","0.88","0","0",,,"1","30","2024-03-06 14:26:39"
"62fba37f3560a85b4eb94aac",,"4","9","1","2","5","5","0","1","682","833","0","1","4","4","0.71","0.84","0","0",,,"1","35","2024-03-06 14:26:41"
"62fba37f3560a85b4eb94aac",,"4","10","1","2","5","5","0","1","716","850","0","1","4","4","0.71","0.84","0","0",,,"1","40","2024-03-06 14:26:44"
"62fba37f3560a85b4eb94aac",,"4","11","11","2","5","5","1","0","766","900","1","0","2","4","0.37","0.84","0","0",,,"0","40","2024-03-06 14:26:47"
"655fa05b1303f59972ea6555",,"4","0","3","2","5","5","1","0","667","851","1","0","3","4","0.63","0.78","0","0",,,"1","5","2024-03-06 14:26:48"
"62fba37f3560a85b4eb94aac",,"4","12","2","2","5","5","1","0","866","982","1","0","1","2","0.22","0.37","0","0",,,"0","40","2024-03-06 14:26:49"
"655fa05b1303f59972ea6555",,"4","1","7","2","5","5","0","1","716","882","0","1","3","4","0.55","0.88","0","0",,,"0","5","2024-03-06 14:26:51"
"62fba37f3560a85b4eb94aac",,"4","13","10","2","5","5","1","0","733","833","1","0","1","3","0.16","0.63","0","0",,,"0","40","2024-03-06 14:26:52"
"655fa05b1303f59972ea6555",,"4","2","13","2","5","5","1","0","583","768","1","0","1","4","0.29","0.88","0","0",,,"1","10","2024-03-06 14:26:54"
"62fba37f3560a85b4eb94aac",,"4","14","7","2","5","5","1","0","667","815","1","0","3","4","0.55","0.88","0","0",,,"1","45","2024-03-06 14:26:55"
"655fa05b1303f59972ea6555",,"4","3","8","2","5","5","0","1","665","816","0","1","1","2","0.12","0.45","0","0",,,"1","15","2024-03-06 14:26:56"
"62fba37f3560a85b4eb94aac",,"4","15","10","2","5","5","0","1","767","883","0","1","1","3","0.16","0.63","0","0",,,"1","50","2024-03-06 14:26:58"
"655fa05b1303f59972ea6555",,"4","4","1","2","5","5","1","0","667","817","1","0","4","4","0.71","0.84","0","0",,,"0","15","2024-03-06 14:26:59"
"62fba37f3560a85b4eb94aac",,"4","16","9","2","5","5","0","1","667","783","0","1","1","4","0.29","0.71","0","0",,,"1","55","2024-03-06 14:27:00"
"655fa05b1303f59972ea6555",,"4","5","15","2","5","5","1","0","649","816","1","0","1","4","0.12","0.88","0","0",,,"1","20","2024-03-06 14:27:02"
"62fba37f3560a85b4eb94aac",,"4","17","8","2","5","5","1","0","650","784","1","0","1","2","0.12","0.45","0","0",,,"0","55","2024-03-06 14:27:03"
"655fa05b1303f59972ea6555",,"4","6","2","1","5","5","1","1","1149","1301","1","0","1","2","0.22","0.37","0","0",,,"0","20","2024-03-06 14:27:05"
"62fba37f3560a85b4eb94aac",,"4","18","12","2","5","5","1","0","580","663","1","0","1","4","0.12","0.71","0","0",,,"1","60","2024-03-06 14:27:05"
"655fa05b1303f59972ea6555",,"4","7","6","2","5","5","1","0","600","801","1","0","2","3","0.37","0.63","0","0",,,"1","25","2024-03-06 14:27:08"
"62fba37f3560a85b4eb94aac",,"4","19","13","2","5","5","1","0","584","701","1","0","1","4","0.29","0.88","0","0",,,"1","65","2024-03-06 14:27:08"
"655fa05b1303f59972ea6555",,"4","8","13","2","5","5","1","0","482","633","1","0","1","4","0.29","0.88","0","0",,,"1","30","2024-03-06 14:27:10"
"62fba37f3560a85b4eb94aac",,"4","20","2","2","5","5","1","0","583","984","1","0","1","2","0.22","0.37","0","0",,,"0","65","2024-03-06 14:27:11"
"655fa05b1303f59972ea6555",,"4","9","5","2","5","5","0","1","450","700","0","1","1","2","0.22","0.45","0","0",,,"0","30","2024-03-06 14:27:12"
"62fba37f3560a85b4eb94aac",,"4","21","6","2","5","5","0","1","600","716","0","1","2","3","0.37","0.63","0","0",,,"1","70","2024-03-06 14:27:14"
"655fa05b1303f59972ea6555",,"4","10","3","2","5","5","0","1","649","833","0","1","3","4","0.63","0.78","0","0",,,"1","35","2024-03-06 14:27:15"
"62fba37f3560a85b4eb94aac",,"4","22","6","2","5","5","1","0","549","667","1","0","2","3","0.37","0.63","0","0",,,"0","70","2024-03-06 14:27:16"
"655fa05b1303f59972ea6555",,"4","11","11","2","5","5","1","0","416","600","1","0","2","4","0.37","0.84","0","0",,,"1","40","2024-03-06 14:27:18"
"62fba37f3560a85b4eb94aac",,"4","23","0","2","5","5","1","0","953","1051","1","0","1","1","0.16","0.29","0","0",,,"0","70","2024-03-06 14:27:19"
"655fa05b1303f59972ea6555",,"4","12","3","2","5","5","1","0","399","766","1","0","3","4","0.63","0.78","0","0",,,"1","45","2024-03-06 14:27:20"
"62fba37f3560a85b4eb94aac",,"4","24","12","2","5","5","0","1","617","716","0","1","1","4","0.12","0.71","0","0",,,"0","70","2024-03-06 14:27:22"
"655fa05b1303f59972ea6555",,"4","13","2","2","5","5","1","0","465","684","1","0","1","2","0.22","0.37","0","0",,,"0","45","2024-03-06 14:27:23"
"62fba37f3560a85b4eb94aac",,"4","25","5","2","5","5","1","0","615","731","1","0","1","2","0.22","0.45","0","0",,,"0","70","2024-03-06 14:27:25"
"655fa05b1303f59972ea6555",,"4","14","9","2","5","5","1","0","516","716","1","0","1","4","0.29","0.71","0","0",,,"1","50","2024-03-06 14:27:25"
"62fba37f3560a85b4eb94aac",,"4","26","15","2","5","5","1","0","634","735","1","0","1","4","0.12","0.88","0","0",,,"1","75","2024-03-06 14:27:27"
"655fa05b1303f59972ea6555",,"4","15","14","2","5","5","0","1","449","616","0","1","1","4","0.16","0.84","0","0",,,"1","55","2024-03-06 14:27:28"
"62fba37f3560a85b4eb94aac",,"4","27","9","2","5","5","1","0","683","800","1","0","1","4","0.29","0.71","0","0",,,"1","80","2024-03-06 14:27:30"
"655fa05b1303f59972ea6555",,"4","16","12","2","5","5","0","1","549","733","0","1","1","4","0.12","0.71","0","0",,,"1","60","2024-03-06 14:27:30"
"62fba37f3560a85b4eb94aac",,"4","28","4","2","5","5","0","1","817","934","0","1","3","4","0.55","0.78","0","0",,,"1","85","2024-03-06 14:27:32"
"655fa05b1303f59972ea6555",,"4","17","14","2","5","5","1","0","448","616","1","0","1","4","0.16","0.84","0","0",,,"1","65","2024-03-06 14:27:33"
"62fba37f3560a85b4eb94aac",,"4","29","7","2","5","5","1","0","566","665","1","0","3","4","0.55","0.88","0","0",,,"1","90","2024-03-06 14:27:35"
"655fa05b1303f59972ea6555",,"4","18","0","2","5","5","1","0","899","1049","1","0","1","1","0.16","0.29","0","0",,,"1","70","2024-03-06 14:27:35"
"62fba37f3560a85b4eb94aac",,"4","30","11","2","5","5","1","0","516","616","1","0","2","4","0.37","0.84","0","0",,,"1","95","2024-03-06 14:27:37"
"655fa05b1303f59972ea6555",,"4","19","8","2","5","5","0","1","667","967","0","1","1","2","0.12","0.45","0","0",,,"0","70","2024-03-06 14:27:38"
"62fba37f3560a85b4eb94aac",,"4","31","14","2","5","5","0","1","566","666","0","1","1","4","0.16","0.84","0","0",,,"0","95","2024-03-06 14:27:40"
"655fa05b1303f59972ea6555",,"4","20","0","1","5","5","1","1","666","899","1","0","1","1","0.16","0.29","0","0",,,"1","75","2024-03-06 14:27:41"
"62fba37f3560a85b4eb94aac",,"4","32","0","2","5","5","0","1","867","967","0","1","1","1","0.16","0.29","0","0",,,"0","95","2024-03-06 14:27:43"
"655fa05b1303f59972ea6555",,"4","21","2","2","5","5","0","1","716","965","0","1","1","2","0.22","0.37","0","0",,,"0","75","2024-03-06 14:27:44"
"62fba37f3560a85b4eb94aac",,"4","33","4","2","5","5","1","0","598","733","1","0","3","4","0.55","0.78","0","0",,,"1","100","2024-03-06 14:27:46"
"655fa05b1303f59972ea6555",,"4","22","5","1","5","5","0","0","716","916","0","1","1","2","0.22","0.45","0","0",,,"0","75","2024-03-06 14:27:46"
"62fba37f3560a85b4eb94aac",,"4","34","3","2","5","5","1","0","550","617","1","0","3","4","0.63","0.78","0","0",,,"1","105","2024-03-06 14:27:48"
"655fa05b1303f59972ea6555",,"4","23","4","2","5","5","1","0","431","633","1","0","3","4","0.55","0.78","0","0",,,"1","80","2024-03-06 14:27:49"
"62fba37f3560a85b4eb94aac",,"4","35","12","2","5","5","0","1","599","682","0","1","1","4","0.12","0.71","0","0",,,"0","105","2024-03-06 14:27:51"
"655fa05b1303f59972ea6555",,"4","24","7","2","5","5","1","0","700","850","1","0","3","4","0.55","0.88","0","0",,,"1","85","2024-03-06 14:27:52"
"62fba37f3560a85b4eb94aac",,"4","36","8","2","5","5","0","1","884","1000","0","1","1","2","0.12","0.45","0","0",,,"0","105","2024-03-06 14:27:54"
"655fa05b1303f59972ea6555",,"4","25","15","2","5","5","0","1","665","833","0","1","1","4","0.12","0.88","0","0",,,"1","90","2024-03-06 14:27:54"
"62fba37f3560a85b4eb94aac",,"4","37","9","2","5","5","1","0","533","635","1","0","1","4","0.29","0.71","0","0",,,"1","110","2024-03-06 14:27:56"
"655fa05b1303f59972ea6555",,"4","26","7","2","5","5","1","0","399","632","1","0","3","4","0.55","0.88","0","0",,,"1","95","2024-03-06 14:27:57"
"62fba37f3560a85b4eb94aac",,"4","38","0","2","5","5","0","1","900","1218","0","1","1","1","0.16","0.29","0","0",,,"0","110","2024-03-06 14:27:59"
"655fa05b1303f59972ea6555",,"4","27","8","1","5","5","1","1","1017","1851","1","1","1","2","0.12","0.45","0","0",,,"0","95","2024-03-06 14:28:00"
"62fba37f3560a85b4eb94aac",,"4","39","15","2","5","5","0","1","668","765","0","1","1","4","0.12","0.88","0","0",,,"1","115","2024-03-06 14:28:02"
"655fa05b1303f59972ea6555",,"4","28","6","2","5","5","0","1","665","833","0","1","2","3","0.37","0.63","0","0",,,"0","95","2024-03-06 14:28:03"
"62fba37f3560a85b4eb94aac",,"4","40","15","2","5","5","1","0","782","899","1","0","1","4","0.12","0.88","0","0",,,"0","115","2024-03-06 14:28:05"
"655fa05b1303f59972ea6555",,"4","29","10","2","5","5","0","1","883","1034","0","1","1","3","0.16","0.63","0","0",,,"1","100","2024-03-06 14:28:06"
"62fba37f3560a85b4eb94aac",,"4","41","6","2","5","5","0","1","706","840","0","1","2","3","0.37","0.63","0","0",,,"1","120","2024-03-06 14:28:08"
"655fa05b1303f59972ea6555",,"4","30","8","2","5","5","1","0","482","665","1","0","1","2","0.12","0.45","0","0",,,"0","100","2024-03-06 14:28:08"
"62fba37f3560a85b4eb94aac",,"4","42","6","2","5","5","0","1","633","750","0","1","2","3","0.37","0.63","0","0",,,"0","120","2024-03-06 14:28:10"
"655fa05b1303f59972ea6555",,"4","31","4","2","5","5","0","1","1116","1282","0","1","3","4","0.55","0.78","0","0",,,"1","105","2024-03-06 14:28:12"
"62fba37f3560a85b4eb94aac",,"4","43","10","2","5","5","1","0","933","1033","1","0","1","3","0.16","0.63","0","0",,,"0","120","2024-03-06 14:28:13"
"655fa05b1303f59972ea6555",,"4","32","9","2","5","5","1","0","582","733","1","0","1","4","0.29","0.71","0","0",,,"1","110","2024-03-06 14:28:14"
"62fba37f3560a85b4eb94aac",,"4","44","14","2","5","5","0","1","750","916","0","1","1","4","0.16","0.84","0","0",,,"1","125","2024-03-06 14:28:16"
"655fa05b1303f59972ea6555",,"4","33","11","2","5","5","0","1","549","850","0","1","2","4","0.37","0.84","0","0",,,"1","115","2024-03-06 14:28:17"
"62fba37f3560a85b4eb94aac",,"4","45","12","2","5","5","0","1","984","1134","0","1","1","4","0.12","0.71","0","0",,,"1","130","2024-03-06 14:28:19"
"655fa05b1303f59972ea6555",,"4","34","14","2","5","5","1","0","449","666","1","0","1","4","0.16","0.84","0","0",,,"0","115","2024-03-06 14:28:19"
"62fba37f3560a85b4eb94aac",,"4","46","5","2","5","5","1","0","666","783","1","0","1","2","0.22","0.45","0","0",,,"1","135","2024-03-06 14:28:21"
"655fa05b1303f59972ea6555",,"4","35","9","2","5","5","1","0","565","750","1","0","1","4","0.29","0.71","0","0",,,"1","120","2024-03-06 14:28:22"
"62fba37f3560a85b4eb94aac",,"4","47","7","2","5","5","0","1","499","617","0","1","3","4","0.55","0.88","0","0",,,"0","135","2024-03-06 14:28:24"
"655fa05b1303f59972ea6555",,"4","36","6","2","5","5","1","0","465","683","1","0","2","3","0.37","0.63","0","0",,,"0","120","2024-03-06 14:28:24"
"62fba37f3560a85b4eb94aac",,"4","48","14","2","5","5","1","0","616","767","1","0","1","4","0.16","0.84","0","0",,,"1","140","2024-03-06 14:28:27"
"655fa05b1303f59972ea6555",,"4","37","15","2","5","5","1","0","532","716","1","0","1","4","0.12","0.88","0","0",,,"1","125","2024-03-06 14:28:27"
"62fba37f3560a85b4eb94aac",,"4","49","13","2","5","5","1","0","566","700","1","0","1","4","0.29","0.88","0","0",,,"0","140","2024-03-06 14:28:29"
"655fa05b1303f59972ea6555",,"4","38","10","2","5","5","0","1","599","800","0","1","1","3","0.16","0.63","0","0",,,"0","125","2024-03-06 14:28:30"
"62fba37f3560a85b4eb94aac",,"4","50","4","2","5","5","1","0","582","716","1","0","3","4","0.55","0.78","0","0",,,"0","140","2024-03-06 14:28:32"
"655fa05b1303f59972ea6555",,"4","39","12","2","5","5","0","1","666","933","0","1","1","4","0.12","0.71","0","0",,,"1","130","2024-03-06 14:28:32"
"62fba37f3560a85b4eb94aac",,"4","51","3","2","5","5","1","0","601","700","1","0","3","4","0.63","0.78","0","0",,,"1","145","2024-03-06 14:28:34"
"655fa05b1303f59972ea6555",,"4","40","4","2","5","5","0","1","533","750","0","1","3","4","0.55","0.78","0","0",,,"0","130","2024-03-06 14:28:35"
"62fba37f3560a85b4eb94aac",,"4","52","8","2","5","5","1","0","800","933","1","0","1","2","0.12","0.45","0","0",,,"1","150","2024-03-06 14:28:37"
"655fa05b1303f59972ea6555",,"4","41","15","2","5","5","1","0","399","566","1","0","1","4","0.12","0.88","0","0",,,"1","135","2024-03-06 14:28:38"
"62fba37f3560a85b4eb94aac",,"4","53","5","2","5","5","1","0","699","816","1","0","1","2","0.22","0.45","0","0",,,"1","155","2024-03-06 14:28:40"
"655fa05b1303f59972ea6555",,"4","42","11","2","5","5","1","0","482","716","1","0","2","4","0.37","0.84","0","0",,,"1","140","2024-03-06 14:28:40"
"62fba37f3560a85b4eb94aac",,"4","54","11","2","5","5","1","0","733","850","1","0","2","4","0.37","0.84","0","0",,,"1","160","2024-03-06 14:28:42"
"655fa05b1303f59972ea6555",,"4","43","1","2","5","5","1","0","699","866","1","0","4","4","0.71","0.84","0","0",,,"1","145","2024-03-06 14:28:43"
"655fa05b1303f59972ea6555",,"4","44","3","2","5","5","1","0","466","783","1","0","3","4","0.63","0.78","0","0",,,"1","150","2024-03-06 14:28:45"
"62fba37f3560a85b4eb94aac",,"4","55","8","2","5","5","1","0","933","1184","1","0","1","2","0.12","0.45","0","0",,,"1","165","2024-03-06 14:28:45"
"655fa05b1303f59972ea6555",,"4","45","5","2","5","5","1","0","499","816","1","0","1","2","0.22","0.45","0","0",,,"0","150","2024-03-06 14:28:48"
"62fba37f3560a85b4eb94aac",,"4","56","7","2","5","5","1","0","549","666","1","0","3","4","0.55","0.88","0","0",,,"1","170","2024-03-06 14:28:48"
"655fa05b1303f59972ea6555",,"4","46","9","2","5","5","0","1","499","700","0","1","1","4","0.29","0.71","0","0",,,"0","150","2024-03-06 14:28:50"
"62fba37f3560a85b4eb94aac",,"4","57","0","2","5","5","0","1","833","933","0","1","1","1","0.16","0.29","0","0",,,"1","175","2024-03-06 14:28:51"
"62fba37f3560a85b4eb94aac",,"4","58","9","2","5","5","0","1","765","898","0","1","1","4","0.29","0.71","0","0",,,"1","180","2024-03-06 14:28:53"
"655fa05b1303f59972ea6555",,"4","47","1","2","5","5","0","1","400","1251","1","1","4","4","0.71","0.84","0","0",,,"1","155","2024-03-06 14:28:54"
"62fba37f3560a85b4eb94aac",,"4","59","11","2","5","5","1","0","533","650","1","0","2","4","0.37","0.84","0","0",,,"0","180","2024-03-06 14:28:56"
"655fa05b1303f59972ea6555",,"4","48","1","2","5","5","0","1","884","1051","0","1","4","4","0.71","0.84","0","0",,,"1","160","2024-03-06 14:28:56"
"655fa05b1303f59972ea6555",,"4","49","12","2","5","5","0","1","598","833","0","1","1","4","0.12","0.71","0","0",,,"0","160","2024-03-06 14:28:59"
"62fba37f3560a85b4eb94aac",,"4","60","1","2","5","5","0","1","616","1417","1","1","4","4","0.71","0.84","0","0",,,"1","185","2024-03-06 14:28:59"
"62fba37f3560a85b4eb94aac",,"4","61","3","2","5","5","1","0","668","766","1","0","3","4","0.63","0.78","0","0",,,"0","185","2024-03-06 14:29:02"
"655fa05b1303f59972ea6555",,"4","50","0","1","5","5","1","1","1133","1267","1","0","1","1","0.16","0.29","0","0",,,"0","160","2024-03-06 14:29:02"
"62fba37f3560a85b4eb94aac",,"4","62","10","2","5","5","1","0","632","749","1","0","1","3","0.16","0.63","0","0",,,"1","190","2024-03-06 14:29:04"
"655fa05b1303f59972ea6555",,"4","51","13","2","5","5","0","1","482","648","0","1","1","4","0.29","0.88","0","0",,,"1","165","2024-03-06 14:29:05"
"62fba37f3560a85b4eb94aac",,"4","63","4","2","5","5","1","0","683","784","1","0","3","4","0.55","0.78","0","0",,,"1","195","2024-03-06 14:29:07"
"655fa05b1303f59972ea6555",,"4","52","14","2","5","5","0","1","550","751","0","1","1","4","0.16","0.84","0","0",,,"1","170","2024-03-06 14:29:07"
"655fa05b1303f59972ea6555",,"4","53","10","1","5","5","1","1","450","1500","1","1","1","3","0.16","0.63","0","0",,,"0","170","2024-03-06 14:29:10"
"655fa05b1303f59972ea6555",,"4","54","13","2","5","5","1","0","483","667","1","0","1","4","0.29","0.88","0","0",,,"1","175","2024-03-06 14:29:13"
"655fa05b1303f59972ea6555",,"4","55","2","2","5","5","1","0","582","831","1","0","1","2","0.22","0.37","0","0",,,"0","175","2024-03-06 14:29:16"
"655fa05b1303f59972ea6555",,"4","56","6","2","5","5","0","1","632","816","0","1","2","3","0.37","0.63","0","0",,,"1","180","2024-03-06 14:29:18"
"655fa05b1303f59972ea6555",,"4","57","12","2","5","5","0","1","499","700","0","1","1","4","0.12","0.71","0","0",,,"1","185","2024-03-06 14:29:21"
"655fa05b1303f59972ea6555",,"4","58","5","2","5","5","1","0","582","750","1","0","1","2","0.22","0.45","0","0",,,"0","185","2024-03-06 14:29:23"
"655fa05b1303f59972ea6555",,"4","59","10","2","5","5","0","1","483","649","0","1","1","3","0.16","0.63","0","0",,,"0","185","2024-03-06 14:29:26"
"655fa05b1303f59972ea6555",,"4","60","0","1","5","5","1","1","899","1067","1","0","1","1","0.16","0.29","0","0",,,"0","185","2024-03-06 14:29:29"
"655fa05b1303f59972ea6555",,"4","61","7","2","5","5","1","0","465","716","1","0","3","4","0.55","0.88","0","0",,,"1","190","2024-03-06 14:29:32"
"655fa05b1303f59972ea6555",,"4","62","11","2","5","5","1","0","516","700","1","0","2","4","0.37","0.84","0","0",,,"1","195","2024-03-06 14:29:34"
"655fa05b1303f59972ea6555",,"4","63","4","2","5","5","1","0","499","783","1","0","3","4","0.55","0.78","0","0",,,"1","200","2024-03-06 14:29:37"
"655fa05b1303f59972ea6555",,"5","0","3","2","5","5","1","0","399","633","1","0","3","4","0.63","0.78","0","0",,,"1","5","2024-03-06 14:29:57"
"655fa05b1303f59972ea6555",,"5","1","0","1","5","5","0","0","849","1067","0","1","1","1","0.16","0.29","0","0",,,"0","5","2024-03-06 14:30:00"
"655fa05b1303f59972ea6555",,"5","2","13","2","5","5","0","1","482","750","0","1","1","4","0.29","0.88","0","0",,,"1","10","2024-03-06 14:30:02"
"655fa05b1303f59972ea6555",,"5","3","5","2","5","5","1","0","949","1082","1","0","1","2","0.22","0.45","0","0",,,"0","10","2024-03-06 14:30:05"
"655fa05b1303f59972ea6555",,"5","4","11","2","5","5","0","1","566","800","0","1","2","4","0.37","0.84","0","0",,,"1","15","2024-03-06 14:30:08"
"655fa05b1303f59972ea6555",,"5","5","12","2","5","5","0","1","515","717","0","1","1","4","0.12","0.71","0","0",,,"1","20","2024-03-06 14:30:10"
"655fa05b1303f59972ea6555",,"5","6","8","2","5","5","0","1","949","1132","0","1","1","2","0.12","0.45","0","0",,,"1","25","2024-03-06 14:30:13"
"655fa05b1303f59972ea6555",,"5","7","9","2","5","5","1","0","550","783","1","0","1","4","0.29","0.71","0","0",,,"0","25","2024-03-06 14:30:16"
"655fa05b1303f59972ea6555",,"5","8","12","2","5","5","0","1","565","983","0","1","1","4","0.12","0.71","0","0",,,"1","30","2024-03-06 14:30:19"
"655fa05b1303f59972ea6555",,"5","9","8","2","5","5","0","1","549","917","0","1","1","2","0.12","0.45","0","0",,,"0","30","2024-03-06 14:30:21"
"655fa05b1303f59972ea6555",,"5","10","10","2","5","5","0","1","516","717","0","1","1","3","0.16","0.63","0","0",,,"1","35","2024-03-06 14:30:24"
"655fa05b1303f59972ea6555",,"5","11","7","2","5","5","0","1","416","683","0","1","3","4","0.55","0.88","0","0",,,"1","40","2024-03-06 14:30:27"
"655fa05b1303f59972ea6555",,"5","12","6","2","5","5","0","1","499","749","0","1","2","3","0.37","0.63","0","0",,,"1","45","2024-03-06 14:30:29"
"655fa05b1303f59972ea6555",,"5","13","8","2","5","5","1","0","583","733","1","0","1","2","0.12","0.45","0","0",,,"1","50","2024-03-06 14:30:32"
"655fa05b1303f59972ea6555",,"5","14","0","2","5","5","0","1","616","850","0","1","1","1","0.16","0.29","0","0",,,"0","50","2024-03-06 14:30:34"
"655fa05b1303f59972ea6555",,"5","15","4","2","5","5","1","0","383","583","1","0","3","4","0.55","0.78","0","0",,,"1","55","2024-03-06 14:30:37"
"655fa05b1303f59972ea6555",,"5","16","11","2","5","5","0","1","416","616","0","1","2","4","0.37","0.84","0","0",,,"1","60","2024-03-06 14:30:39"
"655fa05b1303f59972ea6555",,"5","17","6","2","5","5","0","1","633","817","0","1","2","3","0.37","0.63","0","0",,,"1","65","2024-03-06 14:30:42"
"655fa05b1303f59972ea6555",,"5","18","13","2","5","5","0","1","382","800","0","1","1","4","0.29","0.88","0","0",,,"1","70","2024-03-06 14:30:44"
"655fa05b1303f59972ea6555",,"5","19","4","2","5","5","0","1","449","649","0","1","3","4","0.55","0.78","0","0",,,"1","75","2024-03-06 14:30:47"
"655fa05b1303f59972ea6555",,"5","20","9","2","5","5","1","0","366","516","1","0","1","4","0.29","0.71","0","0",,,"1","80","2024-03-06 14:30:49"
"655fa05b1303f59972ea6555",,"5","21","0","2","5","5","1","0","549","716","1","0","1","1","0.16","0.29","0","0",,,"0","80","2024-03-06 14:30:52"
"655fa05b1303f59972ea6555",,"5","22","1","2","5","5","1","0","565","750","1","0","4","4","0.71","0.84","0","0",,,"1","85","2024-03-06 14:30:54"
"655fa05b1303f59972ea6555",,"5","23","13","2","5","5","1","0","349","1200","1","1","1","4","0.29","0.88","0","0",,,"1","90","2024-03-06 14:30:57"
"655fa05b1303f59972ea6555",,"5","24","3","2","5","5","0","1","565","816","0","1","3","4","0.63","0.78","0","0",,,"1","95","2024-03-06 14:31:00"
"655fa05b1303f59972ea6555",,"5","25","12","2","5","5","1","0","448","650","1","0","1","4","0.12","0.71","0","0",,,"0","95","2024-03-06 14:31:02"
"655fa05b1303f59972ea6555",,"5","26","5","2","5","5","0","1","498","700","0","1","1","2","0.22","0.45","0","0",,,"0","95","2024-03-06 14:31:05"
"655fa05b1303f59972ea6555",,"5","27","10","2","5","5","1","0","432","616","1","0","1","3","0.16","0.63","0","0",,,"1","100","2024-03-06 14:31:08"
"655fa05b1303f59972ea6555",,"5","28","1","2","5","5","1","0","583","832","1","0","4","4","0.71","0.84","0","0",,,"1","105","2024-03-06 14:31:10"
"655fa05b1303f59972ea6555",,"5","29","14","2","5","5","0","1","516","767","0","1","1","4","0.16","0.84","0","0",,,"0","105","2024-03-06 14:31:13"
"655fa05b1303f59972ea6555",,"5","30","0","2","5","5","1","0","466","700","1","0","1","1","0.16","0.29","0","0",,,"0","105","2024-03-06 14:31:15"
"655fa05b1303f59972ea6555",,"5","31","13","2","5","5","1","0","399","615","1","0","1","4","0.29","0.88","0","0",,,"1","110","2024-03-06 14:31:18"
"655fa05b1303f59972ea6555",,"5","32","14","2","5","5","0","1","415","633","0","1","1","4","0.16","0.84","0","0",,,"1","115","2024-03-06 14:31:20"
"655fa05b1303f59972ea6555",,"5","33","4","2","5","5","1","0","449","650","1","0","3","4","0.55","0.78","0","0",,,"1","120","2024-03-06 14:31:23"
"655fa05b1303f59972ea6555",,"5","34","6","2","5","5","0","1","449","783","0","1","2","3","0.37","0.63","0","0",,,"1","125","2024-03-06 14:31:25"
"655fa05b1303f59972ea6555",,"5","35","3","2","5","5","1","0","400","617","1","0","3","4","0.63","0.78","0","0",,,"0","125","2024-03-06 14:31:28"
"655fa05b1303f59972ea6555",,"5","36","6","2","5","5","1","0","449","682","1","0","2","3","0.37","0.63","0","0",,,"1","130","2024-03-06 14:31:30"
"655fa05b1303f59972ea6555",,"5","37","15","2","5","5","1","0","366","600","1","0","1","4","0.12","0.88","0","0",,,"1","135","2024-03-06 14:31:33"
"655fa05b1303f59972ea6555",,"5","38","2","1","5","5","1","1","866","1083","1","0","1","2","0.22","0.37","0","0",,,"0","135","2024-03-06 14:31:36"
"655fa05b1303f59972ea6555",,"5","39","5","2","5","5","1","0","750","950","1","0","1","2","0.22","0.45","0","0",,,"0","135","2024-03-06 14:31:39"
"655fa05b1303f59972ea6555",,"5","40","11","2","5","5","0","1","599","784","0","1","2","4","0.37","0.84","0","0",,,"1","140","2024-03-06 14:31:41"
"655fa05b1303f59972ea6555",,"5","41","7","2","5","5","1","0","349","567","1","0","3","4","0.55","0.88","0","0",,,"1","145","2024-03-06 14:31:44"
"655fa05b1303f59972ea6555",,"5","42","7","2","5","5","0","1","416","682","0","1","3","4","0.55","0.88","0","0",,,"1","150","2024-03-06 14:31:46"
"655fa05b1303f59972ea6555",,"5","43","10","2","5","5","1","0","500","735","1","0","1","3","0.16","0.63","0","0",,,"0","150","2024-03-06 14:31:49"
"655fa05b1303f59972ea6555",,"5","44","2","2","5","5","0","1","599","766","0","1","1","2","0.22","0.37","0","0",,,"0","150","2024-03-06 14:31:52"
"655fa05b1303f59972ea6555",,"5","45","10","2","5","5","0","1","583","766","0","1","1","3","0.16","0.63","0","0",,,"1","155","2024-03-06 14:31:54"
"655fa05b1303f59972ea6555",,"5","46","14","2","5","5","0","1","449","633","0","1","1","4","0.16","0.84","0","0",,,"1","160","2024-03-06 14:31:57"
"655fa05b1303f59972ea6555",,"5","47","14","2","5","5","1","0","415","566","1","0","1","4","0.16","0.84","0","0",,,"1","165","2024-03-06 14:31:59"
"655fa05b1303f59972ea6555",,"5","48","2","2","5","5","1","0","449","650","1","0","1","2","0.22","0.37","0","0",,,"0","165","2024-03-06 14:32:01"
"655fa05b1303f59972ea6555",,"5","49","15","2","5","5","0","1","482","666","0","1","1","4","0.12","0.88","0","0",,,"1","170","2024-03-06 14:32:04"
"655fa05b1303f59972ea6555",,"5","50","8","2","5","5","1","0","433","616","1","0","1","2","0.12","0.45","0","0",,,"0","170","2024-03-06 14:32:06"
"655fa05b1303f59972ea6555",,"5","51","1","2","5","5","1","0","666","1332","1","1","4","4","0.71","0.84","0","0",,,"1","175","2024-03-06 14:32:10"
"655fa05b1303f59972ea6555",,"5","52","4","2","5","5","1","0","332","566","1","0","3","4","0.55","0.78","0","0",,,"1","180","2024-03-06 14:32:12"
"655fa05b1303f59972ea6555",,"5","53","15","2","5","5","1","0","399","566","1","0","1","4","0.12","0.88","0","0",,,"1","185","2024-03-06 14:32:14"
"655fa05b1303f59972ea6555",,"5","54","12","2","5","5","1","0","415","616","1","0","1","4","0.12","0.71","0","0",,,"0","185","2024-03-06 14:32:17"
"655fa05b1303f59972ea6555",,"5","55","9","2","5","5","1","0","366","549","1","0","1","4","0.29","0.71","0","0",,,"1","190","2024-03-06 14:32:19"
"655fa05b1303f59972ea6555",,"5","56","7","2","5","5","1","0","381","583","1","0","3","4","0.55","0.88","0","0",,,"1","195","2024-03-06 14:32:22"
"655fa05b1303f59972ea6555",,"5","57","1","2","5","5","0","1","382","1150","1","1","4","4","0.71","0.84","0","0",,,"1","200","2024-03-06 14:32:25"
"655fa05b1303f59972ea6555",,"5","58","15","2","5","5","0","1","499","715","0","1","1","4","0.12","0.88","0","0",,,"1","205","2024-03-06 14:32:27"
"655fa05b1303f59972ea6555",,"5","59","9","2","5","5","1","0","366","550","1","0","1","4","0.29","0.71","0","0",,,"0","205","2024-03-06 14:32:29"
"655fa05b1303f59972ea6555",,"5","60","2","2","5","5","1","0","483","834","1","0","1","2","0.22","0.37","0","0",,,"0","205","2024-03-06 14:32:32"
"655fa05b1303f59972ea6555",,"5","61","5","2","5","5","0","1","632","833","0","1","1","2","0.22","0.45","0","0",,,"0","205","2024-03-06 14:32:35"
"655fa05b1303f59972ea6555",,"5","62","3","2","5","5","1","0","399","601","1","0","3","4","0.63","0.78","0","0",,,"1","210","2024-03-06 14:32:38"
"655fa05b1303f59972ea6555",,"5","63","11","2","5","5","1","0","466","650","1","0","2","4","0.37","0.84","0","0",,,"0","210","2024-03-06 14:32:40"
"62fba37f3560a85b4eb94aac",,"5","0","10","2","5","5","1","0","984","1067","1","0","1","3","0.16","0.63","0","0",,,"0","0","2024-03-06 14:51:21"
"62fba37f3560a85b4eb94aac",,"5","1","3","2","5","5","0","1","685","768","0","1","3","4","0.63","0.78","0","0",,,"1","5","2024-03-06 14:51:23"
"62fba37f3560a85b4eb94aac",,"5","2","6","2","5","5","0","1","950","1050","0","1","2","3","0.37","0.63","0","0",,,"1","10","2024-03-06 14:51:26"
"62fba37f3560a85b4eb94aac",,"5","3","9","2","5","5","1","0","616","699","1","0","1","4","0.29","0.71","0","0",,,"0","10","2024-03-06 14:51:29"
"62fba37f3560a85b4eb94aac",,"5","4","6","2","5","5","1","0","683","766","1","0","2","3","0.37","0.63","0","0",,,"1","15","2024-03-06 14:51:31"
"62fba37f3560a85b4eb94aac",,"5","5","5","2","5","5","1","0","999","1100","1","0","1","2","0.22","0.45","0","0",,,"1","20","2024-03-06 14:51:34"
"62fba37f3560a85b4eb94aac",,"5","6","13","2","5","5","0","1","583","683","0","1","1","4","0.29","0.88","0","0",,,"1","25","2024-03-06 14:51:37"
"62fba37f3560a85b4eb94aac",,"5","7","5","2","5","5","0","1","666","784","0","1","1","2","0.22","0.45","0","0",,,"1","30","2024-03-06 14:51:39"
"62fba37f3560a85b4eb94aac",,"5","8","12","2","5","5","0","1","566","734","0","1","1","4","0.12","0.71","0","0",,,"1","35","2024-03-06 14:51:42"
"62fba37f3560a85b4eb94aac",,"5","9","4","2","5","5","1","0","484","600","1","0","3","4","0.55","0.78","0","0",,,"1","40","2024-03-06 14:51:44"
"62fba37f3560a85b4eb94aac",,"5","10","6","2","5","5","0","1","484","617","0","1","2","3","0.37","0.63","0","0",,,"1","45","2024-03-06 14:51:47"
"62fba37f3560a85b4eb94aac",,"5","11","0","1","5","5","0","0","750","883","0","1","1","1","0.16","0.29","0","0",,,"0","45","2024-03-06 14:51:49"
"62fba37f3560a85b4eb94aac",,"5","12","3","2","5","5","1","0","534","667","1","0","3","4","0.63","0.78","0","0",,,"1","50","2024-03-06 14:51:52"
"62fba37f3560a85b4eb94aac",,"5","13","8","2","5","5","0","1","901","1033","0","1","1","2","0.12","0.45","0","0",,,"0","50","2024-03-06 14:51:55"
"62fba37f3560a85b4eb94aac",,"5","14","15","2","5","5","1","0","734","850","1","0","1","4","0.12","0.88","0","0",,,"1","55","2024-03-06 14:51:58"
"62fba37f3560a85b4eb94aac",,"5","15","1","2","5","5","1","0","651","801","1","0","4","4","0.71","0.84","0","0",,,"0","55","2024-03-06 14:52:00"
"62fba37f3560a85b4eb94aac",,"5","16","4","2","5","5","0","1","549","667","0","1","3","4","0.55","0.78","0","0",,,"1","60","2024-03-06 14:52:03"
"62fba37f3560a85b4eb94aac",,"5","17","9","2","5","5","0","1","750","867","0","1","1","4","0.29","0.71","0","0",,,"1","65","2024-03-06 14:52:05"
"62fba37f3560a85b4eb94aac",,"5","18","15","2","5","5","1","0","633","750","1","0","1","4","0.12","0.88","0","0",,,"0","65","2024-03-06 14:52:08"
"62fba37f3560a85b4eb94aac",,"5","19","8","2","5","5","1","0","1116","1217","1","0","1","2","0.12","0.45","0","0",,,"0","65","2024-03-06 14:52:11"
"62fba37f3560a85b4eb94aac",,"5","20","15","2","5","5","1","0","1049","1117","1","0","1","4","0.12","0.88","0","0",,,"0","65","2024-03-06 14:52:14"
"62fba37f3560a85b4eb94aac",,"5","21","2","2","5","5","1","0","715","816","1","0","1","2","0.22","0.37","0","0",,,"1","70","2024-03-06 14:52:17"
"62fba37f3560a85b4eb94aac",,"5","22","7","2","5","5","1","0","1333","1483","1","0","3","4","0.55","0.88","0","0",,,"1","75","2024-03-06 14:52:20"
"62fba37f3560a85b4eb94aac",,"5","23","10","2","5","5","0","1","1350","1484","0","1","1","3","0.16","0.63","0","0",,,"1","80","2024-03-06 14:52:23"
"62fba37f3560a85b4eb94aac",,"5","24","1","2","5","5","1","0","799","901","1","0","4","4","0.71","0.84","0","0",,,"1","85","2024-03-06 14:52:26"
"62fba37f3560a85b4eb94aac",,"5","25","3","2","5","5","0","1","1429","1545","0","1","3","4","0.63","0.78","0","0",,,"1","90","2024-03-06 14:52:29"
"62fba37f3560a85b4eb94aac",,"5","26","11","2","5","5","0","1","817","952","0","1","2","4","0.37","0.84","0","0",,,"1","95","2024-03-06 14:52:32"
"62fba37f3560a85b4eb94aac",,"5","27","12","2","5","5","1","0","1316","1434","1","0","1","4","0.12","0.71","0","0",,,"0","95","2024-03-06 14:52:35"
"62fba37f3560a85b4eb94aac",,"5","28","7","2","5","5","1","0","866","983","1","0","3","4","0.55","0.88","0","0",,,"1","100","2024-03-06 14:52:38"
"62fba37f3560a85b4eb94aac",,"5","29","12","2","5","5","1","0","933","1067","1","0","1","4","0.12","0.71","0","0",,,"1","105","2024-03-06 14:52:41"
"62fba37f3560a85b4eb94aac",,"5","30","9","2","5","5","1","0","1167","1267","1","0","1","4","0.29","0.71","0","0",,,"1","110","2024-03-06 14:52:44"
"62fba37f3560a85b4eb94aac",,"5","31","11","2","5","5","0","1","866","966","0","1","2","4","0.37","0.84","0","0",,,"1","115","2024-03-06 14:52:47"
"62fba37f3560a85b4eb94aac",,"5","32","4","2","5","5","0","1","865","1000","0","1","3","4","0.55","0.78","0","0",,,"1","120","2024-03-06 14:52:49"
"62fba37f3560a85b4eb94aac",,"5","33","2","2","5","5","1","0","933","1150","1","0","1","2","0.22","0.37","0","0",,,"0","120","2024-03-06 14:52:52"
"62fba37f3560a85b4eb94aac",,"5","34","0","2","5","5","1","0","599","750","1","0","1","1","0.16","0.29","0","0",,,"0","120","2024-03-06 14:52:55"
"62fba37f3560a85b4eb94aac",,"5","35","7","2","5","5","1","0","616","715","1","0","3","4","0.55","0.88","0","0",,,"1","125","2024-03-06 14:52:58"
"62fba37f3560a85b4eb94aac",,"5","36","5","2","5","5","0","1","683","801","0","1","1","2","0.22","0.45","0","0",,,"0","125","2024-03-06 14:53:01"
"62fba37f3560a85b4eb94aac",,"5","37","0","2","5","5","0","1","759","942","0","1","1","1","0.16","0.29","0","0",,,"0","125","2024-03-06 14:53:03"
"62fba37f3560a85b4eb94aac",,"5","38","3","2","5","5","0","1","633","767","0","1","3","4","0.63","0.78","0","0",,,"1","130","2024-03-06 14:53:06"
"62fba37f3560a85b4eb94aac",,"5","39","4","2","5","5","1","0","632","750","1","0","3","4","0.55","0.78","0","0",,,"1","135","2024-03-06 14:53:09"
"62fba37f3560a85b4eb94aac",,"5","40","10","2","5","5","1","0","598","698","1","0","1","3","0.16","0.63","0","0",,,"1","140","2024-03-06 14:53:11"
"62fba37f3560a85b4eb94aac",,"5","41","9","2","5","5","1","0","583","667","1","0","1","4","0.29","0.71","0","0",,,"0","140","2024-03-06 14:53:14"
"62fba37f3560a85b4eb94aac",,"5","42","13","2","5","5","1","0","949","1066","1","0","1","4","0.29","0.88","0","0",,,"1","145","2024-03-06 14:53:17"
"62fba37f3560a85b4eb94aac",,"5","43","10","2","5","5","1","0","748","866","1","0","1","3","0.16","0.63","0","0",,,"0","145","2024-03-06 14:53:20"
"62fba37f3560a85b4eb94aac",,"5","44","2","2","5","5","0","1","698","782","0","1","1","2","0.22","0.37","0","0",,,"0","145","2024-03-06 14:53:22"
"62fba37f3560a85b4eb94aac",,"5","45","14","2","5","5","0","1","717","800","0","1","1","4","0.16","0.84","0","0",,,"1","150","2024-03-06 14:53:25"
"62fba37f3560a85b4eb94aac",,"5","46","13","2","5","5","1","0","500","617","1","0","1","4","0.29","0.88","0","0",,,"1","155","2024-03-06 14:53:28"
"62fba37f3560a85b4eb94aac",,"5","47","14","2","5","5","1","0","582","666","1","0","1","4","0.16","0.84","0","0",,,"1","160","2024-03-06 14:53:30"
"62fba37f3560a85b4eb94aac",,"5","48","12","2","5","5","0","1","1017","1117","0","1","1","4","0.12","0.71","0","0",,,"1","165","2024-03-06 14:53:33"
"62fba37f3560a85b4eb94aac",,"5","49","14","2","5","5","1","0","817","950","1","0","1","4","0.16","0.84","0","0",,,"1","170","2024-03-06 14:53:36"
"62fba37f3560a85b4eb94aac",,"5","50","2","2","5","5","1","0","1483","1616","1","0","1","2","0.22","0.37","0","0",,,"1","175","2024-03-06 14:53:39"
"62fba37f3560a85b4eb94aac",,"5","51","1","2","5","5","0","1","799","899","0","1","4","4","0.71","0.84","0","0",,,"1","180","2024-03-06 14:53:42"
"62fba37f3560a85b4eb94aac",,"5","52","15","2","5","5","1","0","500","601","1","0","1","4","0.12","0.88","0","0",,,"1","185","2024-03-06 14:53:44"
"62fba37f3560a85b4eb94aac",,"5","53","6","2","5","5","1","0","583","683","1","0","2","3","0.37","0.63","0","0",,,"0","185","2024-03-06 14:53:47"
"62fba37f3560a85b4eb94aac",,"5","54","11","2","5","5","1","0","650","767","1","0","2","4","0.37","0.84","0","0",,,"1","190","2024-03-06 14:53:49"
"62fba37f3560a85b4eb94aac",,"5","55","11","2","5","5","1","0","517","633","1","0","2","4","0.37","0.84","0","0",,,"1","195","2024-03-06 14:53:52"
"62fba37f3560a85b4eb94aac",,"5","56","7","2","5","5","0","1","467","550","0","1","3","4","0.55","0.88","0","0",,,"1","200","2024-03-06 14:53:54"
"62fba37f3560a85b4eb94aac",,"5","57","5","2","5","5","0","1","816","950","0","1","1","2","0.22","0.45","0","0",,,"0","200","2024-03-06 14:53:57"
"62fba37f3560a85b4eb94aac",,"5","58","0","2","5","5","1","0","884","984","1","0","1","1","0.16","0.29","0","0",,,"0","200","2024-03-06 14:54:00"
"62fba37f3560a85b4eb94aac",,"5","59","13","2","5","5","1","0","583","683","1","0","1","4","0.29","0.88","0","0",,,"1","205","2024-03-06 14:54:03"
"62fba37f3560a85b4eb94aac",,"5","60","1","2","5","5","0","1","1201","1400","0","1","4","4","0.71","0.84","0","0",,,"0","205","2024-03-06 14:54:06"
"62fba37f3560a85b4eb94aac",,"5","61","8","2","5","5","0","1","849","1699","1","1","1","2","0.12","0.45","0","0",,,"1","210","2024-03-06 14:54:09"
"62fba37f3560a85b4eb94aac",,"5","62","14","2","5","5","0","1","949","1050","0","1","1","4","0.16","0.84","0","0",,,"0","210","2024-03-06 14:54:12"
"62fba37f3560a85b4eb94aac",,"5","63","8","2","5","5","1","0","1361","1467","1","0","1","2","0.12","0.45","0","0",,,"1","215","2024-03-06 14:54:16"
"5c78b032419dcc0014119082",,"0","0","2","2","5","5","1","0","1083","1380","1","0","1","2","0.22","0.37","0","0",,,"0","0","2024-03-06 15:14:08"
"5c78b032419dcc0014119082",,"0","1","4","2","5","5","0","1","18","448","0","2","3","4","0.55","0.78","0","0",,,"1","5","2024-03-06 15:14:11"
"5c78b032419dcc0014119082",,"0","2","7","2","5","5","1","0","296","1029","1","1","3","4","0.55","0.88","0","0",,,"1","10","2024-03-06 15:14:13"
"5c78b032419dcc0014119082",,"0","3","13","2","5","5","1","0","459","774","1","0","1","4","0.29","0.88","0","0",,,"1","15","2024-03-06 15:14:16"
"5c78b032419dcc0014119082",,"0","4","5","2","5","5","1","0","1017","1265","1","0","1","2","0.22","0.45","0","0",,,"0","15","2024-03-06 15:14:19"
"5c78b032419dcc0014119082",,"0","5","11","2","5","5","0","1","538","829","0","1","2","4","0.37","0.84","0","0",,,"1","20","2024-03-06 15:14:22"
"5c78b032419dcc0014119082",,"0","6","1","2","5","5","1","0","659","1096","1","0","4","4","0.71","0.84","0","0",,,"1","25","2024-03-06 15:14:25"
"5c78b032419dcc0014119082",,"0","7","5","2","5","5","0","1","659","1047","0","1","1","2","0.22","0.45","0","0",,,"0","25","2024-03-06 15:14:28"
"5c78b032419dcc0014119082",,"0","8","6","2","5","5","0","1","563","768","0","1","2","3","0.37","0.63","0","0",,,"1","30","2024-03-06 15:14:31"
"5c78b032419dcc0014119082",,"0","9","1","2","5","5","0","1","738","956","0","1","4","4","0.71","0.84","0","0",,,"1","35","2024-03-06 15:14:34"
"5c78b032419dcc0014119082",,"0","10","14","2","5","5","0","1","460","720","0","1","1","4","0.16","0.84","0","0",,,"1","40","2024-03-06 15:14:36"
"5c78b032419dcc0014119082",,"0","11","12","2","5","5","0","1","478","714","0","1","1","4","0.12","0.71","0","0",,,"1","45","2024-03-06 15:14:39"
"5c78b032419dcc0014119082",,"0","12","0","2","5","5","0","1","877","1023","0","1","1","1","0.16","0.29","0","0",,,"0","45","2024-03-06 15:14:42"
"5c78b032419dcc0014119082",,"0","13","4","2","5","5","0","1","520","684","0","1","3","4","0.55","0.78","0","0",,,"1","50","2024-03-06 15:14:44"
"5c78b032419dcc0014119082",,"0","14","1","2","5","5","0","1","478","696","0","1","4","4","0.71","0.84","0","0",,,"1","55","2024-03-06 15:14:47"
"5c78b032419dcc0014119082",,"0","15","6","2","5","5","0","1","502","720","0","1","2","3","0.37","0.63","0","0",,,"1","60","2024-03-06 15:14:50"
"5c78b032419dcc0014119082",,"0","16","2","1","5","5","1","1","623","1241","1","1","1","2","0.22","0.37","0","0",,,"0","60","2024-03-06 15:14:53"
"5c78b032419dcc0014119082",,"0","17","11","2","5","5","1","0","538","738","1","0","2","4","0.37","0.84","0","0",,,"0","60","2024-03-06 15:14:56"
"5c78b032419dcc0014119082",,"0","18","10","2","5","5","0","1","442","623","0","1","1","3","0.16","0.63","0","0",,,"1","65","2024-03-06 15:14:58"
"5c78b032419dcc0014119082",,"0","19","9","2","5","5","1","0","502","684","1","0","1","4","0.29","0.71","0","0",,,"1","70","2024-03-06 15:15:01"
"5c78b032419dcc0014119082",,"0","20","8","2","5","5","0","1","641","871","0","1","1","2","0.12","0.45","0","0",,,"1","75","2024-03-06 15:15:04"
"5c78b032419dcc0014119082",,"0","21","13","2","5","5","1","0","399","545","1","0","1","4","0.29","0.88","0","0",,,"1","80","2024-03-06 15:15:06"
"5c78b032419dcc0014119082",,"0","22","13","2","5","5","1","0","320","442","1","0","1","4","0.29","0.88","0","0",,,"1","85","2024-03-06 15:15:08"
"5c78b032419dcc0014119082",,"0","23","12","2","5","5","0","1","423","569","0","1","1","4","0.12","0.71","0","0",,,"1","90","2024-03-06 15:15:11"
"5c78b032419dcc0014119082",,"0","24","13","2","5","5","0","1","357","515","0","1","1","4","0.29","0.88","0","0",,,"1","95","2024-03-06 15:15:13"
"5c78b032419dcc0014119082",,"0","25","15","2","5","5","1","0","399","562","1","0","1","4","0.12","0.88","0","0",,,"1","100","2024-03-06 15:15:16"
"5c78b032419dcc0014119082",,"0","26","7","2","5","5","0","1","357","466","0","1","3","4","0.55","0.88","0","0",,,"1","105","2024-03-06 15:15:18"
"5c78b032419dcc0014119082",,"0","27","9","2","5","5","0","1","460","641","0","1","1","4","0.29","0.71","0","0",,,"1","110","2024-03-06 15:15:21"
"5c78b032419dcc0014119082",,"0","28","14","2","5","5","0","1","399","532","0","1","1","4","0.16","0.84","0","0",,,"0","110","2024-03-06 15:15:23"
"5c78b032419dcc0014119082",,"0","29","8","2","5","5","1","0","478","666","1","0","1","2","0.12","0.45","0","0",,,"0","110","2024-03-06 15:15:26"
"5c78b032419dcc0014119082",,"0","30","6","2","5","5","1","0","478","624","1","0","2","3","0.37","0.63","0","0",,,"1","115","2024-03-06 15:15:29"
"5c78b032419dcc0014119082",,"0","31","10","2","5","5","1","0","441","587","1","0","1","3","0.16","0.63","0","0",,,"1","120","2024-03-06 15:15:31"
"5c78b032419dcc0014119082",,"0","32","9","2","5","5","0","1","502","671","0","1","1","4","0.29","0.71","0","0",,,"1","125","2024-03-06 15:15:34"
"5c78b032419dcc0014119082",,"0","33","15","2","5","5","0","1","496","672","0","1","1","4","0.12","0.88","0","0",,,"1","130","2024-03-06 15:15:36"
"5c78b032419dcc0014119082",,"0","34","12","2","5","5","1","0","417","569","1","0","1","4","0.12","0.71","0","0",,,"0","130","2024-03-06 15:15:39"
"5c78b032419dcc0014119082",,"0","35","11","2","5","5","0","1","417","575","0","1","2","4","0.37","0.84","0","0",,,"1","135","2024-03-06 15:15:41"
"5c78b032419dcc0014119082",,"0","36","0","1","5","5","0","0","665","1501","1","1","1","1","0.16","0.29","0","0",,,"0","135","2024-03-06 15:15:45"
"5c78b032419dcc0014119082",,"0","37","7","2","5","5","0","1","441","556","0","1","3","4","0.55","0.88","0","0",,,"1","140","2024-03-06 15:15:47"
"5c78b032419dcc0014119082",,"0","38","3","2","5","5","0","1","944","1616","1","1","3","4","0.63","0.78","0","0",,,"1","145","2024-03-06 15:15:51"
"5c78b032419dcc0014119082",,"0","39","15","2","5","5","0","1","399","557","0","1","1","4","0.12","0.88","0","0",,,"1","150","2024-03-06 15:15:53"
"5c78b032419dcc0014119082",,"0","40","0","2","5","5","0","1","762","896","0","1","1","1","0.16","0.29","0","0",,,"0","150","2024-03-06 15:15:56"
"5c78b032419dcc0014119082",,"0","41","12","2","5","5","0","1","563","666","0","1","1","4","0.12","0.71","0","0",,,"1","155","2024-03-06 15:15:59"
"5c78b032419dcc0014119082",,"0","42","11","2","5","5","1","0","423","629","1","0","2","4","0.37","0.84","0","0",,,"1","160","2024-03-06 15:16:01"
"5c78b032419dcc0014119082",,"0","43","2","1","5","5","0","0","841","932","0","1","1","2","0.22","0.37","0","0",,,"0","160","2024-03-06 15:16:04"
"5c78b032419dcc0014119082",,"0","44","9","2","5","5","1","0","375","514","1","0","1","4","0.29","0.71","0","0",,,"1","165","2024-03-06 15:16:07"
"5c78b032419dcc0014119082",,"0","45","7","2","5","5","0","1","478","575","0","1","3","4","0.55","0.88","0","0",,,"1","170","2024-03-06 15:16:09"
"5c78b032419dcc0014119082",,"0","46","15","2","5","5","0","1","375","557","0","1","1","4","0.12","0.88","0","0",,,"0","170","2024-03-06 15:16:12"
"5c78b032419dcc0014119082",,"0","47","5","2","5","5","0","1","617","744","0","1","1","2","0.22","0.45","0","0",,,"1","175","2024-03-06 15:16:14"
"5c78b032419dcc0014119082",,"0","48","14","2","5","5","1","0","459","611","1","0","1","4","0.16","0.84","0","0",,,"1","180","2024-03-06 15:16:17"
"5c78b032419dcc0014119082",,"0","49","3","2","5","5","0","1","459","593","0","1","3","4","0.63","0.78","0","0",,,"1","185","2024-03-06 15:16:19"
"5c78b032419dcc0014119082",,"0","50","2","2","5","5","1","0","478","623","1","0","1","2","0.22","0.37","0","0",,,"0","185","2024-03-06 15:16:22"
"5c78b032419dcc0014119082",,"0","51","14","2","5","5","0","1","478","605","0","1","1","4","0.16","0.84","0","0",,,"1","190","2024-03-06 15:16:25"
"5c78b032419dcc0014119082",,"0","52","4","2","5","5","0","1","417","629","0","1","3","4","0.55","0.78","0","0",,,"1","195","2024-03-06 15:16:27"
"5c78b032419dcc0014119082",,"0","53","5","1","5","5","1","1","1059","1186","1","0","1","2","0.22","0.45","0","0",,,"0","195","2024-03-06 15:16:30"
"5c78b032419dcc0014119082",,"0","54","8","2","5","5","1","0","399","847","1","1","1","2","0.12","0.45","0","0",,,"1","200","2024-03-06 15:16:33"
"5c78b032419dcc0014119082",,"0","55","4","2","5","5","0","1","423","611","0","1","3","4","0.55","0.78","0","0",,,"1","205","2024-03-06 15:16:36"
"5c78b032419dcc0014119082",,"0","56","10","2","5","5","1","0","460","642","1","0","1","3","0.16","0.63","0","0",,,"0","205","2024-03-06 15:16:38"
"5c78b032419dcc0014119082",,"0","57","0","1","5","5","1","1","599","974","1","0","1","1","0.16","0.29","0","0",,,"0","205","2024-03-06 15:16:41"
"5c78b032419dcc0014119082",,"0","58","10","2","5","5","0","1","520","660","0","1","1","3","0.16","0.63","0","0",,,"0","205","2024-03-06 15:16:44"
"5c78b032419dcc0014119082",,"0","59","6","2","5","5","0","1","381","508","0","1","2","3","0.37","0.63","0","0",,,"1","210","2024-03-06 15:16:46"
"5c78b032419dcc0014119082",,"0","60","8","2","5","5","1","0","478","684","1","0","1","2","0.12","0.45","0","0",,,"1","215","2024-03-06 15:16:49"
"5c78b032419dcc0014119082",,"0","61","1","2","5","5","0","1","562","1053","0","1","4","4","0.71","0.84","0","0",,,"1","220","2024-03-06 15:16:52"
"5c78b032419dcc0014119082",,"0","62","3","2","5","5","0","1","580","799","0","1","3","4","0.63","0.78","0","0",,,"1","225","2024-03-06 15:16:55"
"5c78b032419dcc0014119082",,"0","63","3","2","5","5","0","1","520","660","0","1","3","4","0.63","0.78","0","0",,,"1","230","2024-03-06 15:16:57"
"5c78b032419dcc0014119082",,"1","0","15","2","5","5","0","1","338","1095","1","1","1","4","0.12","0.88","0","0",,,"0","0","2024-03-06 15:19:24"
"5c78b032419dcc0014119082",,"1","1","2","2","5","5","1","0","502","756","1","0","1","2","0.22","0.37","0","0",,,"1","5","2024-03-06 15:19:27"
"5c78b032419dcc0014119082",,"1","2","6","2","5","5","1","0","720","841","1","0","2","3","0.37","0.63","0","0",,,"1","10","2024-03-06 15:19:30"
"5c78b032419dcc0014119082",,"1","3","3","2","5","5","0","1","405","581","0","1","3","4","0.63","0.78","0","0",,,"0","10","2024-03-06 15:19:32"
"5c78b032419dcc0014119082",,"1","4","10","2","5","5","1","0","417","551","1","0","1","3","0.16","0.63","0","0",,,"1","15","2024-03-06 15:19:35"
"5c78b032419dcc0014119082",,"1","5","13","2","5","5","1","0","478","629","1","0","1","4","0.29","0.88","0","0",,,"0","15","2024-03-06 15:19:38"
"5c78b032419dcc0014119082",,"1","6","9","2","5","5","1","0","399","521","1","0","1","4","0.29","0.71","0","0",,,"0","15","2024-03-06 15:19:40"
"5c78b032419dcc0014119082",,"1","7","12","2","5","5","0","1","381","521","0","1","1","4","0.12","0.71","0","0",,,"1","20","2024-03-06 15:19:43"
"5c78b032419dcc0014119082",,"1","8","2","2","5","5","1","0","484","744","1","0","1","2","0.22","0.37","0","0",,,"0","20","2024-03-06 15:19:45"
"5c78b032419dcc0014119082",,"1","9","3","2","5","5","1","0","478","659","1","0","3","4","0.63","0.78","0","0",,,"0","20","2024-03-06 15:19:48"
"5c78b032419dcc0014119082",,"1","10","11","2","5","5","1","0","556","683","1","0","2","4","0.37","0.84","0","0",,,"1","25","2024-03-06 15:19:51"
"5c78b032419dcc0014119082",,"1","11","13","2","5","5","0","1","435","587","0","1","1","4","0.29","0.88","0","0",,,"1","30","2024-03-06 15:19:53"
"5c78b032419dcc0014119082",,"1","12","11","2","5","5","0","1","460","514","0","1","2","4","0.37","0.84","0","0",,,"1","35","2024-03-06 15:19:56"
"5c78b032419dcc0014119082",,"1","13","11","2","5","5","1","0","381","1010","1","1","2","4","0.37","0.84","0","0",,,"1","40","2024-03-06 15:19:58"
"5c78b032419dcc0014119082",,"1","14","8","2","5","5","1","0","435","557","1","0","1","2","0.12","0.45","0","0",,,"1","45","2024-03-06 15:20:01"
"5c78b032419dcc0014119082",,"1","15","12","2","5","5","0","1","496","672","0","1","1","4","0.12","0.71","0","0",,,"0","45","2024-03-06 15:20:04"
"5c78b032419dcc0014119082",,"1","16","1","2","5","5","1","0","599","708","1","0","4","4","0.71","0.84","0","0",,,"1","50","2024-03-06 15:20:06"
"5c78b032419dcc0014119082",,"1","17","5","2","5","5","1","0","484","605","1","0","1","2","0.22","0.45","0","0",,,"0","50","2024-03-06 15:20:09"
"5c78b032419dcc0014119082",,"1","18","4","2","5","5","1","0","442","545","1","0","3","4","0.55","0.78","0","0",,,"1","55","2024-03-06 15:20:11"
"5c78b032419dcc0014119082",,"1","19","12","2","5","5","0","1","459","641","0","1","1","4","0.12","0.71","0","0",,,"1","60","2024-03-06 15:20:14"
"5c78b032419dcc0014119082",,"1","20","0","2","5","5","0","1","678","823","0","1","1","1","0.16","0.29","0","0",,,"0","60","2024-03-06 15:20:17"
"5c78b032419dcc0014119082",,"1","21","11","2","5","5","1","0","520","738","1","0","2","4","0.37","0.84","0","0",,,"1","65","2024-03-06 15:20:19"
"5c78b032419dcc0014119082",,"1","22","4","2","5","5","1","0","399","593","1","0","3","4","0.55","0.78","0","0",,,"1","70","2024-03-06 15:20:22"
"5c78b032419dcc0014119082",,"1","23","0","2","5","5","0","1","581","853","0","1","1","1","0.16","0.29","0","0",,,"0","70","2024-03-06 15:20:25"
"5c78b032419dcc0014119082",,"1","24","0","1","5","5","1","1","1023","1229","1","0","1","1","0.16","0.29","0","0",,,"0","70","2024-03-06 15:20:28"
"5c78b032419dcc0014119082",,"1","25","9","2","5","5","0","1","441","617","0","1","1","4","0.29","0.71","0","0",,,"0","70","2024-03-06 15:20:30"
"5c78b032419dcc0014119082",,"1","26","0","2","5","5","0","1","823","1004","0","1","1","1","0.16","0.29","0","0",,,"0","70","2024-03-06 15:20:33"
"5c78b032419dcc0014119082",,"1","27","1","2","5","5","1","0","478","823","1","0","4","4","0.71","0.84","0","0",,,"1","75","2024-03-06 15:20:36"
"5c78b032419dcc0014119082",,"1","28","10","2","5","5","0","1","835","1017","0","1","1","3","0.16","0.63","0","0",,,"1","80","2024-03-06 15:20:39"
"5c78b032419dcc0014119082",,"1","29","6","2","5","5","0","1","502","599","0","1","2","3","0.37","0.63","0","0",,,"1","85","2024-03-06 15:20:42"
"5c78b032419dcc0014119082",,"1","30","3","2","5","5","1","0","502","689","1","0","3","4","0.63","0.78","0","0",,,"1","90","2024-03-06 15:20:44"
"5c78b032419dcc0014119082",,"1","31","1","2","5","5","1","0","623","793","1","0","4","4","0.71","0.84","0","0",,,"1","95","2024-03-06 15:20:47"
"5c78b032419dcc0014119082",,"1","32","14","2","5","5","1","0","520","805","1","0","1","4","0.16","0.84","0","0",,,"1","100","2024-03-06 15:20:50"
"5c78b032419dcc0014119082",,"1","33","7","2","5","5","1","0","835","993","1","0","3","4","0.55","0.88","0","0",,,"1","105","2024-03-06 15:20:52"
"5c78b032419dcc0014119082",,"1","34","14","2","5","5","0","1","460","636","0","1","1","4","0.16","0.84","0","0",,,"1","110","2024-03-06 15:20:55"
"5c78b032419dcc0014119082",,"1","35","5","2","5","5","1","0","599","829","1","0","1","2","0.22","0.45","0","0",,,"1","115","2024-03-06 15:20:58"
"5c78b032419dcc0014119082",,"1","36","10","2","5","5","1","0","520","672","1","0","1","3","0.16","0.63","0","0",,,"1","120","2024-03-06 15:21:00"
"5c78b032419dcc0014119082",,"1","37","7","2","5","5","1","0","520","690","1","0","3","4","0.55","0.88","0","0",,,"1","125","2024-03-06 15:21:03"
"5c78b032419dcc0014119082",,"1","38","14","2","5","5","0","1","520","683","0","1","1","4","0.16","0.84","0","0",,,"1","130","2024-03-06 15:21:06"
"5c78b032419dcc0014119082",,"1","39","9","2","5","5","1","0","435","563","1","0","1","4","0.29","0.71","0","0",,,"1","135","2024-03-06 15:21:08"
"5c78b032419dcc0014119082",,"1","40","12","2","5","5","0","1","539","726","0","1","1","4","0.12","0.71","0","0",,,"0","135","2024-03-06 15:21:11"
"5c78b032419dcc0014119082",,"1","41","8","2","5","5","1","0","459","696","1","0","1","2","0.12","0.45","0","0",,,"0","135","2024-03-06 15:21:13"
"5c78b032419dcc0014119082",,"1","42","6","2","5","5","1","0","460","642","1","0","2","3","0.37","0.63","0","0",,,"0","135","2024-03-06 15:21:16"
"5c78b032419dcc0014119082",,"1","43","7","2","5","5","0","1","859","1005","0","1","3","4","0.55","0.88","0","0",,,"1","140","2024-03-06 15:21:19"
"5c78b032419dcc0014119082",,"1","44","15","2","5","5","1","0","520","672","1","0","1","4","0.12","0.88","0","0",,,"1","145","2024-03-06 15:21:22"
"5c78b032419dcc0014119082",,"1","45","8","2","5","5","0","1","478","696","0","1","1","2","0.12","0.45","0","0",,,"1","150","2024-03-06 15:21:24"
"5c78b032419dcc0014119082",,"1","46","8","2","5","5","0","1","520","653","0","1","1","2","0.12","0.45","0","0",,,"1","155","2024-03-06 15:21:27"
"5c78b032419dcc0014119082",,"1","47","15","2","5","5","1","0","417","587","1","0","1","4","0.12","0.88","0","0",,,"1","160","2024-03-06 15:21:29"
"5c78b032419dcc0014119082",,"1","48","4","2","5","5","1","0","544","787","1","0","3","4","0.55","0.78","0","0",,,"1","165","2024-03-06 15:21:32"
"5c78b032419dcc0014119082",,"1","49","10","2","5","5","1","0","478","605","1","0","1","3","0.16","0.63","0","0",,,"0","165","2024-03-06 15:21:34"
"5c78b032419dcc0014119082",,"1","50","14","2","5","5","0","1","556","714","0","1","1","4","0.16","0.84","0","0",,,"1","170","2024-03-06 15:21:37"
"5c78b032419dcc0014119082",,"1","51","2","1","5","5","1","1","538","1005","1","0","1","2","0.22","0.37","0","0",,,"0","170","2024-03-06 15:21:40"
"5c78b032419dcc0014119082",,"1","52","4","2","5","5","0","1","362","586","0","1","3","4","0.55","0.78","0","0",,,"1","175","2024-03-06 15:21:43"
"5c78b032419dcc0014119082",,"1","53","5","2","5","5","0","1","575","787","0","1","1","2","0.22","0.45","0","0",,,"0","175","2024-03-06 15:21:45"
"5c78b032419dcc0014119082",,"1","54","7","2","5","5","1","0","338","641","1","0","3","4","0.55","0.88","0","0",,,"1","180","2024-03-06 15:21:48"
"5c78b032419dcc0014119082",,"1","55","15","2","5","5","0","1","720","926","0","1","1","4","0.12","0.88","0","0",,,"1","185","2024-03-06 15:21:51"
"5c78b032419dcc0014119082",,"1","56","3","2","5","5","1","0","581","720","1","0","3","4","0.63","0.78","0","0",,,"1","190","2024-03-06 15:21:53"
"5c78b032419dcc0014119082",,"1","57","13","2","5","5","0","1","555","731","0","1","1","4","0.29","0.88","0","0",,,"1","195","2024-03-06 15:21:56"
"5c78b032419dcc0014119082",,"1","58","5","2","5","5","1","0","684","884","1","0","1","2","0.22","0.45","0","0",,,"1","200","2024-03-06 15:21:59"
"5c78b032419dcc0014119082",,"1","59","9","2","5","5","0","1","756","1192","0","1","1","4","0.29","0.71","0","0",,,"1","205","2024-03-06 15:22:02"
"5c78b032419dcc0014119082",,"1","60","1","2","5","5","1","0","583","847","1","0","4","4","0.71","0.84","0","0",,,"1","210","2024-03-06 15:22:05"
"5c78b032419dcc0014119082",,"1","61","2","2","5","5","0","1","659","817","0","1","1","2","0.22","0.37","0","0",,,"1","215","2024-03-06 15:22:07"
"5c78b032419dcc0014119082",,"1","62","6","2","5","5","0","1","502","611","0","1","2","3","0.37","0.63","0","0",,,"1","220","2024-03-06 15:22:10"
"5c78b032419dcc0014119082",,"1","63","13","2","5","5","1","0","423","617","1","0","1","4","0.29","0.88","0","0",,,"1","225","2024-03-06 15:22:12"
"5c78b032419dcc0014119082",,"2","0","7","2","5","5","0","1","581","756","0","1","3","4","0.55","0.88","0","0",,,"1","5","2024-03-06 15:24:15"
"5c78b032419dcc0014119082",,"2","1","2","2","5","5","0","1","484","726","0","1","1","2","0.22","0.37","0","0",,,"1","10","2024-03-06 15:24:17"
"5c78b032419dcc0014119082",,"2","2","0","2","5","5","1","0","623","732","1","0","1","1","0.16","0.29","0","0",,,"0","10","2024-03-06 15:24:20"
"5c78b032419dcc0014119082",,"2","3","6","2","5","5","0","1","460","582","0","1","2","3","0.37","0.63","0","0",,,"0","10","2024-03-06 15:24:22"
"5c78b032419dcc0014119082",,"2","4","10","2","5","5","0","1","417","575","0","1","1","3","0.16","0.63","0","0",,,"1","15","2024-03-06 15:24:25"
"5c78b032419dcc0014119082",,"2","5","13","2","5","5","0","1","539","684","0","1","1","4","0.29","0.88","0","0",,,"1","20","2024-03-06 15:24:28"
"5c78b032419dcc0014119082",,"2","6","13","2","5","5","1","0","441","623","1","0","1","4","0.29","0.88","0","0",,,"1","25","2024-03-06 15:24:30"
"5c78b032419dcc0014119082",,"2","7","0","2","5","5","0","1","641","763","0","1","1","1","0.16","0.29","0","0",,,"1","30","2024-03-06 15:24:33"
"5c78b032419dcc0014119082",,"2","8","5","2","5","5","1","0","659","799","1","0","1","2","0.22","0.45","0","0",,,"1","35","2024-03-06 15:24:36"
"5c78b032419dcc0014119082",,"2","9","3","2","5","5","0","1","441","641","0","1","3","4","0.63","0.78","0","0",,,"1","40","2024-03-06 15:24:38"
"5c78b032419dcc0014119082",,"2","10","11","2","5","5","1","0","538","684","1","0","2","4","0.37","0.84","0","0",,,"1","45","2024-03-06 15:24:41"
"5c78b032419dcc0014119082",,"2","11","13","2","5","5","1","0","435","671","1","0","1","4","0.29","0.88","0","0",,,"1","50","2024-03-06 15:24:43"
"5c78b032419dcc0014119082",,"2","12","1","2","5","5","0","1","357","1035","1","1","4","4","0.71","0.84","0","0",,,"1","55","2024-03-06 15:24:46"
"5c78b032419dcc0014119082",,"2","13","4","2","5","5","0","1","460","563","0","1","3","4","0.55","0.78","0","0",,,"1","60","2024-03-06 15:24:49"
"5c78b032419dcc0014119082",,"2","14","15","2","5","5","0","1","496","629","0","1","1","4","0.12","0.88","0","0",,,"1","65","2024-03-06 15:24:51"
"5c78b032419dcc0014119082",,"2","15","9","2","5","5","1","0","478","666","1","0","1","4","0.29","0.71","0","0",,,"1","70","2024-03-06 15:24:54"
"5c78b032419dcc0014119082",,"2","16","4","2","5","5","0","1","641","787","0","1","3","4","0.55","0.78","0","0",,,"0","70","2024-03-06 15:24:57"
"5c78b032419dcc0014119082",,"2","17","12","2","5","5","1","0","423","563","1","0","1","4","0.12","0.71","0","0",,,"0","70","2024-03-06 15:24:59"
"5c78b032419dcc0014119082",,"2","18","10","2","5","5","1","0","484","623","1","0","1","3","0.16","0.63","0","0",,,"1","75","2024-03-06 15:25:02"
"5c78b032419dcc0014119082",,"2","19","11","2","5","5","1","0","357","514","1","0","2","4","0.37","0.84","0","0",,,"1","80","2024-03-06 15:25:04"
"5c78b032419dcc0014119082",,"2","20","1","2","5","5","1","0","320","690","1","0","4","4","0.71","0.84","0","0",,,"1","85","2024-03-06 15:25:07"
"5c78b032419dcc0014119082",,"2","21","14","2","5","5","0","1","460","666","0","1","1","4","0.16","0.84","0","0",,,"1","90","2024-03-06 15:25:09"
"5c78b032419dcc0014119082",,"2","22","11","2","5","5","1","0","520","702","1","0","2","4","0.37","0.84","0","0",,,"1","95","2024-03-06 15:25:12"
"5c78b032419dcc0014119082",,"2","23","8","2","5","5","0","1","635","835","0","1","1","2","0.12","0.45","0","0",,,"0","95","2024-03-06 15:25:15"
"5c78b032419dcc0014119082",,"2","24","2","1","5","5","1","1","484","793","1","0","1","2","0.22","0.37","0","0",,,"0","95","2024-03-06 15:25:18"
"5c78b032419dcc0014119082",,"2","25","0","2","5","5","1","0","581","714","1","0","1","1","0.16","0.29","0","0",,,"1","100","2024-03-06 15:25:20"
"5c78b032419dcc0014119082",,"2","26","10","2","5","5","0","1","496","678","0","1","1","3","0.16","0.63","0","0",,,"1","105","2024-03-06 15:25:23"
"5c78b032419dcc0014119082",,"2","27","9","2","5","5","0","1","720","859","0","1","1","4","0.29","0.71","0","0",,,"1","110","2024-03-06 15:25:26"
"5c78b032419dcc0014119082",,"2","28","15","2","5","5","1","0","435","635","1","0","1","4","0.12","0.88","0","0",,,"1","115","2024-03-06 15:25:28"
"5c78b032419dcc0014119082",,"2","29","15","2","5","5","1","0","477","574","1","0","1","4","0.12","0.88","0","0",,,"0","115","2024-03-06 15:25:31"
"5c78b032419dcc0014119082",,"2","30","9","2","5","5","1","0","381","520","1","0","1","4","0.29","0.71","0","0",,,"1","120","2024-03-06 15:25:33"
"5c78b032419dcc0014119082",,"2","31","14","2","5","5","1","0","381","545","1","0","1","4","0.16","0.84","0","0",,,"0","120","2024-03-06 15:25:36"
"5c78b032419dcc0014119082",,"2","32","4","2","5","5","0","1","574","786","0","1","3","4","0.55","0.78","0","0",,,"1","125","2024-03-06 15:25:39"
"5c78b032419dcc0014119082",,"2","33","7","2","5","5","1","0","441","575","1","0","3","4","0.55","0.88","0","0",,,"1","130","2024-03-06 15:25:41"
"5c78b032419dcc0014119082",,"2","34","6","2","5","5","0","1","617","768","0","1","2","3","0.37","0.63","0","0",,,"1","135","2024-03-06 15:25:44"
"5c78b032419dcc0014119082",,"2","35","10","2","5","5","1","0","399","611","1","0","1","3","0.16","0.63","0","0",,,"0","135","2024-03-06 15:25:46"
"5c78b032419dcc0014119082",,"2","36","8","2","5","5","0","1","581","853","0","1","1","2","0.12","0.45","0","0",,,"0","135","2024-03-06 15:25:49"
"5c78b032419dcc0014119082",,"2","37","8","2","5","5","1","0","581","890","1","0","1","2","0.12","0.45","0","0",,,"0","135","2024-03-06 15:25:52"
"5c78b032419dcc0014119082",,"2","38","1","2","5","5","0","1","617","883","0","1","4","4","0.71","0.84","0","0",,,"1","140","2024-03-06 15:25:55"
"5c78b032419dcc0014119082",,"2","39","6","2","5","5","0","1","520","774","0","1","2","3","0.37","0.63","0","0",,,"0","140","2024-03-06 15:25:58"
"5c78b032419dcc0014119082",,"2","40","12","2","5","5","1","0","641","859","1","0","1","4","0.12","0.71","0","0",,,"0","140","2024-03-06 15:26:01"
"5c78b032419dcc0014119082",,"2","41","12","2","5","5","1","0","484","635","1","0","1","4","0.12","0.71","0","0",,,"1","145","2024-03-06 15:26:03"
"5c78b032419dcc0014119082",,"2","42","13","2","5","5","0","1","460","635","0","1","1","4","0.29","0.88","0","0",,,"1","150","2024-03-06 15:26:06"
"5c78b032419dcc0014119082",,"2","43","3","2","5","5","0","1","538","696","0","1","3","4","0.63","0.78","0","0",,,"1","155","2024-03-06 15:26:08"
"5c78b032419dcc0014119082",,"2","44","14","2","5","5","1","0","520","689","1","0","1","4","0.16","0.84","0","0",,,"1","160","2024-03-06 15:26:11"
"5c78b032419dcc0014119082",,"2","45","6","2","5","5","0","1","417","629","0","1","2","3","0.37","0.63","0","0",,,"1","165","2024-03-06 15:26:14"
"5c78b032419dcc0014119082",,"2","46","9","2","5","5","0","1","423","563","0","1","1","4","0.29","0.71","0","0",,,"1","170","2024-03-06 15:26:16"
"5c78b032419dcc0014119082",,"2","47","15","2","5","5","0","1","356","520","0","1","1","4","0.12","0.88","0","0",,,"0","170","2024-03-06 15:26:19"
"5c78b032419dcc0014119082",,"2","48","1","2","5","5","0","1","417","750","0","1","4","4","0.71","0.84","0","0",,,"1","175","2024-03-06 15:26:21"
"5c78b032419dcc0014119082",,"2","49","14","2","5","5","1","0","484","708","1","0","1","4","0.16","0.84","0","0",,,"1","180","2024-03-06 15:26:24"
"5c78b032419dcc0014119082",,"2","50","0","1","5","5","1","1","441","1477","1","1","1","1","0.16","0.29","0","0",,,"0","180","2024-03-06 15:26:27"
"5c78b032419dcc0014119082",,"2","51","8","1","5","5","0","0","357","550","0","1","1","2","0.12","0.45","0","0",,,"0","180","2024-03-06 15:26:30"
"5c78b032419dcc0014119082",,"2","52","7","2","5","5","0","1","417","538","0","1","3","4","0.55","0.88","0","0",,,"1","185","2024-03-06 15:26:33"
"5c78b032419dcc0014119082",,"2","53","7","2","5","5","0","1","441","641","0","1","3","4","0.55","0.88","0","0",,,"1","190","2024-03-06 15:26:35"
"5c78b032419dcc0014119082",,"2","54","3","2","5","5","0","1","460","642","0","1","3","4","0.63","0.78","0","0",,,"1","195","2024-03-06 15:26:38"
"5c78b032419dcc0014119082",,"2","55","4","2","5","5","1","0","556","744","1","0","3","4","0.55","0.78","0","0",,,"1","200","2024-03-06 15:26:40"
"5c78b032419dcc0014119082",,"2","56","5","2","5","5","0","1","556","829","0","1","1","2","0.22","0.45","0","0",,,"0","200","2024-03-06 15:26:43"
"5c78b032419dcc0014119082",,"2","57","5","2","5","5","1","0","720","1047","1","0","1","2","0.22","0.45","0","0",,,"0","200","2024-03-06 15:26:46"
"5c78b032419dcc0014119082",,"2","58","2","1","5","5","1","1","242","1653","2","2","1","2","0.22","0.37","0","0",,,"0","200","2024-03-06 15:26:50"
"5c78b032419dcc0014119082",,"2","59","3","2","5","5","0","1","478","629","0","1","3","4","0.63","0.78","0","0",,,"1","205","2024-03-06 15:26:52"
"5c78b032419dcc0014119082",,"2","60","11","2","5","5","0","1","399","556","0","1","2","4","0.37","0.84","0","0",,,"1","210","2024-03-06 15:26:55"
"5c78b032419dcc0014119082",,"2","61","12","2","5","5","1","0","460","660","1","0","1","4","0.12","0.71","0","0",,,"1","215","2024-03-06 15:26:57"
"5c78b032419dcc0014119082",,"2","62","5","2","5","5","0","1","1077","1761","1","1","1","2","0.22","0.45","0","0",,,"1","220","2024-03-06 15:27:01"
"5c78b032419dcc0014119082",,"2","63","2","2","5","5","1","0","520","690","1","0","1","2","0.22","0.37","0","0",,,"0","220","2024-03-06 15:27:03"
"5c78b032419dcc0014119082",,"3","0","7","2","5","5","0","1","97","520","0","2","3","4","0.55","0.88","0","0",,,"1","5","2024-03-06 15:27:15"
"5c78b032419dcc0014119082",,"3","1","14","2","5","5","1","0","417","574","1","0","1","4","0.16","0.84","0","0",,,"1","10","2024-03-06 15:27:17"
"5c78b032419dcc0014119082",,"3","2","8","2","5","5","1","0","478","599","1","0","1","2","0.12","0.45","0","0",,,"1","15","2024-03-06 15:27:20"
"5c78b032419dcc0014119082",,"3","3","4","2","5","5","0","1","544","744","0","1","3","4","0.55","0.78","0","0",,,"1","20","2024-03-06 15:27:23"
"5c78b032419dcc0014119082",,"3","4","2","2","5","5","0","1","563","865","0","1","1","2","0.22","0.37","0","0",,,"1","25","2024-03-06 15:27:25"
"5c78b032419dcc0014119082",,"3","5","0","2","5","5","1","0","459","665","1","0","1","1","0.16","0.29","0","0",,,"1","30","2024-03-06 15:27:28"
"5c78b032419dcc0014119082",,"3","6","6","2","5","5","0","1","478","665","0","1","2","3","0.37","0.63","0","0",,,"0","30","2024-03-06 15:27:31"
"5c78b032419dcc0014119082",,"3","7","15","2","5","5","0","1","417","532","0","1","1","4","0.12","0.88","0","0",,,"1","35","2024-03-06 15:27:33"
"5c78b032419dcc0014119082",,"3","8","1","1","5","5","0","0","381","545","0","1","4","4","0.71","0.84","0","0",,,"1","40","2024-03-06 15:27:36"
"5c78b032419dcc0014119082",,"3","9","3","2","5","5","1","0","502","599","1","0","3","4","0.63","0.78","0","0",,,"0","40","2024-03-06 15:27:38"
"5c78b032419dcc0014119082",,"3","10","14","2","5","5","1","0","459","611","1","0","1","4","0.16","0.84","0","0",,,"0","40","2024-03-06 15:27:41"
"5c78b032419dcc0014119082",,"3","11","13","2","5","5","0","1","363","472","0","1","1","4","0.29","0.88","0","0",,,"1","45","2024-03-06 15:27:43"
"5c78b032419dcc0014119082",,"3","12","6","2","5","5","0","1","441","642","0","1","2","3","0.37","0.63","0","0",,,"1","50","2024-03-06 15:27:46"
"5c78b032419dcc0014119082",,"3","13","12","2","5","5","1","0","399","563","1","0","1","4","0.12","0.71","0","0",,,"1","55","2024-03-06 15:27:48"
"5c78b032419dcc0014119082",,"3","14","14","2","5","5","0","1","544","817","0","1","1","4","0.16","0.84","0","0",,,"1","60","2024-03-06 15:27:51"
"5c78b032419dcc0014119082",,"3","15","5","2","5","5","1","0","520","726","1","0","1","2","0.22","0.45","0","0",,,"0","60","2024-03-06 15:27:54"
"5c78b032419dcc0014119082",,"3","16","13","2","5","5","1","0","435","926","1","1","1","4","0.29","0.88","0","0",,,"0","60","2024-03-06 15:27:57"
"5c78b032419dcc0014119082",,"3","17","11","2","5","5","1","0","496","648","1","0","2","4","0.37","0.84","0","0",,,"0","60","2024-03-06 15:27:59"
"5c78b032419dcc0014119082",,"3","18","15","2","5","5","1","0","1016","1199","1","0","1","4","0.12","0.88","0","0",,,"1","65","2024-03-06 15:28:02"
"5c78b032419dcc0014119082",,"3","19","14","2","5","5","1","0","460","690","1","0","1","4","0.16","0.84","0","0",,,"1","70","2024-03-06 15:28:05"
"5c78b032419dcc0014119082",,"3","20","4","2","5","5","1","0","399","581","1","0","3","4","0.55","0.78","0","0",,,"0","70","2024-03-06 15:28:07"
"5c78b032419dcc0014119082",,"3","21","4","2","5","5","1","0","520","605","1","0","3","4","0.55","0.78","0","0",,,"1","75","2024-03-06 15:28:10"
"5c78b032419dcc0014119082",,"3","22","13","2","5","5","0","1","484","690","0","1","1","4","0.29","0.88","0","0",,,"1","80","2024-03-06 15:28:13"
"5c78b032419dcc0014119082",,"3","23","1","2","5","5","1","0","902","1035","1","0","4","4","0.71","0.84","0","0",,,"1","85","2024-03-06 15:28:16"
"5c78b032419dcc0014119082",,"3","24","3","2","5","5","1","0","502","714","1","0","3","4","0.63","0.78","0","0",,,"1","90","2024-03-06 15:28:18"
"5c78b032419dcc0014119082",,"3","25","12","2","5","5","0","1","502","653","0","1","1","4","0.12","0.71","0","0",,,"1","95","2024-03-06 15:28:21"
"5c78b032419dcc0014119082",,"3","26","5","2","5","5","1","0","399","980","1","1","1","2","0.22","0.45","0","0",,,"0","95","2024-03-06 15:28:24"
"5c78b032419dcc0014119082",,"3","27","9","2","5","5","1","0","544","750","1","0","1","4","0.29","0.71","0","0",,,"1","100","2024-03-06 15:28:26"
"5c78b032419dcc0014119082",,"3","28","8","2","5","5","0","1","605","805","0","1","1","2","0.12","0.45","0","0",,,"0","100","2024-03-06 15:28:29"
"5c78b032419dcc0014119082",,"3","29","7","2","5","5","0","1","496","696","0","1","3","4","0.55","0.88","0","0",,,"1","105","2024-03-06 15:28:32"
"5c78b032419dcc0014119082",,"3","30","2","2","5","5","0","1","599","811","0","1","1","2","0.22","0.37","0","0",,,"1","110","2024-03-06 15:28:35"
"5c78b032419dcc0014119082",,"3","31","7","2","5","5","0","1","478","648","0","1","3","4","0.55","0.88","0","0",,,"1","115","2024-03-06 15:28:37"
"5c78b032419dcc0014119082",,"3","32","7","2","5","5","1","0","581","805","1","0","3","4","0.55","0.88","0","0",,,"1","120","2024-03-06 15:28:40"
"5c78b032419dcc0014119082",,"3","33","6","2","5","5","1","0","496","829","1","0","2","3","0.37","0.63","0","0",,,"0","120","2024-03-06 15:28:43"
"5c78b032419dcc0014119082",,"3","34","10","2","5","5","1","0","460","648","1","0","1","3","0.16","0.63","0","0",,,"1","125","2024-03-06 15:28:45"
"5c78b032419dcc0014119082",,"3","35","4","2","5","5","1","0","441","738","1","0","3","4","0.55","0.78","0","0",,,"1","130","2024-03-06 15:28:48"
"5c78b032419dcc0014119082",,"3","36","12","2","5","5","0","1","417","653","0","1","1","4","0.12","0.71","0","0",,,"1","135","2024-03-06 15:28:51"
"5c78b032419dcc0014119082",,"3","37","15","2","5","5","0","1","362","502","0","1","1","4","0.12","0.88","0","0",,,"1","140","2024-03-06 15:28:53"
"5c78b032419dcc0014119082",,"3","38","9","2","5","5","0","1","381","599","0","1","1","4","0.29","0.71","0","0",,,"1","145","2024-03-06 15:28:56"
"5c78b032419dcc0014119082",,"3","39","10","2","5","5","1","0","459","678","1","0","1","3","0.16","0.63","0","0",,,"1","150","2024-03-06 15:28:58"
"5c78b032419dcc0014119082",,"3","40","13","2","5","5","0","1","339","551","0","1","1","4","0.29","0.88","0","0",,,"1","155","2024-03-06 15:29:01"
"5c78b032419dcc0014119082",,"3","41","3","2","5","5","1","0","478","702","1","0","3","4","0.63","0.78","0","0",,,"1","160","2024-03-06 15:29:03"
"5c78b032419dcc0014119082",,"3","42","0","2","5","5","1","0","460","720","1","0","1","1","0.16","0.29","0","0",,,"0","160","2024-03-06 15:29:06"
"5c78b032419dcc0014119082",,"3","43","12","2","5","5","1","0","484","684","1","0","1","4","0.12","0.71","0","0",,,"1","165","2024-03-06 15:29:09"
"5c78b032419dcc0014119082",,"3","44","0","2","5","5","0","1","738","980","0","1","1","1","0.16","0.29","0","0",,,"0","165","2024-03-06 15:29:12"
"5c78b032419dcc0014119082",,"3","45","8","2","5","5","1","0","496","774","1","0","1","2","0.12","0.45","0","0",,,"0","165","2024-03-06 15:29:14"
"5c78b032419dcc0014119082",,"3","46","5","2","5","5","0","1","617","896","0","1","1","2","0.22","0.45","0","0",,,"0","165","2024-03-06 15:29:17"
"5c78b032419dcc0014119082",,"3","47","5","2","5","5","0","1","484","714","0","1","1","2","0.22","0.45","0","0",,,"0","165","2024-03-06 15:29:20"
"5c78b032419dcc0014119082",,"3","48","2","2","5","5","0","1","381","629","0","1","1","2","0.22","0.37","0","0",,,"0","165","2024-03-06 15:29:23"
"5c78b032419dcc0014119082",,"3","49","11","2","5","5","1","0","435","623","1","0","2","4","0.37","0.84","0","0",,,"1","170","2024-03-06 15:29:25"
"5c78b032419dcc0014119082",,"3","50","11","2","5","5","1","0","381","563","1","0","2","4","0.37","0.84","0","0",,,"0","170","2024-03-06 15:29:28"
"5c78b032419dcc0014119082",,"3","51","10","1","5","5","0","0","556","841","0","1","1","3","0.16","0.63","0","0",,,"1","175","2024-03-06 15:29:31"
"5c78b032419dcc0014119082",,"3","52","1","1","5","5","0","0","659","884","0","1","4","4","0.71","0.84","0","0",,,"1","180","2024-03-06 15:29:33"
"5c78b032419dcc0014119082",,"3","53","9","1","5","5","1","1","451","645","1","0","1","4","0.29","0.71","0","0",,,"0","180","2024-03-06 15:29:36"
"5c78b032419dcc0014119082",,"3","54","3","1","5","5","0","0","1041","1138","0","1","3","4","0.63","0.78","0","0",,,"1","185","2024-03-06 15:29:39"
"5c78b032419dcc0014119082",,"3","55","0","1","5","5","0","0","417","1102","0","1","1","1","0.16","0.29","0","0",,,"0","185","2024-03-06 15:29:42"
"5c78b032419dcc0014119082",,"3","56","9","2","5","5","1","0","744","968","1","0","1","4","0.29","0.71","0","0",,,"1","190","2024-03-06 15:29:45"
"5c78b032419dcc0014119082",,"3","57","2","2","5","5","0","1","575","781","0","1","1","2","0.22","0.37","0","0",,,"1","195","2024-03-06 15:29:48"
"5c78b032419dcc0014119082",,"3","58","15","1","5","5","1","1","502","968","1","0","1","4","0.12","0.88","0","0",,,"0","195","2024-03-06 15:29:50"
"5c78b032419dcc0014119082",,"3","59","11","2","5","5","0","1","423","659","0","1","2","4","0.37","0.84","0","0",,,"1","200","2024-03-06 15:29:53"
"5c78b032419dcc0014119082",,"3","60","6","2","5","5","0","1","399","617","0","1","2","3","0.37","0.63","0","0",,,"1","205","2024-03-06 15:29:56"
"5c78b032419dcc0014119082",,"3","61","8","1","5","5","0","0","339","647","0","1","1","2","0.12","0.45","0","0",,,"0","205","2024-03-06 15:29:58"
"5c78b032419dcc0014119082",,"3","62","10","2","5","5","0","1","435","611","0","1","1","3","0.16","0.63","0","0",,,"1","210","2024-03-06 15:30:01"
"5c78b032419dcc0014119082",,"3","63","1","1","5","5","0","0","538","805","0","1","4","4","0.71","0.84","0","0",,,"0","210","2024-03-06 15:30:04"
"5c78b032419dcc0014119082",,"4","0","1","2","5","5","0","1","520","708","0","1","4","4","0.71","0.84","0","0",,,"1","5","2024-03-06 15:30:21"
"5c78b032419dcc0014119082",,"4","1","13","2","5","5","0","1","1217","1350","0","1","1","4","0.29","0.88","0","0",,,"1","10","2024-03-06 15:30:24"
"5c78b032419dcc0014119082",,"4","2","6","1","5","5","1","1","720","962","1","0","2","3","0.37","0.63","0","0",,,"0","10","2024-03-06 15:30:27"
"5c78b032419dcc0014119082",,"4","3","9","1","5","5","0","0","920","1065","0","1","1","4","0.29","0.71","0","0",,,"0","10","2024-03-06 15:30:30"
"5c78b032419dcc0014119082",,"4","4","11","2","5","5","0","1","538","726","0","1","2","4","0.37","0.84","0","0",,,"1","15","2024-03-06 15:30:32"
"5c78b032419dcc0014119082",,"4","5","3","2","5","5","0","1","641","853","0","1","3","4","0.63","0.78","0","0",,,"0","15","2024-03-06 15:30:35"
"5c78b032419dcc0014119082",,"4","6","6","2","5","5","0","1","780","999","0","1","2","3","0.37","0.63","0","0",,,"1","20","2024-03-06 15:30:38"
"5c78b032419dcc0014119082",,"4","7","0","2","5","5","1","0","1216","1428","1","0","1","1","0.16","0.29","0","0",,,"1","25","2024-03-06 15:30:41"
"5c78b032419dcc0014119082",,"4","8","10","2","5","5","0","1","435","641","0","1","1","3","0.16","0.63","0","0",,,"0","25","2024-03-06 15:30:44"
"5c78b032419dcc0014119082",,"4","9","15","2","5","5","1","0","1096","1302","1","0","1","4","0.12","0.88","0","0",,,"1","30","2024-03-06 15:30:47"
"5c78b032419dcc0014119082",,"4","10","13","2","5","5","1","0","720","1053","1","0","1","4","0.29","0.88","0","0",,,"1","35","2024-03-06 15:30:50"
"5c78b032419dcc0014119082",,"4","11","7","2","5","5","0","1","417","648","0","1","3","4","0.55","0.88","0","0",,,"1","40","2024-03-06 15:30:53"
"5c78b032419dcc0014119082",,"4","12","2","2","5","5","1","0","478","714","1","0","1","2","0.22","0.37","0","0",,,"0","40","2024-03-06 15:30:55"
"5c78b032419dcc0014119082",,"4","13","9","2","5","5","0","1","417","587","0","1","1","4","0.29","0.71","0","0",,,"1","45","2024-03-06 15:30:58"
"5c78b032419dcc0014119082",,"4","14","5","2","5","5","0","1","696","896","0","1","1","2","0.22","0.45","0","0",,,"1","50","2024-03-06 15:31:01"
"5c78b032419dcc0014119082",,"4","15","10","2","5","5","1","0","442","653","1","0","1","3","0.16","0.63","0","0",,,"0","50","2024-03-06 15:31:03"
"5c78b032419dcc0014119082",,"4","16","1","2","5","5","0","1","520","714","0","1","4","4","0.71","0.84","0","0",,,"1","55","2024-03-06 15:31:06"
"5c78b032419dcc0014119082",,"4","17","10","2","5","5","0","1","635","823","0","1","1","3","0.16","0.63","0","0",,,"1","60","2024-03-06 15:31:09"
"5c78b032419dcc0014119082",,"4","18","3","2","5","5","0","1","441","599","0","1","3","4","0.63","0.78","0","0",,,"0","60","2024-03-06 15:31:11"
"5c78b032419dcc0014119082",,"4","19","12","2","5","5","0","1","357","526","0","1","1","4","0.12","0.71","0","0",,,"0","60","2024-03-06 15:31:14"
"5c78b032419dcc0014119082",,"4","20","7","2","5","5","1","0","563","781","1","0","3","4","0.55","0.88","0","0",,,"1","65","2024-03-06 15:31:17"
"5c78b032419dcc0014119082",,"4","21","12","2","5","5","0","1","459","671","0","1","1","4","0.12","0.71","0","0",,,"1","70","2024-03-06 15:31:19"
"5c78b032419dcc0014119082",,"4","22","0","1","5","5","1","1","477","793","1","0","1","1","0.16","0.29","0","0",,,"0","70","2024-03-06 15:31:22"
"5c78b032419dcc0014119082",,"4","23","8","1","5","5","0","0","23","447","0","2","1","2","0.12","0.45","0","0",,,"0","70","2024-03-06 15:31:24"
"5c78b032419dcc0014119082",,"4","24","2","2","5","5","1","0","575","769","1","0","1","2","0.22","0.37","0","0",,,"1","75","2024-03-06 15:31:27"
"5c78b032419dcc0014119082",,"4","25","11","2","5","5","1","0","756","938","1","0","2","4","0.37","0.84","0","0",,,"1","80","2024-03-06 15:31:30"
"5c78b032419dcc0014119082",,"4","26","11","2","5","5","1","0","575","738","1","0","2","4","0.37","0.84","0","0",,,"1","85","2024-03-06 15:31:33"
"5c78b032419dcc0014119082",,"4","27","12","2","5","5","0","1","859","1592","1","1","1","4","0.12","0.71","0","0",,,"1","90","2024-03-06 15:31:36"
"5c78b032419dcc0014119082",,"4","28","4","2","5","5","1","0","574","768","1","0","3","4","0.55","0.78","0","0",,,"1","95","2024-03-06 15:31:39"
"5c78b032419dcc0014119082",,"4","29","1","2","5","5","0","1","423","660","0","1","4","4","0.71","0.84","0","0",,,"0","95","2024-03-06 15:31:41"
"5c78b032419dcc0014119082",,"4","30","8","1","5","5","1","1","581","817","1","0","1","2","0.12","0.45","0","0",,,"0","95","2024-03-06 15:31:44"
"5c78b032419dcc0014119082",,"4","31","15","2","5","5","0","1","442","659","0","1","1","4","0.12","0.88","0","0",,,"1","100","2024-03-06 15:31:47"
"5c78b032419dcc0014119082",,"4","32","11","2","5","5","1","0","538","871","1","0","2","4","0.37","0.84","0","0",,,"1","105","2024-03-06 15:31:49"
"5c78b032419dcc0014119082",,"4","33","5","2","5","5","0","1","478","696","0","1","1","2","0.22","0.45","0","0",,,"0","105","2024-03-06 15:31:52"
"5c78b032419dcc0014119082",,"4","34","8","2","5","5","1","0","574","738","1","0","1","2","0.12","0.45","0","0",,,"0","105","2024-03-06 15:31:55"
"5c78b032419dcc0014119082",,"4","35","4","2","5","5","1","0","441","981","1","1","3","4","0.55","0.78","0","0",,,"0","105","2024-03-06 15:31:58"
"5c78b032419dcc0014119082",,"4","36","7","2","5","5","0","1","520","684","0","1","3","4","0.55","0.88","0","0",,,"0","105","2024-03-06 15:32:00"
"5c78b032419dcc0014119082",,"4","37","7","2","5","5","1","0","459","659","1","0","3","4","0.55","0.88","0","0",,,"1","110","2024-03-06 15:32:03"
"5c78b032419dcc0014119082",,"4","38","14","2","5","5","1","0","417","611","1","0","1","4","0.16","0.84","0","0",,,"1","115","2024-03-06 15:32:06"
"5c78b032419dcc0014119082",,"4","39","10","2","5","5","1","0","417","672","1","0","1","3","0.16","0.63","0","0",,,"0","115","2024-03-06 15:32:08"
"5c78b032419dcc0014119082",,"4","40","2","2","5","5","1","0","520","835","1","0","1","2","0.22","0.37","0","0",,,"0","115","2024-03-06 15:32:11"
"5c78b032419dcc0014119082",,"4","41","5","2","5","5","0","1","617","774","0","1","1","2","0.22","0.45","0","0",,,"1","120","2024-03-06 15:32:14"
"5c78b032419dcc0014119082",,"4","42","14","2","5","5","0","1","375","502","0","1","1","4","0.16","0.84","0","0",,,"1","125","2024-03-06 15:32:16"
"5c78b032419dcc0014119082",,"4","43","13","2","5","5","0","1","381","502","0","1","1","4","0.29","0.88","0","0",,,"1","130","2024-03-06 15:32:19"
"5c78b032419dcc0014119082",,"4","44","8","2","5","5","1","0","302","793","1","1","1","2","0.12","0.45","0","0",,,"1","135","2024-03-06 15:32:21"
"5c78b032419dcc0014119082",,"4","45","0","1","5","5","0","0","659","908","0","1","1","1","0.16","0.29","0","0",,,"0","135","2024-03-06 15:32:24"
"5c78b032419dcc0014119082",,"4","46","6","2","5","5","1","0","78","490","2","0","2","3","0.37","0.63","0","0",,,"1","140","2024-03-06 15:32:27"
"5c78b032419dcc0014119082",,"4","47","15","2","5","5","1","0","478","653","1","0","1","4","0.12","0.88","0","0",,,"0","140","2024-03-06 15:32:29"
"5c78b032419dcc0014119082",,"4","48","5","2","5","5","0","1","478","653","0","1","1","2","0.22","0.45","0","0",,,"1","145","2024-03-06 15:32:32"
"5c78b032419dcc0014119082",,"4","49","15","2","5","5","0","1","684","859","0","1","1","4","0.12","0.88","0","0",,,"1","150","2024-03-06 15:32:35"
"5c78b032419dcc0014119082",,"4","50","14","2","5","5","1","0","478","684","1","0","1","4","0.16","0.84","0","0",,,"1","155","2024-03-06 15:32:37"
"5c78b032419dcc0014119082",,"4","51","1","1","5","5","0","0","563","684","0","1","4","4","0.71","0.84","0","0",,,"0","155","2024-03-06 15:32:40"
"5c78b032419dcc0014119082",,"4","52","2","1","5","5","1","1","399","611","1","0","1","2","0.22","0.37","0","0",,,"1","160","2024-03-06 15:32:42"
"5c78b032419dcc0014119082",,"4","53","3","2","5","5","0","1","460","1156","1","1","3","4","0.63","0.78","0","0",,,"1","165","2024-03-06 15:32:45"
"5c78b032419dcc0014119082",,"4","54","12","2","5","5","1","0","998","1204","1","0","1","4","0.12","0.71","0","0",,,"1","170","2024-03-06 15:32:49"
"5c78b032419dcc0014119082",,"4","55","14","2","5","5","1","0","417","581","1","0","1","4","0.16","0.84","0","0",,,"1","175","2024-03-06 15:32:51"
"5c78b032419dcc0014119082",,"4","56","4","2","5","5","0","1","581","744","0","1","3","4","0.55","0.78","0","0",,,"1","180","2024-03-06 15:32:54"
"5c78b032419dcc0014119082",,"4","57","0","1","5","5","1","1","375","587","1","0","1","1","0.16","0.29","0","0",,,"0","180","2024-03-06 15:32:56"
"5c78b032419dcc0014119082",,"4","58","3","2","5","5","0","1","338","453","0","1","3","4","0.63","0.78","0","0",,,"0","180","2024-03-06 15:32:59"
"5c78b032419dcc0014119082",,"4","59","9","2","5","5","1","0","702","871","1","0","1","4","0.29","0.71","0","0",,,"0","180","2024-03-06 15:33:02"
"5c78b032419dcc0014119082",,"4","60","9","1","5","5","0","0","581","750","0","1","1","4","0.29","0.71","0","0",,,"0","180","2024-03-06 15:33:04"
"5c78b032419dcc0014119082",,"4","61","13","2","5","5","0","1","460","659","0","1","1","4","0.29","0.88","0","0",,,"1","185","2024-03-06 15:33:07"
"5c78b032419dcc0014119082",,"4","62","6","2","5","5","1","0","460","593","1","0","2","3","0.37","0.63","0","0",,,"0","185","2024-03-06 15:33:09"
"5c78b032419dcc0014119082",,"4","63","4","2","5","5","1","0","859","1410","1","1","3","4","0.55","0.78","0","0",,,"1","190","2024-03-06 15:33:13"
"5c78b032419dcc0014119082",,"5","0","7","2","5","5","1","0","296","472","1","0","3","4","0.55","0.88","0","0",,,"1","5","2024-03-06 15:34:49"
"5c78b032419dcc0014119082",,"5","1","4","2","5","5","1","0","381","599","1","0","3","4","0.55","0.78","0","0",,,"1","10","2024-03-06 15:34:52"
"5c78b032419dcc0014119082",,"5","2","2","2","5","5","1","0","381","508","1","0","1","2","0.22","0.37","0","0",,,"0","10","2024-03-06 15:34:55"
"5c78b032419dcc0014119082",,"5","3","1","2","5","5","0","1","435","1035","1","1","4","4","0.71","0.84","0","0",,,"0","10","2024-03-06 15:34:58"
"5c78b032419dcc0014119082",,"5","4","2","2","5","5","1","0","544","877","1","0","1","2","0.22","0.37","0","0",,,"1","15","2024-03-06 15:35:00"
"5c78b032419dcc0014119082",,"5","5","5","2","5","5","0","1","998","1204","0","1","1","2","0.22","0.45","0","0",,,"0","15","2024-03-06 15:35:04"
"5c78b032419dcc0014119082",,"5","6","0","2","5","5","0","1","417","914","1","1","1","1","0.16","0.29","0","0",,,"0","15","2024-03-06 15:35:06"
"5c78b032419dcc0014119082",,"5","7","11","2","5","5","1","0","375","587","1","0","2","4","0.37","0.84","0","0",,,"1","20","2024-03-06 15:35:09"
"5c78b032419dcc0014119082",,"5","8","6","2","5","5","1","0","399","702","1","0","2","3","0.37","0.63","0","0",,,"0","20","2024-03-06 15:35:12"
"5c78b032419dcc0014119082",,"5","9","15","2","5","5","0","1","599","787","0","1","1","4","0.12","0.88","0","0",,,"1","25","2024-03-06 15:35:14"
"5c78b032419dcc0014119082",,"5","10","10","2","5","5","1","0","998","1320","1","0","1","3","0.16","0.63","0","0",,,"0","25","2024-03-06 15:35:17"
"5c78b032419dcc0014119082",,"5","11","15","2","5","5","1","0","441","695","1","0","1","4","0.12","0.88","0","0",,,"1","30","2024-03-06 15:35:20"
"5c78b032419dcc0014119082",,"5","12","1","2","5","5","0","1","399","963","1","1","4","4","0.71","0.84","0","0",,,"0","30","2024-03-06 15:35:23"
"5c78b032419dcc0014119082",,"5","13","7","2","5","5","1","0","678","999","1","0","3","4","0.55","0.88","0","0",,,"1","35","2024-03-06 15:35:26"
"5c78b032419dcc0014119082",,"5","14","9","2","5","5","1","0","1338","1846","1","1","1","4","0.29","0.71","0","0",,,"0","35","2024-03-06 15:35:30"
"5c78b032419dcc0014119082",,"5","15","13","2","5","5","0","1","496","708","0","1","1","4","0.29","0.88","0","0",,,"1","40","2024-03-06 15:35:32"
"5c78b032419dcc0014119082",,"5","16","15","2","5","5","1","0","460","702","1","0","1","4","0.12","0.88","0","0",,,"1","45","2024-03-06 15:35:35"
"5c78b032419dcc0014119082",,"5","17","2","2","5","5","0","1","538","726","0","1","1","2","0.22","0.37","0","0",,,"0","45","2024-03-06 15:35:38"
"5c78b032419dcc0014119082",,"5","18","8","2","5","5","1","0","562","853","1","0","1","2","0.12","0.45","0","0",,,"0","45","2024-03-06 15:35:40"
"5c78b032419dcc0014119082",,"5","19","14","2","5","5","0","1","417","599","0","1","1","4","0.16","0.84","0","0",,,"1","50","2024-03-06 15:35:43"
"5c78b032419dcc0014119082",,"5","20","10","2","5","5","0","1","442","635","0","1","1","3","0.16","0.63","0","0",,,"1","55","2024-03-06 15:35:46"
"5c78b032419dcc0014119082",,"5","21","12","2","5","5","0","1","460","781","0","1","1","4","0.12","0.71","0","0",,,"1","60","2024-03-06 15:35:48"
"5c78b032419dcc0014119082",,"5","22","15","2","5","5","1","0","502","823","1","0","1","4","0.12","0.88","0","0",,,"0","60","2024-03-06 15:35:51"
"5c78b032419dcc0014119082",,"5","23","3","2","5","5","0","1","314","448","0","1","3","4","0.63","0.78","0","0",,,"1","65","2024-03-06 15:35:54"
"5c78b032419dcc0014119082",,"5","24","5","2","5","5","1","0","599","774","1","0","1","2","0.22","0.45","0","0",,,"0","65","2024-03-06 15:35:56"
"5c78b032419dcc0014119082",,"5","25","0","1","5","5","0","0","435","817","0","1","1","1","0.16","0.29","0","0",,,"1","70","2024-03-06 15:35:59"
"5c78b032419dcc0014119082",,"5","26","6","2","5","5","0","1","441","593","0","1","2","3","0.37","0.63","0","0",,,"1","75","2024-03-06 15:36:02"
"5c78b032419dcc0014119082",,"5","27","13","2","5","5","1","0","460","641","1","0","1","4","0.29","0.88","0","0",,,"1","80","2024-03-06 15:36:04"
"5c78b032419dcc0014119082",,"5","28","3","2","5","5","0","1","441","647","0","1","3","4","0.63","0.78","0","0",,,"1","85","2024-03-06 15:36:07"
"5c78b032419dcc0014119082",,"5","29","9","2","5","5","0","1","774","980","0","1","1","4","0.29","0.71","0","0",,,"1","90","2024-03-06 15:36:10"
"5c78b032419dcc0014119082",,"5","30","9","2","5","5","0","1","520","799","0","1","1","4","0.29","0.71","0","0",,,"1","95","2024-03-06 15:36:12"
"5c78b032419dcc0014119082",,"5","31","7","2","5","5","1","0","139","539","1","0","3","4","0.55","0.88","0","0",,,"0","95","2024-03-06 15:36:15"
"5c78b032419dcc0014119082",,"5","32","0","2","5","5","0","1","799","1065","0","1","1","1","0.16","0.29","0","0",,,"1","100","2024-03-06 15:36:18"
"5c78b032419dcc0014119082",,"5","33","0","2","5","5","0","1","581","702","0","1","1","1","0.16","0.29","0","0",,,"1","105","2024-03-06 15:36:20"
"5c78b032419dcc0014119082",,"5","34","1","2","5","5","0","1","484","641","0","1","4","4","0.71","0.84","0","0",,,"1","110","2024-03-06 15:36:23"
"5c78b032419dcc0014119082",,"5","35","4","2","5","5","1","0","478","629","1","0","3","4","0.55","0.78","0","0",,,"1","115","2024-03-06 15:36:25"
"5c78b032419dcc0014119082",,"5","36","6","2","5","5","1","0","320","799","1","1","2","3","0.37","0.63","0","0",,,"1","120","2024-03-06 15:36:28"
"5c78b032419dcc0014119082",,"5","37","12","2","5","5","0","1","617","763","0","1","1","4","0.12","0.71","0","0",,,"1","125","2024-03-06 15:36:31"
"5c78b032419dcc0014119082",,"5","38","14","2","5","5","0","1","538","732","0","1","1","4","0.16","0.84","0","0",,,"1","130","2024-03-06 15:36:33"
"5c78b032419dcc0014119082",,"5","39","8","2","5","5","1","0","441","641","1","0","1","2","0.12","0.45","0","0",,,"1","135","2024-03-06 15:36:36"
"5c78b032419dcc0014119082",,"5","40","1","2","5","5","1","0","659","1271","1","1","4","4","0.71","0.84","0","0",,,"1","140","2024-03-06 15:36:39"
"5c78b032419dcc0014119082",,"5","41","3","2","5","5","0","1","357","563","0","1","3","4","0.63","0.78","0","0",,,"0","140","2024-03-06 15:36:42"
"5c78b032419dcc0014119082",,"5","42","14","2","5","5","1","0","399","593","1","0","1","4","0.16","0.84","0","0",,,"0","140","2024-03-06 15:36:44"
"5c78b032419dcc0014119082",,"5","43","10","2","5","5","0","1","399","587","0","1","1","3","0.16","0.63","0","0",,,"1","145","2024-03-06 15:36:47"
"5c78b032419dcc0014119082",,"5","44","12","2","5","5","1","0","999","1180","1","0","1","4","0.12","0.71","0","0",,,"0","145","2024-03-06 15:36:50"
"5c78b032419dcc0014119082",,"5","45","9","2","5","5","1","0","441","684","1","0","1","4","0.29","0.71","0","0",,,"1","150","2024-03-06 15:36:52"
"5c78b032419dcc0014119082",,"5","46","3","2","5","5","1","0","484","635","1","0","3","4","0.63","0.78","0","0",,,"1","155","2024-03-06 15:36:55"
"5c78b032419dcc0014119082",,"5","47","10","2","5","5","0","1","423","986","1","1","1","3","0.16","0.63","0","0",,,"1","160","2024-03-06 15:36:58"
"5c78b032419dcc0014119082",,"5","48","14","2","5","5","0","1","520","720","0","1","1","4","0.16","0.84","0","0",,,"1","165","2024-03-06 15:37:01"
"5c78b032419dcc0014119082",,"5","49","13","2","5","5","1","0","702","877","1","0","1","4","0.29","0.88","0","0",,,"1","170","2024-03-06 15:37:03"
"5c78b032419dcc0014119082",,"5","50","7","2","5","5","0","1","660","799","0","1","3","4","0.55","0.88","0","0",,,"1","175","2024-03-06 15:37:06"
"5c78b032419dcc0014119082",,"5","51","11","2","5","5","0","1","435","1041","1","1","2","4","0.37","0.84","0","0",,,"1","180","2024-03-06 15:37:09"
"5c78b032419dcc0014119082",,"5","52","5","2","5","5","0","1","374","968","1","1","1","2","0.22","0.45","0","0",,,"0","180","2024-03-06 15:37:12"
"5c78b032419dcc0014119082",,"5","53","8","2","5","5","0","1","605","823","0","1","1","2","0.12","0.45","0","0",,,"0","180","2024-03-06 15:37:15"
"5c78b032419dcc0014119082",,"5","54","12","2","5","5","0","1","599","762","0","1","1","4","0.12","0.71","0","0",,,"0","180","2024-03-06 15:37:17"
"5c78b032419dcc0014119082",,"5","55","4","2","5","5","1","0","520","666","1","0","3","4","0.55","0.78","0","0",,,"1","185","2024-03-06 15:37:20"
"5c78b032419dcc0014119082",,"5","56","2","2","5","5","1","0","920","1216","1","0","1","2","0.22","0.37","0","0",,,"0","185","2024-03-06 15:37:23"
"5c78b032419dcc0014119082",,"5","57","5","2","5","5","0","1","883","1029","0","1","1","2","0.22","0.45","0","0",,,"1","190","2024-03-06 15:37:26"
"5c78b032419dcc0014119082",,"5","58","11","2","5","5","1","0","363","496","1","0","2","4","0.37","0.84","0","0",,,"1","195","2024-03-06 15:37:28"
"5c78b032419dcc0014119082",,"5","59","4","2","5","5","0","1","375","496","0","1","3","4","0.55","0.78","0","0",,,"1","200","2024-03-06 15:37:31"
"5c78b032419dcc0014119082",,"5","60","8","2","5","5","1","0","545","750","1","0","1","2","0.12","0.45","0","0",,,"1","205","2024-03-06 15:37:34"
"5c78b032419dcc0014119082",,"5","61","6","2","5","5","1","0","520","672","1","0","2","3","0.37","0.63","0","0",,,"1","210","2024-03-06 15:37:36"
"5c78b032419dcc0014119082",,"5","62","13","2","5","5","1","0","417","599","1","0","1","4","0.29","0.88","0","0",,,"0","210","2024-03-06 15:37:39"
"5c78b032419dcc0014119082",,"5","63","11","2","5","5","0","1","460","666","0","1","2","4","0.37","0.84","0","0",,,"0","210","2024-03-06 15:37:41"
"570b7b5fb9b52b00102d96f9",,"0","0","6","1","5","5","1","1","266","1084","1","1","2","3","0.37","0.63","0","0",,,"0","0","2024-03-07 15:41:36"
"570b7b5fb9b52b00102d96f9",,"0","1","8","2","5","5","1","0","17","1518","1","2","1","2","0.12","0.45","0","0",,,"1","5","2024-03-07 15:41:39"
"570b7b5fb9b52b00102d96f9",,"0","2","1","1","5","5","1","1","866","1150","1","0","4","4","0.71","0.84","0","0",,,"1","10","2024-03-07 15:41:42"
"570b7b5fb9b52b00102d96f9",,"0","3","4","1","5","5","1","1","801","1352","1","0","3","4","0.55","0.78","0","0",,,"0","10","2024-03-07 15:41:45"
"570b7b5fb9b52b00102d96f9",,"0","4","2","1","5","5","0","0","1251","1484","0","1","1","2","0.22","0.37","0","0",,,"1","15","2024-03-07 15:41:49"
"570b7b5fb9b52b00102d96f9",,"0","5","9","2","5","5","1","0","667","951","1","0","1","4","0.29","0.71","0","0",,,"1","20","2024-03-07 15:41:51"
"570b7b5fb9b52b00102d96f9",,"0","6","7","2","5","5","1","0","684","934","1","0","3","4","0.55","0.88","0","0",,,"1","25","2024-03-07 15:41:54"
"570b7b5fb9b52b00102d96f9",,"0","7","2","1","5","5","1","1","1017","1250","1","0","1","2","0.22","0.37","0","0",,,"0","25","2024-03-07 15:41:57"
"570b7b5fb9b52b00102d96f9",,"0","8","0","1","5","5","1","1","1051","1352","1","0","1","1","0.16","0.29","0","0",,,"0","25","2024-03-07 15:42:00"
"570b7b5fb9b52b00102d96f9",,"0","9","1","2","5","5","0","1","1068","1251","0","1","4","4","0.71","0.84","0","0",,,"1","30","2024-03-07 15:42:03"
"570b7b5fb9b52b00102d96f9",,"0","10","0","2","5","5","0","1","950","1184","0","1","1","1","0.16","0.29","0","0",,,"1","35","2024-03-07 15:42:06"
"570b7b5fb9b52b00102d96f9",,"0","11","8","2","5","5","0","1","751","1017","0","1","1","2","0.12","0.45","0","0",,,"0","35","2024-03-07 15:42:09"
"570b7b5fb9b52b00102d96f9",,"0","12","9","2","5","5","1","0","717","985","1","0","1","4","0.29","0.71","0","0",,,"0","35","2024-03-07 15:42:12"
"570b7b5fb9b52b00102d96f9",,"0","13","6","2","5","5","1","0","718","935","1","0","2","3","0.37","0.63","0","0",,,"1","40","2024-03-07 15:42:15"
"570b7b5fb9b52b00102d96f9",,"0","14","6","2","5","5","1","0","635","868","1","0","2","3","0.37","0.63","0","0",,,"0","40","2024-03-07 15:42:17"
"570b7b5fb9b52b00102d96f9",,"0","15","2","1","5","5","1","1","567","851","1","0","1","2","0.22","0.37","0","0",,,"0","40","2024-03-07 15:42:20"
"570b7b5fb9b52b00102d96f9",,"0","16","4","2","5","5","0","1","851","1051","0","1","3","4","0.55","0.78","0","0",,,"1","45","2024-03-07 15:42:23"
"570b7b5fb9b52b00102d96f9",,"0","17","5","2","5","5","1","0","834","1084","1","0","1","2","0.22","0.45","0","0",,,"0","45","2024-03-07 15:42:26"
"570b7b5fb9b52b00102d96f9",,"0","18","10","2","5","5","1","0","651","901","1","0","1","3","0.16","0.63","0","0",,,"1","50","2024-03-07 15:42:29"
"570b7b5fb9b52b00102d96f9",,"0","19","11","2","5","5","0","1","617","852","0","1","2","4","0.37","0.84","0","0",,,"1","55","2024-03-07 15:42:32"
"570b7b5fb9b52b00102d96f9",,"0","20","1","2","5","5","0","1","783","1034","0","1","4","4","0.71","0.84","0","0",,,"1","60","2024-03-07 15:42:34"
"570b7b5fb9b52b00102d96f9",,"0","21","7","2","5","5","0","1","701","967","0","1","3","4","0.55","0.88","0","0",,,"1","65","2024-03-07 15:42:37"
"570b7b5fb9b52b00102d96f9",,"0","22","12","2","5","5","1","0","768","1001","1","0","1","4","0.12","0.71","0","0",,,"1","70","2024-03-07 15:42:40"
"570b7b5fb9b52b00102d96f9",,"0","23","1","2","5","5","1","0","883","1100","1","0","4","4","0.71","0.84","0","0",,,"1","75","2024-03-07 15:42:43"
"570b7b5fb9b52b00102d96f9",,"0","24","15","2","5","5","1","0","683","900","1","0","1","4","0.12","0.88","0","0",,,"1","80","2024-03-07 15:42:45"
"570b7b5fb9b52b00102d96f9",,"0","25","8","1","5","5","0","0","1167","1368","0","1","1","2","0.12","0.45","0","0",,,"0","80","2024-03-07 15:42:48"
"570b7b5fb9b52b00102d96f9",,"0","26","3","2","5","5","1","0","634","818","1","0","3","4","0.63","0.78","0","0",,,"1","85","2024-03-07 15:42:51"
"570b7b5fb9b52b00102d96f9",,"0","27","0","2","5","5","0","1","868","1085","0","1","1","1","0.16","0.29","0","0",,,"0","85","2024-03-07 15:42:54"
"570b7b5fb9b52b00102d96f9",,"0","28","0","2","5","5","1","0","750","967","1","0","1","1","0.16","0.29","0","0",,,"0","85","2024-03-07 15:42:57"
"570b7b5fb9b52b00102d96f9",,"0","29","15","2","5","5","0","1","750","968","0","1","1","4","0.12","0.88","0","0",,,"1","90","2024-03-07 15:43:00"
"6266a599c7361af8b51a95e0",,"0","0","4","1","5","5","0","0","199","816","0","1","3","4","0.55","0.78","0","0",,,"1","5","2024-03-07 15:43:02"
"570b7b5fb9b52b00102d96f9",,"0","30","3","2","5","5","0","1","617","884","0","1","3","4","0.63","0.78","0","0",,,"0","90","2024-03-07 15:43:02"
"6266a599c7361af8b51a95e0",,"0","1","14","1","5","5","0","0","815","1250","0","1","1","4","0.16","0.84","0","0",,,"0","5","2024-03-07 15:43:05"
"570b7b5fb9b52b00102d96f9",,"0","31","7","2","5","5","1","0","550","734","1","0","3","4","0.55","0.88","0","0",,,"1","95","2024-03-07 15:43:05"
"6266a599c7361af8b51a95e0",,"0","2","13","1","5","5","0","0","450","716","0","1","1","4","0.29","0.88","0","0",,,"0","5","2024-03-07 15:43:07"
"570b7b5fb9b52b00102d96f9",,"0","32","13","2","5","5","1","0","700","985","1","0","1","4","0.29","0.88","0","0",,,"1","100","2024-03-07 15:43:08"
"6266a599c7361af8b51a95e0",,"0","3","11","2","5","5","1","0","549","866","1","0","2","4","0.37","0.84","0","0",,,"0","5","2024-03-07 15:43:10"
"570b7b5fb9b52b00102d96f9",,"0","33","8","2","5","5","0","1","716","950","0","1","1","2","0.12","0.45","0","0",,,"0","100","2024-03-07 15:43:10"
"65b574d703587ccea5f0b519",,"0","0","0","2","5","5","1","0","749","1466","1","0","1","1","0.16","0.29","0","0",,,"0","0","2024-03-07 15:43:13"
"6266a599c7361af8b51a95e0",,"0","4","2","2","5","5","1","0","832","1116","1","0","1","2","0.22","0.37","0","0",,,"1","10","2024-03-07 15:43:13"
"570b7b5fb9b52b00102d96f9",,"0","34","14","2","5","5","0","1","885","1052","0","1","1","4","0.16","0.84","0","0",,,"1","105","2024-03-07 15:43:13"
"6266a599c7361af8b51a95e0",,"0","5","15","1","5","5","0","0","582","966","0","1","1","4","0.12","0.88","0","0",,,"0","10","2024-03-07 15:43:16"
"570b7b5fb9b52b00102d96f9",,"0","35","12","2","5","5","0","1","683","951","0","1","1","4","0.12","0.71","0","0",,,"1","110","2024-03-07 15:43:16"
"65b574d703587ccea5f0b519",,"0","1","15","2","5","5","1","0","1249","1832","1","0","1","4","0.12","0.88","0","0",,,"1","5","2024-03-07 15:43:16"
"570b7b5fb9b52b00102d96f9",,"0","36","5","2","5","5","1","0","733","1001","1","0","1","2","0.22","0.45","0","0",,,"0","110","2024-03-07 15:43:19"
"65b574d703587ccea5f0b519",,"0","2","5","2","5","5","1","0","965","1666","1","0","1","2","0.22","0.45","0","0",,,"0","5","2024-03-07 15:43:20"
"6266a599c7361af8b51a95e0",,"0","6","8","2","5","5","0","1","1738","2201","1","1","1","2","0.12","0.45","0","0",,,"0","10","2024-03-07 15:43:20"
"570b7b5fb9b52b00102d96f9",,"0","37","14","2","5","5","1","0","634","834","1","0","1","4","0.16","0.84","0","0",,,"1","115","2024-03-07 15:43:22"
"6266a599c7361af8b51a95e0",,"0","7","14","1","5","5","1","1","547","849","1","0","1","4","0.16","0.84","0","0",,,"0","10","2024-03-07 15:43:23"
"65b574d703587ccea5f0b519",,"0","3","15","2","5","5","1","0","782","1616","1","0","1","4","0.12","0.88","0","0",,,"0","5","2024-03-07 15:43:23"
"570b7b5fb9b52b00102d96f9",,"0","38","9","2","5","5","0","1","583","751","0","1","1","4","0.29","0.71","0","0",,,"1","120","2024-03-07 15:43:24"
"6266a599c7361af8b51a95e0",,"0","8","9","1","5","5","0","0","1065","1416","0","1","1","4","0.29","0.71","0","0",,,"0","10","2024-03-07 15:43:26"
"65b574d703587ccea5f0b519",,"0","4","7","1","5","5","1","1","216","1583","1","1","3","4","0.55","0.88","0","0",,,"0","5","2024-03-07 15:43:27"
"570b7b5fb9b52b00102d96f9",,"0","39","13","2","5","5","0","1","617","784","0","1","1","4","0.29","0.88","0","0",,,"1","125","2024-03-07 15:43:27"
"570b7b5fb9b52b00102d96f9",,"0","40","7","2","5","5","0","1","550","751","0","1","3","4","0.55","0.88","0","0",,,"0","125","2024-03-07 15:43:29"
"6266a599c7361af8b51a95e0",,"0","9","0","1","5","5","0","0","782","1170","0","1","1","1","0.16","0.29","0","0",,,"0","10","2024-03-07 15:43:29"
"65b574d703587ccea5f0b519",,"0","5","0","1","5","5","1","1","732","1650","1","0","1","1","0.16","0.29","0","0",,,"0","5","2024-03-07 15:43:30"
"570b7b5fb9b52b00102d96f9",,"0","41","10","2","5","5","0","1","483","667","0","1","1","3","0.16","0.63","0","0",,,"1","130","2024-03-07 15:43:32"
"6266a599c7361af8b51a95e0",,"0","10","5","2","5","5","0","1","1015","1368","0","1","1","2","0.22","0.45","0","0",,,"1","15","2024-03-07 15:43:32"
"65b574d703587ccea5f0b519",,"0","6","6","2","5","5","0","1","633","1500","0","1","2","3","0.37","0.63","0","0",,,"0","5","2024-03-07 15:43:33"
"570b7b5fb9b52b00102d96f9",,"0","42","12","2","5","5","1","0","567","750","1","0","1","4","0.12","0.71","0","0",,,"1","135","2024-03-07 15:43:34"
"6266a599c7361af8b51a95e0",,"0","11","4","1","5","5","0","0","948","1249","0","1","3","4","0.55","0.78","0","0",,,"1","20","2024-03-07 15:43:35"
"65b574d703587ccea5f0b519",,"0","7","7","1","5","5","1","1","899","1516","1","0","3","4","0.55","0.88","0","0",,,"0","5","2024-03-07 15:43:37"
"570b7b5fb9b52b00102d96f9",,"0","43","6","2","5","5","1","0","617","834","1","0","2","3","0.37","0.63","0","0",,,"0","135","2024-03-07 15:43:37"
"6266a599c7361af8b51a95e0",,"0","12","6","2","5","5","1","0","499","767","1","0","2","3","0.37","0.63","0","0",,,"0","20","2024-03-07 15:43:38"
"570b7b5fb9b52b00102d96f9",,"0","44","9","2","5","5","1","0","567","735","1","0","1","4","0.29","0.71","0","0",,,"1","140","2024-03-07 15:43:40"
"6266a599c7361af8b51a95e0",,"0","13","15","1","5","5","0","0","799","1066","0","1","1","4","0.12","0.88","0","0",,,"0","20","2024-03-07 15:43:41"
"65b574d703587ccea5f0b519",,"0","8","10","1","5","5","0","0","2349","2783","0","1","1","3","0.16","0.63","0","0",,,"0","5","2024-03-07 15:43:41"
"570b7b5fb9b52b00102d96f9",,"0","45","15","2","5","5","0","1","584","818","0","1","1","4","0.12","0.88","0","0",,,"1","145","2024-03-07 15:43:42"
"6266a599c7361af8b51a95e0",,"0","14","9","2","5","5","1","0","731","982","1","0","1","4","0.29","0.71","0","0",,,"1","25","2024-03-07 15:43:44"
"65b574d703587ccea5f0b519",,"0","9","4","2","5","5","1","0","849","1550","1","0","3","4","0.55","0.78","0","0",,,"1","10","2024-03-07 15:43:45"
"570b7b5fb9b52b00102d96f9",,"0","46","3","2","5","5","1","0","501","684","1","0","3","4","0.63","0.78","0","0",,,"1","150","2024-03-07 15:43:45"
"6266a599c7361af8b51a95e0",,"0","15","1","2","5","5","1","0","966","1249","1","0","4","4","0.71","0.84","0","0",,,"1","30","2024-03-07 15:43:47"
"570b7b5fb9b52b00102d96f9",,"0","47","12","2","5","5","0","1","533","767","0","1","1","4","0.12","0.71","0","0",,,"0","150","2024-03-07 15:43:47"
"65b574d703587ccea5f0b519",,"0","10","10","1","5","5","1","1","732","1333","1","0","1","3","0.16","0.63","0","0",,,"0","10","2024-03-07 15:43:48"
"6266a599c7361af8b51a95e0",,"0","16","7","2","5","5","0","1","600","867","0","1","3","4","0.55","0.88","0","0",,,"1","35","2024-03-07 15:43:49"
"570b7b5fb9b52b00102d96f9",,"0","48","11","2","5","5","1","0","518","768","1","0","2","4","0.37","0.84","0","0",,,"1","155","2024-03-07 15:43:50"
"65b574d703587ccea5f0b519",,"0","11","8","1","5","5","0","0","782","1349","0","1","1","2","0.12","0.45","0","0",,,"0","10","2024-03-07 15:43:51"
"6266a599c7361af8b51a95e0",,"0","17","15","2","5","5","1","0","950","1133","1","0","1","4","0.12","0.88","0","0",,,"1","40","2024-03-07 15:43:52"
"570b7b5fb9b52b00102d96f9",,"0","49","14","2","5","5","0","1","551","785","0","1","1","4","0.16","0.84","0","0",,,"0","155","2024-03-07 15:43:53"
"65b574d703587ccea5f0b519",,"0","12","11","1","5","5","1","1","582","1116","1","0","2","4","0.37","0.84","0","0",,,"0","10","2024-03-07 15:43:54"
"6266a599c7361af8b51a95e0",,"0","18","1","2","5","5","0","1","617","832","0","1","4","4","0.71","0.84","0","0",,,"1","45","2024-03-07 15:43:55"
"570b7b5fb9b52b00102d96f9",,"0","50","15","2","5","5","1","0","551","751","1","0","1","4","0.12","0.88","0","0",,,"1","160","2024-03-07 15:43:55"
"65b574d703587ccea5f0b519",,"0","13","13","1","5","5","0","0","899","1400","0","1","1","4","0.29","0.88","0","0",,,"1","15","2024-03-07 15:43:57"
"6266a599c7361af8b51a95e0",,"0","19","0","2","5","5","0","1","949","1117","0","1","1","1","0.16","0.29","0","0",,,"0","45","2024-03-07 15:43:58"
"570b7b5fb9b52b00102d96f9",,"0","51","11","2","5","5","0","1","601","885","0","1","2","4","0.37","0.84","0","0",,,"1","165","2024-03-07 15:43:58"
"65b574d703587ccea5f0b519",,"0","14","12","2","5","5","0","1","1049","1650","0","1","1","4","0.12","0.71","0","0",,,"1","20","2024-03-07 15:44:00"
"570b7b5fb9b52b00102d96f9",,"0","52","13","2","5","5","1","0","484","751","1","0","1","4","0.29","0.88","0","0",,,"1","170","2024-03-07 15:44:01"
"6266a599c7361af8b51a95e0",,"0","20","1","1","5","5","0","0","799","1167","0","1","4","4","0.71","0.84","0","0",,,"1","50","2024-03-07 15:44:01"
"570b7b5fb9b52b00102d96f9",,"0","53","10","2","5","5","1","0","650","834","1","0","1","3","0.16","0.63","0","0",,,"1","175","2024-03-07 15:44:03"
"65b574d703587ccea5f0b519",,"0","15","10","2","5","5","1","0","1016","1500","1","0","1","3","0.16","0.63","0","0",,,"0","20","2024-03-07 15:44:04"
"6266a599c7361af8b51a95e0",,"0","21","10","2","5","5","1","0","833","1016","1","0","1","3","0.16","0.63","0","0",,,"1","55","2024-03-07 15:44:04"
"570b7b5fb9b52b00102d96f9",,"0","54","3","2","5","5","1","0","633","867","1","0","3","4","0.63","0.78","0","0",,,"1","180","2024-03-07 15:44:06"
"6266a599c7361af8b51a95e0",,"0","22","3","2","5","5","0","1","916","1082","0","1","3","4","0.63","0.78","0","0",,,"1","60","2024-03-07 15:44:07"
"65b574d703587ccea5f0b519",,"0","16","12","2","5","5","0","1","800","1300","0","1","1","4","0.12","0.71","0","0",,,"0","20","2024-03-07 15:44:07"
"570b7b5fb9b52b00102d96f9",,"0","55","4","2","5","5","0","1","600","851","0","1","3","4","0.55","0.78","0","0",,,"1","185","2024-03-07 15:44:08"
"6266a599c7361af8b51a95e0",,"0","23","0","2","5","5","0","1","965","1199","0","1","1","1","0.16","0.29","0","0",,,"0","60","2024-03-07 15:44:10"
"65b574d703587ccea5f0b519",,"0","17","9","2","5","5","1","0","499","1016","1","0","1","4","0.29","0.71","0","0",,,"1","25","2024-03-07 15:44:10"
"570b7b5fb9b52b00102d96f9",,"0","56","5","2","5","5","0","1","717","1117","0","1","1","2","0.22","0.45","0","0",,,"0","185","2024-03-07 15:44:11"
"6266a599c7361af8b51a95e0",,"0","24","3","2","5","5","1","0","883","1083","1","0","3","4","0.63","0.78","0","0",,,"0","60","2024-03-07 15:44:12"
"65b574d703587ccea5f0b519",,"0","18","2","2","5","5","1","0","682","1149","1","0","1","2","0.22","0.37","0","0",,,"0","25","2024-03-07 15:44:13"
"570b7b5fb9b52b00102d96f9",,"0","57","11","2","5","5","0","1","701","919","0","1","2","4","0.37","0.84","0","0",,,"1","190","2024-03-07 15:44:14"
"65b574d703587ccea5f0b519",,"0","19","14","1","5","5","0","0","449","916","0","1","1","4","0.16","0.84","0","0",,,"0","25","2024-03-07 15:44:15"
"6266a599c7361af8b51a95e0",,"0","25","5","2","5","5","0","1","982","1151","0","1","1","2","0.22","0.45","0","0",,,"0","60","2024-03-07 15:44:16"
"570b7b5fb9b52b00102d96f9",,"0","58","2","1","5","5","1","1","766","1634","1","1","1","2","0.22","0.37","0","0",,,"0","190","2024-03-07 15:44:17"
"6266a599c7361af8b51a95e0",,"0","26","12","1","5","5","0","0","600","734","0","1","1","4","0.12","0.71","0","0",,,"0","60","2024-03-07 15:44:18"
"65b574d703587ccea5f0b519",,"0","20","3","1","5","5","1","1","633","1067","1","0","3","4","0.63","0.78","0","0",,,"1","30","2024-03-07 15:44:18"
"570b7b5fb9b52b00102d96f9",,"0","59","10","1","5","5","1","1","567","801","1","0","1","3","0.16","0.63","0","0",,,"1","195","2024-03-07 15:44:20"
"6266a599c7361af8b51a95e0",,"0","27","14","2","5","5","0","1","899","1049","0","1","1","4","0.16","0.84","0","0",,,"0","60","2024-03-07 15:44:21"
"65b574d703587ccea5f0b519",,"0","21","0","2","5","5","1","0","850","1450","1","0","1","1","0.16","0.29","0","0",,,"1","35","2024-03-07 15:44:22"
"570b7b5fb9b52b00102d96f9",,"0","60","4","2","5","5","0","1","1051","1285","0","1","3","4","0.55","0.78","0","0",,,"1","200","2024-03-07 15:44:23"
"6266a599c7361af8b51a95e0",,"0","28","12","1","5","5","0","0","449","632","0","1","1","4","0.12","0.71","0","0",,,"0","60","2024-03-07 15:44:24"
"65b574d703587ccea5f0b519",,"0","22","2","1","5","5","0","0","1083","1699","0","1","1","2","0.22","0.37","0","0",,,"0","35","2024-03-07 15:44:25"
"570b7b5fb9b52b00102d96f9",,"0","61","13","2","5","5","0","1","701","901","0","1","1","4","0.29","0.88","0","0",,,"1","205","2024-03-07 15:44:26"
"6266a599c7361af8b51a95e0",,"0","29","7","1","5","5","1","1","817","1067","1","0","3","4","0.55","0.88","0","0",,,"0","60","2024-03-07 15:44:27"
"65b574d703587ccea5f0b519",,"0","23","5","2","5","5","1","0","650","1200","1","0","1","2","0.22","0.45","0","0",,,"0","35","2024-03-07 15:44:28"
"570b7b5fb9b52b00102d96f9",,"0","62","14","2","5","5","1","0","767","1034","1","0","1","4","0.16","0.84","0","0",,,"1","210","2024-03-07 15:44:28"
"6266a599c7361af8b51a95e0",,"0","30","2","2","5","5","0","1","916","1100","0","1","1","2","0.22","0.37","0","0",,,"0","60","2024-03-07 15:44:30"
"65b574d703587ccea5f0b519",,"0","24","10","2","5","5","0","1","999","1450","0","1","1","3","0.16","0.63","0","0",,,"0","35","2024-03-07 15:44:31"
"570b7b5fb9b52b00102d96f9",,"0","63","5","1","5","5","1","1","734","1452","1","1","1","2","0.22","0.45","0","0",,,"0","210","2024-03-07 15:44:32"
"6266a599c7361af8b51a95e0",,"0","31","3","2","5","5","0","1","716","916","0","1","3","4","0.63","0.78","0","0",,,"0","60","2024-03-07 15:44:33"
"65b574d703587ccea5f0b519",,"0","25","6","1","5","5","1","1","466","916","1","0","2","3","0.37","0.63","0","0",,,"1","40","2024-03-07 15:44:34"
"6266a599c7361af8b51a95e0",,"0","32","8","1","5","5","0","0","749","1383","1","1","1","2","0.12","0.45","0","0",,,"0","60","2024-03-07 15:44:36"
"65b574d703587ccea5f0b519",,"0","26","11","1","5","5","1","1","1632","2066","1","0","2","4","0.37","0.84","0","0",,,"0","40","2024-03-07 15:44:38"
"6266a599c7361af8b51a95e0",,"0","33","7","2","5","5","0","1","1032","1316","0","1","3","4","0.55","0.88","0","0",,,"1","65","2024-03-07 15:44:40"
"65b574d703587ccea5f0b519",,"0","27","13","1","5","5","0","0","750","1216","0","1","1","4","0.29","0.88","0","0",,,"0","40","2024-03-07 15:44:41"
"6266a599c7361af8b51a95e0",,"0","34","8","2","5","5","1","0","982","1150","1","0","1","2","0.12","0.45","0","0",,,"1","70","2024-03-07 15:44:42"
"65b574d703587ccea5f0b519",,"0","28","1","2","5","5","1","0","616","1083","1","0","4","4","0.71","0.84","0","0",,,"1","45","2024-03-07 15:44:44"
"6266a599c7361af8b51a95e0",,"0","35","15","2","5","5","1","0","582","800","1","0","1","4","0.12","0.88","0","0",,,"1","75","2024-03-07 15:44:45"
"65b574d703587ccea5f0b519",,"0","29","1","2","5","5","1","0","582","1033","1","0","4","4","0.71","0.84","0","0",,,"1","50","2024-03-07 15:44:47"
"6266a599c7361af8b51a95e0",,"0","36","11","2","5","5","0","1","599","850","0","1","2","4","0.37","0.84","0","0",,,"1","80","2024-03-07 15:44:48"
"65b574d703587ccea5f0b519",,"0","30","3","2","5","5","1","0","599","1084","1","0","3","4","0.63","0.78","0","0",,,"1","55","2024-03-07 15:44:49"
"570b7b5fb9b52b00102d96f9",,"1","0","2","2","5","5","1","0","34","1469","3","1","1","2","0.22","0.37","0","0",,,"0","0","2024-03-07 15:44:50"
"6266a599c7361af8b51a95e0",,"0","37","13","2","5","5","0","1","482","766","0","1","1","4","0.29","0.88","0","0",,,"1","85","2024-03-07 15:44:50"
"570b7b5fb9b52b00102d96f9",,"1","1","15","2","5","5","0","1","434","650","0","1","1","4","0.12","0.88","0","0",,,"0","0","2024-03-07 15:44:52"
"65b574d703587ccea5f0b519",,"0","31","4","1","5","5","1","1","1349","1733","1","0","3","4","0.55","0.78","0","0",,,"0","55","2024-03-07 15:44:53"
"6266a599c7361af8b51a95e0",,"0","38","1","2","5","5","0","1","1099","1316","0","1","4","4","0.71","0.84","0","0",,,"1","90","2024-03-07 15:44:53"
"570b7b5fb9b52b00102d96f9",,"1","2","4","1","5","5","1","1","601","851","1","0","3","4","0.55","0.78","0","0",,,"1","5","2024-03-07 15:44:55"
"6266a599c7361af8b51a95e0",,"0","39","10","1","5","5","0","0","533","799","0","1","1","3","0.16","0.63","0","0",,,"0","90","2024-03-07 15:44:56"
"65b574d703587ccea5f0b519",,"0","32","5","1","5","5","1","1","816","1250","1","0","1","2","0.22","0.45","0","0",,,"1","60","2024-03-07 15:44:56"
"570b7b5fb9b52b00102d96f9",,"1","3","10","1","5","5","1","1","517","734","1","0","1","3","0.16","0.63","0","0",,,"0","5","2024-03-07 15:44:58"
"6266a599c7361af8b51a95e0",,"0","40","11","2","5","5","1","0","550","767","1","0","2","4","0.37","0.84","0","0",,,"1","95","2024-03-07 15:44:59"
"65b574d703587ccea5f0b519",,"0","33","13","1","5","5","0","0","665","1599","0","1","1","4","0.29","0.88","0","0",,,"0","60","2024-03-07 15:44:59"
"570b7b5fb9b52b00102d96f9",,"1","4","1","2","5","5","1","0","717","951","1","0","4","4","0.71","0.84","0","0",,,"0","5","2024-03-07 15:45:01"
"6266a599c7361af8b51a95e0",,"0","41","7","2","5","5","0","1","449","667","0","1","3","4","0.55","0.88","0","0",,,"1","100","2024-03-07 15:45:01"
"65b574d703587ccea5f0b519",,"0","34","15","2","5","5","1","0","16","666","2","0","1","4","0.12","0.88","0","0",,,"1","65","2024-03-07 15:45:02"
"6266a599c7361af8b51a95e0",,"0","42","6","2","5","5","0","1","565","783","0","1","2","3","0.37","0.63","0","0",,,"1","105","2024-03-07 15:45:04"
"570b7b5fb9b52b00102d96f9",,"1","5","11","2","5","5","0","1","950","1167","0","1","2","4","0.37","0.84","0","0",,,"1","10","2024-03-07 15:45:04"
"65b574d703587ccea5f0b519",,"0","35","7","2","5","5","1","0","699","1133","1","0","3","4","0.55","0.88","0","0",,,"1","70","2024-03-07 15:45:05"
"6266a599c7361af8b51a95e0",,"0","43","8","2","5","5","0","1","749","949","0","1","1","2","0.12","0.45","0","0",,,"0","105","2024-03-07 15:45:06"
"570b7b5fb9b52b00102d96f9",,"1","6","8","2","5","5","1","0","700","950","1","0","1","2","0.12","0.45","0","0",,,"0","10","2024-03-07 15:45:06"
"65b574d703587ccea5f0b519",,"0","36","15","2","5","5","1","0","616","1366","1","0","1","4","0.12","0.88","0","0",,,"1","75","2024-03-07 15:45:08"
"6266a599c7361af8b51a95e0",,"0","44","0","2","5","5","0","1","383","650","0","1","1","1","0.16","0.29","0","0",,,"0","105","2024-03-07 15:45:09"
"570b7b5fb9b52b00102d96f9",,"1","7","10","2","5","5","0","1","616","783","0","1","1","3","0.16","0.63","0","0",,,"0","10","2024-03-07 15:45:09"
"63617bda4e6367b26d53da86",,"0","0","14","2","5","5","0","1","868","1756","0","1","1","4","0.16","0.84","0","0",,,"1","5","2024-03-07 15:45:10"
"65b574d703587ccea5f0b519",,"0","37","6","2","5","5","1","0","783","1283","1","0","2","3","0.37","0.63","0","0",,,"0","75","2024-03-07 15:45:11"
"6266a599c7361af8b51a95e0",,"0","45","13","2","5","5","1","0","799","1000","1","0","1","4","0.29","0.88","0","0",,,"1","110","2024-03-07 15:45:12"
"570b7b5fb9b52b00102d96f9",,"1","8","4","1","5","5","1","1","833","1050","1","0","3","4","0.55","0.78","0","0",,,"1","15","2024-03-07 15:45:12"
"63617bda4e6367b26d53da86",,"0","1","13","2","5","5","1","0","15","1018","2","0","1","4","0.29","0.88","0","0",,,"1","10","2024-03-07 15:45:13"
"65b574d703587ccea5f0b519",,"0","38","1","2","5","5","0","1","765","1316","0","1","4","4","0.71","0.84","0","0",,,"1","80","2024-03-07 15:45:14"
"6266a599c7361af8b51a95e0",,"0","46","10","2","5","5","1","0","465","666","1","0","1","3","0.16","0.63","0","0",,,"0","110","2024-03-07 15:45:15"
"570b7b5fb9b52b00102d96f9",,"1","9","13","1","5","5","1","1","1035","1202","1","0","1","4","0.29","0.88","0","0",,,"0","15","2024-03-07 15:45:15"
"63617bda4e6367b26d53da86",,"0","2","2","2","5","5","0","1","18","1539","0","2","1","2","0.22","0.37","0","0",,,"0","10","2024-03-07 15:45:17"
"65b574d703587ccea5f0b519",,"0","39","3","2","5","5","0","1","699","1300","0","1","3","4","0.63","0.78","0","0",,,"1","85","2024-03-07 15:45:17"
"6266a599c7361af8b51a95e0",,"0","47","9","2","5","5","1","0","566","750","1","0","1","4","0.29","0.71","0","0",,,"1","115","2024-03-07 15:45:17"
"570b7b5fb9b52b00102d96f9",,"1","10","2","2","5","5","1","0","566","817","1","0","1","2","0.22","0.37","0","0",,,"0","15","2024-03-07 15:45:18"
"65b574d703587ccea5f0b519",,"0","40","14","2","5","5","1","0","616","1216","1","0","1","4","0.16","0.84","0","0",,,"0","85","2024-03-07 15:45:20"
"6266a599c7361af8b51a95e0",,"0","48","4","2","5","5","0","1","483","633","0","1","3","4","0.55","0.78","0","0",,,"1","120","2024-03-07 15:45:20"
"63617bda4e6367b26d53da86",,"0","3","8","1","5","5","1","1","167","1389","1","0","1","2","0.12","0.45","0","0",,,"0","10","2024-03-07 15:45:20"
"570b7b5fb9b52b00102d96f9",,"1","11","8","2","5","5","1","0","683","1066","1","0","1","2","0.12","0.45","0","0",,,"0","15","2024-03-07 15:45:21"
"6266a599c7361af8b51a95e0",,"0","49","12","2","5","5","1","0","499","666","1","0","1","4","0.12","0.71","0","0",,,"1","125","2024-03-07 15:45:22"
"65b574d703587ccea5f0b519",,"0","41","12","2","5","5","1","0","599","1083","1","0","1","4","0.12","0.71","0","0",,,"0","85","2024-03-07 15:45:23"
"63617bda4e6367b26d53da86",,"0","4","10","2","5","5","1","0","1404","1874","1","0","1","3","0.16","0.63","0","0",,,"1","15","2024-03-07 15:45:23"
"570b7b5fb9b52b00102d96f9",,"1","12","9","2","5","5","0","1","717","951","0","1","1","4","0.29","0.71","0","0",,,"1","20","2024-03-07 15:45:24"
"6266a599c7361af8b51a95e0",,"0","50","2","2","5","5","1","0","1016","1183","1","0","1","2","0.22","0.37","0","0",,,"0","125","2024-03-07 15:45:25"
"65b574d703587ccea5f0b519",,"0","42","3","2","5","5","0","1","432","1049","0","1","3","4","0.63","0.78","0","0",,,"0","85","2024-03-07 15:45:26"
"570b7b5fb9b52b00102d96f9",,"1","13","11","2","5","5","1","0","650","884","1","0","2","4","0.37","0.84","0","0",,,"1","25","2024-03-07 15:45:26"
"63617bda4e6367b26d53da86",,"0","5","8","2","5","5","0","1","14","1518","0","2","1","2","0.12","0.45","0","0",,,"1","20","2024-03-07 15:45:26"
"6266a599c7361af8b51a95e0",,"0","51","11","2","5","5","1","0","699","867","1","0","2","4","0.37","0.84","0","0",,,"1","130","2024-03-07 15:45:28"
"65b574d703587ccea5f0b519",,"0","43","9","1","5","5","1","1","499","983","1","0","1","4","0.29","0.71","0","0",,,"0","85","2024-03-07 15:45:29"
"570b7b5fb9b52b00102d96f9",,"1","14","2","2","5","5","1","0","868","1068","1","0","1","2","0.22","0.37","0","0",,,"1","30","2024-03-07 15:45:29"
"5610c4ea7ffc8a0005811504",,"0","0","3","2","5","5","1","0","1816","2216","1","0","3","4","0.63","0.78","0","0",,,"1","5","2024-03-07 15:45:30"
"63617bda4e6367b26d53da86",,"0","6","6","2","5","5","1","0","1136","1652","1","0","2","3","0.37","0.63","0","0",,,"1","25","2024-03-07 15:45:30"
"6266a599c7361af8b51a95e0",,"0","52","3","2","5","5","0","1","482","616","0","1","3","4","0.63","0.78","0","0",,,"0","130","2024-03-07 15:45:31"
"570b7b5fb9b52b00102d96f9",,"1","15","0","2","5","5","1","0","683","934","1","0","1","1","0.16","0.29","0","0",,,"0","30","2024-03-07 15:45:32"
"65b574d703587ccea5f0b519",,"0","44","1","1","5","5","1","1","1382","1883","1","0","4","4","0.71","0.84","0","0",,,"1","90","2024-03-07 15:45:32"
"63617bda4e6367b26d53da86",,"0","7","4","2","5","5","1","0","16","1455","1","1","3","4","0.55","0.78","0","0",,,"1","30","2024-03-07 15:45:33"
"5610c4ea7ffc8a0005811504",,"0","1","8","2","5","5","1","0","1450","1833","1","0","1","2","0.12","0.45","0","0",,,"0","5","2024-03-07 15:45:33"
"6266a599c7361af8b51a95e0",,"0","53","6","2","5","5","0","1","899","1183","0","1","2","3","0.37","0.63","0","0",,,"1","135","2024-03-07 15:45:34"
"570b7b5fb9b52b00102d96f9",,"1","16","3","1","5","5","1","1","517","784","1","0","3","4","0.63","0.78","0","0",,,"0","30","2024-03-07 15:45:35"
"65b574d703587ccea5f0b519",,"0","45","9","2","5","5","0","1","1216","1766","0","1","1","4","0.29","0.71","0","0",,,"1","95","2024-03-07 15:45:36"
"63617bda4e6367b26d53da86",,"0","8","7","2","5","5","1","0","900","1320","1","0","3","4","0.55","0.88","0","0",,,"1","35","2024-03-07 15:45:36"
"6266a599c7361af8b51a95e0",,"0","54","4","2","5","5","0","1","683","833","0","1","3","4","0.55","0.78","0","0",,,"0","135","2024-03-07 15:45:36"
"5610c4ea7ffc8a0005811504",,"0","2","3","2","5","5","0","1","916","1268","0","1","3","4","0.63","0.78","0","0",,,"1","10","2024-03-07 15:45:36"
"570b7b5fb9b52b00102d96f9",,"1","17","10","2","5","5","0","1","584","818","0","1","1","3","0.16","0.63","0","0",,,"1","35","2024-03-07 15:45:37"
"65b574d703587ccea5f0b519",,"0","46","9","2","5","5","1","0","665","1333","1","0","1","4","0.29","0.71","0","0",,,"1","100","2024-03-07 15:45:39"
"6266a599c7361af8b51a95e0",,"0","55","10","2","5","5","0","1","582","767","0","1","1","3","0.16","0.63","0","0",,,"1","140","2024-03-07 15:45:39"
"63617bda4e6367b26d53da86",,"0","9","9","2","5","5","1","0","14","1951","1","2","1","4","0.29","0.71","0","0",,,"0","35","2024-03-07 15:45:40"
"5610c4ea7ffc8a0005811504",,"0","3","14","2","5","5","0","1","899","1968","0","1","1","4","0.16","0.84","0","0",,,"1","15","2024-03-07 15:45:40"
"570b7b5fb9b52b00102d96f9",,"1","18","5","2","5","5","0","1","717","967","0","1","1","2","0.22","0.45","0","0",,,"0","35","2024-03-07 15:45:40"
"6266a599c7361af8b51a95e0",,"0","56","5","2","5","5","1","0","699","867","1","0","1","2","0.22","0.45","0","0",,,"1","145","2024-03-07 15:45:42"
"65b574d703587ccea5f0b519",,"0","47","11","2","5","5","0","1","699","1266","0","1","2","4","0.37","0.84","0","0",,,"1","105","2024-03-07 15:45:42"
"5610c4ea7ffc8a0005811504",,"0","4","6","2","5","5","1","0","716","1067","1","0","2","3","0.37","0.63","0","0",,,"1","20","2024-03-07 15:45:43"
"570b7b5fb9b52b00102d96f9",,"1","19","12","2","5","5","1","0","683","884","1","0","1","4","0.12","0.71","0","0",,,"0","35","2024-03-07 15:45:43"
"63617bda4e6367b26d53da86",,"0","10","15","1","5","5","1","1","16","1839","1","1","1","4","0.12","0.88","0","0",,,"0","35","2024-03-07 15:45:43"
"6266a599c7361af8b51a95e0",,"0","57","13","2","5","5","0","1","599","749","0","1","1","4","0.29","0.88","0","0",,,"1","150","2024-03-07 15:45:44"
"65b574d703587ccea5f0b519",,"0","48","0","2","5","5","0","1","1249","1717","0","1","1","1","0.16","0.29","0","0",,,"0","105","2024-03-07 15:45:45"
"570b7b5fb9b52b00102d96f9",,"1","20","5","2","5","5","1","0","783","951","1","0","1","2","0.22","0.45","0","0",,,"1","40","2024-03-07 15:45:46"
"5610c4ea7ffc8a0005811504",,"0","5","10","2","5","5","0","1","682","1583","0","1","1","3","0.16","0.63","0","0",,,"1","25","2024-03-07 15:45:46"
"63617bda4e6367b26d53da86",,"0","11","10","2","5","5","0","1","16","1708","0","2","1","3","0.16","0.63","0","0",,,"1","40","2024-03-07 15:45:47"
"6266a599c7361af8b51a95e0",,"0","58","5","2","5","5","1","0","733","934","1","0","1","2","0.22","0.45","0","0",,,"0","150","2024-03-07 15:45:47"
"65b574d703587ccea5f0b519",,"0","49","4","2","5","5","1","0","516","1033","1","0","3","4","0.55","0.78","0","0",,,"1","110","2024-03-07 15:45:48"
"570b7b5fb9b52b00102d96f9",,"1","21","1","2","5","5","0","1","667","917","0","1","4","4","0.71","0.84","0","0",,,"1","45","2024-03-07 15:45:48"
"5610c4ea7ffc8a0005811504",,"0","6","10","2","5","5","0","1","682","1000","0","1","1","3","0.16","0.63","0","0",,,"0","25","2024-03-07 15:45:49"
"6266a599c7361af8b51a95e0",,"0","59","6","2","5","5","0","1","516","699","0","1","2","3","0.37","0.63","0","0",,,"1","155","2024-03-07 15:45:50"
"63617bda4e6367b26d53da86",,"0","12","5","1","5","5","1","1","1638","2070","1","0","1","2","0.22","0.45","0","0",,,"1","45","2024-03-07 15:45:50"
"65b574d703587ccea5f0b519",,"0","50","8","2","5","5","0","1","716","1232","0","1","1","2","0.12","0.45","0","0",,,"0","110","2024-03-07 15:45:51"
"570b7b5fb9b52b00102d96f9",,"1","22","7","2","5","5","1","0","617","801","1","0","3","4","0.55","0.88","0","0",,,"0","45","2024-03-07 15:45:51"
"5610c4ea7ffc8a0005811504",,"0","7","1","2","5","5","0","1","765","1103","0","1","4","4","0.71","0.84","0","0",,,"1","30","2024-03-07 15:45:52"
"6266a599c7361af8b51a95e0",,"0","60","12","2","5","5","1","0","616","767","1","0","1","4","0.12","0.71","0","0",,,"1","160","2024-03-07 15:45:52"
"570b7b5fb9b52b00102d96f9",,"1","23","15","2","5","5","0","1","500","700","0","1","1","4","0.12","0.88","0","0",,,"1","50","2024-03-07 15:45:54"
"63617bda4e6367b26d53da86",,"0","13","6","2","5","5","1","0","17","1987","1","2","2","3","0.37","0.63","0","0",,,"1","50","2024-03-07 15:45:54"
"65b574d703587ccea5f0b519",,"0","51","12","2","5","5","1","0","1132","1583","1","0","1","4","0.12","0.71","0","0",,,"0","110","2024-03-07 15:45:54"
"6266a599c7361af8b51a95e0",,"0","61","14","2","5","5","0","1","633","833","0","1","1","4","0.16","0.84","0","0",,,"1","165","2024-03-07 15:45:55"
"5610c4ea7ffc8a0005811504",,"0","8","7","2","5","5","1","0","749","1483","1","0","3","4","0.55","0.88","0","0",,,"1","35","2024-03-07 15:45:55"
"570b7b5fb9b52b00102d96f9",,"1","24","14","2","5","5","0","1","667","868","0","1","1","4","0.16","0.84","0","0",,,"1","55","2024-03-07 15:45:56"
"65b574d703587ccea5f0b519",,"0","52","11","2","5","5","1","0","749","1249","1","0","2","4","0.37","0.84","0","0",,,"1","115","2024-03-07 15:45:58"
"63617bda4e6367b26d53da86",,"0","14","12","2","5","5","0","1","1167","1969","0","1","1","4","0.12","0.71","0","0",,,"1","55","2024-03-07 15:45:58"
"6266a599c7361af8b51a95e0",,"0","62","2","1","5","5","0","0","1015","1199","0","1","1","2","0.22","0.37","0","0",,,"1","170","2024-03-07 15:45:58"
"5610c4ea7ffc8a0005811504",,"0","9","11","2","5","5","0","1","699","1049","0","1","2","4","0.37","0.84","0","0",,,"1","40","2024-03-07 15:45:58"
"570b7b5fb9b52b00102d96f9",,"1","25","3","2","5","5","0","1","583","784","0","1","3","4","0.63","0.78","0","0",,,"0","55","2024-03-07 15:45:59"
"5610c4ea7ffc8a0005811504",,"0","10","11","2","5","5","0","1","649","1000","0","1","2","4","0.37","0.84","0","0",,,"0","40","2024-03-07 15:46:01"
"6266a599c7361af8b51a95e0",,"0","63","9","2","5","5","1","0","966","1150","1","0","1","4","0.29","0.71","0","0",,,"1","175","2024-03-07 15:46:01"
"65b574d703587ccea5f0b519",,"0","53","2","2","5","5","0","1","899","1482","0","1","1","2","0.22","0.37","0","0",,,"1","120","2024-03-07 15:46:01"
"63617bda4e6367b26d53da86",,"0","15","8","2","5","5","1","0","1202","2005","1","0","1","2","0.12","0.45","0","0",,,"1","60","2024-03-07 15:46:01"
"570b7b5fb9b52b00102d96f9",,"1","26","7","2","5","5","1","0","551","718","1","0","3","4","0.55","0.88","0","0",,,"1","60","2024-03-07 15:46:02"
"65b574d703587ccea5f0b519",,"0","54","8","2","5","5","0","1","782","1366","0","1","1","2","0.12","0.45","0","0",,,"0","120","2024-03-07 15:46:04"
"63617bda4e6367b26d53da86",,"0","16","7","1","5","5","0","0","149","1285","0","1","3","4","0.55","0.88","0","0",,,"1","65","2024-03-07 15:46:04"
"5610c4ea7ffc8a0005811504",,"0","11","0","2","5","5","1","0","1250","1551","1","0","1","1","0.16","0.29","0","0",,,"0","40","2024-03-07 15:46:04"
"570b7b5fb9b52b00102d96f9",,"1","27","13","2","5","5","0","1","517","800","0","1","1","4","0.29","0.88","0","0",,,"1","65","2024-03-07 15:46:04"
"570b7b5fb9b52b00102d96f9",,"1","28","6","2","5","5","0","1","601","834","0","1","2","3","0.37","0.63","0","0",,,"1","70","2024-03-07 15:46:07"
"5610c4ea7ffc8a0005811504",,"0","12","12","1","5","5","0","0","615","950","0","1","1","4","0.12","0.71","0","0",,,"0","40","2024-03-07 15:46:07"
"63617bda4e6367b26d53da86",,"0","17","12","1","5","5","1","1","985","1469","1","0","1","4","0.12","0.71","0","0",,,"0","65","2024-03-07 15:46:07"
"65b574d703587ccea5f0b519",,"0","55","5","2","5","5","1","0","466","1950","1","0","1","2","0.22","0.45","0","0",,,"0","120","2024-03-07 15:46:07"
"570b7b5fb9b52b00102d96f9",,"1","29","4","2","5","5","1","0","567","834","1","0","3","4","0.55","0.78","0","0",,,"1","75","2024-03-07 15:46:09"
"5610c4ea7ffc8a0005811504",,"0","13","9","2","5","5","1","0","666","967","1","0","1","4","0.29","0.71","0","0",,,"1","45","2024-03-07 15:46:10"
"63617bda4e6367b26d53da86",,"0","18","9","1","5","5","0","0","17","1221","0","2","1","4","0.29","0.71","0","0",,,"0","65","2024-03-07 15:46:10"
"65b574d703587ccea5f0b519",,"0","56","7","1","5","5","1","1","815","1449","1","0","3","4","0.55","0.88","0","0",,,"1","125","2024-03-07 15:46:11"
"570b7b5fb9b52b00102d96f9",,"1","30","9","2","5","5","0","1","433","733","0","1","1","4","0.29","0.71","0","0",,,"1","80","2024-03-07 15:46:12"
"5610c4ea7ffc8a0005811504",,"0","14","6","2","5","5","1","0","799","1083","1","0","2","3","0.37","0.63","0","0",,,"1","50","2024-03-07 15:46:13"
"65b574d703587ccea5f0b519",,"0","57","4","1","5","5","0","0","633","1500","0","1","3","4","0.55","0.78","0","0",,,"1","130","2024-03-07 15:46:14"
"63617bda4e6367b26d53da86",,"0","19","12","2","5","5","0","1","32","2089","2","1","1","4","0.12","0.71","0","0",,,"0","65","2024-03-07 15:46:14"
"570b7b5fb9b52b00102d96f9",,"1","31","3","2","5","5","0","1","500","800","0","1","3","4","0.63","0.78","0","0",,,"1","85","2024-03-07 15:46:14"
"5610c4ea7ffc8a0005811504",,"0","15","4","2","5","5","0","1","700","1000","0","1","3","4","0.55","0.78","0","0",,,"0","50","2024-03-07 15:46:15"
"65b574d703587ccea5f0b519",,"0","58","13","1","5","5","1","1","632","1433","1","0","1","4","0.29","0.88","0","0",,,"0","130","2024-03-07 15:46:17"
"570b7b5fb9b52b00102d96f9",,"1","32","5","2","5","5","1","0","751","951","1","0","1","2","0.22","0.45","0","0",,,"1","90","2024-03-07 15:46:17"
"63617bda4e6367b26d53da86",,"0","20","12","2","5","5","1","0","16","1055","2","0","1","4","0.12","0.71","0","0",,,"1","70","2024-03-07 15:46:17"
"5610c4ea7ffc8a0005811504",,"0","16","13","2","5","5","0","1","716","1017","0","1","1","4","0.29","0.88","0","0",,,"1","55","2024-03-07 15:46:18"
"570b7b5fb9b52b00102d96f9",,"1","33","15","2","5","5","1","0","601","852","1","0","1","4","0.12","0.88","0","0",,,"1","95","2024-03-07 15:46:20"
"65b574d703587ccea5f0b519",,"0","59","14","2","5","5","1","0","699","1217","1","0","1","4","0.16","0.84","0","0",,,"1","135","2024-03-07 15:46:20"
"63617bda4e6367b26d53da86",,"0","21","2","2","5","5","1","0","1034","1486","1","0","1","2","0.22","0.37","0","0",,,"0","70","2024-03-07 15:46:20"
"5610c4ea7ffc8a0005811504",,"0","17","2","2","5","5","1","0","916","1267","1","0","1","2","0.22","0.37","0","0",,,"0","55","2024-03-07 15:46:21"
"570b7b5fb9b52b00102d96f9",,"1","34","4","2","5","5","1","0","568","752","1","0","3","4","0.55","0.78","0","0",,,"1","100","2024-03-07 15:46:22"
"65b574d703587ccea5f0b519",,"0","60","6","2","5","5","1","0","799","1666","1","0","2","3","0.37","0.63","0","0",,,"0","135","2024-03-07 15:46:23"
"63617bda4e6367b26d53da86",,"0","22","15","2","5","5","1","0","15","1775","1","2","1","4","0.12","0.88","0","0",,,"0","70","2024-03-07 15:46:24"
"570b7b5fb9b52b00102d96f9",,"1","35","11","2","5","5","0","1","551","784","0","1","2","4","0.37","0.84","0","0",,,"0","100","2024-03-07 15:46:25"
"5610c4ea7ffc8a0005811504",,"0","18","13","2","5","5","1","0","683","1469","1","0","1","4","0.29","0.88","0","0",,,"1","60","2024-03-07 15:46:25"
"65b574d703587ccea5f0b519",,"0","61","2","2","5","5","1","0","632","1350","1","0","1","2","0.22","0.37","0","0",,,"1","140","2024-03-07 15:46:27"
"63617bda4e6367b26d53da86",,"0","23","4","2","5","5","0","1","16","1254","0","2","3","4","0.55","0.78","0","0",,,"1","75","2024-03-07 15:46:27"
"5610c4ea7ffc8a0005811504",,"0","19","7","2","5","5","1","0","699","1017","1","0","3","4","0.55","0.88","0","0",,,"1","65","2024-03-07 15:46:27"
"570b7b5fb9b52b00102d96f9",,"1","36","10","2","5","5","0","1","550","734","0","1","1","3","0.16","0.63","0","0",,,"0","100","2024-03-07 15:46:27"
"570b7b5fb9b52b00102d96f9",,"1","37","11","2","5","5","0","1","483","684","0","1","2","4","0.37","0.84","0","0",,,"1","105","2024-03-07 15:46:30"
"63617bda4e6367b26d53da86",,"0","24","1","2","5","5","0","1","1117","1635","0","1","4","4","0.71","0.84","0","0",,,"1","80","2024-03-07 15:46:30"
"65b574d703587ccea5f0b519",,"0","62","14","2","5","5","1","0","1049","2516","1","0","1","4","0.16","0.84","0","0",,,"1","145","2024-03-07 15:46:31"
"5610c4ea7ffc8a0005811504",,"0","20","1","2","5","5","1","0","999","1783","1","0","4","4","0.71","0.84","0","0",,,"0","65","2024-03-07 15:46:31"
"570b7b5fb9b52b00102d96f9",,"1","38","1","2","5","5","1","0","667","868","1","0","4","4","0.71","0.84","0","0",,,"1","110","2024-03-07 15:46:33"
"5610c4ea7ffc8a0005811504",,"0","21","7","2","5","5","0","1","749","1102","0","1","3","4","0.55","0.88","0","0",,,"1","70","2024-03-07 15:46:34"
"63617bda4e6367b26d53da86",,"0","25","4","2","5","5","1","0","14","1939","2","0","3","4","0.55","0.78","0","0",,,"0","80","2024-03-07 15:46:34"
"65b574d703587ccea5f0b519",,"0","63","8","2","5","5","0","1","1049","1999","0","1","1","2","0.12","0.45","0","0",,,"0","145","2024-03-07 15:46:34"
"570b7b5fb9b52b00102d96f9",,"1","39","1","2","5","5","1","0","601","867","1","0","4","4","0.71","0.84","0","0",,,"1","115","2024-03-07 15:46:35"
"5610c4ea7ffc8a0005811504",,"0","22","15","2","5","5","0","1","683","1000","0","1","1","4","0.12","0.88","0","0",,,"1","75","2024-03-07 15:46:37"
"63617bda4e6367b26d53da86",,"0","26","11","2","5","5","0","1","15","1073","0","2","2","4","0.37","0.84","0","0",,,"1","85","2024-03-07 15:46:37"
"570b7b5fb9b52b00102d96f9",,"1","40","14","2","5","5","1","0","516","783","1","0","1","4","0.16","0.84","0","0",,,"1","120","2024-03-07 15:46:38"
"5610c4ea7ffc8a0005811504",,"0","23","4","2","5","5","0","1","599","1332","0","1","3","4","0.55","0.78","0","0",,,"0","75","2024-03-07 15:46:40"
"570b7b5fb9b52b00102d96f9",,"1","41","13","2","5","5","0","1","567","768","0","1","1","4","0.29","0.88","0","0",,,"1","125","2024-03-07 15:46:40"
"63617bda4e6367b26d53da86",,"0","27","9","2","5","5","0","1","968","1787","0","1","1","4","0.29","0.71","0","0",,,"0","85","2024-03-07 15:46:41"
"5610c4ea7ffc8a0005811504",,"0","24","12","2","5","5","0","1","851","1154","0","1","1","4","0.12","0.71","0","0",,,"0","75","2024-03-07 15:46:43"
"570b7b5fb9b52b00102d96f9",,"1","42","14","2","5","5","1","0","567","768","1","0","1","4","0.16","0.84","0","0",,,"1","130","2024-03-07 15:46:43"
"63617bda4e6367b26d53da86",,"0","28","0","1","5","5","1","1","32","1472","2","0","1","1","0.16","0.29","0","0",,,"0","85","2024-03-07 15:46:44"
"570b7b5fb9b52b00102d96f9",,"1","43","9","2","5","5","1","0","534","784","1","0","1","4","0.29","0.71","0","0",,,"1","135","2024-03-07 15:46:45"
"5610c4ea7ffc8a0005811504",,"0","25","9","2","5","5","1","0","649","967","1","0","1","4","0.29","0.71","0","0",,,"1","80","2024-03-07 15:46:46"
"63617bda4e6367b26d53da86",,"0","29","11","2","5","5","0","1","15","1017","0","2","2","4","0.37","0.84","0","0",,,"1","90","2024-03-07 15:46:47"
"570b7b5fb9b52b00102d96f9",,"1","44","3","2","5","5","1","0","467","750","1","0","3","4","0.63","0.78","0","0",,,"1","140","2024-03-07 15:46:48"
"5610c4ea7ffc8a0005811504",,"0","26","15","2","5","5","1","0","682","950","1","0","1","4","0.12","0.88","0","0",,,"1","85","2024-03-07 15:46:48"
"63617bda4e6367b26d53da86",,"0","30","14","2","5","5","0","1","951","1920","0","1","1","4","0.16","0.84","0","0",,,"0","90","2024-03-07 15:46:50"
"570b7b5fb9b52b00102d96f9",,"1","45","8","2","5","5","0","1","733","984","0","1","1","2","0.12","0.45","0","0",,,"0","140","2024-03-07 15:46:51"
"5610c4ea7ffc8a0005811504",,"0","27","0","2","5","5","0","1","965","1717","0","1","1","1","0.16","0.29","0","0",,,"0","85","2024-03-07 15:46:52"
"63617bda4e6367b26d53da86",,"0","31","5","2","5","5","1","0","32","1050","2","0","1","2","0.22","0.45","0","0",,,"0","90","2024-03-07 15:46:53"
"570b7b5fb9b52b00102d96f9",,"1","46","15","2","5","5","0","1","567","1401","1","1","1","4","0.12","0.88","0","0",,,"0","140","2024-03-07 15:46:54"
"5610c4ea7ffc8a0005811504",,"0","28","14","2","5","5","1","0","615","1368","1","0","1","4","0.16","0.84","0","0",,,"0","85","2024-03-07 15:46:55"
"63617bda4e6367b26d53da86",,"0","32","10","1","5","5","0","0","16","988","0","2","1","3","0.16","0.63","0","0",,,"0","90","2024-03-07 15:46:56"
"570b7b5fb9b52b00102d96f9",,"1","47","13","1","5","5","1","1","582","867","1","0","1","4","0.29","0.88","0","0",,,"1","145","2024-03-07 15:46:57"
"5610c4ea7ffc8a0005811504",,"0","29","10","2","5","5","0","1","816","1100","0","1","1","3","0.16","0.63","0","0",,,"1","90","2024-03-07 15:46:58"
"570b7b5fb9b52b00102d96f9",,"1","48","0","1","5","5","1","1","583","951","1","0","1","1","0.16","0.29","0","0",,,"0","145","2024-03-07 15:47:00"
"63617bda4e6367b26d53da86",,"0","33","11","1","5","5","1","1","16","2505","2","0","2","4","0.37","0.84","0","0",,,"1","95","2024-03-07 15:47:00"
"5610c4ea7ffc8a0005811504",,"0","30","15","2","5","5","1","0","782","1000","1","0","1","4","0.12","0.88","0","0",,,"1","95","2024-03-07 15:47:01"
"570b7b5fb9b52b00102d96f9",,"1","49","12","1","5","5","1","1","617","950","1","0","1","4","0.12","0.71","0","0",,,"0","145","2024-03-07 15:47:03"
"63617bda4e6367b26d53da86",,"0","34","7","2","5","5","1","0","1016","1922","1","0","3","4","0.55","0.88","0","0",,,"1","100","2024-03-07 15:47:04"
"5610c4ea7ffc8a0005811504",,"0","31","3","2","5","5","0","1","516","1317","0","1","3","4","0.63","0.78","0","0",,,"0","95","2024-03-07 15:47:04"
"570b7b5fb9b52b00102d96f9",,"1","50","14","2","5","5","1","0","583","833","1","0","1","4","0.16","0.84","0","0",,,"1","150","2024-03-07 15:47:05"
"5610c4ea7ffc8a0005811504",,"0","32","8","2","5","5","0","1","882","1184","0","1","1","2","0.12","0.45","0","0",,,"1","100","2024-03-07 15:47:07"
"63617bda4e6367b26d53da86",,"0","35","6","2","5","5","1","0","1203","1838","1","0","2","3","0.37","0.63","0","0",,,"1","105","2024-03-07 15:47:07"
"570b7b5fb9b52b00102d96f9",,"1","51","6","2","5","5","1","0","634","884","1","0","2","3","0.37","0.63","0","0",,,"0","150","2024-03-07 15:47:08"
"5610c4ea7ffc8a0005811504",,"0","33","11","2","5","5","0","1","683","983","0","1","2","4","0.37","0.84","0","0",,,"0","100","2024-03-07 15:47:10"
"63617bda4e6367b26d53da86",,"0","36","10","2","5","5","1","0","1018","1820","1","0","1","3","0.16","0.63","0","0",,,"0","105","2024-03-07 15:47:11"
"570b7b5fb9b52b00102d96f9",,"1","52","2","2","5","5","1","0","851","1585","1","0","1","2","0.22","0.37","0","0",,,"1","155","2024-03-07 15:47:11"
"5610c4ea7ffc8a0005811504",,"0","34","9","2","5","5","1","0","549","834","1","0","1","4","0.29","0.71","0","0",,,"1","105","2024-03-07 15:47:12"
"63617bda4e6367b26d53da86",,"0","37","6","2","5","5","0","1","15","1119","0","2","2","3","0.37","0.63","0","0",,,"0","105","2024-03-07 15:47:14"
"570b7b5fb9b52b00102d96f9",,"1","53","0","2","5","5","1","0","1419","1635","1","0","1","1","0.16","0.29","0","0",,,"0","155","2024-03-07 15:47:15"
"5610c4ea7ffc8a0005811504",,"0","35","13","2","5","5","0","1","665","983","0","1","1","4","0.29","0.88","0","0",,,"1","110","2024-03-07 15:47:15"
"63617bda4e6367b26d53da86",,"0","38","3","2","5","5","1","0","16","1889","2","0","3","4","0.63","0.78","0","0",,,"1","110","2024-03-07 15:47:17"
"570b7b5fb9b52b00102d96f9",,"1","54","6","2","5","5","0","1","767","1001","0","1","2","3","0.37","0.63","0","0",,,"0","155","2024-03-07 15:47:17"
"5610c4ea7ffc8a0005811504",,"0","36","10","2","5","5","0","1","632","983","0","1","1","3","0.16","0.63","0","0",,,"1","115","2024-03-07 15:47:18"
"5610c4ea7ffc8a0005811504",,"0","37","4","2","5","5","0","1","716","1033","0","1","3","4","0.55","0.78","0","0",,,"1","120","2024-03-07 15:47:21"
"63617bda4e6367b26d53da86",,"0","39","14","2","5","5","1","0","1068","1587","1","0","1","4","0.16","0.84","0","0",,,"0","110","2024-03-07 15:47:21"
"570b7b5fb9b52b00102d96f9",,"1","55","0","1","5","5","0","0","1185","1351","0","1","1","1","0.16","0.29","0","0",,,"0","155","2024-03-07 15:47:21"
"5610c4ea7ffc8a0005811504",,"0","38","13","2","5","5","0","1","666","1000","0","1","1","4","0.29","0.88","0","0",,,"1","125","2024-03-07 15:47:23"
"570b7b5fb9b52b00102d96f9",,"1","56","8","1","5","5","1","1","851","1318","1","0","1","2","0.12","0.45","0","0",,,"0","155","2024-03-07 15:47:24"
"63617bda4e6367b26d53da86",,"0","40","3","1","5","5","0","0","16","1672","0","2","3","4","0.63","0.78","0","0",,,"1","115","2024-03-07 15:47:24"
"6266a599c7361af8b51a95e0",,"1","0","7","2","5","5","0","1","732","882","0","1","3","4","0.55","0.88","0","0",,,"0","0","2024-03-07 15:47:26"
"5610c4ea7ffc8a0005811504",,"0","39","6","2","5","5","0","1","732","1050","0","1","2","3","0.37","0.63","0","0",,,"0","125","2024-03-07 15:47:26"
"570b7b5fb9b52b00102d96f9",,"1","57","6","2","5","5","0","1","617","901","0","1","2","3","0.37","0.63","0","0",,,"1","160","2024-03-07 15:47:27"
"63617bda4e6367b26d53da86",,"0","41","0","1","5","5","0","0","984","1855","0","1","1","1","0.16","0.29","0","0",,,"0","115","2024-03-07 15:47:28"
"6266a599c7361af8b51a95e0",,"1","1","12","2","5","5","0","1","465","666","0","1","1","4","0.12","0.71","0","0",,,"1","5","2024-03-07 15:47:29"
"5610c4ea7ffc8a0005811504",,"0","40","12","2","5","5","0","1","682","967","0","1","1","4","0.12","0.71","0","0",,,"0","125","2024-03-07 15:47:29"
"570b7b5fb9b52b00102d96f9",,"1","58","7","2","5","5","0","1","650","900","0","1","3","4","0.55","0.88","0","0",,,"1","165","2024-03-07 15:47:29"
"63617bda4e6367b26d53da86",,"0","42","1","2","5","5","1","0","15","1150","2","0","4","4","0.71","0.84","0","0",,,"1","120","2024-03-07 15:47:31"
"6266a599c7361af8b51a95e0",,"1","2","14","2","5","5","1","0","549","716","1","0","1","4","0.16","0.84","0","0",,,"1","10","2024-03-07 15:47:31"
"570b7b5fb9b52b00102d96f9",,"1","59","12","2","5","5","1","0","617","834","1","0","1","4","0.12","0.71","0","0",,,"1","170","2024-03-07 15:47:32"
"5610c4ea7ffc8a0005811504",,"0","41","1","2","5","5","0","1","666","1434","0","1","4","4","0.71","0.84","0","0",,,"1","130","2024-03-07 15:47:32"
"6266a599c7361af8b51a95e0",,"1","3","5","2","5","5","1","0","999","1150","1","0","1","2","0.22","0.45","0","0",,,"1","15","2024-03-07 15:47:34"
"63617bda4e6367b26d53da86",,"0","43","15","1","5","5","1","1","1002","1854","1","0","1","4","0.12","0.88","0","0",,,"1","125","2024-03-07 15:47:34"
"570b7b5fb9b52b00102d96f9",,"1","60","9","2","5","5","1","0","651","868","1","0","1","4","0.29","0.71","0","0",,,"0","170","2024-03-07 15:47:35"
"5610c4ea7ffc8a0005811504",,"0","42","5","2","5","5","0","1","1016","1335","0","1","1","2","0.22","0.45","0","0",,,"0","130","2024-03-07 15:47:35"
"6266a599c7361af8b51a95e0",,"1","4","11","2","5","5","0","1","666","850","0","1","2","4","0.37","0.84","0","0",,,"1","20","2024-03-07 15:47:37"
"570b7b5fb9b52b00102d96f9",,"1","61","12","2","5","5","1","0","566","817","1","0","1","4","0.12","0.71","0","0",,,"1","175","2024-03-07 15:47:37"
"63617bda4e6367b26d53da86",,"0","44","1","2","5","5","1","0","1001","1787","1","0","4","4","0.71","0.84","0","0",,,"1","130","2024-03-07 15:47:38"
"5610c4ea7ffc8a0005811504",,"0","43","0","2","5","5","1","0","999","1368","1","0","1","1","0.16","0.29","0","0",,,"0","130","2024-03-07 15:47:39"
"6266a599c7361af8b51a95e0",,"1","5","2","1","5","5","0","0","749","916","0","1","1","2","0.22","0.37","0","0",,,"0","20","2024-03-07 15:47:39"
"570b7b5fb9b52b00102d96f9",,"1","62","5","2","5","5","1","0","734","984","1","0","1","2","0.22","0.45","0","0",,,"0","175","2024-03-07 15:47:40"
"63617bda4e6367b26d53da86",,"0","45","3","2","5","5","1","0","884","1736","1","0","3","4","0.63","0.78","0","0",,,"1","135","2024-03-07 15:47:41"
"5610c4ea7ffc8a0005811504",,"0","44","5","2","5","5","0","1","883","1235","0","1","1","2","0.22","0.45","0","0",,,"1","135","2024-03-07 15:47:42"
"6266a599c7361af8b51a95e0",,"1","6","3","2","5","5","1","0","1166","1300","1","0","3","4","0.63","0.78","0","0",,,"0","20","2024-03-07 15:47:43"
"570b7b5fb9b52b00102d96f9",,"1","63","7","2","5","5","1","0","584","834","1","0","3","4","0.55","0.88","0","0",,,"1","180","2024-03-07 15:47:43"
"63617bda4e6367b26d53da86",,"0","46","11","2","5","5","1","0","884","1756","1","0","2","4","0.37","0.84","0","0",,,"1","140","2024-03-07 15:47:44"
"5610c4ea7ffc8a0005811504",,"0","45","11","2","5","5","0","1","782","1101","0","1","2","4","0.37","0.84","0","0",,,"1","140","2024-03-07 15:47:45"
"6266a599c7361af8b51a95e0",,"1","7","6","1","5","5","0","0","916","1083","0","1","2","3","0.37","0.63","0","0",,,"1","25","2024-03-07 15:47:46"
"5610c4ea7ffc8a0005811504",,"0","46","14","2","5","5","1","0","799","1133","1","0","1","4","0.16","0.84","0","0",,,"0","140","2024-03-07 15:47:48"
"63617bda4e6367b26d53da86",,"0","47","13","2","5","5","0","1","868","1787","0","1","1","4","0.29","0.88","0","0",,,"1","145","2024-03-07 15:47:48"
"6266a599c7361af8b51a95e0",,"1","8","0","1","5","5","0","0","1016","1183","0","1","1","1","0.16","0.29","0","0",,,"0","25","2024-03-07 15:47:49"
"5610c4ea7ffc8a0005811504",,"0","47","2","2","5","5","1","0","799","1118","1","0","1","2","0.22","0.37","0","0",,,"1","145","2024-03-07 15:47:51"
"63617bda4e6367b26d53da86",,"0","48","4","2","5","5","0","1","918","1769","0","1","3","4","0.55","0.78","0","0",,,"1","150","2024-03-07 15:47:51"
"6266a599c7361af8b51a95e0",,"1","9","4","2","5","5","1","0","616","933","1","0","3","4","0.55","0.78","0","0",,,"1","30","2024-03-07 15:47:52"
"5610c4ea7ffc8a0005811504",,"0","48","12","2","5","5","0","1","782","1117","0","1","1","4","0.12","0.71","0","0",,,"1","150","2024-03-07 15:47:54"
"6266a599c7361af8b51a95e0",,"1","10","0","2","5","5","0","1","982","1150","0","1","1","1","0.16","0.29","0","0",,,"0","30","2024-03-07 15:47:54"
"63617bda4e6367b26d53da86",,"0","49","15","1","5","5","0","0","1269","2021","0","1","1","4","0.12","0.88","0","0",,,"1","155","2024-03-07 15:47:55"
"5610c4ea7ffc8a0005811504",,"0","49","2","2","5","5","1","0","916","1251","1","0","1","2","0.22","0.37","0","0",,,"0","150","2024-03-07 15:47:56"
"6266a599c7361af8b51a95e0",,"1","11","15","2","5","5","1","0","599","716","1","0","1","4","0.12","0.88","0","0",,,"1","35","2024-03-07 15:47:57"
"63617bda4e6367b26d53da86",,"0","50","14","2","5","5","1","0","803","1720","1","0","1","4","0.16","0.84","0","0",,,"1","160","2024-03-07 15:47:58"
"6266a599c7361af8b51a95e0",,"1","12","5","2","5","5","1","0","1032","1149","1","0","1","2","0.22","0.45","0","0",,,"1","40","2024-03-07 15:48:00"
"5610c4ea7ffc8a0005811504",,"0","50","2","1","5","5","0","0","798","1850","0","1","1","2","0.22","0.37","0","0",,,"1","155","2024-03-07 15:48:00"
"63617bda4e6367b26d53da86",,"0","51","3","2","5","5","0","1","968","1736","0","1","3","4","0.63","0.78","0","0",,,"0","160","2024-03-07 15:48:01"
"6266a599c7361af8b51a95e0",,"1","13","12","2","5","5","1","0","699","866","1","0","1","4","0.12","0.71","0","0",,,"1","45","2024-03-07 15:48:03"
"5610c4ea7ffc8a0005811504",,"0","51","5","2","5","5","1","0","966","1266","1","0","1","2","0.22","0.45","0","0",,,"1","160","2024-03-07 15:48:03"
"63617bda4e6367b26d53da86",,"0","52","9","2","5","5","1","0","917","1573","1","0","1","4","0.29","0.71","0","0",,,"1","165","2024-03-07 15:48:05"
"6266a599c7361af8b51a95e0",,"1","14","6","2","5","5","0","1","633","750","0","1","2","3","0.37","0.63","0","0",,,"1","50","2024-03-07 15:48:05"
"5610c4ea7ffc8a0005811504",,"0","52","4","2","5","5","1","0","849","1701","1","0","3","4","0.55","0.78","0","0",,,"1","165","2024-03-07 15:48:06"
"6266a599c7361af8b51a95e0",,"1","15","11","2","5","5","0","1","483","633","0","1","2","4","0.37","0.84","0","0",,,"1","55","2024-03-07 15:48:07"
"63617bda4e6367b26d53da86",,"0","53","5","1","5","5","1","1","952","1670","1","0","1","2","0.22","0.45","0","0",,,"0","165","2024-03-07 15:48:08"
"5610c4ea7ffc8a0005811504",,"0","53","15","2","5","5","1","0","699","1516","1","0","1","4","0.12","0.88","0","0",,,"1","170","2024-03-07 15:48:10"
"6266a599c7361af8b51a95e0",,"1","16","12","2","5","5","1","0","432","500","1","0","1","4","0.12","0.71","0","0",,,"1","60","2024-03-07 15:48:10"
"63617bda4e6367b26d53da86",,"0","54","13","2","5","5","0","1","1122","1791","0","1","1","4","0.29","0.88","0","0",,,"0","165","2024-03-07 15:48:12"
"6266a599c7361af8b51a95e0",,"1","17","3","2","5","5","1","0","533","600","1","0","3","4","0.63","0.78","0","0",,,"0","60","2024-03-07 15:48:12"
"5610c4ea7ffc8a0005811504",,"0","54","6","2","5","5","0","1","1599","1900","0","1","2","3","0.37","0.63","0","0",,,"1","175","2024-03-07 15:48:13"
"6266a599c7361af8b51a95e0",,"1","18","6","2","5","5","1","0","799","916","1","0","2","3","0.37","0.63","0","0",,,"0","60","2024-03-07 15:48:15"
"63617bda4e6367b26d53da86",,"0","55","5","1","5","5","1","1","901","1658","1","0","1","2","0.22","0.45","0","0",,,"0","165","2024-03-07 15:48:15"
"5610c4ea7ffc8a0005811504",,"0","55","8","2","5","5","0","1","849","1166","0","1","1","2","0.12","0.45","0","0",,,"0","175","2024-03-07 15:48:16"
"6266a599c7361af8b51a95e0",,"1","19","7","2","5","5","1","0","581","699","1","0","3","4","0.55","0.88","0","0",,,"1","65","2024-03-07 15:48:18"
"63617bda4e6367b26d53da86",,"0","56","0","1","5","5","0","0","1303","1955","0","1","1","1","0.16","0.29","0","0",,,"1","170","2024-03-07 15:48:19"
"5610c4ea7ffc8a0005811504",,"0","56","3","2","5","5","0","1","999","1317","0","1","3","4","0.63","0.78","0","0",,,"1","180","2024-03-07 15:48:19"
"6266a599c7361af8b51a95e0",,"1","20","2","2","5","5","1","0","915","1049","1","0","1","2","0.22","0.37","0","0",,,"1","70","2024-03-07 15:48:21"
"5610c4ea7ffc8a0005811504",,"0","57","0","2","5","5","1","0","1049","1350","1","0","1","1","0.16","0.29","0","0",,,"1","185","2024-03-07 15:48:22"
"63617bda4e6367b26d53da86",,"0","57","7","2","5","5","0","1","968","1754","0","1","3","4","0.55","0.88","0","0",,,"1","175","2024-03-07 15:48:22"
"6266a599c7361af8b51a95e0",,"1","21","2","2","5","5","0","1","666","800","0","1","1","2","0.22","0.37","0","0",,,"1","75","2024-03-07 15:48:23"
"5610c4ea7ffc8a0005811504",,"0","58","1","2","5","5","0","1","849","1167","0","1","4","4","0.71","0.84","0","0",,,"0","185","2024-03-07 15:48:25"
"6266a599c7361af8b51a95e0",,"1","22","15","2","5","5","1","0","483","616","1","0","1","4","0.12","0.88","0","0",,,"1","80","2024-03-07 15:48:26"
"63617bda4e6367b26d53da86",,"0","58","8","2","5","5","1","0","1634","2019","1","0","1","2","0.12","0.45","0","0",,,"0","175","2024-03-07 15:48:26"
"5610c4ea7ffc8a0005811504",,"0","59","9","2","5","5","0","1","616","933","0","1","1","4","0.29","0.71","0","0",,,"1","190","2024-03-07 15:48:28"
"6266a599c7361af8b51a95e0",,"1","23","9","2","5","5","0","1","466","683","0","1","1","4","0.29","0.71","0","0",,,"1","85","2024-03-07 15:48:28"
"63617bda4e6367b26d53da86",,"0","59","2","1","5","5","0","0","1120","1875","0","1","1","2","0.22","0.37","0","0",,,"1","180","2024-03-07 15:48:30"
"5610c4ea7ffc8a0005811504",,"0","60","8","2","5","5","0","1","799","1101","0","1","1","2","0.12","0.45","0","0",,,"1","195","2024-03-07 15:48:31"
"6266a599c7361af8b51a95e0",,"1","24","14","2","5","5","1","0","549","666","1","0","1","4","0.16","0.84","0","0",,,"0","85","2024-03-07 15:48:31"
"63617bda4e6367b26d53da86",,"0","60","13","1","5","5","0","0","1118","1787","0","1","1","4","0.29","0.88","0","0",,,"1","185","2024-03-07 15:48:33"
"6266a599c7361af8b51a95e0",,"1","25","13","2","5","5","1","0","649","750","1","0","1","4","0.29","0.88","0","0",,,"1","90","2024-03-07 15:48:33"
"5610c4ea7ffc8a0005811504",,"0","61","14","2","5","5","0","1","649","967","0","1","1","4","0.16","0.84","0","0",,,"1","200","2024-03-07 15:48:33"
"6266a599c7361af8b51a95e0",,"1","26","15","2","5","5","1","0","483","650","1","0","1","4","0.12","0.88","0","0",,,"1","95","2024-03-07 15:48:36"
"5610c4ea7ffc8a0005811504",,"0","62","7","2","5","5","0","1","599","900","0","1","3","4","0.55","0.88","0","0",,,"1","205","2024-03-07 15:48:36"
"63617bda4e6367b26d53da86",,"0","61","0","2","5","5","0","1","1019","1839","0","1","1","1","0.16","0.29","0","0",,,"0","185","2024-03-07 15:48:36"
"6266a599c7361af8b51a95e0",,"1","27","10","2","5","5","1","0","517","683","1","0","1","3","0.16","0.63","0","0",,,"1","100","2024-03-07 15:48:38"
"5610c4ea7ffc8a0005811504",,"0","63","5","2","5","5","0","1","749","1050","0","1","1","2","0.22","0.45","0","0",,,"1","210","2024-03-07 15:48:39"
"63617bda4e6367b26d53da86",,"0","62","1","1","5","5","1","1","584","1456","1","0","4","4","0.71","0.84","0","0",,,"1","190","2024-03-07 15:48:40"
"6266a599c7361af8b51a95e0",,"1","28","2","2","5","5","0","1","633","801","0","1","1","2","0.22","0.37","0","0",,,"0","100","2024-03-07 15:48:41"
"63617bda4e6367b26d53da86",,"0","63","2","2","5","5","1","0","935","1721","1","0","1","2","0.22","0.37","0","0",,,"0","190","2024-03-07 15:48:43"
"6266a599c7361af8b51a95e0",,"1","29","8","1","5","5","0","0","682","816","0","1","1","2","0.12","0.45","0","0",,,"0","100","2024-03-07 15:48:44"
"6266a599c7361af8b51a95e0",,"1","30","1","2","5","5","1","0","649","800","1","0","4","4","0.71","0.84","0","0",,,"0","100","2024-03-07 15:48:47"
"6266a599c7361af8b51a95e0",,"1","31","11","2","5","5","0","1","549","666","0","1","2","4","0.37","0.84","0","0",,,"1","105","2024-03-07 15:48:49"
"570b7b5fb9b52b00102d96f9",,"2","0","4","2","5","5","1","0","17","885","2","0","3","4","0.55","0.78","0","0",,,"0","0","2024-03-07 15:48:51"
"6266a599c7361af8b51a95e0",,"1","32","7","2","5","5","0","1","482","616","0","1","3","4","0.55","0.88","0","0",,,"0","105","2024-03-07 15:48:52"
"570b7b5fb9b52b00102d96f9",,"2","1","1","1","5","5","0","0","767","1035","0","1","4","4","0.71","0.84","0","0",,,"0","0","2024-03-07 15:48:53"
"6266a599c7361af8b51a95e0",,"1","33","4","2","5","5","0","1","600","733","0","1","3","4","0.55","0.78","0","0",,,"1","110","2024-03-07 15:48:55"
"570b7b5fb9b52b00102d96f9",,"2","2","10","2","5","5","0","1","600","834","0","1","1","3","0.16","0.63","0","0",,,"0","0","2024-03-07 15:48:56"
"6266a599c7361af8b51a95e0",,"1","34","1","2","5","5","0","1","899","1018","0","1","4","4","0.71","0.84","0","0",,,"1","115","2024-03-07 15:48:57"
"570b7b5fb9b52b00102d96f9",,"2","3","12","1","5","5","1","1","467","717","1","0","1","4","0.12","0.71","0","0",,,"0","0","2024-03-07 15:48:59"
"6266a599c7361af8b51a95e0",,"1","35","13","2","5","5","0","1","499","649","0","1","1","4","0.29","0.88","0","0",,,"1","120","2024-03-07 15:49:00"
"570b7b5fb9b52b00102d96f9",,"2","4","2","2","5","5","0","1","851","1034","0","1","1","2","0.22","0.37","0","0",,,"0","0","2024-03-07 15:49:02"
"6266a599c7361af8b51a95e0",,"1","36","7","2","5","5","0","1","483","600","0","1","3","4","0.55","0.88","0","0",,,"1","125","2024-03-07 15:49:02"
"570b7b5fb9b52b00102d96f9",,"2","5","3","2","5","5","0","1","551","718","0","1","3","4","0.63","0.78","0","0",,,"1","5","2024-03-07 15:49:05"
"6266a599c7361af8b51a95e0",,"1","37","4","2","5","5","0","1","499","633","0","1","3","4","0.55","0.78","0","0",,,"1","130","2024-03-07 15:49:05"
"63617bda4e6367b26d53da86",,"1","0","13","1","5","5","0","0","818","1706","0","1","1","4","0.29","0.88","0","0",,,"0","0","2024-03-07 15:49:07"
"6266a599c7361af8b51a95e0",,"1","38","3","2","5","5","1","0","515","667","1","0","3","4","0.63","0.78","0","0",,,"0","130","2024-03-07 15:49:07"
"570b7b5fb9b52b00102d96f9",,"2","6","4","2","5","5","0","1","551","852","0","1","3","4","0.55","0.78","0","0",,,"1","10","2024-03-07 15:49:07"
"570b7b5fb9b52b00102d96f9",,"2","7","13","2","5","5","0","1","467","751","0","1","1","4","0.29","0.88","0","0",,,"1","15","2024-03-07 15:49:10"
"6266a599c7361af8b51a95e0",,"1","39","5","2","5","5","1","0","798","948","1","0","1","2","0.22","0.45","0","0",,,"0","130","2024-03-07 15:49:10"
"63617bda4e6367b26d53da86",,"1","1","12","2","5","5","1","0","400","1341","1","0","1","4","0.12","0.71","0","0",,,"1","5","2024-03-07 15:49:10"
"570b7b5fb9b52b00102d96f9",,"2","8","15","2","5","5","1","0","616","801","1","0","1","4","0.12","0.88","0","0",,,"1","20","2024-03-07 15:49:12"
"6266a599c7361af8b51a95e0",,"1","40","0","2","5","5","0","1","832","966","0","1","1","1","0.16","0.29","0","0",,,"0","130","2024-03-07 15:49:13"
"63617bda4e6367b26d53da86",,"1","2","15","1","5","5","1","1","918","1686","1","0","1","4","0.12","0.88","0","0",,,"1","10","2024-03-07 15:49:14"
"570b7b5fb9b52b00102d96f9",,"2","9","5","2","5","5","0","1","684","885","0","1","1","2","0.22","0.45","0","0",,,"0","20","2024-03-07 15:49:15"
"6266a599c7361af8b51a95e0",,"1","41","10","2","5","5","0","1","583","716","0","1","1","3","0.16","0.63","0","0",,,"0","130","2024-03-07 15:49:16"
"63617bda4e6367b26d53da86",,"1","3","8","1","5","5","1","1","1268","2343","1","0","1","2","0.12","0.45","0","0",,,"0","10","2024-03-07 15:49:17"
"570b7b5fb9b52b00102d96f9",,"2","10","8","1","5","5","0","0","651","1201","1","1","1","2","0.12","0.45","0","0",,,"0","20","2024-03-07 15:49:18"
"6266a599c7361af8b51a95e0",,"1","42","12","2","5","5","0","1","566","700","0","1","1","4","0.12","0.71","0","0",,,"1","135","2024-03-07 15:49:19"
"5610c4ea7ffc8a0005811504",,"1","0","9","2","5","5","1","0","1081","1365","1","0","1","4","0.29","0.71","0","0",,,"0","0","2024-03-07 15:49:19"
"63617bda4e6367b26d53da86",,"1","4","9","2","5","5","0","1","701","1605","0","1","1","4","0.29","0.71","0","0",,,"1","15","2024-03-07 15:49:21"
"570b7b5fb9b52b00102d96f9",,"2","11","4","2","5","5","0","1","701","968","0","1","3","4","0.55","0.78","0","0",,,"1","25","2024-03-07 15:49:21"
"6266a599c7361af8b51a95e0",,"1","43","1","2","5","5","0","1","999","1132","0","1","4","4","0.71","0.84","0","0",,,"1","140","2024-03-07 15:49:21"
"5610c4ea7ffc8a0005811504",,"1","1","1","2","5","5","0","1","782","1100","0","1","4","4","0.71","0.84","0","0",,,"1","5","2024-03-07 15:49:22"
"570b7b5fb9b52b00102d96f9",,"2","12","9","2","5","5","0","1","767","984","0","1","1","4","0.29","0.71","0","0",,,"1","30","2024-03-07 15:49:24"
"6266a599c7361af8b51a95e0",,"1","44","3","2","5","5","0","1","633","733","0","1","3","4","0.63","0.78","0","0",,,"1","145","2024-03-07 15:49:24"
"63617bda4e6367b26d53da86",,"1","5","4","1","5","5","0","0","904","1771","0","1","3","4","0.55","0.78","0","0",,,"1","20","2024-03-07 15:49:24"
"5610c4ea7ffc8a0005811504",,"1","2","2","2","5","5","1","0","1066","1400","1","0","1","2","0.22","0.37","0","0",,,"1","10","2024-03-07 15:49:25"
"6266a599c7361af8b51a95e0",,"1","45","11","2","5","5","0","1","566","699","0","1","2","4","0.37","0.84","0","0",,,"1","150","2024-03-07 15:49:26"
"570b7b5fb9b52b00102d96f9",,"2","13","3","2","5","5","1","0","700","901","1","0","3","4","0.63","0.78","0","0",,,"1","35","2024-03-07 15:49:26"
"63617bda4e6367b26d53da86",,"1","6","15","2","5","5","0","1","1102","1891","0","1","1","4","0.12","0.88","0","0",,,"1","25","2024-03-07 15:49:28"
"5610c4ea7ffc8a0005811504",,"1","3","11","2","5","5","0","1","567","883","0","1","2","4","0.37","0.84","0","0",,,"1","15","2024-03-07 15:49:28"
"570b7b5fb9b52b00102d96f9",,"2","14","6","2","5","5","0","1","634","885","0","1","2","3","0.37","0.63","0","0",,,"1","40","2024-03-07 15:49:29"
"6266a599c7361af8b51a95e0",,"1","46","14","2","5","5","1","0","799","983","1","0","1","4","0.16","0.84","0","0",,,"1","155","2024-03-07 15:49:29"
"5610c4ea7ffc8a0005811504",,"1","4","5","2","5","5","1","0","899","1200","1","0","1","2","0.22","0.45","0","0",,,"1","20","2024-03-07 15:49:31"
"63617bda4e6367b26d53da86",,"1","7","8","1","5","5","0","0","901","1771","0","1","1","2","0.12","0.45","0","0",,,"0","25","2024-03-07 15:49:31"
"570b7b5fb9b52b00102d96f9",,"2","15","5","2","5","5","1","0","617","818","1","0","1","2","0.22","0.45","0","0",,,"0","40","2024-03-07 15:49:32"
"6266a599c7361af8b51a95e0",,"1","47","5","2","5","5","0","1","966","1184","0","1","1","2","0.22","0.45","0","0",,,"0","155","2024-03-07 15:49:32"
"5610c4ea7ffc8a0005811504",,"1","5","13","2","5","5","0","1","682","916","0","1","1","4","0.29","0.88","0","0",,,"1","25","2024-03-07 15:49:33"
"63617bda4e6367b26d53da86",,"1","8","10","1","5","5","1","1","786","1706","1","0","1","3","0.16","0.63","0","0",,,"0","25","2024-03-07 15:49:35"
"570b7b5fb9b52b00102d96f9",,"2","16","2","1","5","5","1","1","967","1118","1","0","1","2","0.22","0.37","0","0",,,"1","45","2024-03-07 15:49:35"
"6266a599c7361af8b51a95e0",,"1","48","8","1","5","5","0","0","1049","1166","0","1","1","2","0.12","0.45","0","0",,,"0","155","2024-03-07 15:49:35"
"5610c4ea7ffc8a0005811504",,"1","6","0","2","5","5","0","1","966","1185","0","1","1","1","0.16","0.29","0","0",,,"0","25","2024-03-07 15:49:36"
"570b7b5fb9b52b00102d96f9",,"2","17","12","2","5","5","0","1","716","933","0","1","1","4","0.12","0.71","0","0",,,"1","50","2024-03-07 15:49:37"
"63617bda4e6367b26d53da86",,"1","9","1","2","5","5","0","1","668","1592","0","1","4","4","0.71","0.84","0","0",,,"1","30","2024-03-07 15:49:38"
"6266a599c7361af8b51a95e0",,"1","49","4","2","5","5","1","0","1032","1199","1","0","3","4","0.55","0.78","0","0",,,"0","155","2024-03-07 15:49:38"
"5610c4ea7ffc8a0005811504",,"1","7","7","2","5","5","1","0","782","1115","1","0","3","4","0.55","0.88","0","0",,,"1","30","2024-03-07 15:49:39"
"570b7b5fb9b52b00102d96f9",,"2","18","15","2","5","5","1","0","517","734","1","0","1","4","0.12","0.88","0","0",,,"1","55","2024-03-07 15:49:40"
"6266a599c7361af8b51a95e0",,"1","50","9","2","5","5","0","1","599","733","0","1","1","4","0.29","0.71","0","0",,,"1","160","2024-03-07 15:49:41"
"63617bda4e6367b26d53da86",,"1","10","13","2","5","5","0","1","917","1787","0","1","1","4","0.29","0.88","0","0",,,"1","35","2024-03-07 15:49:41"
"570b7b5fb9b52b00102d96f9",,"2","19","9","2","5","5","1","0","467","650","1","0","1","4","0.29","0.71","0","0",,,"1","60","2024-03-07 15:49:42"
"5610c4ea7ffc8a0005811504",,"1","8","0","2","5","5","0","1","1099","1433","0","1","1","1","0.16","0.29","0","0",,,"1","35","2024-03-07 15:49:43"
"6266a599c7361af8b51a95e0",,"1","51","13","2","5","5","0","1","516","633","0","1","1","4","0.29","0.88","0","0",,,"1","165","2024-03-07 15:49:43"
"63617bda4e6367b26d53da86",,"1","11","12","1","5","5","0","0","868","1837","0","1","1","4","0.12","0.71","0","0",,,"0","35","2024-03-07 15:49:45"
"570b7b5fb9b52b00102d96f9",,"2","20","5","1","5","5","0","0","533","1334","1","1","1","2","0.22","0.45","0","0",,,"0","60","2024-03-07 15:49:45"
"5610c4ea7ffc8a0005811504",,"1","9","3","2","5","5","1","0","632","1000","1","0","3","4","0.63","0.78","0","0",,,"0","35","2024-03-07 15:49:45"
"6266a599c7361af8b51a95e0",,"1","52","9","2","5","5","1","0","466","599","1","0","1","4","0.29","0.71","0","0",,,"0","165","2024-03-07 15:49:46"
"5610c4ea7ffc8a0005811504",,"1","10","9","2","5","5","0","1","649","1016","0","1","1","4","0.29","0.71","0","0",,,"1","40","2024-03-07 15:49:48"
"570b7b5fb9b52b00102d96f9",,"2","21","15","2","5","5","0","1","583","1251","1","1","1","4","0.12","0.88","0","0",,,"1","65","2024-03-07 15:49:49"
"6266a599c7361af8b51a95e0",,"1","53","6","1","5","5","0","0","666","800","0","1","2","3","0.37","0.63","0","0",,,"1","170","2024-03-07 15:49:49"
"63617bda4e6367b26d53da86",,"1","12","14","2","5","5","1","0","918","1875","1","0","1","4","0.16","0.84","0","0",,,"1","40","2024-03-07 15:49:49"
"5610c4ea7ffc8a0005811504",,"1","11","4","2","5","5","0","1","699","1050","0","1","3","4","0.55","0.78","0","0",,,"1","45","2024-03-07 15:49:51"
"570b7b5fb9b52b00102d96f9",,"2","22","14","2","5","5","1","0","618","834","1","0","1","4","0.16","0.84","0","0",,,"1","70","2024-03-07 15:49:51"
"6266a599c7361af8b51a95e0",,"1","54","10","2","5","5","1","0","699","849","1","0","1","3","0.16","0.63","0","0",,,"1","175","2024-03-07 15:49:51"
"63617bda4e6367b26d53da86",,"1","13","5","1","5","5","1","1","801","1639","1","0","1","2","0.22","0.45","0","0",,,"0","40","2024-03-07 15:49:52"
"5610c4ea7ffc8a0005811504",,"1","12","15","2","5","5","1","0","634","1017","1","0","1","4","0.12","0.88","0","0",,,"1","50","2024-03-07 15:49:54"
"570b7b5fb9b52b00102d96f9",,"2","23","0","1","5","5","0","0","818","1018","0","1","1","1","0.16","0.29","0","0",,,"0","70","2024-03-07 15:49:54"
"6266a599c7361af8b51a95e0",,"1","55","0","1","5","5","0","0","699","1033","0","1","1","1","0.16","0.29","0","0",,,"0","175","2024-03-07 15:49:54"
"63617bda4e6367b26d53da86",,"1","14","1","2","5","5","0","1","750","1655","0","1","4","4","0.71","0.84","0","0",,,"1","45","2024-03-07 15:49:55"
"570b7b5fb9b52b00102d96f9",,"2","24","11","2","5","5","1","0","567","718","1","0","2","4","0.37","0.84","0","0",,,"1","75","2024-03-07 15:49:57"
"6266a599c7361af8b51a95e0",,"1","56","1","2","5","5","1","0","766","866","1","0","4","4","0.71","0.84","0","0",,,"1","180","2024-03-07 15:49:57"
"5610c4ea7ffc8a0005811504",,"1","13","3","2","5","5","1","0","882","1717","1","0","3","4","0.63","0.78","0","0",,,"0","50","2024-03-07 15:49:57"
"63617bda4e6367b26d53da86",,"1","15","10","1","5","5","0","0","902","1804","0","1","1","3","0.16","0.63","0","0",,,"0","45","2024-03-07 15:49:59"
"570b7b5fb9b52b00102d96f9",,"2","25","1","2","5","5","0","1","934","1118","0","1","4","4","0.71","0.84","0","0",,,"1","80","2024-03-07 15:49:59"
"6266a599c7361af8b51a95e0",,"1","57","8","2","5","5","0","1","749","900","0","1","1","2","0.12","0.45","0","0",,,"1","185","2024-03-07 15:50:00"
"5610c4ea7ffc8a0005811504",,"1","14","15","2","5","5","0","1","582","917","0","1","1","4","0.12","0.88","0","0",,,"1","55","2024-03-07 15:50:00"
"570b7b5fb9b52b00102d96f9",,"2","26","6","2","5","5","1","0","634","834","1","0","2","3","0.37","0.63","0","0",,,"1","85","2024-03-07 15:50:02"
"6266a599c7361af8b51a95e0",,"1","58","15","2","5","5","1","0","549","666","1","0","1","4","0.12","0.88","0","0",,,"0","185","2024-03-07 15:50:02"
"63617bda4e6367b26d53da86",,"1","16","7","1","5","5","1","1","817","1654","1","0","3","4","0.55","0.88","0","0",,,"1","50","2024-03-07 15:50:02"
"5610c4ea7ffc8a0005811504",,"1","15","14","2","5","5","1","0","617","950","1","0","1","4","0.16","0.84","0","0",,,"1","60","2024-03-07 15:50:03"
"570b7b5fb9b52b00102d96f9",,"2","27","8","2","5","5","1","0","685","985","1","0","1","2","0.12","0.45","0","0",,,"1","90","2024-03-07 15:50:05"
"6266a599c7361af8b51a95e0",,"1","59","14","2","5","5","0","1","665","817","0","1","1","4","0.16","0.84","0","0",,,"0","185","2024-03-07 15:50:05"
"63617bda4e6367b26d53da86",,"1","17","4","1","5","5","1","1","1052","1720","1","0","3","4","0.55","0.78","0","0",,,"0","50","2024-03-07 15:50:06"
"5610c4ea7ffc8a0005811504",,"1","16","2","2","5","5","0","1","832","1166","0","1","1","2","0.22","0.37","0","0",,,"0","60","2024-03-07 15:50:06"
"570b7b5fb9b52b00102d96f9",,"2","28","15","2","5","5","1","0","666","850","1","0","1","4","0.12","0.88","0","0",,,"1","95","2024-03-07 15:50:07"
"6266a599c7361af8b51a95e0",,"1","60","9","1","5","5","1","1","532","684","1","0","1","4","0.29","0.71","0","0",,,"0","185","2024-03-07 15:50:08"
"5610c4ea7ffc8a0005811504",,"1","17","13","2","5","5","0","1","649","950","0","1","1","4","0.29","0.88","0","0",,,"1","65","2024-03-07 15:50:09"
"63617bda4e6367b26d53da86",,"1","18","3","2","5","5","0","1","1018","2022","0","1","3","4","0.63","0.78","0","0",,,"1","55","2024-03-07 15:50:09"
"570b7b5fb9b52b00102d96f9",,"2","29","8","2","5","5","0","1","783","984","0","1","1","2","0.12","0.45","0","0",,,"1","100","2024-03-07 15:50:10"
"6266a599c7361af8b51a95e0",,"1","61","13","2","5","5","0","1","399","550","0","1","1","4","0.29","0.88","0","0",,,"1","190","2024-03-07 15:50:10"
"5610c4ea7ffc8a0005811504",,"1","18","11","2","5","5","1","0","699","1049","1","0","2","4","0.37","0.84","0","0",,,"1","70","2024-03-07 15:50:11"
"570b7b5fb9b52b00102d96f9",,"2","30","12","2","5","5","1","0","583","801","1","0","1","4","0.12","0.71","0","0",,,"1","105","2024-03-07 15:50:12"
"6266a599c7361af8b51a95e0",,"1","62","10","2","5","5","1","0","583","733","1","0","1","3","0.16","0.63","0","0",,,"0","190","2024-03-07 15:50:13"
"63617bda4e6367b26d53da86",,"1","19","2","2","5","5","0","1","1335","2054","0","1","1","2","0.22","0.37","0","0",,,"0","55","2024-03-07 15:50:13"
"5610c4ea7ffc8a0005811504",,"1","19","13","2","5","5","1","0","683","1000","1","0","1","4","0.29","0.88","0","0",,,"1","75","2024-03-07 15:50:14"
"570b7b5fb9b52b00102d96f9",,"2","31","3","2","5","5","1","0","584","800","1","0","3","4","0.63","0.78","0","0",,,"1","110","2024-03-07 15:50:15"
"6266a599c7361af8b51a95e0",,"1","63","8","2","5","5","1","0","1433","1617","1","0","1","2","0.12","0.45","0","0",,,"1","195","2024-03-07 15:50:16"
"63617bda4e6367b26d53da86",,"1","20","0","1","5","5","1","1","887","1823","1","0","1","1","0.16","0.29","0","0",,,"0","55","2024-03-07 15:50:17"
"5610c4ea7ffc8a0005811504",,"1","20","2","2","5","5","0","1","649","1050","0","1","1","2","0.22","0.37","0","0",,,"0","75","2024-03-07 15:50:17"
"570b7b5fb9b52b00102d96f9",,"2","32","11","2","5","5","1","0","550","767","1","0","2","4","0.37","0.84","0","0",,,"1","115","2024-03-07 15:50:18"
"5610c4ea7ffc8a0005811504",,"1","21","0","2","5","5","0","1","699","1067","0","1","1","1","0.16","0.29","0","0",,,"1","80","2024-03-07 15:50:20"
"570b7b5fb9b52b00102d96f9",,"2","33","2","2","5","5","0","1","618","851","0","1","1","2","0.22","0.37","0","0",,,"0","115","2024-03-07 15:50:20"
"63617bda4e6367b26d53da86",,"1","21","1","2","5","5","1","0","918","2355","1","1","4","4","0.71","0.84","0","0",,,"1","60","2024-03-07 15:50:21"
"5610c4ea7ffc8a0005811504",,"1","22","9","2","5","5","0","1","749","1100","0","1","1","4","0.29","0.71","0","0",,,"1","85","2024-03-07 15:50:23"
"570b7b5fb9b52b00102d96f9",,"2","34","7","2","5","5","1","0","468","668","1","0","3","4","0.55","0.88","0","0",,,"1","120","2024-03-07 15:50:23"
"63617bda4e6367b26d53da86",,"1","22","6","2","5","5","1","0","1068","1923","1","0","2","3","0.37","0.63","0","0",,,"1","65","2024-03-07 15:50:24"
"5610c4ea7ffc8a0005811504",,"1","23","4","2","5","5","1","0","607","950","1","0","3","4","0.55","0.78","0","0",,,"1","90","2024-03-07 15:50:25"
"570b7b5fb9b52b00102d96f9",,"2","35","0","2","5","5","0","1","650","868","0","1","1","1","0.16","0.29","0","0",,,"0","120","2024-03-07 15:50:25"
"65b574d703587ccea5f0b519",,"1","0","7","2","5","5","1","0","633","1183","1","0","3","4","0.55","0.88","0","0",,,"1","5","2024-03-07 15:50:26"
"63617bda4e6367b26d53da86",,"1","23","9","2","5","5","1","0","968","1654","1","0","1","4","0.29","0.71","0","0",,,"0","65","2024-03-07 15:50:28"
"5610c4ea7ffc8a0005811504",,"1","24","5","2","5","5","0","1","599","950","0","1","1","2","0.22","0.45","0","0",,,"0","90","2024-03-07 15:50:28"
"570b7b5fb9b52b00102d96f9",,"2","36","6","2","5","5","1","0","551","768","1","0","2","3","0.37","0.63","0","0",,,"1","125","2024-03-07 15:50:28"
"65b574d703587ccea5f0b519",,"1","1","13","2","5","5","0","1","716","1266","0","1","1","4","0.29","0.88","0","0",,,"1","10","2024-03-07 15:50:29"
"570b7b5fb9b52b00102d96f9",,"2","37","12","2","5","5","1","0","550","733","1","0","1","4","0.12","0.71","0","0",,,"1","130","2024-03-07 15:50:31"
"5610c4ea7ffc8a0005811504",,"1","25","12","2","5","5","0","1","499","866","0","1","1","4","0.12","0.71","0","0",,,"1","95","2024-03-07 15:50:31"
"63617bda4e6367b26d53da86",,"1","24","11","2","5","5","1","0","885","1554","1","0","2","4","0.37","0.84","0","0",,,"1","70","2024-03-07 15:50:31"
"65b574d703587ccea5f0b519",,"1","2","14","2","5","5","0","1","749","1300","0","1","1","4","0.16","0.84","0","0",,,"1","15","2024-03-07 15:50:32"
"570b7b5fb9b52b00102d96f9",,"2","38","14","2","5","5","1","0","550","767","1","0","1","4","0.16","0.84","0","0",,,"1","135","2024-03-07 15:50:33"
"6266a599c7361af8b51a95e0",,"2","0","14","2","5","5","0","1","616","750","0","1","1","4","0.16","0.84","0","0",,,"1","5","2024-03-07 15:50:33"
"5610c4ea7ffc8a0005811504",,"1","26","13","2","5","5","0","1","649","950","0","1","1","4","0.29","0.88","0","0",,,"1","100","2024-03-07 15:50:34"
"63617bda4e6367b26d53da86",,"1","25","3","2","5","5","0","1","950","1736","0","1","3","4","0.63","0.78","0","0",,,"1","75","2024-03-07 15:50:34"
"65b574d703587ccea5f0b519",,"1","3","11","2","5","5","0","1","750","1316","0","1","2","4","0.37","0.84","0","0",,,"1","20","2024-03-07 15:50:35"
"570b7b5fb9b52b00102d96f9",,"2","39","0","2","5","5","0","1","550","767","0","1","1","1","0.16","0.29","0","0",,,"1","140","2024-03-07 15:50:36"
"6266a599c7361af8b51a95e0",,"2","1","11","2","5","5","0","1","499","684","0","1","2","4","0.37","0.84","0","0",,,"0","5","2024-03-07 15:50:36"
"5610c4ea7ffc8a0005811504",,"1","27","12","2","5","5","0","1","582","900","0","1","1","4","0.12","0.71","0","0",,,"1","105","2024-03-07 15:50:36"
"65b574d703587ccea5f0b519",,"1","4","9","2","5","5","1","0","699","1199","1","0","1","4","0.29","0.71","0","0",,,"1","25","2024-03-07 15:50:38"
"63617bda4e6367b26d53da86",,"1","26","7","2","5","5","1","0","968","1820","1","0","3","4","0.55","0.88","0","0",,,"1","80","2024-03-07 15:50:38"
"570b7b5fb9b52b00102d96f9",,"2","40","1","2","5","5","0","1","700","901","0","1","4","4","0.71","0.84","0","0",,,"1","145","2024-03-07 15:50:38"
"6266a599c7361af8b51a95e0",,"2","2","13","1","5","5","0","0","949","1099","0","1","1","4","0.29","0.88","0","0",,,"0","5","2024-03-07 15:50:39"
"5610c4ea7ffc8a0005811504",,"1","28","1","2","5","5","0","1","700","1067","0","1","4","4","0.71","0.84","0","0",,,"1","110","2024-03-07 15:50:39"
"65b574d703587ccea5f0b519",,"1","5","10","2","5","5","1","0","649","1466","1","0","1","3","0.16","0.63","0","0",,,"1","30","2024-03-07 15:50:41"
"570b7b5fb9b52b00102d96f9",,"2","41","6","2","5","5","1","0","650","850","1","0","2","3","0.37","0.63","0","0",,,"1","150","2024-03-07 15:50:41"
"63617bda4e6367b26d53da86",,"1","27","12","2","5","5","0","1","985","1754","0","1","1","4","0.12","0.71","0","0",,,"1","85","2024-03-07 15:50:41"
"6266a599c7361af8b51a95e0",,"2","3","15","2","5","5","0","1","633","833","0","1","1","4","0.12","0.88","0","0",,,"1","10","2024-03-07 15:50:42"
"5610c4ea7ffc8a0005811504",,"1","29","6","2","5","5","1","0","899","1301","1","0","2","3","0.37","0.63","0","0",,,"1","115","2024-03-07 15:50:42"
"570b7b5fb9b52b00102d96f9",,"2","42","11","2","5","5","0","1","517","767","0","1","2","4","0.37","0.84","0","0",,,"1","155","2024-03-07 15:50:43"
"65b574d703587ccea5f0b519",,"1","6","15","2","5","5","0","1","649","1283","0","1","1","4","0.12","0.88","0","0",,,"1","35","2024-03-07 15:50:44"
"6266a599c7361af8b51a95e0",,"2","4","10","2","5","5","0","1","482","666","0","1","1","3","0.16","0.63","0","0",,,"1","15","2024-03-07 15:50:44"
"63617bda4e6367b26d53da86",,"1","28","5","2","5","5","0","1","1102","1854","0","1","1","2","0.22","0.45","0","0",,,"0","85","2024-03-07 15:50:45"
"5610c4ea7ffc8a0005811504",,"1","30","11","2","5","5","1","0","732","1533","1","0","2","4","0.37","0.84","0","0",,,"1","120","2024-03-07 15:50:45"
"570b7b5fb9b52b00102d96f9",,"2","43","10","2","5","5","1","0","567","784","1","0","1","3","0.16","0.63","0","0",,,"1","160","2024-03-07 15:50:46"
"6266a599c7361af8b51a95e0",,"2","5","11","2","5","5","1","0","499","666","1","0","2","4","0.37","0.84","0","0",,,"1","20","2024-03-07 15:50:46"
"65b574d703587ccea5f0b519",,"1","7","14","2","5","5","0","1","933","1533","0","1","1","4","0.16","0.84","0","0",,,"1","40","2024-03-07 15:50:47"
"63617bda4e6367b26d53da86",,"1","29","4","2","5","5","1","0","935","1606","1","0","3","4","0.55","0.78","0","0",,,"1","90","2024-03-07 15:50:48"
"570b7b5fb9b52b00102d96f9",,"2","44","3","2","5","5","0","1","583","768","0","1","3","4","0.63","0.78","0","0",,,"1","165","2024-03-07 15:50:48"
"5610c4ea7ffc8a0005811504",,"1","31","14","2","5","5","1","0","849","1634","1","0","1","4","0.16","0.84","0","0",,,"1","125","2024-03-07 15:50:49"
"6266a599c7361af8b51a95e0",,"2","6","5","2","5","5","1","0","800","933","1","0","1","2","0.22","0.45","0","0",,,"0","20","2024-03-07 15:50:49"
"65b574d703587ccea5f0b519",,"1","8","15","2","5","5","1","0","633","1300","1","0","1","4","0.12","0.88","0","0",,,"1","45","2024-03-07 15:50:50"
"570b7b5fb9b52b00102d96f9",,"2","45","9","2","5","5","0","1","667","884","0","1","1","4","0.29","0.71","0","0",,,"1","170","2024-03-07 15:50:51"
"5610c4ea7ffc8a0005811504",,"1","32","14","2","5","5","1","0","682","1016","1","0","1","4","0.16","0.84","0","0",,,"1","130","2024-03-07 15:50:51"
"63617bda4e6367b26d53da86",,"1","30","0","2","5","5","1","0","952","1754","1","0","1","1","0.16","0.29","0","0",,,"0","90","2024-03-07 15:50:52"
"6266a599c7361af8b51a95e0",,"2","7","6","1","5","5","0","0","601","734","0","1","2","3","0.37","0.63","0","0",,,"0","20","2024-03-07 15:50:52"
"65b574d703587ccea5f0b519",,"1","9","1","2","5","5","1","0","799","1650","1","0","4","4","0.71","0.84","0","0",,,"1","50","2024-03-07 15:50:53"
"570b7b5fb9b52b00102d96f9",,"2","46","0","2","5","5","0","1","449","1084","1","1","1","1","0.16","0.29","0","0",,,"0","170","2024-03-07 15:50:54"
"5610c4ea7ffc8a0005811504",,"1","33","15","2","5","5","0","1","532","900","0","1","1","4","0.12","0.88","0","0",,,"1","135","2024-03-07 15:50:54"
"6266a599c7361af8b51a95e0",,"2","8","8","2","5","5","0","1","716","866","0","1","1","2","0.12","0.45","0","0",,,"1","25","2024-03-07 15:50:55"
"63617bda4e6367b26d53da86",,"1","31","5","2","5","5","0","1","651","1571","0","1","1","2","0.22","0.45","0","0",,,"1","95","2024-03-07 15:50:55"
"65b574d703587ccea5f0b519",,"1","10","2","2","5","5","0","1","1049","1666","0","1","1","2","0.22","0.37","0","0",,,"0","50","2024-03-07 15:50:57"
"570b7b5fb9b52b00102d96f9",,"2","47","9","2","5","5","1","0","551","751","1","0","1","4","0.29","0.71","0","0",,,"1","175","2024-03-07 15:50:57"
"6266a599c7361af8b51a95e0",,"2","9","9","2","5","5","0","1","549","684","0","1","1","4","0.29","0.71","0","0",,,"1","30","2024-03-07 15:50:57"
"5610c4ea7ffc8a0005811504",,"1","34","5","2","5","5","0","1","899","1717","0","1","1","2","0.22","0.45","0","0",,,"1","140","2024-03-07 15:50:57"
"63617bda4e6367b26d53da86",,"1","32","11","2","5","5","0","1","968","1856","0","1","2","4","0.37","0.84","0","0",,,"1","100","2024-03-07 15:50:59"
"570b7b5fb9b52b00102d96f9",,"2","48","2","2","5","5","1","0","750","917","1","0","1","2","0.22","0.37","0","0",,,"0","175","2024-03-07 15:50:59"
"6266a599c7361af8b51a95e0",,"2","10","11","2","5","5","0","1","432","600","0","1","2","4","0.37","0.84","0","0",,,"1","35","2024-03-07 15:51:00"
"65b574d703587ccea5f0b519",,"1","11","11","2","5","5","0","1","882","1367","0","1","2","4","0.37","0.84","0","0",,,"1","55","2024-03-07 15:51:00"
"5610c4ea7ffc8a0005811504",,"1","35","1","2","5","5","1","0","1149","1450","1","0","4","4","0.71","0.84","0","0",,,"1","145","2024-03-07 15:51:00"
"63617bda4e6367b26d53da86",,"1","33","13","2","5","5","0","1","935","1656","0","1","1","4","0.29","0.88","0","0",,,"1","105","2024-03-07 15:51:02"
"570b7b5fb9b52b00102d96f9",,"2","49","10","2","5","5","0","1","633","784","0","1","1","3","0.16","0.63","0","0",,,"0","175","2024-03-07 15:51:02"
"6266a599c7361af8b51a95e0",,"2","11","3","2","5","5","0","1","1099","1250","0","1","3","4","0.63","0.78","0","0",,,"1","40","2024-03-07 15:51:03"
"65b574d703587ccea5f0b519",,"1","12","4","2","5","5","1","0","599","1349","1","0","3","4","0.55","0.78","0","0",,,"0","55","2024-03-07 15:51:03"
"5610c4ea7ffc8a0005811504",,"1","36","8","2","5","5","0","1","833","1133","0","1","1","2","0.12","0.45","0","0",,,"1","150","2024-03-07 15:51:03"
"570b7b5fb9b52b00102d96f9",,"2","50","8","2","5","5","0","1","550","716","0","1","1","2","0.12","0.45","0","0",,,"1","180","2024-03-07 15:51:05"
"6266a599c7361af8b51a95e0",,"2","12","15","2","5","5","0","1","666","816","0","1","1","4","0.12","0.88","0","0",,,"1","45","2024-03-07 15:51:05"
"63617bda4e6367b26d53da86",,"1","34","8","2","5","5","0","1","1035","1921","0","1","1","2","0.12","0.45","0","0",,,"0","105","2024-03-07 15:51:05"
"5610c4ea7ffc8a0005811504",,"1","37","9","2","5","5","1","0","582","900","1","0","1","4","0.29","0.71","0","0",,,"1","155","2024-03-07 15:51:06"
"65b574d703587ccea5f0b519",,"1","13","4","2","5","5","0","1","649","1251","0","1","3","4","0.55","0.78","0","0",,,"1","60","2024-03-07 15:51:06"
"570b7b5fb9b52b00102d96f9",,"2","51","7","2","5","5","1","0","684","834","1","0","3","4","0.55","0.88","0","0",,,"1","185","2024-03-07 15:51:07"
"6266a599c7361af8b51a95e0",,"2","13","3","2","5","5","0","1","683","867","0","1","3","4","0.63","0.78","0","0",,,"1","50","2024-03-07 15:51:08"
"5610c4ea7ffc8a0005811504",,"1","38","3","2","5","5","1","0","682","1033","1","0","3","4","0.63","0.78","0","0",,,"0","155","2024-03-07 15:51:09"
"65b574d703587ccea5f0b519",,"1","14","7","2","5","5","0","1","632","1183","0","1","3","4","0.55","0.88","0","0",,,"1","65","2024-03-07 15:51:09"
"63617bda4e6367b26d53da86",,"1","35","1","1","5","5","1","1","1068","1805","1","0","4","4","0.71","0.84","0","0",,,"1","110","2024-03-07 15:51:09"
"570b7b5fb9b52b00102d96f9",,"2","52","13","2","5","5","0","1","517","701","0","1","1","4","0.29","0.88","0","0",,,"1","190","2024-03-07 15:51:10"
"6266a599c7361af8b51a95e0",,"2","14","12","2","5","5","1","0","549","717","1","0","1","4","0.12","0.71","0","0",,,"1","55","2024-03-07 15:51:10"
"5610c4ea7ffc8a0005811504",,"1","39","11","2","5","5","1","0","699","1050","1","0","2","4","0.37","0.84","0","0",,,"1","160","2024-03-07 15:51:12"
"65b574d703587ccea5f0b519",,"1","15","8","2","5","5","0","1","832","1433","0","1","1","2","0.12","0.45","0","0",,,"0","65","2024-03-07 15:51:12"
"570b7b5fb9b52b00102d96f9",,"2","53","4","2","5","5","1","0","617","801","1","0","3","4","0.55","0.78","0","0",,,"0","190","2024-03-07 15:51:12"
"63617bda4e6367b26d53da86",,"1","36","3","2","5","5","1","0","868","1705","1","0","3","4","0.63","0.78","0","0",,,"1","115","2024-03-07 15:51:12"
"6266a599c7361af8b51a95e0",,"2","15","4","2","5","5","0","1","517","686","0","1","3","4","0.55","0.78","0","0",,,"1","60","2024-03-07 15:51:13"
"5610c4ea7ffc8a0005811504",,"1","40","15","2","5","5","0","1","599","900","0","1","1","4","0.12","0.88","0","0",,,"1","165","2024-03-07 15:51:14"
"570b7b5fb9b52b00102d96f9",,"2","54","7","2","5","5","1","0","500","717","1","0","3","4","0.55","0.88","0","0",,,"1","195","2024-03-07 15:51:15"
"6266a599c7361af8b51a95e0",,"2","16","15","2","5","5","1","0","500","634","1","0","1","4","0.12","0.88","0","0",,,"1","65","2024-03-07 15:51:15"
"65b574d703587ccea5f0b519",,"1","16","7","2","5","5","1","0","1066","1684","1","0","3","4","0.55","0.88","0","0",,,"1","70","2024-03-07 15:51:15"
"63617bda4e6367b26d53da86",,"1","37","9","2","5","5","1","0","835","1655","1","0","1","4","0.29","0.71","0","0",,,"1","120","2024-03-07 15:51:16"
"5610c4ea7ffc8a0005811504",,"1","41","10","2","5","5","0","1","816","1134","0","1","1","3","0.16","0.63","0","0",,,"0","165","2024-03-07 15:51:17"
"570b7b5fb9b52b00102d96f9",,"2","55","5","2","5","5","0","1","600","834","0","1","1","2","0.22","0.45","0","0",,,"1","200","2024-03-07 15:51:18"
"6266a599c7361af8b51a95e0",,"2","17","12","2","5","5","1","0","499","669","1","0","1","4","0.12","0.71","0","0",,,"1","70","2024-03-07 15:51:18"
"63617bda4e6367b26d53da86",,"1","38","9","2","5","5","1","0","952","1587","1","0","1","4","0.29","0.71","0","0",,,"1","125","2024-03-07 15:51:19"
"65b574d703587ccea5f0b519",,"1","17","10","2","5","5","1","0","799","1983","1","0","1","3","0.16","0.63","0","0",,,"1","75","2024-03-07 15:51:19"
"570b7b5fb9b52b00102d96f9",,"2","56","1","2","5","5","1","0","733","934","1","0","4","4","0.71","0.84","0","0",,,"1","205","2024-03-07 15:51:20"
"6266a599c7361af8b51a95e0",,"2","18","7","2","5","5","1","0","465","601","1","0","3","4","0.55","0.88","0","0",,,"1","75","2024-03-07 15:51:20"
"5610c4ea7ffc8a0005811504",,"1","42","8","2","5","5","1","0","765","1117","1","0","1","2","0.12","0.45","0","0",,,"0","165","2024-03-07 15:51:20"
"65b574d703587ccea5f0b519",,"1","18","9","2","5","5","0","1","666","1316","0","1","1","4","0.29","0.71","0","0",,,"0","75","2024-03-07 15:51:22"
"63617bda4e6367b26d53da86",,"1","39","2","1","5","5","1","1","1038","1771","1","0","1","2","0.22","0.37","0","0",,,"0","125","2024-03-07 15:51:22"
"570b7b5fb9b52b00102d96f9",,"2","57","14","2","5","5","0","1","484","717","0","1","1","4","0.16","0.84","0","0",,,"1","210","2024-03-07 15:51:23"
"6266a599c7361af8b51a95e0",,"2","19","4","2","5","5","1","0","516","681","1","0","3","4","0.55","0.78","0","0",,,"0","75","2024-03-07 15:51:23"
"5610c4ea7ffc8a0005811504",,"1","43","7","2","5","5","0","1","549","883","0","1","3","4","0.55","0.88","0","0",,,"0","165","2024-03-07 15:51:23"
"570b7b5fb9b52b00102d96f9",,"2","58","13","2","5","5","1","0","567","784","1","0","1","4","0.29","0.88","0","0",,,"0","210","2024-03-07 15:51:25"
"65b574d703587ccea5f0b519",,"1","19","13","2","5","5","1","0","632","1400","1","0","1","4","0.29","0.88","0","0",,,"1","80","2024-03-07 15:51:25"
"6266a599c7361af8b51a95e0",,"2","20","10","1","5","5","0","0","566","700","0","1","1","3","0.16","0.63","0","0",,,"0","75","2024-03-07 15:51:25"
"63617bda4e6367b26d53da86",,"1","40","8","2","5","5","1","0","1034","1740","1","0","1","2","0.12","0.45","0","0",,,"0","125","2024-03-07 15:51:26"
"5610c4ea7ffc8a0005811504",,"1","44","10","2","5","5","0","1","632","933","0","1","1","3","0.16","0.63","0","0",,,"1","170","2024-03-07 15:51:26"
"570b7b5fb9b52b00102d96f9",,"2","59","11","2","5","5","1","0","517","701","1","0","2","4","0.37","0.84","0","0",,,"1","215","2024-03-07 15:51:28"
"6266a599c7361af8b51a95e0",,"2","21","3","2","5","5","1","0","598","734","1","0","3","4","0.63","0.78","0","0",,,"1","80","2024-03-07 15:51:28"
"65b574d703587ccea5f0b519",,"1","20","14","2","5","5","1","0","565","1949","1","0","1","4","0.16","0.84","0","0",,,"1","85","2024-03-07 15:51:29"
"5610c4ea7ffc8a0005811504",,"1","45","8","2","5","5","0","1","682","1016","0","1","1","2","0.12","0.45","0","0",,,"0","170","2024-03-07 15:51:29"
"63617bda4e6367b26d53da86",,"1","41","15","1","5","5","1","1","450","1338","1","0","1","4","0.12","0.88","0","0",,,"0","125","2024-03-07 15:51:29"
"570b7b5fb9b52b00102d96f9",,"2","60","7","2","5","5","1","0","566","767","1","0","3","4","0.55","0.88","0","0",,,"1","220","2024-03-07 15:51:30"
"6266a599c7361af8b51a95e0",,"2","22","6","2","5","5","1","0","666","833","1","0","2","3","0.37","0.63","0","0",,,"1","85","2024-03-07 15:51:31"
"65b574d703587ccea5f0b519",,"1","21","3","2","5","5","0","1","533","1266","0","1","3","4","0.63","0.78","0","0",,,"1","90","2024-03-07 15:51:32"
"5610c4ea7ffc8a0005811504",,"1","46","6","2","5","5","0","1","749","1067","0","1","2","3","0.37","0.63","0","0",,,"1","175","2024-03-07 15:51:32"
"63617bda4e6367b26d53da86",,"1","42","14","2","5","5","1","0","1068","1722","1","0","1","4","0.16","0.84","0","0",,,"0","125","2024-03-07 15:51:33"
"570b7b5fb9b52b00102d96f9",,"2","61","10","2","5","5","1","0","551","768","1","0","1","3","0.16","0.63","0","0",,,"1","225","2024-03-07 15:51:33"
"6266a599c7361af8b51a95e0",,"2","23","8","2","5","5","0","1","583","766","0","1","1","2","0.12","0.45","0","0",,,"1","90","2024-03-07 15:51:33"
"65b574d703587ccea5f0b519",,"1","22","15","2","5","5","0","1","682","1366","0","1","1","4","0.12","0.88","0","0",,,"1","95","2024-03-07 15:51:35"
"5610c4ea7ffc8a0005811504",,"1","47","7","2","5","5","0","1","682","1033","0","1","3","4","0.55","0.88","0","0",,,"0","175","2024-03-07 15:51:35"
"570b7b5fb9b52b00102d96f9",,"2","62","13","2","5","5","0","1","500","718","0","1","1","4","0.29","0.88","0","0",,,"1","230","2024-03-07 15:51:35"
"6266a599c7361af8b51a95e0",,"2","24","4","2","5","5","0","1","566","716","0","1","3","4","0.55","0.78","0","0",,,"1","95","2024-03-07 15:51:36"
"63617bda4e6367b26d53da86",,"1","43","2","1","5","5","1","1","1001","1655","1","0","1","2","0.22","0.37","0","0",,,"0","125","2024-03-07 15:51:36"
"5610c4ea7ffc8a0005811504",,"1","48","4","2","5","5","0","1","648","949","0","1","3","4","0.55","0.78","0","0",,,"1","180","2024-03-07 15:51:38"
"570b7b5fb9b52b00102d96f9",,"2","63","14","2","5","5","1","0","483","700","1","0","1","4","0.16","0.84","0","0",,,"1","235","2024-03-07 15:51:38"
"6266a599c7361af8b51a95e0",,"2","25","10","2","5","5","0","1","533","667","0","1","1","3","0.16","0.63","0","0",,,"0","95","2024-03-07 15:51:38"
"65b574d703587ccea5f0b519",,"1","23","0","2","5","5","0","1","849","1950","0","1","1","1","0.16","0.29","0","0",,,"1","100","2024-03-07 15:51:38"
"63617bda4e6367b26d53da86",,"1","44","6","1","5","5","1","1","535","2304","1","1","2","3","0.37","0.63","0","0",,,"1","130","2024-03-07 15:51:40"
"5610c4ea7ffc8a0005811504",,"1","49","3","2","5","5","0","1","649","983","0","1","3","4","0.63","0.78","0","0",,,"0","180","2024-03-07 15:51:40"
"6266a599c7361af8b51a95e0",,"2","26","7","2","5","5","0","1","565","715","0","1","3","4","0.55","0.88","0","0",,,"1","100","2024-03-07 15:51:41"
"65b574d703587ccea5f0b519",,"1","24","3","1","5","5","1","1","1332","2016","1","0","3","4","0.63","0.78","0","0",,,"0","100","2024-03-07 15:51:42"
"5610c4ea7ffc8a0005811504",,"1","50","12","2","5","5","1","0","567","884","1","0","1","4","0.12","0.71","0","0",,,"0","180","2024-03-07 15:51:43"
"6266a599c7361af8b51a95e0",,"2","27","14","2","5","5","1","0","549","666","1","0","1","4","0.16","0.84","0","0",,,"1","105","2024-03-07 15:51:43"
"63617bda4e6367b26d53da86",,"1","45","12","2","5","5","1","0","999","1768","1","0","1","4","0.12","0.71","0","0",,,"1","135","2024-03-07 15:51:44"
"6266a599c7361af8b51a95e0",,"2","28","2","2","5","5","0","1","533","683","0","1","1","2","0.22","0.37","0","0",,,"1","110","2024-03-07 15:51:46"
"5610c4ea7ffc8a0005811504",,"1","51","14","2","5","5","0","1","532","850","0","1","1","4","0.16","0.84","0","0",,,"1","185","2024-03-07 15:51:46"
"65b574d703587ccea5f0b519",,"1","25","14","0","5","5","0","0","3032","0","1","1","1","4","0.16","0.84","0","0",,,"0","100","2024-03-07 15:51:47"
"63617bda4e6367b26d53da86",,"1","46","6","2","5","5","1","0","1021","1907","1","0","2","3","0.37","0.63","0","0",,,"1","140","2024-03-07 15:51:47"
"6266a599c7361af8b51a95e0",,"2","29","1","2","5","5","0","1","652","833","0","1","4","4","0.71","0.84","0","0",,,"0","110","2024-03-07 15:51:49"
"5610c4ea7ffc8a0005811504",,"1","52","2","2","5","5","0","1","832","1101","0","1","1","2","0.22","0.37","0","0",,,"1","190","2024-03-07 15:51:49"
"65b574d703587ccea5f0b519",,"1","26","12","2","5","5","1","0","783","1349","1","0","1","4","0.12","0.71","0","0",,,"1","105","2024-03-07 15:51:50"
"63617bda4e6367b26d53da86",,"1","47","13","2","5","5","0","1","1137","2037","0","1","1","4","0.29","0.88","0","0",,,"1","145","2024-03-07 15:51:51"
"6266a599c7361af8b51a95e0",,"2","30","2","2","5","5","0","1","649","785","0","1","1","2","0.22","0.37","0","0",,,"0","110","2024-03-07 15:51:51"
"5610c4ea7ffc8a0005811504",,"1","53","6","2","5","5","1","0","682","1017","1","0","2","3","0.37","0.63","0","0",,,"1","195","2024-03-07 15:51:52"
"65b574d703587ccea5f0b519",,"1","27","3","2","5","5","0","1","683","1383","0","1","3","4","0.63","0.78","0","0",,,"1","110","2024-03-07 15:51:53"
"570b7b5fb9b52b00102d96f9",,"3","0","10","2","5","5","1","0","717","1019","1","0","1","3","0.16","0.63","0","0",,,"0","0","2024-03-07 15:51:54"
"6266a599c7361af8b51a95e0",,"2","31","9","2","5","5","0","1","599","732","0","1","1","4","0.29","0.71","0","0",,,"1","115","2024-03-07 15:51:54"
"63617bda4e6367b26d53da86",,"1","48","10","2","5","5","0","1","1004","1904","0","1","1","3","0.16","0.63","0","0",,,"1","150","2024-03-07 15:51:54"
"5610c4ea7ffc8a0005811504",,"1","54","7","2","5","5","1","0","866","1168","1","0","3","4","0.55","0.88","0","0",,,"1","200","2024-03-07 15:51:55"
"65b574d703587ccea5f0b519",,"1","28","5","2","5","5","1","0","866","1416","1","0","1","2","0.22","0.45","0","0",,,"1","115","2024-03-07 15:51:56"
"6266a599c7361af8b51a95e0",,"2","32","1","2","5","5","1","0","599","716","1","0","4","4","0.71","0.84","0","0",,,"1","120","2024-03-07 15:51:57"
"570b7b5fb9b52b00102d96f9",,"3","1","5","2","5","5","0","1","601","834","0","1","1","2","0.22","0.45","0","0",,,"0","0","2024-03-07 15:51:57"
"5610c4ea7ffc8a0005811504",,"1","55","1","2","5","5","1","0","749","1033","1","0","4","4","0.71","0.84","0","0",,,"0","200","2024-03-07 15:51:58"
"63617bda4e6367b26d53da86",,"1","49","14","2","5","5","1","0","1019","1787","1","0","1","4","0.16","0.84","0","0",,,"1","155","2024-03-07 15:51:58"
"65b574d703587ccea5f0b519",,"1","29","13","2","5","5","1","0","650","1466","1","0","1","4","0.29","0.88","0","0",,,"1","120","2024-03-07 15:51:59"
"6266a599c7361af8b51a95e0",,"2","33","7","2","5","5","1","0","582","699","1","0","3","4","0.55","0.88","0","0",,,"1","125","2024-03-07 15:51:59"
"570b7b5fb9b52b00102d96f9",,"3","2","10","2","5","5","0","1","517","784","0","1","1","3","0.16","0.63","0","0",,,"0","0","2024-03-07 15:51:59"
"5610c4ea7ffc8a0005811504",,"1","56","6","2","5","5","1","0","599","900","1","0","2","3","0.37","0.63","0","0",,,"0","200","2024-03-07 15:52:00"
"63617bda4e6367b26d53da86",,"1","50","11","2","5","5","1","0","901","1687","1","0","2","4","0.37","0.84","0","0",,,"1","160","2024-03-07 15:52:01"
"6266a599c7361af8b51a95e0",,"2","34","1","2","5","5","0","1","916","1016","0","1","4","4","0.71","0.84","0","0",,,"0","125","2024-03-07 15:52:02"
"570b7b5fb9b52b00102d96f9",,"3","3","11","2","5","5","0","1","568","784","0","1","2","4","0.37","0.84","0","0",,,"1","5","2024-03-07 15:52:02"
"65b574d703587ccea5f0b519",,"1","30","8","2","5","5","1","0","682","1932","1","0","1","2","0.12","0.45","0","0",,,"0","120","2024-03-07 15:52:02"
"5610c4ea7ffc8a0005811504",,"1","57","12","2","5","5","0","1","799","1150","0","1","1","4","0.12","0.71","0","0",,,"1","205","2024-03-07 15:52:03"
"63617bda4e6367b26d53da86",,"1","51","7","2","5","5","1","0","1018","1706","1","0","3","4","0.55","0.88","0","0",,,"1","165","2024-03-07 15:52:04"
"6266a599c7361af8b51a95e0",,"2","35","14","2","5","5","0","1","516","633","0","1","1","4","0.16","0.84","0","0",,,"1","130","2024-03-07 15:52:05"
"570b7b5fb9b52b00102d96f9",,"3","4","8","2","5","5","0","1","584","784","0","1","1","2","0.12","0.45","0","0",,,"0","5","2024-03-07 15:52:05"
"65b574d703587ccea5f0b519",,"1","31","11","2","5","5","1","0","1049","1650","1","0","2","4","0.37","0.84","0","0",,,"1","125","2024-03-07 15:52:06"
"5610c4ea7ffc8a0005811504",,"1","58","5","2","5","5","1","0","1132","1451","1","0","1","2","0.22","0.45","0","0",,,"0","205","2024-03-07 15:52:07"
"6266a599c7361af8b51a95e0",,"2","36","13","2","5","5","1","0","466","566","1","0","1","4","0.29","0.88","0","0",,,"1","135","2024-03-07 15:52:07"
"63617bda4e6367b26d53da86",,"1","52","6","2","5","5","0","1","1035","1706","0","1","2","3","0.37","0.63","0","0",,,"1","170","2024-03-07 15:52:08"
"570b7b5fb9b52b00102d96f9",,"3","5","5","2","5","5","1","0","683","1367","1","1","1","2","0.22","0.45","0","0",,,"0","5","2024-03-07 15:52:08"
"65b574d703587ccea5f0b519",,"1","32","10","2","5","5","0","1","582","1249","0","1","1","3","0.16","0.63","0","0",,,"1","130","2024-03-07 15:52:09"
"6266a599c7361af8b51a95e0",,"2","37","0","2","5","5","1","0","649","765","1","0","1","1","0.16","0.29","0","0",,,"1","140","2024-03-07 15:52:10"
"5610c4ea7ffc8a0005811504",,"1","59","8","2","5","5","0","1","732","1418","0","1","1","2","0.12","0.45","0","0",,,"0","205","2024-03-07 15:52:10"
"63617bda4e6367b26d53da86",,"1","53","11","2","5","5","0","1","985","1605","0","1","2","4","0.37","0.84","0","0",,,"0","170","2024-03-07 15:52:11"
"570b7b5fb9b52b00102d96f9",,"3","6","4","2","5","5","1","0","1151","1368","1","0","3","4","0.55","0.78","0","0",,,"1","10","2024-03-07 15:52:11"
"65b574d703587ccea5f0b519",,"1","33","12","2","5","5","0","1","749","1416","0","1","1","4","0.12","0.71","0","0",,,"1","135","2024-03-07 15:52:12"
"6266a599c7361af8b51a95e0",,"2","38","14","2","5","5","1","0","516","600","1","0","1","4","0.16","0.84","0","0",,,"1","145","2024-03-07 15:52:12"
"5610c4ea7ffc8a0005811504",,"1","60","10","2","5","5","0","1","682","967","0","1","1","3","0.16","0.63","0","0",,,"1","210","2024-03-07 15:52:13"
"570b7b5fb9b52b00102d96f9",,"3","7","2","2","5","5","0","1","652","885","0","1","1","2","0.22","0.37","0","0",,,"0","10","2024-03-07 15:52:14"
"6266a599c7361af8b51a95e0",,"2","39","3","2","5","5","1","0","549","666","1","0","3","4","0.63","0.78","0","0",,,"0","145","2024-03-07 15:52:14"
"63617bda4e6367b26d53da86",,"1","54","0","2","5","5","1","0","1273","1907","1","0","1","1","0.16","0.29","0","0",,,"1","175","2024-03-07 15:52:14"
"65b574d703587ccea5f0b519",,"1","34","4","1","5","5","1","1","1283","1850","1","0","3","4","0.55","0.78","0","0",,,"1","140","2024-03-07 15:52:15"
"5610c4ea7ffc8a0005811504",,"1","61","0","2","5","5","0","1","1066","1350","0","1","1","1","0.16","0.29","0","0",,,"0","210","2024-03-07 15:52:16"
"570b7b5fb9b52b00102d96f9",,"3","8","1","2","5","5","0","1","684","884","0","1","4","4","0.71","0.84","0","0",,,"1","15","2024-03-07 15:52:17"
"6266a599c7361af8b51a95e0",,"2","40","10","2","5","5","0","1","498","632","0","1","1","3","0.16","0.63","0","0",,,"1","150","2024-03-07 15:52:17"
"63617bda4e6367b26d53da86",,"1","55","5","2","5","5","0","1","1152","1937","0","1","1","2","0.22","0.45","0","0",,,"0","175","2024-03-07 15:52:18"
"65b574d703587ccea5f0b519",,"1","35","4","1","5","5","0","0","1249","1732","0","1","3","4","0.55","0.78","0","0",,,"0","140","2024-03-07 15:52:19"
"5610c4ea7ffc8a0005811504",,"1","62","4","2","5","5","0","1","699","967","0","1","3","4","0.55","0.78","0","0",,,"1","215","2024-03-07 15:52:19"
"6266a599c7361af8b51a95e0",,"2","41","12","2","5","5","0","1","549","649","0","1","1","4","0.12","0.71","0","0",,,"0","150","2024-03-07 15:52:20"
"570b7b5fb9b52b00102d96f9",,"3","9","3","2","5","5","0","1","751","918","0","1","3","4","0.63","0.78","0","0",,,"1","20","2024-03-07 15:52:20"
"5610c4ea7ffc8a0005811504",,"1","63","10","2","5","5","1","0","533","817","1","0","1","3","0.16","0.63","0","0",,,"1","220","2024-03-07 15:52:21"
"63617bda4e6367b26d53da86",,"1","56","7","2","5","5","1","0","1002","1857","1","0","3","4","0.55","0.88","0","0",,,"1","180","2024-03-07 15:52:22"
"65b574d703587ccea5f0b519",,"1","36","0","2","5","5","1","0","649","1300","1","0","1","1","0.16","0.29","0","0",,,"0","140","2024-03-07 15:52:22"
"6266a599c7361af8b51a95e0",,"2","42","5","2","5","5","1","0","665","782","1","0","1","2","0.22","0.45","0","0",,,"1","155","2024-03-07 15:52:22"
"570b7b5fb9b52b00102d96f9",,"3","10","2","2","5","5","1","0","750","984","1","0","1","2","0.22","0.37","0","0",,,"0","20","2024-03-07 15:52:22"
"6266a599c7361af8b51a95e0",,"2","43","5","2","5","5","0","1","616","732","0","1","1","2","0.22","0.45","0","0",,,"0","155","2024-03-07 15:52:25"
"63617bda4e6367b26d53da86",,"1","57","3","2","5","5","0","1","1202","1924","0","1","3","4","0.63","0.78","0","0",,,"0","180","2024-03-07 15:52:25"
"570b7b5fb9b52b00102d96f9",,"3","11","0","2","5","5","0","1","918","1135","0","1","1","1","0.16","0.29","0","0",,,"0","20","2024-03-07 15:52:25"
"65b574d703587ccea5f0b519",,"1","37","5","2","5","5","0","1","749","1900","1","1","1","2","0.22","0.45","0","0",,,"1","145","2024-03-07 15:52:26"
"6266a599c7361af8b51a95e0",,"2","44","9","2","5","5","1","0","549","649","1","0","1","4","0.29","0.71","0","0",,,"0","155","2024-03-07 15:52:28"
"570b7b5fb9b52b00102d96f9",,"3","12","11","2","5","5","1","0","634","817","1","0","2","4","0.37","0.84","0","0",,,"1","25","2024-03-07 15:52:28"
"65b574d703587ccea5f0b519",,"1","38","9","1","5","5","0","0","1299","1750","0","1","1","4","0.29","0.71","0","0",,,"1","150","2024-03-07 15:52:29"
"63617bda4e6367b26d53da86",,"1","58","4","1","5","5","1","1","885","1825","1","0","3","4","0.55","0.78","0","0",,,"0","180","2024-03-07 15:52:29"
"6266a599c7361af8b51a95e0",,"2","45","1","2","5","5","0","1","698","832","0","1","4","4","0.71","0.84","0","0",,,"1","160","2024-03-07 15:52:30"
"570b7b5fb9b52b00102d96f9",,"3","13","14","2","5","5","1","0","634","852","1","0","1","4","0.16","0.84","0","0",,,"1","30","2024-03-07 15:52:31"
"65b574d703587ccea5f0b519",,"1","39","9","2","5","5","0","1","1099","1683","0","1","1","4","0.29","0.71","0","0",,,"0","150","2024-03-07 15:52:32"
"63617bda4e6367b26d53da86",,"1","59","2","2","5","5","0","1","1445","1912","0","1","1","2","0.22","0.37","0","0",,,"1","185","2024-03-07 15:52:32"
"6266a599c7361af8b51a95e0",,"2","46","13","2","5","5","0","1","483","550","0","1","1","4","0.29","0.88","0","0",,,"1","165","2024-03-07 15:52:33"
"570b7b5fb9b52b00102d96f9",,"3","14","4","2","5","5","0","1","716","917","0","1","3","4","0.55","0.78","0","0",,,"1","35","2024-03-07 15:52:34"
"6266a599c7361af8b51a95e0",,"2","47","7","2","5","5","0","1","483","617","0","1","3","4","0.55","0.88","0","0",,,"1","170","2024-03-07 15:52:35"
"65b574d703587ccea5f0b519",,"1","40","6","1","5","5","1","1","616","1350","1","0","2","3","0.37","0.63","0","0",,,"1","155","2024-03-07 15:52:35"
"63617bda4e6367b26d53da86",,"1","60","14","2","5","5","0","1","1136","1320","0","1","1","4","0.16","0.84","0","0",,,"1","190","2024-03-07 15:52:35"
"570b7b5fb9b52b00102d96f9",,"3","15","8","2","5","5","1","0","650","884","1","0","1","2","0.12","0.45","0","0",,,"1","40","2024-03-07 15:52:36"
"6266a599c7361af8b51a95e0",,"2","48","0","1","5","5","1","1","1132","1266","1","0","1","1","0.16","0.29","0","0",,,"0","170","2024-03-07 15:52:38"
"570b7b5fb9b52b00102d96f9",,"3","16","1","2","5","5","0","1","600","800","0","1","4","4","0.71","0.84","0","0",,,"1","45","2024-03-07 15:52:39"
"65b574d703587ccea5f0b519",,"1","41","6","1","5","5","1","1","849","1683","1","0","2","3","0.37","0.63","0","0",,,"0","155","2024-03-07 15:52:39"
"63617bda4e6367b26d53da86",,"1","61","10","2","5","5","0","1","1001","1652","0","1","1","3","0.16","0.63","0","0",,,"0","190","2024-03-07 15:52:39"
"5610c4ea7ffc8a0005811504",,"2","0","10","2","5","5","1","0","1000","1366","1","0","1","3","0.16","0.63","0","0",,,"1","5","2024-03-07 15:52:41"
"6266a599c7361af8b51a95e0",,"2","49","9","2","5","5","1","0","566","668","1","0","1","4","0.29","0.71","0","0",,,"1","175","2024-03-07 15:52:41"
"570b7b5fb9b52b00102d96f9",,"3","17","0","2","5","5","1","0","634","884","1","0","1","1","0.16","0.29","0","0",,,"0","45","2024-03-07 15:52:41"
"63617bda4e6367b26d53da86",,"1","62","15","2","5","5","1","0","983","1671","1","0","1","4","0.12","0.88","0","0",,,"1","195","2024-03-07 15:52:42"
"65b574d703587ccea5f0b519",,"1","42","2","2","5","5","1","0","799","1785","1","0","1","2","0.22","0.37","0","0",,,"0","155","2024-03-07 15:52:42"
"6266a599c7361af8b51a95e0",,"2","50","6","2","5","5","1","0","549","650","1","0","2","3","0.37","0.63","0","0",,,"0","175","2024-03-07 15:52:43"
"5610c4ea7ffc8a0005811504",,"2","1","1","2","5","5","0","1","666","1433","0","1","4","4","0.71","0.84","0","0",,,"1","10","2024-03-07 15:52:44"
"570b7b5fb9b52b00102d96f9",,"3","18","11","2","5","5","0","1","483","700","0","1","2","4","0.37","0.84","0","0",,,"1","50","2024-03-07 15:52:44"
"65b574d703587ccea5f0b519",,"1","43","15","2","5","5","0","1","632","1134","0","1","1","4","0.12","0.88","0","0",,,"1","160","2024-03-07 15:52:45"
"63617bda4e6367b26d53da86",,"1","63","0","2","5","5","1","0","1221","1870","1","0","1","1","0.16","0.29","0","0",,,"0","195","2024-03-07 15:52:46"
"6266a599c7361af8b51a95e0",,"2","51","11","2","5","5","1","0","533","717","1","0","2","4","0.37","0.84","0","0",,,"0","175","2024-03-07 15:52:46"
"570b7b5fb9b52b00102d96f9",,"3","19","15","2","5","5","1","0","517","701","1","0","1","4","0.12","0.88","0","0",,,"1","55","2024-03-07 15:52:46"
"5610c4ea7ffc8a0005811504",,"2","2","0","2","5","5","1","0","700","1100","1","0","1","1","0.16","0.29","0","0",,,"1","15","2024-03-07 15:52:47"
"65b574d703587ccea5f0b519",,"1","44","0","2","5","5","1","0","1099","1567","1","0","1","1","0.16","0.29","0","0",,,"0","160","2024-03-07 15:52:49"
"6266a599c7361af8b51a95e0",,"2","52","6","2","5","5","0","1","548","666","0","1","2","3","0.37","0.63","0","0",,,"1","180","2024-03-07 15:52:49"
"570b7b5fb9b52b00102d96f9",,"3","20","12","2","5","5","1","0","617","817","1","0","1","4","0.12","0.71","0","0",,,"0","55","2024-03-07 15:52:49"
"5610c4ea7ffc8a0005811504",,"2","3","11","2","5","5","1","0","933","1250","1","0","2","4","0.37","0.84","0","0",,,"1","20","2024-03-07 15:52:50"
"6266a599c7361af8b51a95e0",,"2","53","8","2","5","5","1","0","682","816","1","0","1","2","0.12","0.45","0","0",,,"0","180","2024-03-07 15:52:51"
"570b7b5fb9b52b00102d96f9",,"3","21","0","2","5","5","0","1","534","735","0","1","1","1","0.16","0.29","0","0",,,"0","55","2024-03-07 15:52:52"
"65b574d703587ccea5f0b519",,"1","45","6","2","5","5","0","1","849","1401","0","1","2","3","0.37","0.63","0","0",,,"1","165","2024-03-07 15:52:52"
"5610c4ea7ffc8a0005811504",,"2","4","3","2","5","5","0","1","732","1101","0","1","3","4","0.63","0.78","0","0",,,"0","20","2024-03-07 15:52:53"
"6266a599c7361af8b51a95e0",,"2","54","2","2","5","5","0","1","566","683","0","1","1","2","0.22","0.37","0","0",,,"1","185","2024-03-07 15:52:54"
"570b7b5fb9b52b00102d96f9",,"3","22","15","2","5","5","0","1","384","552","0","1","1","4","0.12","0.88","0","0",,,"1","60","2024-03-07 15:52:54"
"65b574d703587ccea5f0b519",,"1","46","10","2","5","5","1","0","732","1400","1","0","1","3","0.16","0.63","0","0",,,"1","170","2024-03-07 15:52:55"
"5610c4ea7ffc8a0005811504",,"2","5","5","2","5","5","1","0","682","1000","1","0","1","2","0.22","0.45","0","0",,,"1","25","2024-03-07 15:52:56"
"6266a599c7361af8b51a95e0",,"2","55","4","2","5","5","1","0","499","583","1","0","3","4","0.55","0.78","0","0",,,"1","190","2024-03-07 15:52:56"
"570b7b5fb9b52b00102d96f9",,"3","23","9","2","5","5","1","0","683","850","1","0","1","4","0.29","0.71","0","0",,,"1","65","2024-03-07 15:52:57"
"65b574d703587ccea5f0b519",,"1","47","13","1","5","5","0","0","866","1400","0","1","1","4","0.29","0.88","0","0",,,"0","170","2024-03-07 15:52:58"
"5610c4ea7ffc8a0005811504",,"2","6","10","2","5","5","0","1","699","1050","0","1","1","3","0.16","0.63","0","0",,,"1","30","2024-03-07 15:52:58"
"6266a599c7361af8b51a95e0",,"2","56","2","2","5","5","0","1","799","933","0","1","1","2","0.22","0.37","0","0",,,"0","190","2024-03-07 15:52:59"
"570b7b5fb9b52b00102d96f9",,"3","24","14","2","5","5","1","0","550","750","1","0","1","4","0.16","0.84","0","0",,,"1","70","2024-03-07 15:53:00"
"65b574d703587ccea5f0b519",,"1","48","1","2","5","5","0","1","982","1450","0","1","4","4","0.71","0.84","0","0",,,"1","175","2024-03-07 15:53:01"
"5610c4ea7ffc8a0005811504",,"2","7","11","2","5","5","1","0","699","1416","1","0","2","4","0.37","0.84","0","0",,,"1","35","2024-03-07 15:53:01"
"6266a599c7361af8b51a95e0",,"2","57","13","2","5","5","0","1","482","615","0","1","1","4","0.29","0.88","0","0",,,"1","195","2024-03-07 15:53:02"
"570b7b5fb9b52b00102d96f9",,"3","25","13","2","5","5","1","0","450","668","1","0","1","4","0.29","0.88","0","0",,,"1","75","2024-03-07 15:53:02"
"5610c4ea7ffc8a0005811504",,"2","8","4","2","5","5","0","1","582","883","0","1","3","4","0.55","0.78","0","0",,,"1","40","2024-03-07 15:53:04"
"6266a599c7361af8b51a95e0",,"2","58","5","2","5","5","1","0","632","715","1","0","1","2","0.22","0.45","0","0",,,"0","195","2024-03-07 15:53:04"
"570b7b5fb9b52b00102d96f9",,"3","26","13","2","5","5","1","0","617","834","1","0","1","4","0.29","0.88","0","0",,,"1","80","2024-03-07 15:53:05"
"65b574d703587ccea5f0b519",,"1","49","1","2","5","5","0","1","1232","1749","0","1","4","4","0.71","0.84","0","0",,,"0","175","2024-03-07 15:53:05"
"570b7b5fb9b52b00102d96f9",,"3","27","12","2","5","5","0","1","583","817","0","1","1","4","0.12","0.71","0","0",,,"0","80","2024-03-07 15:53:07"
"5610c4ea7ffc8a0005811504",,"2","9","2","2","5","5","0","1","815","1850","1","1","1","2","0.22","0.37","0","0",,,"1","45","2024-03-07 15:53:08"
"65b574d703587ccea5f0b519",,"1","50","12","2","5","5","0","1","699","1200","0","1","1","4","0.12","0.71","0","0",,,"0","175","2024-03-07 15:53:08"
"6266a599c7361af8b51a95e0",,"2","59","0","2","5","5","0","1","1233","1717","1","1","1","1","0.16","0.29","0","0",,,"0","195","2024-03-07 15:53:08"
"570b7b5fb9b52b00102d96f9",,"3","28","7","2","5","5","0","1","434","734","0","1","3","4","0.55","0.88","0","0",,,"1","85","2024-03-07 15:53:10"
"63617bda4e6367b26d53da86",,"2","0","15","2","5","5","1","0","1085","1737","1","0","1","4","0.12","0.88","0","0",,,"0","0","2024-03-07 15:53:10"
"6266a599c7361af8b51a95e0",,"2","60","15","2","5","5","0","1","416","516","0","1","1","4","0.12","0.88","0","0",,,"1","200","2024-03-07 15:53:10"
"5610c4ea7ffc8a0005811504",,"2","10","8","2","5","5","0","1","932","1433","0","1","1","2","0.12","0.45","0","0",,,"1","50","2024-03-07 15:53:11"
"65b574d703587ccea5f0b519",,"1","51","5","2","5","5","1","0","649","1167","1","0","1","2","0.22","0.45","0","0",,,"0","175","2024-03-07 15:53:11"
"570b7b5fb9b52b00102d96f9",,"3","29","15","2","5","5","1","0","500","751","1","0","1","4","0.12","0.88","0","0",,,"1","90","2024-03-07 15:53:12"
"6266a599c7361af8b51a95e0",,"2","61","12","2","5","5","0","1","449","533","0","1","1","4","0.12","0.71","0","0",,,"1","205","2024-03-07 15:53:13"
"63617bda4e6367b26d53da86",,"2","1","12","2","5","5","0","1","1001","1688","0","1","1","4","0.12","0.71","0","0",,,"1","5","2024-03-07 15:53:14"
"5610c4ea7ffc8a0005811504",,"2","11","0","2","5","5","0","1","982","1316","0","1","1","1","0.16","0.29","0","0",,,"0","50","2024-03-07 15:53:14"
"65b574d703587ccea5f0b519",,"1","52","6","2","5","5","1","0","816","1317","1","0","2","3","0.37","0.63","0","0",,,"0","175","2024-03-07 15:53:14"
"570b7b5fb9b52b00102d96f9",,"3","30","8","2","5","5","1","0","767","985","1","0","1","2","0.12","0.45","0","0",,,"1","95","2024-03-07 15:53:15"
"6266a599c7361af8b51a95e0",,"2","62","8","2","5","5","0","1","782","866","0","1","1","2","0.12","0.45","0","0",,,"1","210","2024-03-07 15:53:15"
"5610c4ea7ffc8a0005811504",,"2","12","9","2","5","5","1","0","599","1001","1","0","1","4","0.29","0.71","0","0",,,"1","55","2024-03-07 15:53:17"
"63617bda4e6367b26d53da86",,"2","2","2","2","5","5","1","0","1084","1703","1","0","1","2","0.22","0.37","0","0",,,"1","10","2024-03-07 15:53:17"
"65b574d703587ccea5f0b519",,"1","53","12","2","5","5","0","1","466","999","0","1","1","4","0.12","0.71","0","0",,,"1","180","2024-03-07 15:53:17"
"570b7b5fb9b52b00102d96f9",,"3","31","10","2","5","5","0","1","567","801","0","1","1","3","0.16","0.63","0","0",,,"1","100","2024-03-07 15:53:18"
"6266a599c7361af8b51a95e0",,"2","63","0","1","5","5","1","1","582","716","1","0","1","1","0.16","0.29","0","0",,,"0","210","2024-03-07 15:53:18"
"65b574d703587ccea5f0b519",,"1","54","7","1","5","5","1","1","866","1399","1","0","3","4","0.55","0.88","0","0",,,"1","185","2024-03-07 15:53:20"
"63617bda4e6367b26d53da86",,"2","3","13","2","5","5","0","1","1054","1706","0","1","1","4","0.29","0.88","0","0",,,"1","15","2024-03-07 15:53:20"
"570b7b5fb9b52b00102d96f9",,"3","32","5","2","5","5","0","1","450","967","1","1","1","2","0.22","0.45","0","0",,,"0","100","2024-03-07 15:53:20"
"570b7b5fb9b52b00102d96f9",,"3","33","7","2","5","5","0","1","416","683","0","1","3","4","0.55","0.88","0","0",,,"1","105","2024-03-07 15:53:23"
"65b574d703587ccea5f0b519",,"1","55","3","1","5","5","1","1","816","1416","1","0","3","4","0.63","0.78","0","0",,,"1","190","2024-03-07 15:53:23"
"63617bda4e6367b26d53da86",,"2","4","7","2","5","5","0","1","951","1570","0","1","3","4","0.55","0.88","0","0",,,"0","15","2024-03-07 15:53:24"
"570b7b5fb9b52b00102d96f9",,"3","34","1","2","5","5","0","1","517","734","0","1","4","4","0.71","0.84","0","0",,,"1","110","2024-03-07 15:53:26"
"65b574d703587ccea5f0b519",,"1","56","2","2","5","5","1","0","782","1383","1","0","1","2","0.22","0.37","0","0",,,"0","190","2024-03-07 15:53:26"
"63617bda4e6367b26d53da86",,"2","5","0","1","5","5","1","1","950","1603","1","0","1","1","0.16","0.29","0","0",,,"0","15","2024-03-07 15:53:27"
"570b7b5fb9b52b00102d96f9",,"3","35","14","2","5","5","1","0","668","818","1","0","1","4","0.16","0.84","0","0",,,"1","115","2024-03-07 15:53:28"
"65b574d703587ccea5f0b519",,"1","57","8","2","5","5","1","0","882","1400","1","0","1","2","0.12","0.45","0","0",,,"1","195","2024-03-07 15:53:29"
"63617bda4e6367b26d53da86",,"2","6","14","2","5","5","0","1","1017","1622","0","1","1","4","0.16","0.84","0","0",,,"1","20","2024-03-07 15:53:30"
"570b7b5fb9b52b00102d96f9",,"3","36","4","2","5","5","1","0","518","717","1","0","3","4","0.55","0.78","0","0",,,"1","120","2024-03-07 15:53:31"
"65b574d703587ccea5f0b519",,"1","58","1","1","5","5","1","1","733","1349","1","0","4","4","0.71","0.84","0","0",,,"0","195","2024-03-07 15:53:33"
"570b7b5fb9b52b00102d96f9",,"3","37","9","2","5","5","0","1","467","651","0","1","1","4","0.29","0.71","0","0",,,"1","125","2024-03-07 15:53:33"
"63617bda4e6367b26d53da86",,"2","7","0","2","5","5","1","0","1151","2021","1","0","1","1","0.16","0.29","0","0",,,"0","20","2024-03-07 15:53:34"
"570b7b5fb9b52b00102d96f9",,"3","38","3","2","5","5","0","1","617","818","0","1","3","4","0.63","0.78","0","0",,,"1","130","2024-03-07 15:53:36"
"65b574d703587ccea5f0b519",,"1","59","8","2","5","5","1","0","649","1600","1","0","1","2","0.12","0.45","0","0",,,"0","195","2024-03-07 15:53:36"
"63617bda4e6367b26d53da86",,"2","8","14","2","5","5","0","1","1103","1640","0","1","1","4","0.16","0.84","0","0",,,"1","25","2024-03-07 15:53:38"
"570b7b5fb9b52b00102d96f9",,"3","39","5","2","5","5","0","1","584","785","0","1","1","2","0.22","0.45","0","0",,,"1","135","2024-03-07 15:53:38"
"5610c4ea7ffc8a0005811504",,"2","13","6","0","5","5","0","0","698","0","0","1","2","3","0.37","0.63","0","0",,,"0","55","2024-03-07 15:53:38"
"65b574d703587ccea5f0b519",,"1","60","5","2","5","5","1","0","766","1717","1","0","1","2","0.22","0.45","0","0",,,"1","200","2024-03-07 15:53:39"
"570b7b5fb9b52b00102d96f9",,"3","40","7","2","5","5","0","1","567","751","0","1","3","4","0.55","0.88","0","0",,,"1","140","2024-03-07 15:53:41"
"63617bda4e6367b26d53da86",,"2","9","5","2","5","5","0","1","1069","1670","0","1","1","2","0.22","0.45","0","0",,,"0","25","2024-03-07 15:53:41"
"5610c4ea7ffc8a0005811504",,"2","14","6","2","5","5","1","0","1666","1950","1","0","2","3","0.37","0.63","0","0",,,"1","60","2024-03-07 15:53:42"
"65b574d703587ccea5f0b519",,"1","61","0","2","5","5","0","1","866","1416","0","1","1","1","0.16","0.29","0","0",,,"0","200","2024-03-07 15:53:43"
"570b7b5fb9b52b00102d96f9",,"3","41","6","2","5","5","1","0","567","734","1","0","2","3","0.37","0.63","0","0",,,"1","145","2024-03-07 15:53:43"
"63617bda4e6367b26d53da86",,"2","10","6","2","5","5","0","1","1101","1892","0","1","2","3","0.37","0.63","0","0",,,"1","30","2024-03-07 15:53:45"
"5610c4ea7ffc8a0005811504",,"2","15","14","2","5","5","0","1","849","1216","0","1","1","4","0.16","0.84","0","0",,,"1","65","2024-03-07 15:53:45"
"570b7b5fb9b52b00102d96f9",,"3","42","0","2","5","5","0","1","451","784","0","1","1","1","0.16","0.29","0","0",,,"1","150","2024-03-07 15:53:46"
"65b574d703587ccea5f0b519",,"1","62","11","2","5","5","0","1","933","1484","0","1","2","4","0.37","0.84","0","0",,,"1","205","2024-03-07 15:53:46"
"63617bda4e6367b26d53da86",,"2","11","10","2","5","5","0","1","985","1605","0","1","1","3","0.16","0.63","0","0",,,"1","35","2024-03-07 15:53:48"
"570b7b5fb9b52b00102d96f9",,"3","43","13","2","5","5","0","1","601","785","0","1","1","4","0.29","0.88","0","0",,,"1","155","2024-03-07 15:53:48"
"6266a599c7361af8b51a95e0",,"3","0","14","2","5","5","0","1","633","734","0","1","1","4","0.16","0.84","0","0",,,"1","5","2024-03-07 15:53:48"
"5610c4ea7ffc8a0005811504",,"2","16","10","2","5","5","1","0","599","1550","1","0","1","3","0.16","0.63","0","0",,,"1","70","2024-03-07 15:53:48"
"65b574d703587ccea5f0b519",,"1","63","2","2","5","5","1","0","666","1283","1","0","1","2","0.22","0.37","0","0",,,"0","205","2024-03-07 15:53:49"
"570b7b5fb9b52b00102d96f9",,"3","44","4","2","5","5","1","0","466","650","1","0","3","4","0.55","0.78","0","0",,,"1","160","2024-03-07 15:53:51"
"6266a599c7361af8b51a95e0",,"3","1","9","2","5","5","0","1","466","583","0","1","1","4","0.29","0.71","0","0",,,"1","10","2024-03-07 15:53:51"
"5610c4ea7ffc8a0005811504",,"2","17","11","2","5","5","1","0","715","1049","1","0","2","4","0.37","0.84","0","0",,,"1","75","2024-03-07 15:53:51"
"63617bda4e6367b26d53da86",,"2","12","4","2","5","5","0","1","1019","1739","0","1","3","4","0.55","0.78","0","0",,,"1","40","2024-03-07 15:53:51"
"6266a599c7361af8b51a95e0",,"3","2","11","2","5","5","0","1","498","599","0","1","2","4","0.37","0.84","0","0",,,"1","15","2024-03-07 15:53:53"
"570b7b5fb9b52b00102d96f9",,"3","45","1","2","5","5","0","1","668","884","0","1","4","4","0.71","0.84","0","0",,,"1","165","2024-03-07 15:53:53"
"5610c4ea7ffc8a0005811504",,"2","18","3","2","5","5","0","1","549","1016","0","1","3","4","0.63","0.78","0","0",,,"1","80","2024-03-07 15:53:54"
"63617bda4e6367b26d53da86",,"2","13","11","2","5","5","0","1","985","1654","0","1","2","4","0.37","0.84","0","0",,,"1","45","2024-03-07 15:53:55"
"570b7b5fb9b52b00102d96f9",,"3","46","6","2","5","5","0","1","667","884","0","1","2","3","0.37","0.63","0","0",,,"0","165","2024-03-07 15:53:56"
"6266a599c7361af8b51a95e0",,"3","3","5","2","5","5","1","0","1047","1199","1","0","1","2","0.22","0.45","0","0",,,"0","15","2024-03-07 15:53:56"
"5610c4ea7ffc8a0005811504",,"2","19","12","2","5","5","0","1","766","1133","0","1","1","4","0.12","0.71","0","0",,,"0","80","2024-03-07 15:53:57"
"63617bda4e6367b26d53da86",,"2","14","4","2","5","5","1","0","968","1687","1","0","3","4","0.55","0.78","0","0",,,"1","50","2024-03-07 15:53:58"
"570b7b5fb9b52b00102d96f9",,"3","47","3","2","5","5","0","1","451","734","0","1","3","4","0.63","0.78","0","0",,,"1","170","2024-03-07 15:53:59"
"6266a599c7361af8b51a95e0",,"3","4","0","1","5","5","0","0","732","833","0","1","1","1","0.16","0.29","0","0",,,"0","15","2024-03-07 15:53:59"
"5610c4ea7ffc8a0005811504",,"2","20","14","2","5","5","0","1","765","1103","0","1","1","4","0.16","0.84","0","0",,,"1","85","2024-03-07 15:54:00"
"63617bda4e6367b26d53da86",,"2","15","4","2","5","5","0","1","917","1589","0","1","3","4","0.55","0.78","0","0",,,"1","55","2024-03-07 15:54:01"
"570b7b5fb9b52b00102d96f9",,"3","48","7","2","5","5","1","0","551","718","1","0","3","4","0.55","0.88","0","0",,,"1","175","2024-03-07 15:54:01"
"6266a599c7361af8b51a95e0",,"3","5","5","2","5","5","1","0","699","799","1","0","1","2","0.22","0.45","0","0",,,"1","20","2024-03-07 15:54:02"
"5610c4ea7ffc8a0005811504",,"2","21","15","2","5","5","0","1","716","1100","0","1","1","4","0.12","0.88","0","0",,,"1","90","2024-03-07 15:54:03"
"570b7b5fb9b52b00102d96f9",,"3","49","11","2","5","5","0","1","567","817","0","1","2","4","0.37","0.84","0","0",,,"1","180","2024-03-07 15:54:04"
"6266a599c7361af8b51a95e0",,"3","6","8","2","5","5","0","1","649","803","0","1","1","2","0.12","0.45","0","0",,,"1","25","2024-03-07 15:54:04"
"63617bda4e6367b26d53da86",,"2","16","2","2","5","5","1","0","1021","1690","1","0","1","2","0.22","0.37","0","0",,,"0","55","2024-03-07 15:54:04"
"5610c4ea7ffc8a0005811504",,"2","22","12","2","5","5","1","0","749","1184","1","0","1","4","0.12","0.71","0","0",,,"0","90","2024-03-07 15:54:06"
"570b7b5fb9b52b00102d96f9",,"3","50","10","2","5","5","1","0","533","734","1","0","1","3","0.16","0.63","0","0",,,"1","185","2024-03-07 15:54:06"
"6266a599c7361af8b51a95e0",,"3","7","4","2","5","5","0","1","616","751","0","1","3","4","0.55","0.78","0","0",,,"1","30","2024-03-07 15:54:07"
"63617bda4e6367b26d53da86",,"2","17","6","2","5","5","0","1","1001","1555","0","1","2","3","0.37","0.63","0","0",,,"1","60","2024-03-07 15:54:08"
"5610c4ea7ffc8a0005811504",,"2","23","3","2","5","5","0","1","766","1132","0","1","3","4","0.63","0.78","0","0",,,"1","95","2024-03-07 15:54:09"
"570b7b5fb9b52b00102d96f9",,"3","51","9","2","5","5","1","0","667","834","1","0","1","4","0.29","0.71","0","0",,,"1","190","2024-03-07 15:54:09"
"6266a599c7361af8b51a95e0",,"3","8","1","2","5","5","1","0","681","850","1","0","4","4","0.71","0.84","0","0",,,"1","35","2024-03-07 15:54:09"
"63617bda4e6367b26d53da86",,"2","18","10","2","5","5","1","0","1033","1735","1","0","1","3","0.16","0.63","0","0",,,"0","60","2024-03-07 15:54:11"
"570b7b5fb9b52b00102d96f9",,"3","52","6","2","5","5","1","0","517","717","1","0","2","3","0.37","0.63","0","0",,,"1","195","2024-03-07 15:54:11"
"5610c4ea7ffc8a0005811504",,"2","24","13","2","5","5","1","0","682","1016","1","0","1","4","0.29","0.88","0","0",,,"1","100","2024-03-07 15:54:11"
"6266a599c7361af8b51a95e0",,"3","9","2","2","5","5","0","1","716","866","0","1","1","2","0.22","0.37","0","0",,,"1","40","2024-03-07 15:54:12"
"570b7b5fb9b52b00102d96f9",,"3","53","6","2","5","5","1","0","567","851","1","0","2","3","0.37","0.63","0","0",,,"0","195","2024-03-07 15:54:14"
"63617bda4e6367b26d53da86",,"2","19","13","2","5","5","1","0","1017","1570","1","0","1","4","0.29","0.88","0","0",,,"1","65","2024-03-07 15:54:15"
"5610c4ea7ffc8a0005811504",,"2","25","10","2","5","5","1","0","766","1551","1","0","1","3","0.16","0.63","0","0",,,"1","105","2024-03-07 15:54:15"
"6266a599c7361af8b51a95e0",,"3","10","12","2","5","5","1","0","648","750","1","0","1","4","0.12","0.71","0","0",,,"0","40","2024-03-07 15:54:15"
"570b7b5fb9b52b00102d96f9",,"3","54","2","2","5","5","1","0","450","1017","1","1","1","2","0.22","0.37","0","0",,,"0","195","2024-03-07 15:54:17"
"5610c4ea7ffc8a0005811504",,"2","26","8","2","5","5","1","0","832","1199","1","0","1","2","0.12","0.45","0","0",,,"1","110","2024-03-07 15:54:17"
"6266a599c7361af8b51a95e0",,"3","11","5","2","5","5","1","0","766","883","1","0","1","2","0.22","0.45","0","0",,,"0","40","2024-03-07 15:54:17"
"63617bda4e6367b26d53da86",,"2","20","6","2","5","5","1","0","919","1536","1","0","2","3","0.37","0.63","0","0",,,"1","70","2024-03-07 15:54:18"
"570b7b5fb9b52b00102d96f9",,"3","55","2","2","5","5","0","1","650","833","0","1","1","2","0.22","0.37","0","0",,,"0","195","2024-03-07 15:54:20"
"5610c4ea7ffc8a0005811504",,"2","27","6","2","5","5","0","1","632","983","0","1","2","3","0.37","0.63","0","0",,,"1","115","2024-03-07 15:54:20"
"6266a599c7361af8b51a95e0",,"3","12","1","2","5","5","0","1","699","1168","0","1","4","4","0.71","0.84","0","0",,,"1","45","2024-03-07 15:54:21"
"63617bda4e6367b26d53da86",,"2","21","8","2","5","5","1","0","1069","1703","1","0","1","2","0.12","0.45","0","0",,,"1","75","2024-03-07 15:54:21"
"570b7b5fb9b52b00102d96f9",,"3","56","12","2","5","5","0","1","751","917","0","1","1","4","0.12","0.71","0","0",,,"0","195","2024-03-07 15:54:22"
"5610c4ea7ffc8a0005811504",,"2","28","15","2","5","5","1","0","666","1183","1","0","1","4","0.12","0.88","0","0",,,"1","120","2024-03-07 15:54:23"
"6266a599c7361af8b51a95e0",,"3","13","0","2","5","5","0","1","749","1266","1","1","1","1","0.16","0.29","0","0",,,"1","50","2024-03-07 15:54:23"
"63617bda4e6367b26d53da86",,"2","22","2","2","5","5","0","1","1084","1786","0","1","1","2","0.22","0.37","0","0",,,"0","75","2024-03-07 15:54:24"
"570b7b5fb9b52b00102d96f9",,"3","57","8","2","5","5","0","1","601","801","0","1","1","2","0.12","0.45","0","0",,,"0","195","2024-03-07 15:54:25"
"5610c4ea7ffc8a0005811504",,"2","29","14","2","5","5","0","1","582","950","0","1","1","4","0.16","0.84","0","0",,,"1","125","2024-03-07 15:54:26"
"6266a599c7361af8b51a95e0",,"3","14","13","2","5","5","0","1","549","666","0","1","1","4","0.29","0.88","0","0",,,"1","55","2024-03-07 15:54:26"
"63617bda4e6367b26d53da86",,"2","23","3","2","5","5","0","1","968","1487","0","1","3","4","0.63","0.78","0","0",,,"1","80","2024-03-07 15:54:28"
"570b7b5fb9b52b00102d96f9",,"3","58","12","2","5","5","1","0","634","817","1","0","1","4","0.12","0.71","0","0",,,"0","195","2024-03-07 15:54:28"
"6266a599c7361af8b51a95e0",,"3","15","4","2","5","5","0","1","532","599","0","1","3","4","0.55","0.78","0","0",,,"1","60","2024-03-07 15:54:28"
"5610c4ea7ffc8a0005811504",,"2","30","7","2","5","5","1","0","1183","1583","1","0","3","4","0.55","0.88","0","0",,,"1","130","2024-03-07 15:54:29"
"570b7b5fb9b52b00102d96f9",,"3","59","15","2","5","5","0","1","517","717","0","1","1","4","0.12","0.88","0","0",,,"1","200","2024-03-07 15:54:31"
"63617bda4e6367b26d53da86",,"2","24","5","2","5","5","0","1","1134","1719","0","1","1","2","0.22","0.45","0","0",,,"0","80","2024-03-07 15:54:31"
"6266a599c7361af8b51a95e0",,"3","16","0","2","5","5","1","0","732","883","1","0","1","1","0.16","0.29","0","0",,,"0","60","2024-03-07 15:54:31"
"5610c4ea7ffc8a0005811504",,"2","31","0","2","5","5","1","0","1248","1616","1","0","1","1","0.16","0.29","0","0",,,"1","135","2024-03-07 15:54:32"
"570b7b5fb9b52b00102d96f9",,"3","60","3","2","5","5","1","0","617","834","1","0","3","4","0.63","0.78","0","0",,,"1","205","2024-03-07 15:54:33"
"6266a599c7361af8b51a95e0",,"3","17","6","2","5","5","1","0","750","833","1","0","2","3","0.37","0.63","0","0",,,"1","65","2024-03-07 15:54:34"
"63617bda4e6367b26d53da86",,"2","25","0","2","5","5","1","0","1152","1772","1","0","1","1","0.16","0.29","0","0",,,"1","85","2024-03-07 15:54:35"
"5610c4ea7ffc8a0005811504",,"2","32","7","2","5","5","0","1","666","1016","0","1","3","4","0.55","0.88","0","0",,,"1","140","2024-03-07 15:54:35"
"570b7b5fb9b52b00102d96f9",,"3","61","14","2","5","5","0","1","517","768","0","1","1","4","0.16","0.84","0","0",,,"1","210","2024-03-07 15:54:36"
"6266a599c7361af8b51a95e0",,"3","18","7","2","5","5","0","1","533","616","0","1","3","4","0.55","0.88","0","0",,,"1","70","2024-03-07 15:54:36"
"65b574d703587ccea5f0b519",,"2","0","13","1","5","5","1","1","1049","1616","1","0","1","4","0.29","0.88","0","0",,,"0","0","2024-03-07 15:54:37"
"5610c4ea7ffc8a0005811504",,"2","33","13","2","5","5","0","1","615","999","0","1","1","4","0.29","0.88","0","0",,,"1","145","2024-03-07 15:54:38"
"63617bda4e6367b26d53da86",,"2","26","5","2","5","5","0","1","1035","1620","0","1","1","2","0.22","0.45","0","0",,,"0","85","2024-03-07 15:54:38"
"570b7b5fb9b52b00102d96f9",,"3","62","9","2","5","5","1","0","551","751","1","0","1","4","0.29","0.71","0","0",,,"1","215","2024-03-07 15:54:38"
"6266a599c7361af8b51a95e0",,"3","19","12","2","5","5","1","0","533","616","1","0","1","4","0.12","0.71","0","0",,,"1","75","2024-03-07 15:54:39"
"65b574d703587ccea5f0b519",,"2","1","1","2","5","5","0","1","916","1534","0","1","4","4","0.71","0.84","0","0",,,"1","5","2024-03-07 15:54:40"
"5610c4ea7ffc8a0005811504",,"2","34","14","2","5","5","0","1","599","966","0","1","1","4","0.16","0.84","0","0",,,"1","150","2024-03-07 15:54:41"
"570b7b5fb9b52b00102d96f9",,"3","63","13","2","5","5","1","0","616","784","1","0","1","4","0.29","0.88","0","0",,,"1","220","2024-03-07 15:54:41"
"6266a599c7361af8b51a95e0",,"3","20","3","2","5","5","0","1","532","633","0","1","3","4","0.63","0.78","0","0",,,"1","80","2024-03-07 15:54:41"
"63617bda4e6367b26d53da86",,"2","27","8","2","5","5","1","0","1153","1855","1","0","1","2","0.12","0.45","0","0",,,"0","85","2024-03-07 15:54:42"
"65b574d703587ccea5f0b519",,"2","2","14","2","5","5","0","1","765","1400","0","1","1","4","0.16","0.84","0","0",,,"1","10","2024-03-07 15:54:43"
"5610c4ea7ffc8a0005811504",,"2","35","2","2","5","5","0","1","966","1300","0","1","1","2","0.22","0.37","0","0",,,"0","150","2024-03-07 15:54:43"
"6266a599c7361af8b51a95e0",,"3","21","1","2","5","5","1","0","1017","1133","1","0","4","4","0.71","0.84","0","0",,,"1","85","2024-03-07 15:54:44"
"63617bda4e6367b26d53da86",,"2","28","8","2","5","5","1","0","1035","1672","1","0","1","2","0.12","0.45","0","0",,,"0","85","2024-03-07 15:54:45"
"65b574d703587ccea5f0b519",,"2","3","9","2","5","5","0","1","766","1349","0","1","1","4","0.29","0.71","0","0",,,"1","15","2024-03-07 15:54:46"
"5610c4ea7ffc8a0005811504",,"2","36","1","2","5","5","0","1","666","1016","0","1","4","4","0.71","0.84","0","0",,,"1","155","2024-03-07 15:54:47"
"6266a599c7361af8b51a95e0",,"3","22","9","2","5","5","1","0","765","916","1","0","1","4","0.29","0.71","0","0",,,"1","90","2024-03-07 15:54:47"
"63617bda4e6367b26d53da86",,"2","29","13","2","5","5","1","0","933","1474","1","0","1","4","0.29","0.88","0","0",,,"1","90","2024-03-07 15:54:48"
"65b574d703587ccea5f0b519",,"2","4","6","2","5","5","0","1","682","1283","0","1","2","3","0.37","0.63","0","0",,,"1","20","2024-03-07 15:54:49"
"6266a599c7361af8b51a95e0",,"3","23","10","2","5","5","1","0","482","599","1","0","1","3","0.16","0.63","0","0",,,"1","95","2024-03-07 15:54:49"
"5610c4ea7ffc8a0005811504",,"2","37","15","2","5","5","1","0","566","933","1","0","1","4","0.12","0.88","0","0",,,"1","160","2024-03-07 15:54:49"
"6266a599c7361af8b51a95e0",,"3","24","11","2","5","5","0","1","500","633","0","1","2","4","0.37","0.84","0","0",,,"1","100","2024-03-07 15:54:52"
"5610c4ea7ffc8a0005811504",,"2","38","4","2","5","5","0","1","515","900","0","1","3","4","0.55","0.78","0","0",,,"0","160","2024-03-07 15:54:52"
"65b574d703587ccea5f0b519",,"2","5","12","2","5","5","1","0","699","1433","1","0","1","4","0.12","0.71","0","0",,,"1","25","2024-03-07 15:54:52"
"63617bda4e6367b26d53da86",,"2","30","5","2","5","5","0","1","1118","1837","0","1","1","2","0.22","0.45","0","0",,,"0","90","2024-03-07 15:54:52"
"6266a599c7361af8b51a95e0",,"3","25","3","2","5","5","0","1","550","650","0","1","3","4","0.63","0.78","0","0",,,"1","105","2024-03-07 15:54:54"
"5610c4ea7ffc8a0005811504",,"2","39","5","2","5","5","1","0","749","1153","1","0","1","2","0.22","0.45","0","0",,,"0","160","2024-03-07 15:54:55"
"65b574d703587ccea5f0b519",,"2","6","7","2","5","5","1","0","816","1451","1","0","3","4","0.55","0.88","0","0",,,"1","30","2024-03-07 15:54:55"
"63617bda4e6367b26d53da86",,"2","31","11","2","5","5","0","1","1106","1737","0","1","2","4","0.37","0.84","0","0",,,"1","95","2024-03-07 15:54:56"
"6266a599c7361af8b51a95e0",,"3","26","14","2","5","5","0","1","798","915","0","1","1","4","0.16","0.84","0","0",,,"1","110","2024-03-07 15:54:57"
"5610c4ea7ffc8a0005811504",,"2","40","5","2","5","5","1","0","982","1384","1","0","1","2","0.22","0.45","0","0",,,"0","160","2024-03-07 15:54:58"
"65b574d703587ccea5f0b519",,"2","7","11","1","5","5","0","0","1082","1633","0","1","2","4","0.37","0.84","0","0",,,"0","30","2024-03-07 15:54:58"
"6266a599c7361af8b51a95e0",,"3","27","13","2","5","5","0","1","481","598","0","1","1","4","0.29","0.88","0","0",,,"1","115","2024-03-07 15:54:59"
"63617bda4e6367b26d53da86",,"2","32","1","1","5","5","0","0","1602","2142","0","1","4","4","0.71","0.84","0","0",,,"1","100","2024-03-07 15:54:59"
"65b574d703587ccea5f0b519",,"2","8","14","2","5","5","0","1","783","1333","0","1","1","4","0.16","0.84","0","0",,,"1","35","2024-03-07 15:55:02"
"6266a599c7361af8b51a95e0",,"3","28","3","2","5","5","1","0","482","582","1","0","3","4","0.63","0.78","0","0",,,"1","120","2024-03-07 15:55:02"
"5610c4ea7ffc8a0005811504",,"2","41","2","2","5","5","1","0","1234","2217","1","1","1","2","0.22","0.37","0","0",,,"1","165","2024-03-07 15:55:02"
"63617bda4e6367b26d53da86",,"2","33","9","2","5","5","1","0","1070","1804","1","0","1","4","0.29","0.71","0","0",,,"0","100","2024-03-07 15:55:03"
"6266a599c7361af8b51a95e0",,"3","29","14","2","5","5","0","1","449","516","0","1","1","4","0.16","0.84","0","0",,,"1","125","2024-03-07 15:55:04"
"65b574d703587ccea5f0b519",,"2","9","11","2","5","5","0","1","666","1233","0","1","2","4","0.37","0.84","0","0",,,"1","40","2024-03-07 15:55:04"
"5610c4ea7ffc8a0005811504",,"2","42","3","2","5","5","1","0","1016","1317","1","0","3","4","0.63","0.78","0","0",,,"1","170","2024-03-07 15:55:05"
"63617bda4e6367b26d53da86",,"2","34","7","2","5","5","1","0","1100","1889","1","0","3","4","0.55","0.88","0","0",,,"1","105","2024-03-07 15:55:06"
"6266a599c7361af8b51a95e0",,"3","30","6","2","5","5","0","1","582","683","0","1","2","3","0.37","0.63","0","0",,,"1","130","2024-03-07 15:55:06"
"5610c4ea7ffc8a0005811504",,"2","43","4","2","5","5","0","1","582","933","0","1","3","4","0.55","0.78","0","0",,,"1","175","2024-03-07 15:55:08"
"65b574d703587ccea5f0b519",,"2","10","15","2","5","5","1","0","1649","2133","1","0","1","4","0.12","0.88","0","0",,,"1","45","2024-03-07 15:55:08"
"6266a599c7361af8b51a95e0",,"3","31","12","2","5","5","0","1","699","800","0","1","1","4","0.12","0.71","0","0",,,"1","135","2024-03-07 15:55:09"
"63617bda4e6367b26d53da86",,"2","35","1","2","5","5","1","0","1402","2005","1","0","4","4","0.71","0.84","0","0",,,"1","110","2024-03-07 15:55:10"
"65b574d703587ccea5f0b519",,"2","11","6","2","5","5","1","0","882","1450","1","0","2","3","0.37","0.63","0","0",,,"1","50","2024-03-07 15:55:11"
"5610c4ea7ffc8a0005811504",,"2","44","8","2","5","5","0","1","1032","1765","0","1","1","2","0.12","0.45","0","0",,,"1","180","2024-03-07 15:55:11"
"6266a599c7361af8b51a95e0",,"3","32","11","2","5","5","1","0","483","600","1","0","2","4","0.37","0.84","0","0",,,"1","140","2024-03-07 15:55:11"
"63617bda4e6367b26d53da86",,"2","36","3","2","5","5","1","0","967","1704","1","0","3","4","0.63","0.78","0","0",,,"0","110","2024-03-07 15:55:13"
"65b574d703587ccea5f0b519",,"2","12","8","2","5","5","0","1","849","1367","0","1","1","2","0.12","0.45","0","0",,,"0","50","2024-03-07 15:55:14"
"5610c4ea7ffc8a0005811504",,"2","45","7","2","5","5","0","1","766","1183","0","1","3","4","0.55","0.88","0","0",,,"1","185","2024-03-07 15:55:14"
"6266a599c7361af8b51a95e0",,"3","33","2","1","5","5","0","0","1050","1400","0","1","1","2","0.22","0.37","0","0",,,"0","140","2024-03-07 15:55:14"
"63617bda4e6367b26d53da86",,"2","37","15","2","5","5","0","1","920","1643","0","1","1","4","0.12","0.88","0","0",,,"1","115","2024-03-07 15:55:17"
"5610c4ea7ffc8a0005811504",,"2","46","5","2","5","5","0","1","950","1300","0","1","1","2","0.22","0.45","0","0",,,"1","190","2024-03-07 15:55:17"
"6266a599c7361af8b51a95e0",,"3","34","0","2","5","5","1","0","716","833","1","0","1","1","0.16","0.29","0","0",,,"0","140","2024-03-07 15:55:17"
"65b574d703587ccea5f0b519",,"2","13","11","2","5","5","1","0","549","1250","1","0","2","4","0.37","0.84","0","0",,,"1","55","2024-03-07 15:55:17"
"6266a599c7361af8b51a95e0",,"3","35","7","2","5","5","0","1","534","651","0","1","3","4","0.55","0.88","0","0",,,"1","145","2024-03-07 15:55:20"
"5610c4ea7ffc8a0005811504",,"2","47","13","2","5","5","0","1","682","1049","0","1","1","4","0.29","0.88","0","0",,,"1","195","2024-03-07 15:55:20"
"63617bda4e6367b26d53da86",,"2","38","12","2","5","5","1","0","1035","1704","1","0","1","4","0.12","0.71","0","0",,,"1","120","2024-03-07 15:55:20"
"65b574d703587ccea5f0b519",,"2","14","13","2","5","5","1","0","966","1516","1","0","1","4","0.29","0.88","0","0",,,"1","60","2024-03-07 15:55:21"
"6266a599c7361af8b51a95e0",,"3","36","10","2","5","5","0","1","499","583","0","1","1","3","0.16","0.63","0","0",,,"1","150","2024-03-07 15:55:22"
"5610c4ea7ffc8a0005811504",,"2","48","4","2","5","5","0","1","700","1083","0","1","3","4","0.55","0.78","0","0",,,"1","200","2024-03-07 15:55:23"
"63617bda4e6367b26d53da86",,"2","39","12","2","5","5","1","0","1001","1719","1","0","1","4","0.12","0.71","0","0",,,"1","125","2024-03-07 15:55:23"
"65b574d703587ccea5f0b519",,"2","15","1","1","5","5","0","0","966","1550","0","1","4","4","0.71","0.84","0","0",,,"1","65","2024-03-07 15:55:24"
"6266a599c7361af8b51a95e0",,"3","37","11","2","5","5","0","1","516","633","0","1","2","4","0.37","0.84","0","0",,,"1","155","2024-03-07 15:55:25"
"5610c4ea7ffc8a0005811504",,"2","49","2","2","5","5","0","1","849","1216","0","1","1","2","0.22","0.37","0","0",,,"1","205","2024-03-07 15:55:26"
"63617bda4e6367b26d53da86",,"2","40","15","2","5","5","1","0","983","1602","1","0","1","4","0.12","0.88","0","0",,,"1","130","2024-03-07 15:55:27"
"65b574d703587ccea5f0b519",,"2","16","13","2","5","5","0","1","733","1250","0","1","1","4","0.29","0.88","0","0",,,"1","70","2024-03-07 15:55:27"
"6266a599c7361af8b51a95e0",,"3","38","8","2","5","5","0","1","533","650","0","1","1","2","0.12","0.45","0","0",,,"1","160","2024-03-07 15:55:27"
"5610c4ea7ffc8a0005811504",,"2","50","12","2","5","5","0","1","766","1149","0","1","1","4","0.12","0.71","0","0",,,"1","210","2024-03-07 15:55:29"
"65b574d703587ccea5f0b519",,"2","17","13","2","5","5","0","1","766","1300","0","1","1","4","0.29","0.88","0","0",,,"0","70","2024-03-07 15:55:30"
"63617bda4e6367b26d53da86",,"2","41","14","2","5","5","0","1","1002","1640","0","1","1","4","0.16","0.84","0","0",,,"1","135","2024-03-07 15:55:30"
"6266a599c7361af8b51a95e0",,"3","39","4","2","5","5","1","0","565","700","1","0","3","4","0.55","0.78","0","0",,,"1","165","2024-03-07 15:55:30"
"5610c4ea7ffc8a0005811504",,"2","51","0","2","5","5","1","0","865","1232","1","0","1","1","0.16","0.29","0","0",,,"1","215","2024-03-07 15:55:31"
"6266a599c7361af8b51a95e0",,"3","40","7","2","5","5","1","0","481","584","1","0","3","4","0.55","0.88","0","0",,,"1","170","2024-03-07 15:55:32"
"65b574d703587ccea5f0b519",,"2","18","5","2","5","5","0","1","865","1400","0","1","1","2","0.22","0.45","0","0",,,"0","70","2024-03-07 15:55:33"
"63617bda4e6367b26d53da86",,"2","42","10","2","5","5","1","0","1085","1769","1","0","1","3","0.16","0.63","0","0",,,"0","135","2024-03-07 15:55:33"
"5610c4ea7ffc8a0005811504",,"2","52","9","2","5","5","0","1","549","900","0","1","1","4","0.29","0.71","0","0",,,"0","215","2024-03-07 15:55:34"
"6266a599c7361af8b51a95e0",,"3","41","2","2","5","5","1","0","1150","1283","1","0","1","2","0.22","0.37","0","0",,,"1","175","2024-03-07 15:55:35"
"65b574d703587ccea5f0b519",,"2","19","0","1","5","5","1","1","733","1251","1","0","1","1","0.16","0.29","0","0",,,"0","70","2024-03-07 15:55:36"
"63617bda4e6367b26d53da86",,"2","43","2","2","5","5","1","0","1187","1790","1","0","1","2","0.22","0.37","0","0",,,"0","135","2024-03-07 15:55:37"
"5610c4ea7ffc8a0005811504",,"2","53","1","2","5","5","0","1","699","1120","0","1","4","4","0.71","0.84","0","0",,,"1","220","2024-03-07 15:55:37"
"6266a599c7361af8b51a95e0",,"3","42","12","2","5","5","1","0","633","801","1","0","1","4","0.12","0.71","0","0",,,"1","180","2024-03-07 15:55:38"
"65b574d703587ccea5f0b519",,"2","20","2","2","5","5","0","1","732","1233","0","1","1","2","0.22","0.37","0","0",,,"1","75","2024-03-07 15:55:39"
"5610c4ea7ffc8a0005811504",,"2","54","9","2","5","5","0","1","583","1000","0","1","1","4","0.29","0.71","0","0",,,"0","220","2024-03-07 15:55:40"
"6266a599c7361af8b51a95e0",,"3","43","10","2","5","5","0","1","550","684","0","1","1","3","0.16","0.63","0","0",,,"0","180","2024-03-07 15:55:40"
"63617bda4e6367b26d53da86",,"2","44","7","2","5","5","1","0","950","1755","1","0","3","4","0.55","0.88","0","0",,,"1","140","2024-03-07 15:55:40"
"65b574d703587ccea5f0b519",,"2","21","2","2","5","5","1","0","699","1250","1","0","1","2","0.22","0.37","0","0",,,"0","75","2024-03-07 15:55:42"
"5610c4ea7ffc8a0005811504",,"2","55","11","2","5","5","0","1","499","882","0","1","2","4","0.37","0.84","0","0",,,"1","225","2024-03-07 15:55:43"
"6266a599c7361af8b51a95e0",,"3","44","13","2","5","5","0","1","566","615","0","1","1","4","0.29","0.88","0","0",,,"1","185","2024-03-07 15:55:43"
"63617bda4e6367b26d53da86",,"2","45","9","2","5","5","0","1","1102","1820","0","1","1","4","0.29","0.71","0","0",,,"0","140","2024-03-07 15:55:44"
"6266a599c7361af8b51a95e0",,"3","45","13","2","5","5","1","0","382","482","1","0","1","4","0.29","0.88","0","0",,,"1","190","2024-03-07 15:55:45"
"65b574d703587ccea5f0b519",,"2","22","7","1","5","5","0","0","866","1333","0","1","3","4","0.55","0.88","0","0",,,"1","80","2024-03-07 15:55:45"
"5610c4ea7ffc8a0005811504",,"2","56","15","2","5","5","0","1","517","883","0","1","1","4","0.12","0.88","0","0",,,"1","230","2024-03-07 15:55:45"
"63617bda4e6367b26d53da86",,"2","46","12","2","5","5","1","0","717","1503","1","0","1","4","0.12","0.71","0","0",,,"1","145","2024-03-07 15:55:47"
"6266a599c7361af8b51a95e0",,"3","46","15","2","5","5","1","0","582","700","1","0","1","4","0.12","0.88","0","0",,,"0","190","2024-03-07 15:55:48"
"65b574d703587ccea5f0b519",,"2","23","3","2","5","5","0","1","749","1516","0","1","3","4","0.63","0.78","0","0",,,"1","85","2024-03-07 15:55:49"
"5610c4ea7ffc8a0005811504",,"2","57","1","2","5","5","0","1","799","1583","0","1","4","4","0.71","0.84","0","0",,,"0","230","2024-03-07 15:55:49"
"570b7b5fb9b52b00102d96f9",,"4","0","11","2","5","5","1","0","100","784","2","0","2","4","0.37","0.84","0","0",,,"0","0","2024-03-07 15:55:50"
"6266a599c7361af8b51a95e0",,"3","47","14","2","5","5","0","1","416","517","0","1","1","4","0.16","0.84","0","0",,,"1","195","2024-03-07 15:55:50"
"63617bda4e6367b26d53da86",,"2","47","3","2","5","5","1","0","884","1604","1","0","3","4","0.63","0.78","0","0",,,"1","150","2024-03-07 15:55:50"
"65b574d703587ccea5f0b519",,"2","24","4","1","5","5","0","0","816","1300","0","1","3","4","0.55","0.78","0","0",,,"1","90","2024-03-07 15:55:52"
"5610c4ea7ffc8a0005811504",,"2","58","9","2","5","5","1","0","632","1034","1","0","1","4","0.29","0.71","0","0",,,"1","235","2024-03-07 15:55:52"
"570b7b5fb9b52b00102d96f9",,"4","1","7","2","5","5","1","0","399","601","1","0","3","4","0.55","0.88","0","0",,,"1","5","2024-03-07 15:55:52"
"6266a599c7361af8b51a95e0",,"3","48","7","2","5","5","1","0","450","533","1","0","3","4","0.55","0.88","0","0",,,"1","200","2024-03-07 15:55:53"
"63617bda4e6367b26d53da86",,"2","48","14","2","5","5","0","1","1001","1637","0","1","1","4","0.16","0.84","0","0",,,"0","150","2024-03-07 15:55:54"
"65b574d703587ccea5f0b519",,"2","25","4","1","5","5","0","0","750","1250","0","1","3","4","0.55","0.78","0","0",,,"0","90","2024-03-07 15:55:54"
"5610c4ea7ffc8a0005811504",,"2","59","7","2","5","5","0","1","681","1083","0","1","3","4","0.55","0.88","0","0",,,"1","240","2024-03-07 15:55:55"
"570b7b5fb9b52b00102d96f9",,"4","2","8","2","5","5","0","1","599","800","0","1","1","2","0.12","0.45","0","0",,,"0","5","2024-03-07 15:55:55"
"6266a599c7361af8b51a95e0",,"3","49","9","2","5","5","0","1","432","515","0","1","1","4","0.29","0.71","0","0",,,"1","205","2024-03-07 15:55:55"
"63617bda4e6367b26d53da86",,"2","49","9","2","5","5","1","0","884","1572","1","0","1","4","0.29","0.71","0","0",,,"1","155","2024-03-07 15:55:57"
"570b7b5fb9b52b00102d96f9",,"4","3","10","2","5","5","1","0","534","734","1","0","1","3","0.16","0.63","0","0",,,"1","10","2024-03-07 15:55:57"
"5610c4ea7ffc8a0005811504",,"2","60","8","2","5","5","1","0","648","1299","1","0","1","2","0.12","0.45","0","0",,,"1","245","2024-03-07 15:55:58"
"6266a599c7361af8b51a95e0",,"3","50","6","2","5","5","0","1","550","717","0","1","2","3","0.37","0.63","0","0",,,"0","205","2024-03-07 15:55:58"
"65b574d703587ccea5f0b519",,"2","26","5","2","5","5","0","1","766","1316","0","1","1","2","0.22","0.45","0","0",,,"1","95","2024-03-07 15:55:58"
"570b7b5fb9b52b00102d96f9",,"4","4","12","2","5","5","0","1","533","734","0","1","1","4","0.12","0.71","0","0",,,"1","15","2024-03-07 15:56:00"
"6266a599c7361af8b51a95e0",,"3","51","3","2","5","5","1","0","649","732","1","0","3","4","0.63","0.78","0","0",,,"1","210","2024-03-07 15:56:00"
"5610c4ea7ffc8a0005811504",,"2","61","12","2","5","5","0","1","716","1049","0","1","1","4","0.12","0.71","0","0",,,"1","250","2024-03-07 15:56:00"
"63617bda4e6367b26d53da86",,"2","50","3","2","5","5","0","1","1034","1655","0","1","3","4","0.63","0.78","0","0",,,"0","155","2024-03-07 15:56:00"
"65b574d703587ccea5f0b519",,"2","27","5","2","5","5","1","0","682","1283","1","0","1","2","0.22","0.45","0","0",,,"1","100","2024-03-07 15:56:01"
"570b7b5fb9b52b00102d96f9",,"4","5","15","2","5","5","1","0","500","685","1","0","1","4","0.12","0.88","0","0",,,"0","15","2024-03-07 15:56:02"
"6266a599c7361af8b51a95e0",,"3","52","8","2","5","5","1","0","584","683","1","0","1","2","0.12","0.45","0","0",,,"1","215","2024-03-07 15:56:03"
"5610c4ea7ffc8a0005811504",,"2","62","6","2","5","5","0","1","616","1000","0","1","2","3","0.37","0.63","0","0",,,"0","250","2024-03-07 15:56:03"
"65b574d703587ccea5f0b519",,"2","28","1","1","5","5","0","0","1066","1566","0","1","4","4","0.71","0.84","0","0",,,"0","100","2024-03-07 15:56:04"
"63617bda4e6367b26d53da86",,"2","51","13","2","5","5","0","1","1136","1738","0","1","1","4","0.29","0.88","0","0",,,"1","160","2024-03-07 15:56:04"
"570b7b5fb9b52b00102d96f9",,"4","6","3","2","5","5","1","0","517","701","1","0","3","4","0.63","0.78","0","0",,,"1","20","2024-03-07 15:56:05"
"6266a599c7361af8b51a95e0",,"3","53","1","2","5","5","1","0","549","650","1","0","4","4","0.71","0.84","0","0",,,"1","220","2024-03-07 15:56:05"
"5610c4ea7ffc8a0005811504",,"2","63","13","2","5","5","0","1","583","950","0","1","1","4","0.29","0.88","0","0",,,"1","255","2024-03-07 15:56:06"
"65b574d703587ccea5f0b519",,"2","29","7","2","5","5","0","1","699","1217","0","1","3","4","0.55","0.88","0","0",,,"0","100","2024-03-07 15:56:07"
"63617bda4e6367b26d53da86",,"2","52","0","2","5","5","0","1","1068","1770","0","1","1","1","0.16","0.29","0","0",,,"0","160","2024-03-07 15:56:07"
"570b7b5fb9b52b00102d96f9",,"4","7","7","2","5","5","1","0","566","784","1","0","3","4","0.55","0.88","0","0",,,"1","25","2024-03-07 15:56:08"
"6266a599c7361af8b51a95e0",,"3","54","4","2","5","5","1","0","467","583","1","0","3","4","0.55","0.78","0","0",,,"0","220","2024-03-07 15:56:08"
"6266a599c7361af8b51a95e0",,"3","55","10","2","5","5","0","1","416","534","0","1","1","3","0.16","0.63","0","0",,,"1","225","2024-03-07 15:56:10"
"570b7b5fb9b52b00102d96f9",,"4","8","5","2","5","5","1","0","700","950","1","0","1","2","0.22","0.45","0","0",,,"0","25","2024-03-07 15:56:10"
"65b574d703587ccea5f0b519",,"2","30","2","2","5","5","1","0","733","1534","1","0","1","2","0.22","0.37","0","0",,,"0","100","2024-03-07 15:56:10"
"63617bda4e6367b26d53da86",,"2","53","1","2","5","5","1","0","801","1639","1","0","4","4","0.71","0.84","0","0",,,"1","165","2024-03-07 15:56:11"
"6266a599c7361af8b51a95e0",,"3","56","2","1","5","5","1","1","550","667","1","0","1","2","0.22","0.37","0","0",,,"0","225","2024-03-07 15:56:13"
"570b7b5fb9b52b00102d96f9",,"4","9","3","1","5","5","0","0","985","1201","0","1","3","4","0.63","0.78","0","0",,,"1","30","2024-03-07 15:56:13"
"65b574d703587ccea5f0b519",,"2","31","4","2","5","5","0","1","749","1367","0","1","3","4","0.55","0.78","0","0",,,"0","100","2024-03-07 15:56:14"
"63617bda4e6367b26d53da86",,"2","54","6","2","5","5","0","1","1051","1653","0","1","2","3","0.37","0.63","0","0",,,"0","165","2024-03-07 15:56:14"
"6266a599c7361af8b51a95e0",,"3","57","8","2","5","5","1","0","598","715","1","0","1","2","0.12","0.45","0","0",,,"1","230","2024-03-07 15:56:15"
"570b7b5fb9b52b00102d96f9",,"4","10","1","1","5","5","0","0","751","1018","0","1","4","4","0.71","0.84","0","0",,,"1","35","2024-03-07 15:56:16"
"65b574d703587ccea5f0b519",,"2","32","15","2","5","5","1","0","649","1183","1","0","1","4","0.12","0.88","0","0",,,"0","100","2024-03-07 15:56:17"
"63617bda4e6367b26d53da86",,"2","55","15","1","5","5","1","1","668","1558","1","0","1","4","0.12","0.88","0","0",,,"0","165","2024-03-07 15:56:18"
"6266a599c7361af8b51a95e0",,"3","58","15","2","5","5","0","1","666","751","0","1","1","4","0.12","0.88","0","0",,,"1","235","2024-03-07 15:56:18"
"570b7b5fb9b52b00102d96f9",,"4","11","2","2","5","5","0","1","968","1518","1","1","1","2","0.22","0.37","0","0",,,"0","35","2024-03-07 15:56:19"
"6266a599c7361af8b51a95e0",,"3","59","9","2","5","5","1","0","433","499","1","0","1","4","0.29","0.71","0","0",,,"0","235","2024-03-07 15:56:20"
"65b574d703587ccea5f0b519",,"2","33","0","2","5","5","1","0","1382","1900","1","0","1","1","0.16","0.29","0","0",,,"0","100","2024-03-07 15:56:20"
"63617bda4e6367b26d53da86",,"2","56","11","2","5","5","0","1","952","1673","0","1","2","4","0.37","0.84","0","0",,,"1","170","2024-03-07 15:56:21"
"570b7b5fb9b52b00102d96f9",,"4","12","11","2","5","5","1","0","783","1284","1","0","2","4","0.37","0.84","0","0",,,"1","40","2024-03-07 15:56:22"
"6266a599c7361af8b51a95e0",,"3","60","15","2","5","5","0","1","399","500","0","1","1","4","0.12","0.88","0","0",,,"1","240","2024-03-07 15:56:23"
"65b574d703587ccea5f0b519",,"2","34","0","2","5","5","0","1","683","1300","0","1","1","1","0.16","0.29","0","0",,,"1","105","2024-03-07 15:56:24"
"63617bda4e6367b26d53da86",,"2","57","9","2","5","5","0","1","1018","1824","0","1","1","4","0.29","0.71","0","0",,,"1","175","2024-03-07 15:56:25"
"6266a599c7361af8b51a95e0",,"3","61","5","2","5","5","0","1","499","599","0","1","1","2","0.22","0.45","0","0",,,"0","240","2024-03-07 15:56:25"
"570b7b5fb9b52b00102d96f9",,"4","13","7","2","5","5","0","1","850","1051","0","1","3","4","0.55","0.88","0","0",,,"1","45","2024-03-07 15:56:25"
"65b574d703587ccea5f0b519",,"2","35","10","2","5","5","0","1","749","1284","0","1","1","3","0.16","0.63","0","0",,,"1","110","2024-03-07 15:56:27"
"63617bda4e6367b26d53da86",,"2","58","11","2","5","5","0","1","968","1485","0","1","2","4","0.37","0.84","0","0",,,"1","180","2024-03-07 15:56:28"
"6266a599c7361af8b51a95e0",,"3","62","15","2","5","5","0","1","482","566","0","1","1","4","0.12","0.88","0","0",,,"1","245","2024-03-07 15:56:28"
"570b7b5fb9b52b00102d96f9",,"4","14","6","1","5","5","0","0","684","1367","1","1","2","3","0.37","0.63","0","0",,,"0","45","2024-03-07 15:56:28"
"65b574d703587ccea5f0b519",,"2","36","10","2","5","5","1","0","999","1617","1","0","1","3","0.16","0.63","0","0",,,"1","115","2024-03-07 15:56:30"
"6266a599c7361af8b51a95e0",,"3","63","6","2","5","5","1","0","465","569","1","0","2","3","0.37","0.63","0","0",,,"1","250","2024-03-07 15:56:30"
"63617bda4e6367b26d53da86",,"2","59","10","2","5","5","1","0","1135","1887","1","0","1","3","0.16","0.63","0","0",,,"1","185","2024-03-07 15:56:31"
"570b7b5fb9b52b00102d96f9",,"4","15","12","2","5","5","0","1","634","817","0","1","1","4","0.12","0.71","0","0",,,"1","50","2024-03-07 15:56:31"
"65b574d703587ccea5f0b519",,"2","37","9","2","5","5","0","1","682","1217","0","1","1","4","0.29","0.71","0","0",,,"1","120","2024-03-07 15:56:33"
"570b7b5fb9b52b00102d96f9",,"4","16","14","2","5","5","1","0","701","867","1","0","1","4","0.16","0.84","0","0",,,"1","55","2024-03-07 15:56:34"
"63617bda4e6367b26d53da86",,"2","60","4","2","5","5","1","0","2071","2541","1","0","3","4","0.55","0.78","0","0",,,"1","190","2024-03-07 15:56:35"
"65b574d703587ccea5f0b519",,"2","38","10","2","5","5","1","0","732","1316","1","0","1","3","0.16","0.63","0","0",,,"1","125","2024-03-07 15:56:36"
"570b7b5fb9b52b00102d96f9",,"4","17","7","2","5","5","1","0","834","1001","1","0","3","4","0.55","0.88","0","0",,,"0","55","2024-03-07 15:56:36"
"63617bda4e6367b26d53da86",,"2","61","8","2","5","5","1","0","1085","1821","1","0","1","2","0.12","0.45","0","0",,,"1","195","2024-03-07 15:56:39"
"65b574d703587ccea5f0b519",,"2","39","3","1","5","5","1","1","1116","1667","1","0","3","4","0.63","0.78","0","0",,,"0","125","2024-03-07 15:56:39"
"570b7b5fb9b52b00102d96f9",,"4","18","4","2","5","5","0","1","550","784","0","1","3","4","0.55","0.78","0","0",,,"1","60","2024-03-07 15:56:39"
"570b7b5fb9b52b00102d96f9",,"4","19","4","2","5","5","1","0","617","800","1","0","3","4","0.55","0.78","0","0",,,"0","60","2024-03-07 15:56:42"
"63617bda4e6367b26d53da86",,"2","62","1","2","5","5","0","1","1269","1936","0","1","4","4","0.71","0.84","0","0",,,"1","200","2024-03-07 15:56:42"
"65b574d703587ccea5f0b519",,"2","40","12","2","5","5","0","1","16","1283","0","2","1","4","0.12","0.71","0","0",,,"1","130","2024-03-07 15:56:42"
"570b7b5fb9b52b00102d96f9",,"4","20","1","2","5","5","1","0","685","835","1","0","4","4","0.71","0.84","0","0",,,"1","65","2024-03-07 15:56:45"
"65b574d703587ccea5f0b519",,"2","41","15","2","5","5","1","0","1032","1549","1","0","1","4","0.12","0.88","0","0",,,"0","130","2024-03-07 15:56:45"
"63617bda4e6367b26d53da86",,"2","63","7","2","5","5","1","0","1102","1888","1","0","3","4","0.55","0.88","0","0",,,"1","205","2024-03-07 15:56:45"
"6266a599c7361af8b51a95e0",,"4","0","0","2","5","5","0","1","615","699","0","1","1","1","0.16","0.29","0","0",,,"0","0","2024-03-07 15:56:46"
"570b7b5fb9b52b00102d96f9",,"4","21","14","2","5","5","1","0","600","750","1","0","1","4","0.16","0.84","0","0",,,"1","70","2024-03-07 15:56:47"
"6266a599c7361af8b51a95e0",,"4","1","13","2","5","5","0","1","449","584","0","1","1","4","0.29","0.88","0","0",,,"1","5","2024-03-07 15:56:48"
"65b574d703587ccea5f0b519",,"2","42","8","1","5","5","0","0","549","1133","0","1","1","2","0.12","0.45","0","0",,,"0","130","2024-03-07 15:56:48"
"570b7b5fb9b52b00102d96f9",,"4","22","5","2","5","5","1","0","634","851","1","0","1","2","0.22","0.45","0","0",,,"0","70","2024-03-07 15:56:50"
"6266a599c7361af8b51a95e0",,"4","2","3","2","5","5","1","0","448","532","1","0","3","4","0.63","0.78","0","0",,,"1","10","2024-03-07 15:56:51"
"65b574d703587ccea5f0b519",,"2","43","10","2","5","5","1","0","549","1100","1","0","1","3","0.16","0.63","0","0",,,"1","135","2024-03-07 15:56:51"
"570b7b5fb9b52b00102d96f9",,"4","23","9","2","5","5","1","0","767","951","1","0","1","4","0.29","0.71","0","0",,,"0","70","2024-03-07 15:56:53"
"6266a599c7361af8b51a95e0",,"4","3","4","2","5","5","1","0","482","551","1","0","3","4","0.55","0.78","0","0",,,"1","15","2024-03-07 15:56:53"
"65b574d703587ccea5f0b519",,"2","44","12","2","5","5","0","1","565","1166","0","1","1","4","0.12","0.71","0","0",,,"1","140","2024-03-07 15:56:54"
"570b7b5fb9b52b00102d96f9",,"4","24","6","2","5","5","1","0","767","950","1","0","2","3","0.37","0.63","0","0",,,"1","75","2024-03-07 15:56:56"
"6266a599c7361af8b51a95e0",,"4","4","13","2","5","5","0","1","416","550","0","1","1","4","0.29","0.88","0","0",,,"1","20","2024-03-07 15:56:56"
"5610c4ea7ffc8a0005811504",,"3","0","3","2","5","5","1","0","799","1084","1","0","3","4","0.63","0.78","0","0",,,"0","0","2024-03-07 15:56:57"
"65b574d703587ccea5f0b519",,"2","45","3","2","5","5","0","1","816","1350","0","1","3","4","0.63","0.78","0","0",,,"0","140","2024-03-07 15:56:57"
"6266a599c7361af8b51a95e0",,"4","5","11","2","5","5","1","0","432","534","1","0","2","4","0.37","0.84","0","0",,,"0","20","2024-03-07 15:56:58"
"570b7b5fb9b52b00102d96f9",,"4","25","11","2","5","5","0","1","718","918","0","1","2","4","0.37","0.84","0","0",,,"1","80","2024-03-07 15:56:58"
"63617bda4e6367b26d53da86",,"3","0","10","2","5","5","0","1","1235","1937","0","1","1","3","0.16","0.63","0","0",,,"1","5","2024-03-07 15:57:00"
"5610c4ea7ffc8a0005811504",,"3","1","5","2","5","5","1","0","1016","1302","1","0","1","2","0.22","0.45","0","0",,,"1","5","2024-03-07 15:57:00"
"65b574d703587ccea5f0b519",,"2","46","15","1","5","5","1","1","683","1233","1","0","1","4","0.12","0.88","0","0",,,"0","140","2024-03-07 15:57:00"
"6266a599c7361af8b51a95e0",,"4","6","8","2","5","5","0","1","549","666","0","1","1","2","0.12","0.45","0","0",,,"0","20","2024-03-07 15:57:01"
"570b7b5fb9b52b00102d96f9",,"4","26","8","2","5","5","0","1","750","968","0","1","1","2","0.12","0.45","0","0",,,"0","80","2024-03-07 15:57:01"
"5610c4ea7ffc8a0005811504",,"3","2","14","2","5","5","0","1","700","1050","0","1","1","4","0.16","0.84","0","0",,,"1","10","2024-03-07 15:57:03"
"6266a599c7361af8b51a95e0",,"4","7","13","2","5","5","0","1","515","617","0","1","1","4","0.29","0.88","0","0",,,"1","25","2024-03-07 15:57:03"
"63617bda4e6367b26d53da86",,"3","1","12","2","5","5","0","1","970","1653","0","1","1","4","0.12","0.71","0","0",,,"1","10","2024-03-07 15:57:03"
"570b7b5fb9b52b00102d96f9",,"4","27","10","2","5","5","1","0","633","800","1","0","1","3","0.16","0.63","0","0",,,"0","80","2024-03-07 15:57:04"
"65b574d703587ccea5f0b519",,"2","47","3","2","5","5","1","0","782","1833","1","1","3","4","0.63","0.78","0","0",,,"1","145","2024-03-07 15:57:04"
"6266a599c7361af8b51a95e0",,"4","8","15","2","5","5","1","0","498","565","1","0","1","4","0.12","0.88","0","0",,,"1","30","2024-03-07 15:57:06"
"5610c4ea7ffc8a0005811504",,"3","3","5","2","5","5","1","0","834","1150","1","0","1","2","0.22","0.45","0","0",,,"0","10","2024-03-07 15:57:06"
"570b7b5fb9b52b00102d96f9",,"4","28","6","2","5","5","0","1","751","884","0","1","2","3","0.37","0.63","0","0",,,"1","85","2024-03-07 15:57:07"
"63617bda4e6367b26d53da86",,"3","2","0","2","5","5","1","0","1120","1756","1","0","1","1","0.16","0.29","0","0",,,"0","10","2024-03-07 15:57:07"
"65b574d703587ccea5f0b519",,"2","48","14","1","5","5","0","0","1082","1649","0","1","1","4","0.16","0.84","0","0",,,"0","145","2024-03-07 15:57:07"
"6266a599c7361af8b51a95e0",,"4","9","14","2","5","5","1","0","449","584","1","0","1","4","0.16","0.84","0","0",,,"1","35","2024-03-07 15:57:08"
"5610c4ea7ffc8a0005811504",,"3","4","4","2","5","5","0","1","582","916","0","1","3","4","0.55","0.78","0","0",,,"0","10","2024-03-07 15:57:08"
"570b7b5fb9b52b00102d96f9",,"4","29","15","2","5","5","1","0","550","717","1","0","1","4","0.12","0.88","0","0",,,"1","90","2024-03-07 15:57:09"
"63617bda4e6367b26d53da86",,"3","3","12","2","5","5","0","1","918","1573","0","1","1","4","0.12","0.71","0","0",,,"1","15","2024-03-07 15:57:10"
"65b574d703587ccea5f0b519",,"2","49","12","2","5","5","1","0","582","1149","1","0","1","4","0.12","0.71","0","0",,,"1","150","2024-03-07 15:57:10"
"6266a599c7361af8b51a95e0",,"4","10","4","2","5","5","0","1","449","583","0","1","3","4","0.55","0.78","0","0",,,"1","40","2024-03-07 15:57:10"
"570b7b5fb9b52b00102d96f9",,"4","30","9","2","5","5","0","1","550","768","0","1","1","4","0.29","0.71","0","0",,,"1","95","2024-03-07 15:57:12"
"5610c4ea7ffc8a0005811504",,"3","5","0","2","5","5","1","0","1032","1334","1","0","1","1","0.16","0.29","0","0",,,"1","15","2024-03-07 15:57:12"
"6266a599c7361af8b51a95e0",,"4","11","11","2","5","5","0","1","616","733","0","1","2","4","0.37","0.84","0","0",,,"1","45","2024-03-07 15:57:13"
"65b574d703587ccea5f0b519",,"2","50","5","2","5","5","1","0","616","1150","1","0","1","2","0.22","0.45","0","0",,,"1","155","2024-03-07 15:57:13"
"63617bda4e6367b26d53da86",,"3","4","0","2","5","5","1","0","1337","2021","1","0","1","1","0.16","0.29","0","0",,,"0","15","2024-03-07 15:57:14"
"570b7b5fb9b52b00102d96f9",,"4","31","8","2","5","5","1","0","667","868","1","0","1","2","0.12","0.45","0","0",,,"0","95","2024-03-07 15:57:14"
"5610c4ea7ffc8a0005811504",,"3","6","12","2","5","5","0","1","768","1133","0","1","1","4","0.12","0.71","0","0",,,"1","20","2024-03-07 15:57:15"
"6266a599c7361af8b51a95e0",,"4","12","5","1","5","5","1","1","916","999","1","0","1","2","0.22","0.45","0","0",,,"0","45","2024-03-07 15:57:16"
"65b574d703587ccea5f0b519",,"2","51","1","2","5","5","1","0","782","1317","1","0","4","4","0.71","0.84","0","0",,,"1","160","2024-03-07 15:57:16"
"570b7b5fb9b52b00102d96f9",,"4","32","8","2","5","5","0","1","601","785","0","1","1","2","0.12","0.45","0","0",,,"1","100","2024-03-07 15:57:17"
"63617bda4e6367b26d53da86",,"3","5","10","2","5","5","0","1","887","1591","0","1","1","3","0.16","0.63","0","0",,,"1","20","2024-03-07 15:57:17"
"5610c4ea7ffc8a0005811504",,"3","7","6","2","5","5","1","0","799","1100","1","0","2","3","0.37","0.63","0","0",,,"1","25","2024-03-07 15:57:17"
"6266a599c7361af8b51a95e0",,"4","13","5","1","5","5","1","1","849","982","1","0","1","2","0.22","0.45","0","0",,,"1","50","2024-03-07 15:57:19"
"65b574d703587ccea5f0b519",,"2","52","9","2","5","5","0","1","833","1367","0","1","1","4","0.29","0.71","0","0",,,"0","160","2024-03-07 15:57:19"
"570b7b5fb9b52b00102d96f9",,"4","33","2","2","5","5","1","0","750","934","1","0","1","2","0.22","0.37","0","0",,,"1","105","2024-03-07 15:57:20"
"5610c4ea7ffc8a0005811504",,"3","8","8","2","5","5","0","1","916","1200","0","1","1","2","0.12","0.45","0","0",,,"0","25","2024-03-07 15:57:20"
"63617bda4e6367b26d53da86",,"3","6","2","2","5","5","0","1","1168","1806","0","1","1","2","0.22","0.37","0","0",,,"1","25","2024-03-07 15:57:20"
"6266a599c7361af8b51a95e0",,"4","14","4","2","5","5","0","1","699","816","0","1","3","4","0.55","0.78","0","0",,,"1","55","2024-03-07 15:57:21"
"65b574d703587ccea5f0b519",,"2","53","14","2","5","5","0","1","1100","1600","0","1","1","4","0.16","0.84","0","0",,,"1","165","2024-03-07 15:57:23"
"5610c4ea7ffc8a0005811504",,"3","9","10","2","5","5","1","0","532","850","1","0","1","3","0.16","0.63","0","0",,,"1","30","2024-03-07 15:57:23"
"570b7b5fb9b52b00102d96f9",,"4","34","3","2","5","5","0","1","1885","2102","0","1","3","4","0.63","0.78","0","0",,,"1","110","2024-03-07 15:57:23"
"63617bda4e6367b26d53da86",,"3","7","15","2","5","5","0","1","1085","1670","0","1","1","4","0.12","0.88","0","0",,,"1","30","2024-03-07 15:57:24"
"6266a599c7361af8b51a95e0",,"4","15","1","2","5","5","0","1","815","949","0","1","4","4","0.71","0.84","0","0",,,"1","60","2024-03-07 15:57:24"
"65b574d703587ccea5f0b519",,"2","54","0","2","5","5","1","0","750","1333","1","0","1","1","0.16","0.29","0","0",,,"0","165","2024-03-07 15:57:26"
"570b7b5fb9b52b00102d96f9",,"4","35","5","2","5","5","0","1","884","1068","0","1","1","2","0.22","0.45","0","0",,,"1","115","2024-03-07 15:57:26"
"5610c4ea7ffc8a0005811504",,"3","10","3","2","5","5","1","0","899","1167","1","0","3","4","0.63","0.78","0","0",,,"1","35","2024-03-07 15:57:26"
"6266a599c7361af8b51a95e0",,"4","16","7","2","5","5","0","1","566","667","0","1","3","4","0.55","0.88","0","0",,,"1","65","2024-03-07 15:57:26"
"63617bda4e6367b26d53da86",,"3","8","8","2","5","5","1","0","1000","1702","1","0","1","2","0.12","0.45","0","0",,,"0","30","2024-03-07 15:57:27"
"570b7b5fb9b52b00102d96f9",,"4","36","15","2","5","5","1","0","617","816","1","0","1","4","0.12","0.88","0","0",,,"1","120","2024-03-07 15:57:29"
"65b574d703587ccea5f0b519",,"2","55","6","2","5","5","1","0","766","1316","1","0","2","3","0.37","0.63","0","0",,,"1","170","2024-03-07 15:57:29"
"6266a599c7361af8b51a95e0",,"4","17","12","2","5","5","0","1","483","599","0","1","1","4","0.12","0.71","0","0",,,"1","70","2024-03-07 15:57:29"
"5610c4ea7ffc8a0005811504",,"3","11","15","2","5","5","1","0","899","1233","1","0","1","4","0.12","0.88","0","0",,,"1","40","2024-03-07 15:57:29"
"63617bda4e6367b26d53da86",,"3","9","8","2","5","5","1","0","1001","1705","1","0","1","2","0.12","0.45","0","0",,,"0","30","2024-03-07 15:57:31"
"570b7b5fb9b52b00102d96f9",,"4","37","2","2","5","5","0","1","700","951","0","1","1","2","0.22","0.37","0","0",,,"0","120","2024-03-07 15:57:31"
"6266a599c7361af8b51a95e0",,"4","18","3","2","5","5","1","0","550","666","1","0","3","4","0.63","0.78","0","0",,,"1","75","2024-03-07 15:57:31"
"65b574d703587ccea5f0b519",,"2","56","2","2","5","5","1","0","682","1183","1","0","1","2","0.22","0.37","0","0",,,"0","170","2024-03-07 15:57:32"
"5610c4ea7ffc8a0005811504",,"3","12","5","2","5","5","1","0","999","1315","1","0","1","2","0.22","0.45","0","0",,,"1","45","2024-03-07 15:57:32"
"63617bda4e6367b26d53da86",,"3","10","13","2","5","5","0","1","1068","1605","0","1","1","4","0.29","0.88","0","0",,,"0","30","2024-03-07 15:57:34"
"570b7b5fb9b52b00102d96f9",,"4","38","3","2","5","5","0","1","517","785","0","1","3","4","0.63","0.78","0","0",,,"0","120","2024-03-07 15:57:34"
"6266a599c7361af8b51a95e0",,"4","19","0","1","5","5","1","1","898","1015","1","0","1","1","0.16","0.29","0","0",,,"0","75","2024-03-07 15:57:34"
"65b574d703587ccea5f0b519",,"2","57","8","2","5","5","0","1","733","1234","0","1","1","2","0.12","0.45","0","0",,,"1","175","2024-03-07 15:57:35"
"5610c4ea7ffc8a0005811504",,"3","13","8","2","5","5","1","0","832","1133","1","0","1","2","0.12","0.45","0","0",,,"0","45","2024-03-07 15:57:35"
"570b7b5fb9b52b00102d96f9",,"4","39","0","2","5","5","1","0","801","984","1","0","1","1","0.16","0.29","0","0",,,"0","120","2024-03-07 15:57:37"
"6266a599c7361af8b51a95e0",,"4","20","1","2","5","5","1","0","865","966","1","0","4","4","0.71","0.84","0","0",,,"1","80","2024-03-07 15:57:37"
"63617bda4e6367b26d53da86",,"3","11","9","2","5","5","0","1","968","1638","0","1","1","4","0.29","0.71","0","0",,,"0","30","2024-03-07 15:57:37"
"5610c4ea7ffc8a0005811504",,"3","14","12","2","5","5","1","0","649","966","1","0","1","4","0.12","0.71","0","0",,,"1","50","2024-03-07 15:57:38"
"65b574d703587ccea5f0b519",,"2","58","9","2","5","5","0","1","899","1467","0","1","1","4","0.29","0.71","0","0",,,"1","180","2024-03-07 15:57:38"
"6266a599c7361af8b51a95e0",,"4","21","12","2","5","5","0","1","549","650","0","1","1","4","0.12","0.71","0","0",,,"1","85","2024-03-07 15:57:40"
"570b7b5fb9b52b00102d96f9",,"4","40","0","2","5","5","1","0","817","1001","1","0","1","1","0.16","0.29","0","0",,,"1","125","2024-03-07 15:57:40"
"5610c4ea7ffc8a0005811504",,"3","15","1","2","5","5","0","1","882","1250","0","1","4","4","0.71","0.84","0","0",,,"1","55","2024-03-07 15:57:41"
"63617bda4e6367b26d53da86",,"3","12","9","2","5","5","0","1","1001","1607","0","1","1","4","0.29","0.71","0","0",,,"1","35","2024-03-07 15:57:41"
"65b574d703587ccea5f0b519",,"2","59","4","2","5","5","1","0","749","1317","1","0","3","4","0.55","0.78","0","0",,,"1","185","2024-03-07 15:57:41"
"6266a599c7361af8b51a95e0",,"4","22","14","2","5","5","0","1","515","600","0","1","1","4","0.16","0.84","0","0",,,"1","90","2024-03-07 15:57:42"
"570b7b5fb9b52b00102d96f9",,"4","41","4","2","5","5","0","1","767","1000","0","1","3","4","0.55","0.78","0","0",,,"1","130","2024-03-07 15:57:43"
"5610c4ea7ffc8a0005811504",,"3","16","10","2","5","5","0","1","965","1332","0","1","1","3","0.16","0.63","0","0",,,"1","60","2024-03-07 15:57:44"
"65b574d703587ccea5f0b519",,"2","60","6","2","5","5","1","0","516","1200","1","0","2","3","0.37","0.63","0","0",,,"1","190","2024-03-07 15:57:44"
"63617bda4e6367b26d53da86",,"3","13","14","2","5","5","1","0","1068","1771","1","0","1","4","0.16","0.84","0","0",,,"1","40","2024-03-07 15:57:44"
"6266a599c7361af8b51a95e0",,"4","23","14","2","5","5","1","0","649","783","1","0","1","4","0.16","0.84","0","0",,,"1","95","2024-03-07 15:57:44"
"570b7b5fb9b52b00102d96f9",,"4","42","15","2","5","5","0","1","667","868","0","1","1","4","0.12","0.88","0","0",,,"1","135","2024-03-07 15:57:45"
"65b574d703587ccea5f0b519",,"2","61","8","2","5","5","1","0","767","1317","1","0","1","2","0.12","0.45","0","0",,,"1","195","2024-03-07 15:57:47"
"5610c4ea7ffc8a0005811504",,"3","17","1","2","5","5","1","0","1066","1933","1","1","4","4","0.71","0.84","0","0",,,"0","60","2024-03-07 15:57:47"
"6266a599c7361af8b51a95e0",,"4","24","2","1","5","5","1","1","901","1167","1","0","1","2","0.22","0.37","0","0",,,"1","100","2024-03-07 15:57:47"
"63617bda4e6367b26d53da86",,"3","14","12","2","5","5","0","1","954","1587","0","1","1","4","0.12","0.71","0","0",,,"1","45","2024-03-07 15:57:47"
"570b7b5fb9b52b00102d96f9",,"4","43","10","2","5","5","0","1","616","849","0","1","1","3","0.16","0.63","0","0",,,"1","140","2024-03-07 15:57:48"
"65b574d703587ccea5f0b519",,"2","62","11","2","5","5","0","1","1149","1699","0","1","2","4","0.37","0.84","0","0",,,"1","200","2024-03-07 15:57:50"
"5610c4ea7ffc8a0005811504",,"3","18","11","2","5","5","0","1","616","952","0","1","2","4","0.37","0.84","0","0",,,"1","65","2024-03-07 15:57:50"
"6266a599c7361af8b51a95e0",,"4","25","2","2","5","5","0","1","1049","1132","0","1","1","2","0.22","0.37","0","0",,,"0","100","2024-03-07 15:57:50"
"570b7b5fb9b52b00102d96f9",,"4","44","9","2","5","5","1","0","700","867","1","0","1","4","0.29","0.71","0","0",,,"1","145","2024-03-07 15:57:50"
"63617bda4e6367b26d53da86",,"3","15","0","2","5","5","1","0","1218","1770","1","0","1","1","0.16","0.29","0","0",,,"0","45","2024-03-07 15:57:51"
"6266a599c7361af8b51a95e0",,"4","26","8","2","5","5","1","0","616","700","1","0","1","2","0.12","0.45","0","0",,,"0","100","2024-03-07 15:57:53"
"570b7b5fb9b52b00102d96f9",,"4","45","14","2","5","5","1","0","634","918","1","0","1","4","0.16","0.84","0","0",,,"1","150","2024-03-07 15:57:53"
"5610c4ea7ffc8a0005811504",,"3","19","1","2","5","5","1","0","882","1250","1","0","4","4","0.71","0.84","0","0",,,"1","70","2024-03-07 15:57:53"
"65b574d703587ccea5f0b519",,"2","63","7","2","5","5","0","1","665","1383","0","1","3","4","0.55","0.88","0","0",,,"1","205","2024-03-07 15:57:53"
"63617bda4e6367b26d53da86",,"3","16","2","2","5","5","1","0","1051","1638","1","0","1","2","0.22","0.37","0","0",,,"0","45","2024-03-07 15:57:54"
"570b7b5fb9b52b00102d96f9",,"4","46","4","2","5","5","1","0","567","834","1","0","3","4","0.55","0.78","0","0",,,"1","155","2024-03-07 15:57:56"
"6266a599c7361af8b51a95e0",,"4","27","5","2","5","5","0","1","515","632","0","1","1","2","0.22","0.45","0","0",,,"0","100","2024-03-07 15:57:56"
"5610c4ea7ffc8a0005811504",,"3","20","10","2","5","5","1","0","766","1100","1","0","1","3","0.16","0.63","0","0",,,"1","75","2024-03-07 15:57:56"
"63617bda4e6367b26d53da86",,"3","17","1","1","5","5","0","0","1002","1588","0","1","4","4","0.71","0.84","0","0",,,"1","50","2024-03-07 15:57:58"
"6266a599c7361af8b51a95e0",,"4","28","12","2","5","5","0","1","516","601","0","1","1","4","0.12","0.71","0","0",,,"0","100","2024-03-07 15:57:58"
"570b7b5fb9b52b00102d96f9",,"4","47","13","2","5","5","1","0","684","984","1","0","1","4","0.29","0.88","0","0",,,"1","160","2024-03-07 15:57:58"
"5610c4ea7ffc8a0005811504",,"3","21","9","2","5","5","0","1","566","933","0","1","1","4","0.29","0.71","0","0",,,"1","80","2024-03-07 15:57:59"
"570b7b5fb9b52b00102d96f9",,"4","48","13","2","5","5","0","1","500","751","0","1","1","4","0.29","0.88","0","0",,,"1","165","2024-03-07 15:58:01"
"6266a599c7361af8b51a95e0",,"4","29","11","2","5","5","0","1","549","666","0","1","2","4","0.37","0.84","0","0",,,"1","105","2024-03-07 15:58:01"
"63617bda4e6367b26d53da86",,"3","18","4","2","5","5","1","0","1086","1820","1","0","3","4","0.55","0.78","0","0",,,"1","55","2024-03-07 15:58:01"
"5610c4ea7ffc8a0005811504",,"3","22","9","2","5","5","0","1","732","1083","0","1","1","4","0.29","0.71","0","0",,,"1","85","2024-03-07 15:58:01"
"6266a599c7361af8b51a95e0",,"4","30","4","2","5","5","0","1","482","583","0","1","3","4","0.55","0.78","0","0",,,"0","105","2024-03-07 15:58:03"
"570b7b5fb9b52b00102d96f9",,"4","49","12","2","5","5","1","0","450","751","1","0","1","4","0.12","0.71","0","0",,,"1","170","2024-03-07 15:58:03"
"63617bda4e6367b26d53da86",,"3","19","8","2","5","5","0","1","1016","1601","0","1","1","2","0.12","0.45","0","0",,,"0","55","2024-03-07 15:58:04"
"5610c4ea7ffc8a0005811504",,"3","23","10","2","5","5","0","1","949","1799","0","1","1","3","0.16","0.63","0","0",,,"0","85","2024-03-07 15:58:05"
"570b7b5fb9b52b00102d96f9",,"4","50","6","2","5","5","0","1","550","800","0","1","2","3","0.37","0.63","0","0",,,"0","170","2024-03-07 15:58:06"
"6266a599c7361af8b51a95e0",,"4","31","6","2","5","5","0","1","516","650","0","1","2","3","0.37","0.63","0","0",,,"1","110","2024-03-07 15:58:06"
"63617bda4e6367b26d53da86",,"3","20","15","2","5","5","1","0","1067","1722","1","0","1","4","0.12","0.88","0","0",,,"1","60","2024-03-07 15:58:08"
"5610c4ea7ffc8a0005811504",,"3","24","7","2","5","5","0","1","916","1202","0","1","3","4","0.55","0.88","0","0",,,"1","90","2024-03-07 15:58:08"
"6266a599c7361af8b51a95e0",,"4","32","9","2","5","5","0","1","516","600","0","1","1","4","0.29","0.71","0","0",,,"1","115","2024-03-07 15:58:08"
"570b7b5fb9b52b00102d96f9",,"4","51","2","2","5","5","0","1","484","734","0","1","1","2","0.22","0.37","0","0",,,"0","170","2024-03-07 15:58:09"
"5610c4ea7ffc8a0005811504",,"3","25","6","2","5","5","0","1","834","1202","0","1","2","3","0.37","0.63","0","0",,,"1","95","2024-03-07 15:58:11"
"6266a599c7361af8b51a95e0",,"4","33","1","2","5","5","0","1","533","616","0","1","4","4","0.71","0.84","0","0",,,"1","120","2024-03-07 15:58:11"
"63617bda4e6367b26d53da86",,"3","21","15","2","5","5","0","1","968","1673","0","1","1","4","0.12","0.88","0","0",,,"1","65","2024-03-07 15:58:11"
"570b7b5fb9b52b00102d96f9",,"4","52","0","2","5","5","1","0","801","1035","1","0","1","1","0.16","0.29","0","0",,,"0","170","2024-03-07 15:58:12"
"6266a599c7361af8b51a95e0",,"4","34","0","2","5","5","1","0","699","800","1","0","1","1","0.16","0.29","0","0",,,"0","120","2024-03-07 15:58:13"
"5610c4ea7ffc8a0005811504",,"3","26","7","2","5","5","0","1","683","1032","0","1","3","4","0.55","0.88","0","0",,,"1","100","2024-03-07 15:58:14"
"570b7b5fb9b52b00102d96f9",,"4","53","1","2","5","5","0","1","601","867","0","1","4","4","0.71","0.84","0","0",,,"1","175","2024-03-07 15:58:15"
"63617bda4e6367b26d53da86",,"3","22","6","2","5","5","0","1","1135","1805","0","1","2","3","0.37","0.63","0","0",,,"0","65","2024-03-07 15:58:15"
"6266a599c7361af8b51a95e0",,"4","35","11","2","5","5","0","1","399","516","0","1","2","4","0.37","0.84","0","0",,,"1","125","2024-03-07 15:58:16"
"5610c4ea7ffc8a0005811504",,"3","27","8","2","5","5","1","0","631","1015","1","0","1","2","0.12","0.45","0","0",,,"1","105","2024-03-07 15:58:16"
"570b7b5fb9b52b00102d96f9",,"4","54","13","2","5","5","0","1","600","834","0","1","1","4","0.29","0.88","0","0",,,"1","180","2024-03-07 15:58:17"
"63617bda4e6367b26d53da86",,"3","23","12","2","5","5","1","0","1122","1706","1","0","1","4","0.12","0.71","0","0",,,"0","65","2024-03-07 15:58:18"
"6266a599c7361af8b51a95e0",,"4","36","15","2","5","5","0","1","432","582","0","1","1","4","0.12","0.88","0","0",,,"1","130","2024-03-07 15:58:18"
"5610c4ea7ffc8a0005811504",,"3","28","13","2","5","5","1","0","999","1333","1","0","1","4","0.29","0.88","0","0",,,"1","110","2024-03-07 15:58:19"
"570b7b5fb9b52b00102d96f9",,"4","55","1","2","5","5","1","0","700","917","1","0","4","4","0.71","0.84","0","0",,,"1","185","2024-03-07 15:58:20"
"6266a599c7361af8b51a95e0",,"4","37","6","2","5","5","0","1","483","600","0","1","2","3","0.37","0.63","0","0",,,"0","130","2024-03-07 15:58:21"
"63617bda4e6367b26d53da86",,"3","24","4","2","5","5","1","0","1003","1688","1","0","3","4","0.55","0.78","0","0",,,"0","65","2024-03-07 15:58:22"
"5610c4ea7ffc8a0005811504",,"3","29","4","2","5","5","0","1","666","1032","0","1","3","4","0.55","0.78","0","0",,,"1","115","2024-03-07 15:58:22"
"570b7b5fb9b52b00102d96f9",,"4","56","0","1","5","5","0","0","601","1002","0","1","1","1","0.16","0.29","0","0",,,"0","185","2024-03-07 15:58:23"
"6266a599c7361af8b51a95e0",,"4","38","1","2","5","5","1","0","616","717","1","0","4","4","0.71","0.84","0","0",,,"1","135","2024-03-07 15:58:24"
"5610c4ea7ffc8a0005811504",,"3","30","3","2","5","5","0","1","699","1049","0","1","3","4","0.63","0.78","0","0",,,"0","115","2024-03-07 15:58:25"
"63617bda4e6367b26d53da86",,"3","25","4","1","5","5","0","0","1002","1523","0","1","3","4","0.55","0.78","0","0",,,"0","65","2024-03-07 15:58:25"
"570b7b5fb9b52b00102d96f9",,"4","57","13","2","5","5","0","1","567","768","0","1","1","4","0.29","0.88","0","0",,,"1","190","2024-03-07 15:58:25"
"6266a599c7361af8b51a95e0",,"4","39","9","2","5","5","1","0","516","616","1","0","1","4","0.29","0.71","0","0",,,"0","135","2024-03-07 15:58:26"
"5610c4ea7ffc8a0005811504",,"3","31","11","2","5","5","0","1","617","983","0","1","2","4","0.37","0.84","0","0",,,"1","120","2024-03-07 15:58:28"
"570b7b5fb9b52b00102d96f9",,"4","58","14","2","5","5","0","1","568","801","0","1","1","4","0.16","0.84","0","0",,,"0","190","2024-03-07 15:58:28"
"63617bda4e6367b26d53da86",,"3","26","13","1","5","5","0","0","1207","1605","0","1","1","4","0.29","0.88","0","0",,,"1","70","2024-03-07 15:58:29"
"6266a599c7361af8b51a95e0",,"4","40","12","2","5","5","0","1","466","566","0","1","1","4","0.12","0.71","0","0",,,"1","140","2024-03-07 15:58:29"
"5610c4ea7ffc8a0005811504",,"3","32","13","2","5","5","1","0","716","1068","1","0","1","4","0.29","0.88","0","0",,,"1","125","2024-03-07 15:58:31"
"570b7b5fb9b52b00102d96f9",,"4","59","12","2","5","5","0","1","834","1117","0","1","1","4","0.12","0.71","0","0",,,"1","195","2024-03-07 15:58:31"
"6266a599c7361af8b51a95e0",,"4","41","13","2","5","5","1","0","499","583","1","0","1","4","0.29","0.88","0","0",,,"1","145","2024-03-07 15:58:31"
"65b574d703587ccea5f0b519",,"3","0","7","1","5","5","0","0","666","1133","0","1","3","4","0.55","0.88","0","0",,,"0","0","2024-03-07 15:58:31"
"63617bda4e6367b26d53da86",,"3","27","6","2","5","5","1","0","1168","1706","1","0","2","3","0.37","0.63","0","0",,,"1","75","2024-03-07 15:58:32"
"570b7b5fb9b52b00102d96f9",,"4","60","9","2","5","5","0","1","584","868","0","1","1","4","0.29","0.71","0","0",,,"1","200","2024-03-07 15:58:33"
"6266a599c7361af8b51a95e0",,"4","42","7","2","5","5","0","1","515","599","0","1","3","4","0.55","0.88","0","0",,,"1","150","2024-03-07 15:58:34"
"5610c4ea7ffc8a0005811504",,"3","33","2","2","5","5","1","0","715","1800","1","1","1","2","0.22","0.37","0","0",,,"0","125","2024-03-07 15:58:34"
"65b574d703587ccea5f0b519",,"3","1","6","2","5","5","0","1","666","1167","0","1","2","3","0.37","0.63","0","0",,,"0","0","2024-03-07 15:58:35"
"63617bda4e6367b26d53da86",,"3","28","10","2","5","5","1","0","1119","1737","1","0","1","3","0.16","0.63","0","0",,,"1","80","2024-03-07 15:58:35"
"6266a599c7361af8b51a95e0",,"4","43","6","2","5","5","0","1","466","583","0","1","2","3","0.37","0.63","0","0",,,"1","155","2024-03-07 15:58:36"
"570b7b5fb9b52b00102d96f9",,"4","61","10","2","5","5","0","1","534","784","0","1","1","3","0.16","0.63","0","0",,,"1","205","2024-03-07 15:58:36"
"5610c4ea7ffc8a0005811504",,"3","34","15","2","5","5","1","0","1249","1586","1","0","1","4","0.12","0.88","0","0",,,"1","130","2024-03-07 15:58:37"
"65b574d703587ccea5f0b519",,"3","2","11","2","5","5","0","1","566","1250","0","1","2","4","0.37","0.84","0","0",,,"1","5","2024-03-07 15:58:38"
"6266a599c7361af8b51a95e0",,"4","44","7","2","5","5","1","0","532","632","1","0","3","4","0.55","0.88","0","0",,,"1","160","2024-03-07 15:58:38"
"570b7b5fb9b52b00102d96f9",,"4","62","11","2","5","5","1","0","768","968","1","0","2","4","0.37","0.84","0","0",,,"0","205","2024-03-07 15:58:39"
"63617bda4e6367b26d53da86",,"3","29","7","2","5","5","1","0","1037","2038","1","0","3","4","0.55","0.88","0","0",,,"1","85","2024-03-07 15:58:39"
"5610c4ea7ffc8a0005811504",,"3","35","14","2","5","5","1","0","599","966","1","0","1","4","0.16","0.84","0","0",,,"1","135","2024-03-07 15:58:40"
"6266a599c7361af8b51a95e0",,"4","45","10","2","5","5","1","0","566","649","1","0","1","3","0.16","0.63","0","0",,,"1","165","2024-03-07 15:58:41"
"65b574d703587ccea5f0b519",,"3","3","2","2","5","5","1","0","799","1966","1","0","1","2","0.22","0.37","0","0",,,"0","5","2024-03-07 15:58:41"
"570b7b5fb9b52b00102d96f9",,"4","63","5","2","5","5","1","0","651","901","1","0","1","2","0.22","0.45","0","0",,,"0","205","2024-03-07 15:58:42"
"63617bda4e6367b26d53da86",,"3","30","3","2","5","5","0","1","1002","1570","0","1","3","4","0.63","0.78","0","0",,,"0","85","2024-03-07 15:58:42"
"5610c4ea7ffc8a0005811504",,"3","36","2","2","5","5","1","0","733","1100","1","0","1","2","0.22","0.37","0","0",,,"1","140","2024-03-07 15:58:43"
"6266a599c7361af8b51a95e0",,"4","46","8","2","5","5","1","0","532","649","1","0","1","2","0.12","0.45","0","0",,,"0","165","2024-03-07 15:58:43"
"65b574d703587ccea5f0b519",,"3","4","2","2","5","5","0","1","716","1266","0","1","1","2","0.22","0.37","0","0",,,"0","5","2024-03-07 15:58:44"
"63617bda4e6367b26d53da86",,"3","31","14","1","5","5","0","0","1086","1703","0","1","1","4","0.16","0.84","0","0",,,"1","90","2024-03-07 15:58:46"
"5610c4ea7ffc8a0005811504",,"3","37","4","2","5","5","0","1","599","966","0","1","3","4","0.55","0.78","0","0",,,"1","145","2024-03-07 15:58:46"
"6266a599c7361af8b51a95e0",,"4","47","15","2","5","5","0","1","415","515","0","1","1","4","0.12","0.88","0","0",,,"1","170","2024-03-07 15:58:46"
"65b574d703587ccea5f0b519",,"3","5","11","2","5","5","1","0","583","1117","1","0","2","4","0.37","0.84","0","0",,,"1","10","2024-03-07 15:58:47"
"6266a599c7361af8b51a95e0",,"4","48","5","2","5","5","0","1","666","749","0","1","1","2","0.22","0.45","0","0",,,"0","170","2024-03-07 15:58:48"
"5610c4ea7ffc8a0005811504",,"3","38","2","2","5","5","1","0","949","1266","1","0","1","2","0.22","0.37","0","0",,,"0","145","2024-03-07 15:58:49"
"63617bda4e6367b26d53da86",,"3","32","13","1","5","5","0","0","1085","1723","0","1","1","4","0.29","0.88","0","0",,,"0","90","2024-03-07 15:58:49"
"65b574d703587ccea5f0b519",,"3","6","10","2","5","5","1","0","800","1833","1","0","1","3","0.16","0.63","0","0",,,"1","15","2024-03-07 15:58:51"
"6266a599c7361af8b51a95e0",,"4","49","9","2","5","5","1","0","400","468","1","0","1","4","0.29","0.71","0","0",,,"1","175","2024-03-07 15:58:51"
"5610c4ea7ffc8a0005811504",,"3","39","7","2","5","5","1","0","649","983","1","0","3","4","0.55","0.88","0","0",,,"1","150","2024-03-07 15:58:52"
"63617bda4e6367b26d53da86",,"3","33","4","2","5","5","1","0","902","1621","1","0","3","4","0.55","0.78","0","0",,,"1","95","2024-03-07 15:58:52"
"6266a599c7361af8b51a95e0",,"4","50","6","2","5","5","1","0","532","616","1","0","2","3","0.37","0.63","0","0",,,"0","175","2024-03-07 15:58:53"
"65b574d703587ccea5f0b519",,"3","7","10","2","5","5","0","1","649","1200","0","1","1","3","0.16","0.63","0","0",,,"1","20","2024-03-07 15:58:54"
"570b7b5fb9b52b00102d96f9",,"5","0","8","2","5","5","1","0","451","1001","1","1","1","2","0.12","0.45","0","0",,,"0","0","2024-03-07 15:58:54"
"5610c4ea7ffc8a0005811504",,"3","40","9","2","5","5","1","0","882","1234","1","0","1","4","0.29","0.71","0","0",,,"1","155","2024-03-07 15:58:55"
"63617bda4e6367b26d53da86",,"3","34","14","2","5","5","0","1","1068","1622","0","1","1","4","0.16","0.84","0","0",,,"1","100","2024-03-07 15:58:56"
"6266a599c7361af8b51a95e0",,"4","51","10","2","5","5","1","0","482","566","1","0","1","3","0.16","0.63","0","0",,,"0","175","2024-03-07 15:58:56"
"65b574d703587ccea5f0b519",,"3","8","8","2","5","5","0","1","699","1233","0","1","1","2","0.12","0.45","0","0",,,"1","25","2024-03-07 15:58:57"
"570b7b5fb9b52b00102d96f9",,"5","1","1","2","5","5","0","1","533","1101","1","1","4","4","0.71","0.84","0","0",,,"1","5","2024-03-07 15:58:57"
"5610c4ea7ffc8a0005811504",,"3","41","0","2","5","5","1","0","966","1300","1","0","1","1","0.16","0.29","0","0",,,"0","155","2024-03-07 15:58:58"
"63617bda4e6367b26d53da86",,"3","35","7","2","5","5","0","1","951","1786","0","1","3","4","0.55","0.88","0","0",,,"1","105","2024-03-07 15:58:59"
"6266a599c7361af8b51a95e0",,"4","52","2","2","5","5","1","0","832","966","1","0","1","2","0.22","0.37","0","0",,,"0","175","2024-03-07 15:58:59"
"65b574d703587ccea5f0b519",,"3","9","3","1","5","5","1","1","1049","1650","1","0","3","4","0.63","0.78","0","0",,,"0","25","2024-03-07 15:59:00"
"570b7b5fb9b52b00102d96f9",,"5","2","2","1","5","5","0","0","967","1184","0","1","1","2","0.22","0.37","0","0",,,"0","5","2024-03-07 15:59:00"
"5610c4ea7ffc8a0005811504",,"3","42","5","2","5","5","1","0","816","1167","1","0","1","2","0.22","0.45","0","0",,,"0","155","2024-03-07 15:59:01"
"6266a599c7361af8b51a95e0",,"4","53","3","2","5","5","1","0","516","599","1","0","3","4","0.63","0.78","0","0",,,"1","180","2024-03-07 15:59:02"
"63617bda4e6367b26d53da86",,"3","36","5","2","5","5","0","1","1070","1736","0","1","1","2","0.22","0.45","0","0",,,"0","105","2024-03-07 15:59:02"
"65b574d703587ccea5f0b519",,"3","10","1","2","5","5","0","1","599","1167","0","1","4","4","0.71","0.84","0","0",,,"1","30","2024-03-07 15:59:03"
"570b7b5fb9b52b00102d96f9",,"5","3","2","1","5","5","0","0","866","1100","0","1","1","2","0.22","0.37","0","0",,,"0","5","2024-03-07 15:59:03"
"5610c4ea7ffc8a0005811504",,"3","43","7","2","5","5","0","1","932","1285","0","1","3","4","0.55","0.88","0","0",,,"1","160","2024-03-07 15:59:04"
"6266a599c7361af8b51a95e0",,"4","54","15","2","5","5","1","0","466","566","1","0","1","4","0.12","0.88","0","0",,,"1","185","2024-03-07 15:59:04"
"63617bda4e6367b26d53da86",,"3","37","1","2","5","5","1","0","834","1637","1","0","4","4","0.71","0.84","0","0",,,"1","110","2024-03-07 15:59:06"
"65b574d703587ccea5f0b519",,"3","11","15","1","5","5","0","0","666","1650","0","1","1","4","0.12","0.88","0","0",,,"0","30","2024-03-07 15:59:06"
"570b7b5fb9b52b00102d96f9",,"5","4","0","1","5","5","0","0","1002","1302","0","1","1","1","0.16","0.29","0","0",,,"1","10","2024-03-07 15:59:06"
"6266a599c7361af8b51a95e0",,"4","55","10","2","5","5","0","1","482","584","0","1","1","3","0.16","0.63","0","0",,,"0","185","2024-03-07 15:59:06"
"5610c4ea7ffc8a0005811504",,"3","44","11","2","5","5","1","0","616","983","1","0","2","4","0.37","0.84","0","0",,,"1","165","2024-03-07 15:59:07"
"63617bda4e6367b26d53da86",,"3","38","11","2","5","5","1","0","969","1552","1","0","2","4","0.37","0.84","0","0",,,"1","115","2024-03-07 15:59:09"
"6266a599c7361af8b51a95e0",,"4","56","7","2","5","5","0","1","482","649","0","1","3","4","0.55","0.88","0","0",,,"1","190","2024-03-07 15:59:09"
"570b7b5fb9b52b00102d96f9",,"5","5","9","2","5","5","0","1","968","1151","0","1","1","4","0.29","0.71","0","0",,,"0","10","2024-03-07 15:59:09"
"65b574d703587ccea5f0b519",,"3","12","14","1","5","5","1","1","816","1350","1","0","1","4","0.16","0.84","0","0",,,"0","30","2024-03-07 15:59:09"
"5610c4ea7ffc8a0005811504",,"3","45","2","2","5","5","1","0","699","1016","1","0","1","2","0.22","0.37","0","0",,,"1","170","2024-03-07 15:59:09"
"6266a599c7361af8b51a95e0",,"4","57","14","2","5","5","1","0","482","600","1","0","1","4","0.16","0.84","0","0",,,"1","195","2024-03-07 15:59:11"
"570b7b5fb9b52b00102d96f9",,"5","6","13","2","5","5","0","1","549","766","0","1","1","4","0.29","0.88","0","0",,,"1","15","2024-03-07 15:59:12"
"5610c4ea7ffc8a0005811504",,"3","46","6","2","5","5","0","1","715","1083","0","1","2","3","0.37","0.63","0","0",,,"0","170","2024-03-07 15:59:12"
"63617bda4e6367b26d53da86",,"3","39","11","2","5","5","0","1","1069","1771","0","1","2","4","0.37","0.84","0","0",,,"0","115","2024-03-07 15:59:12"
"65b574d703587ccea5f0b519",,"3","13","8","2","5","5","1","0","32","1883","1","1","1","2","0.12","0.45","0","0",,,"0","30","2024-03-07 15:59:13"
"6266a599c7361af8b51a95e0",,"4","58","10","2","5","5","0","1","466","583","0","1","1","3","0.16","0.63","0","0",,,"0","195","2024-03-07 15:59:14"
"570b7b5fb9b52b00102d96f9",,"5","7","5","1","5","5","0","0","968","1552","1","1","1","2","0.22","0.45","0","0",,,"0","15","2024-03-07 15:59:15"
"5610c4ea7ffc8a0005811504",,"3","47","12","2","5","5","1","0","599","916","1","0","1","4","0.12","0.71","0","0",,,"1","175","2024-03-07 15:59:15"
"63617bda4e6367b26d53da86",,"3","40","5","2","5","5","1","0","1050","1739","1","0","1","2","0.22","0.45","0","0",,,"1","120","2024-03-07 15:59:16"
"65b574d703587ccea5f0b519",,"3","14","13","2","5","5","0","1","599","1183","0","1","1","4","0.29","0.88","0","0",,,"1","35","2024-03-07 15:59:16"
"6266a599c7361af8b51a95e0",,"4","59","9","2","5","5","1","0","600","700","1","0","1","4","0.29","0.71","0","0",,,"1","200","2024-03-07 15:59:17"
"570b7b5fb9b52b00102d96f9",,"5","8","4","2","5","5","0","1","767","1017","0","1","3","4","0.55","0.78","0","0",,,"0","15","2024-03-07 15:59:18"
"5610c4ea7ffc8a0005811504",,"3","48","3","2","5","5","1","0","684","1033","1","0","3","4","0.63","0.78","0","0",,,"1","180","2024-03-07 15:59:18"
"63617bda4e6367b26d53da86",,"3","41","3","2","5","5","0","1","984","1604","0","1","3","4","0.63","0.78","0","0",,,"0","120","2024-03-07 15:59:19"
"65b574d703587ccea5f0b519",,"3","15","3","2","5","5","0","1","783","1399","0","1","3","4","0.63","0.78","0","0",,,"1","40","2024-03-07 15:59:19"
"6266a599c7361af8b51a95e0",,"4","60","8","1","5","5","1","1","965","1066","1","0","1","2","0.12","0.45","0","0",,,"0","200","2024-03-07 15:59:19"
"570b7b5fb9b52b00102d96f9",,"5","9","12","2","5","5","0","1","617","867","0","1","1","4","0.12","0.71","0","0",,,"0","15","2024-03-07 15:59:21"
"5610c4ea7ffc8a0005811504",,"3","49","9","2","5","5","1","0","1082","1432","1","0","1","4","0.29","0.71","0","0",,,"0","180","2024-03-07 15:59:21"
"6266a599c7361af8b51a95e0",,"4","61","2","1","5","5","0","0","812","913","0","1","1","2","0.22","0.37","0","0",,,"1","205","2024-03-07 15:59:22"
"65b574d703587ccea5f0b519",,"3","16","12","2","5","5","1","0","782","1416","1","0","1","4","0.12","0.71","0","0",,,"1","45","2024-03-07 15:59:22"
"63617bda4e6367b26d53da86",,"3","42","3","2","5","5","0","1","1102","1604","0","1","3","4","0.63","0.78","0","0",,,"1","125","2024-03-07 15:59:23"
"570b7b5fb9b52b00102d96f9",,"5","10","11","2","5","5","0","1","533","817","0","1","2","4","0.37","0.84","0","0",,,"1","20","2024-03-07 15:59:23"
"5610c4ea7ffc8a0005811504",,"3","50","0","2","5","5","1","0","1156","1435","1","0","1","1","0.16","0.29","0","0",,,"0","180","2024-03-07 15:59:24"
"6266a599c7361af8b51a95e0",,"4","62","3","2","5","5","0","1","732","883","0","1","3","4","0.63","0.78","0","0",,,"1","210","2024-03-07 15:59:25"
"65b574d703587ccea5f0b519",,"3","17","0","2","5","5","1","0","783","1366","1","0","1","1","0.16","0.29","0","0",,,"0","45","2024-03-07 15:59:25"
"63617bda4e6367b26d53da86",,"3","43","2","2","5","5","0","1","1052","1539","0","1","1","2","0.22","0.37","0","0",,,"0","125","2024-03-07 15:59:26"
"570b7b5fb9b52b00102d96f9",,"5","11","3","2","5","5","1","0","567","801","1","0","3","4","0.63","0.78","0","0",,,"1","25","2024-03-07 15:59:26"
"5610c4ea7ffc8a0005811504",,"3","51","13","2","5","5","1","0","499","817","1","0","1","4","0.29","0.88","0","0",,,"1","185","2024-03-07 15:59:27"
"6266a599c7361af8b51a95e0",,"4","63","0","1","5","5","0","0","1149","1283","0","1","1","1","0.16","0.29","0","0",,,"1","215","2024-03-07 15:59:28"
"65b574d703587ccea5f0b519",,"3","18","4","2","5","5","0","1","699","1182","0","1","3","4","0.55","0.78","0","0",,,"1","50","2024-03-07 15:59:29"
"570b7b5fb9b52b00102d96f9",,"5","12","6","2","5","5","0","1","734","984","0","1","2","3","0.37","0.63","0","0",,,"1","30","2024-03-07 15:59:29"
"63617bda4e6367b26d53da86",,"3","44","15","1","5","5","1","1","1653","1940","1","0","1","4","0.12","0.88","0","0",,,"0","125","2024-03-07 15:59:29"
"5610c4ea7ffc8a0005811504",,"3","52","14","2","5","5","0","1","916","1249","0","1","1","4","0.16","0.84","0","0",,,"1","190","2024-03-07 15:59:30"
"570b7b5fb9b52b00102d96f9",,"5","13","10","2","5","5","0","1","650","868","0","1","1","3","0.16","0.63","0","0",,,"1","35","2024-03-07 15:59:31"
"65b574d703587ccea5f0b519",,"3","19","4","2","5","5","1","0","599","1783","1","0","3","4","0.55","0.78","0","0",,,"1","55","2024-03-07 15:59:32"
"63617bda4e6367b26d53da86",,"3","45","7","2","5","5","0","1","1108","1688","0","1","3","4","0.55","0.88","0","0",,,"1","130","2024-03-07 15:59:33"
"5610c4ea7ffc8a0005811504",,"3","53","0","2","5","5","1","0","1199","1499","1","0","1","1","0.16","0.29","0","0",,,"0","190","2024-03-07 15:59:33"
"570b7b5fb9b52b00102d96f9",,"5","14","7","2","5","5","1","0","750","967","1","0","3","4","0.55","0.88","0","0",,,"0","35","2024-03-07 15:59:34"
"65b574d703587ccea5f0b519",,"3","20","9","2","5","5","1","0","682","1183","1","0","1","4","0.29","0.71","0","0",,,"1","60","2024-03-07 15:59:35"
"63617bda4e6367b26d53da86",,"3","46","2","1","5","5","0","0","1203","1754","0","1","1","2","0.22","0.37","0","0",,,"0","130","2024-03-07 15:59:36"
"5610c4ea7ffc8a0005811504",,"3","54","15","2","5","5","0","1","849","1185","0","1","1","4","0.12","0.88","0","0",,,"1","195","2024-03-07 15:59:36"
"570b7b5fb9b52b00102d96f9",,"5","15","3","2","5","5","1","0","367","917","1","1","3","4","0.63","0.78","0","0",,,"1","40","2024-03-07 15:59:37"
"65b574d703587ccea5f0b519",,"3","21","5","2","5","5","0","1","699","1233","0","1","1","2","0.22","0.45","0","0",,,"0","60","2024-03-07 15:59:38"
"5610c4ea7ffc8a0005811504",,"3","55","1","2","5","5","0","1","783","1066","0","1","4","4","0.71","0.84","0","0",,,"0","195","2024-03-07 15:59:39"
"570b7b5fb9b52b00102d96f9",,"5","16","10","2","5","5","0","1","733","1184","0","1","1","3","0.16","0.63","0","0",,,"0","40","2024-03-07 15:59:40"
"63617bda4e6367b26d53da86",,"3","47","5","1","5","5","1","1","952","1588","1","0","1","2","0.22","0.45","0","0",,,"1","135","2024-03-07 15:59:40"
"65b574d703587ccea5f0b519",,"3","22","0","2","5","5","1","0","282","1066","1","0","1","1","0.16","0.29","0","0",,,"0","60","2024-03-07 15:59:41"
"5610c4ea7ffc8a0005811504",,"3","56","15","2","5","5","1","0","548","866","1","0","1","4","0.12","0.88","0","0",,,"1","200","2024-03-07 15:59:42"
"570b7b5fb9b52b00102d96f9",,"5","17","2","2","5","5","0","1","417","633","0","1","1","2","0.22","0.37","0","0",,,"0","40","2024-03-07 15:59:42"
"63617bda4e6367b26d53da86",,"3","48","6","1","5","5","1","1","1001","1504","1","0","2","3","0.37","0.63","0","0",,,"0","135","2024-03-07 15:59:43"
"6266a599c7361af8b51a95e0",,"5","0","8","1","5","5","0","0","1099","1217","0","1","1","2","0.12","0.45","0","0",,,"0","0","2024-03-07 15:59:43"
"65b574d703587ccea5f0b519",,"3","23","0","2","5","5","1","0","566","1333","1","0","1","1","0.16","0.29","0","0",,,"1","65","2024-03-07 15:59:44"
"5610c4ea7ffc8a0005811504",,"3","57","6","2","5","5","0","1","965","1266","0","1","2","3","0.37","0.63","0","0",,,"0","200","2024-03-07 15:59:45"
"570b7b5fb9b52b00102d96f9",,"5","18","0","2","5","5","1","0","733","900","1","0","1","1","0.16","0.29","0","0",,,"1","45","2024-03-07 15:59:45"
"6266a599c7361af8b51a95e0",,"5","1","0","1","5","5","0","0","935","1049","0","1","1","1","0.16","0.29","0","0",,,"1","5","2024-03-07 15:59:46"
"63617bda4e6367b26d53da86",,"3","49","1","2","5","5","0","1","985","1490","0","1","4","4","0.71","0.84","0","0",,,"0","135","2024-03-07 15:59:46"
"65b574d703587ccea5f0b519",,"3","24","12","2","5","5","0","1","549","1099","0","1","1","4","0.12","0.71","0","0",,,"1","70","2024-03-07 15:59:47"
"5610c4ea7ffc8a0005811504",,"3","58","13","2","5","5","0","1","715","1000","0","1","1","4","0.29","0.88","0","0",,,"1","205","2024-03-07 15:59:48"
"6266a599c7361af8b51a95e0",,"5","2","11","2","5","5","1","0","599","683","1","0","2","4","0.37","0.84","0","0",,,"1","10","2024-03-07 15:59:49"
"570b7b5fb9b52b00102d96f9",,"5","19","0","2","5","5","0","1","1568","1902","0","1","1","1","0.16","0.29","0","0",,,"0","45","2024-03-07 15:59:49"
"63617bda4e6367b26d53da86",,"3","50","11","2","5","5","0","1","1035","1588","0","1","2","4","0.37","0.84","0","0",,,"1","140","2024-03-07 15:59:50"
"65b574d703587ccea5f0b519",,"3","25","8","2","5","5","1","0","683","1217","1","0","1","2","0.12","0.45","0","0",,,"1","75","2024-03-07 15:59:50"
"5610c4ea7ffc8a0005811504",,"3","59","8","2","5","5","1","0","700","1018","1","0","1","2","0.12","0.45","0","0",,,"0","205","2024-03-07 15:59:51"
"6266a599c7361af8b51a95e0",,"5","3","13","2","5","5","0","1","466","634","0","1","1","4","0.29","0.88","0","0",,,"1","15","2024-03-07 15:59:51"
"570b7b5fb9b52b00102d96f9",,"5","20","2","2","5","5","0","1","818","985","0","1","1","2","0.22","0.37","0","0",,,"0","45","2024-03-07 15:59:52"
"65b574d703587ccea5f0b519",,"3","26","6","1","5","5","1","1","782","1316","1","0","2","3","0.37","0.63","0","0",,,"0","75","2024-03-07 15:59:53"
"5610c4ea7ffc8a0005811504",,"3","60","4","2","5","5","0","1","482","800","0","1","3","4","0.55","0.78","0","0",,,"1","210","2024-03-07 15:59:53"
"6266a599c7361af8b51a95e0",,"5","4","7","2","5","5","1","0","465","566","1","0","3","4","0.55","0.88","0","0",,,"1","20","2024-03-07 15:59:53"
"63617bda4e6367b26d53da86",,"3","51","1","2","5","5","1","0","985","2276","1","1","4","4","0.71","0.84","0","0",,,"0","140","2024-03-07 15:59:53"
"570b7b5fb9b52b00102d96f9",,"5","21","4","2","5","5","1","0","651","784","1","0","3","4","0.55","0.78","0","0",,,"1","50","2024-03-07 15:59:54"
"65b574d703587ccea5f0b519",,"3","27","7","2","5","5","0","1","532","1032","0","1","3","4","0.55","0.88","0","0",,,"1","80","2024-03-07 15:59:56"
"6266a599c7361af8b51a95e0",,"5","5","3","1","5","5","0","0","899","1034","0","1","3","4","0.63","0.78","0","0",,,"1","25","2024-03-07 15:59:56"
"5610c4ea7ffc8a0005811504",,"3","61","12","2","5","5","0","1","649","1283","0","1","1","4","0.12","0.71","0","0",,,"1","215","2024-03-07 15:59:56"
"63617bda4e6367b26d53da86",,"3","52","13","2","5","5","1","0","950","1390","1","0","1","4","0.29","0.88","0","0",,,"1","145","2024-03-07 15:59:57"
"570b7b5fb9b52b00102d96f9",,"5","22","11","2","5","5","0","1","634","784","0","1","2","4","0.37","0.84","0","0",,,"1","55","2024-03-07 15:59:57"
"65b574d703587ccea5f0b519",,"3","28","11","2","5","5","1","0","433","1016","1","0","2","4","0.37","0.84","0","0",,,"1","85","2024-03-07 15:59:58"
"6266a599c7361af8b51a95e0",,"5","6","10","2","5","5","1","0","748","815","1","0","1","3","0.16","0.63","0","0",,,"1","30","2024-03-07 15:59:59"
"5610c4ea7ffc8a0005811504",,"3","62","14","2","5","5","0","1","733","1066","0","1","1","4","0.16","0.84","0","0",,,"1","220","2024-03-07 15:59:59"
"570b7b5fb9b52b00102d96f9",,"5","23","11","2","5","5","1","0","550","701","1","0","2","4","0.37","0.84","0","0",,,"1","60","2024-03-07 15:59:59"
"63617bda4e6367b26d53da86",,"3","53","8","2","5","5","0","1","1185","1871","0","1","1","2","0.12","0.45","0","0",,,"0","145","2024-03-07 16:00:00"
"6266a599c7361af8b51a95e0",,"5","7","13","2","5","5","1","0","531","682","1","0","1","4","0.29","0.88","0","0",,,"0","30","2024-03-07 16:00:01"
"65b574d703587ccea5f0b519",,"3","29","12","2","5","5","0","1","599","1133","0","1","1","4","0.12","0.71","0","0",,,"1","90","2024-03-07 16:00:01"
"5610c4ea7ffc8a0005811504",,"3","63","11","2","5","5","0","1","681","982","0","1","2","4","0.37","0.84","0","0",,,"1","225","2024-03-07 16:00:02"
"570b7b5fb9b52b00102d96f9",,"5","24","8","2","5","5","1","0","967","1134","1","0","1","2","0.12","0.45","0","0",,,"0","60","2024-03-07 16:00:02"
"63617bda4e6367b26d53da86",,"3","54","9","2","5","5","1","0","1152","1671","1","0","1","4","0.29","0.71","0","0",,,"1","150","2024-03-07 16:00:04"
"6266a599c7361af8b51a95e0",,"5","8","1","2","5","5","0","1","515","633","0","1","4","4","0.71","0.84","0","0",,,"1","35","2024-03-07 16:00:04"
"65b574d703587ccea5f0b519",,"3","30","5","2","5","5","1","0","799","1417","1","0","1","2","0.22","0.45","0","0",,,"1","95","2024-03-07 16:00:04"
"570b7b5fb9b52b00102d96f9",,"5","25","12","2","5","5","0","1","584","767","0","1","1","4","0.12","0.71","0","0",,,"0","60","2024-03-07 16:00:05"
"6266a599c7361af8b51a95e0",,"5","9","9","2","5","5","1","0","966","1116","1","0","1","4","0.29","0.71","0","0",,,"1","40","2024-03-07 16:00:07"
"63617bda4e6367b26d53da86",,"3","55","0","2","5","5","1","0","1018","1653","1","0","1","1","0.16","0.29","0","0",,,"1","155","2024-03-07 16:00:07"
"65b574d703587ccea5f0b519",,"3","31","4","2","5","5","0","1","999","1500","0","1","3","4","0.55","0.78","0","0",,,"1","100","2024-03-07 16:00:07"
"570b7b5fb9b52b00102d96f9",,"5","26","13","2","5","5","1","0","450","634","1","0","1","4","0.29","0.88","0","0",,,"1","65","2024-03-07 16:00:08"
"6266a599c7361af8b51a95e0",,"5","10","6","2","5","5","0","1","484","584","0","1","2","3","0.37","0.63","0","0",,,"1","45","2024-03-07 16:00:09"
"570b7b5fb9b52b00102d96f9",,"5","27","1","2","5","5","0","1","600","751","0","1","4","4","0.71","0.84","0","0",,,"1","70","2024-03-07 16:00:10"
"63617bda4e6367b26d53da86",,"3","56","9","2","5","5","0","1","1085","1686","0","1","1","4","0.29","0.71","0","0",,,"1","160","2024-03-07 16:00:10"
"65b574d703587ccea5f0b519",,"3","32","7","2","5","5","0","1","748","1332","0","1","3","4","0.55","0.88","0","0",,,"1","105","2024-03-07 16:00:10"
"6266a599c7361af8b51a95e0",,"5","11","2","1","5","5","1","1","849","966","1","0","1","2","0.22","0.37","0","0",,,"0","45","2024-03-07 16:00:12"
"570b7b5fb9b52b00102d96f9",,"5","28","15","2","5","5","0","1","567","684","0","1","1","4","0.12","0.88","0","0",,,"1","75","2024-03-07 16:00:13"
"65b574d703587ccea5f0b519",,"3","33","8","2","5","5","1","0","732","1266","1","0","1","2","0.12","0.45","0","0",,,"0","105","2024-03-07 16:00:13"
"63617bda4e6367b26d53da86",,"3","57","3","2","5","5","1","0","1035","1754","1","0","3","4","0.63","0.78","0","0",,,"1","165","2024-03-07 16:00:14"
"6266a599c7361af8b51a95e0",,"5","12","12","2","5","5","0","1","532","633","0","1","1","4","0.12","0.71","0","0",,,"0","45","2024-03-07 16:00:15"
"570b7b5fb9b52b00102d96f9",,"5","29","9","2","5","5","1","0","550","733","1","0","1","4","0.29","0.71","0","0",,,"1","80","2024-03-07 16:00:15"
"65b574d703587ccea5f0b519",,"3","34","3","1","5","5","1","1","1249","1783","1","0","3","4","0.63","0.78","0","0",,,"0","105","2024-03-07 16:00:17"
"63617bda4e6367b26d53da86",,"3","58","5","2","5","5","0","1","1218","1706","0","1","1","2","0.22","0.45","0","0",,,"1","170","2024-03-07 16:00:17"
"6266a599c7361af8b51a95e0",,"5","13","13","1","5","5","0","0","683","784","0","1","1","4","0.29","0.88","0","0",,,"0","45","2024-03-07 16:00:17"
"570b7b5fb9b52b00102d96f9",,"5","30","6","2","5","5","0","1","483","668","0","1","2","3","0.37","0.63","0","0",,,"1","85","2024-03-07 16:00:18"
"65b574d703587ccea5f0b519",,"3","35","1","1","5","5","0","0","549","1332","0","1","4","4","0.71","0.84","0","0",,,"0","105","2024-03-07 16:00:20"
"570b7b5fb9b52b00102d96f9",,"5","31","7","2","5","5","0","1","635","784","0","1","3","4","0.55","0.88","0","0",,,"1","90","2024-03-07 16:00:20"
"6266a599c7361af8b51a95e0",,"5","14","2","2","5","5","0","1","866","967","0","1","1","2","0.22","0.37","0","0",,,"0","45","2024-03-07 16:00:20"
"63617bda4e6367b26d53da86",,"3","59","7","2","5","5","0","1","952","1837","0","1","3","4","0.55","0.88","0","0",,,"1","175","2024-03-07 16:00:20"
"570b7b5fb9b52b00102d96f9",,"5","32","6","2","5","5","0","1","516","667","0","1","2","3","0.37","0.63","0","0",,,"1","95","2024-03-07 16:00:23"
"6266a599c7361af8b51a95e0",,"5","15","15","2","5","5","0","1","467","582","0","1","1","4","0.12","0.88","0","0",,,"1","50","2024-03-07 16:00:23"
"65b574d703587ccea5f0b519",,"3","36","3","2","5","5","1","0","566","1083","1","0","3","4","0.63","0.78","0","0",,,"1","110","2024-03-07 16:00:23"
"63617bda4e6367b26d53da86",,"3","60","6","2","5","5","1","0","1018","1686","1","0","2","3","0.37","0.63","0","0",,,"1","180","2024-03-07 16:00:24"
"570b7b5fb9b52b00102d96f9",,"5","33","15","2","5","5","0","1","633","884","0","1","1","4","0.12","0.88","0","0",,,"1","100","2024-03-07 16:00:25"
"6266a599c7361af8b51a95e0",,"5","16","7","2","5","5","0","1","766","883","0","1","3","4","0.55","0.88","0","0",,,"1","55","2024-03-07 16:00:25"
"65b574d703587ccea5f0b519",,"3","37","2","2","5","5","0","1","1049","1567","0","1","1","2","0.22","0.37","0","0",,,"0","110","2024-03-07 16:00:26"
"63617bda4e6367b26d53da86",,"3","61","14","2","5","5","1","0","1020","1687","1","0","1","4","0.16","0.84","0","0",,,"1","185","2024-03-07 16:00:27"
"570b7b5fb9b52b00102d96f9",,"5","34","5","2","5","5","0","1","551","750","0","1","1","2","0.22","0.45","0","0",,,"1","105","2024-03-07 16:00:28"
"6266a599c7361af8b51a95e0",,"5","17","11","2","5","5","0","1","465","517","0","1","2","4","0.37","0.84","0","0",,,"1","60","2024-03-07 16:00:28"
"65b574d703587ccea5f0b519",,"3","38","11","2","5","5","0","1","982","1483","0","1","2","4","0.37","0.84","0","0",,,"1","115","2024-03-07 16:00:30"
"570b7b5fb9b52b00102d96f9",,"5","35","6","2","5","5","0","1","483","700","0","1","2","3","0.37","0.63","0","0",,,"1","110","2024-03-07 16:00:30"
"63617bda4e6367b26d53da86",,"3","62","10","2","5","5","0","1","1067","1835","0","1","1","3","0.16","0.63","0","0",,,"1","190","2024-03-07 16:00:30"
"6266a599c7361af8b51a95e0",,"5","18","0","2","5","5","0","1","1000","1082","0","1","1","1","0.16","0.29","0","0",,,"1","65","2024-03-07 16:00:31"
"570b7b5fb9b52b00102d96f9",,"5","36","1","2","5","5","0","1","484","750","0","1","4","4","0.71","0.84","0","0",,,"1","115","2024-03-07 16:00:33"
"65b574d703587ccea5f0b519",,"3","39","9","2","5","5","1","0","616","1233","1","0","1","4","0.29","0.71","0","0",,,"1","120","2024-03-07 16:00:33"
"6266a599c7361af8b51a95e0",,"5","19","14","2","5","5","1","0","599","700","1","0","1","4","0.16","0.84","0","0",,,"1","70","2024-03-07 16:00:33"
"63617bda4e6367b26d53da86",,"3","63","11","2","5","5","0","1","984","1620","0","1","2","4","0.37","0.84","0","0",,,"1","195","2024-03-07 16:00:34"
"570b7b5fb9b52b00102d96f9",,"5","37","4","2","5","5","0","1","450","734","0","1","3","4","0.55","0.78","0","0",,,"0","115","2024-03-07 16:00:35"
"6266a599c7361af8b51a95e0",,"5","20","3","2","5","5","1","0","482","566","1","0","3","4","0.63","0.78","0","0",,,"1","75","2024-03-07 16:00:36"
"65b574d703587ccea5f0b519",,"3","40","15","2","5","5","0","1","582","1549","0","1","1","4","0.12","0.88","0","0",,,"1","125","2024-03-07 16:00:36"
"570b7b5fb9b52b00102d96f9",,"5","38","12","2","5","5","0","1","400","567","0","1","1","4","0.12","0.71","0","0",,,"1","120","2024-03-07 16:00:38"
"6266a599c7361af8b51a95e0",,"5","21","6","2","5","5","1","0","566","682","1","0","2","3","0.37","0.63","0","0",,,"1","80","2024-03-07 16:00:38"
"65b574d703587ccea5f0b519",,"3","41","1","2","5","5","0","1","1216","1783","0","1","4","4","0.71","0.84","0","0",,,"0","125","2024-03-07 16:00:39"
"570b7b5fb9b52b00102d96f9",,"5","39","9","2","5","5","0","1","434","618","0","1","1","4","0.29","0.71","0","0",,,"0","120","2024-03-07 16:00:40"
"6266a599c7361af8b51a95e0",,"5","22","15","2","5","5","1","0","466","550","1","0","1","4","0.12","0.88","0","0",,,"0","80","2024-03-07 16:00:40"
"65b574d703587ccea5f0b519",,"3","42","12","2","5","5","0","1","149","1467","1","1","1","4","0.12","0.71","0","0",,,"1","130","2024-03-07 16:00:42"
"6266a599c7361af8b51a95e0",,"5","23","6","2","5","5","0","1","549","650","0","1","2","3","0.37","0.63","0","0",,,"1","85","2024-03-07 16:00:43"
"570b7b5fb9b52b00102d96f9",,"5","40","4","2","5","5","1","0","418","1219","1","1","3","4","0.55","0.78","0","0",,,"0","120","2024-03-07 16:00:43"
"65b574d703587ccea5f0b519",,"3","43","9","2","5","5","0","1","749","1333","0","1","1","4","0.29","0.71","0","0",,,"1","135","2024-03-07 16:00:45"
"6266a599c7361af8b51a95e0",,"5","24","11","2","5","5","0","1","566","666","0","1","2","4","0.37","0.84","0","0",,,"1","90","2024-03-07 16:00:46"
"570b7b5fb9b52b00102d96f9",,"5","41","15","2","5","5","1","0","534","768","1","0","1","4","0.12","0.88","0","0",,,"1","125","2024-03-07 16:00:46"
"6266a599c7361af8b51a95e0",,"5","25","5","2","5","5","1","0","800","851","1","0","1","2","0.22","0.45","0","0",,,"1","95","2024-03-07 16:00:48"
"65b574d703587ccea5f0b519",,"3","44","5","2","5","5","1","0","733","1300","1","0","1","2","0.22","0.45","0","0",,,"0","135","2024-03-07 16:00:48"
"570b7b5fb9b52b00102d96f9",,"5","42","8","2","5","5","0","1","583","801","0","1","1","2","0.12","0.45","0","0",,,"1","130","2024-03-07 16:00:49"
"63617bda4e6367b26d53da86",,"4","0","14","0","0","0","0","1","2405","0","0","1","1","4","0.16","0.84","0","0",,,"0","0","2024-03-07 16:00:49"
"6266a599c7361af8b51a95e0",,"5","26","7","2","5","5","0","1","449","550","0","1","3","4","0.55","0.88","0","0",,,"1","100","2024-03-07 16:00:51"
"570b7b5fb9b52b00102d96f9",,"5","43","14","2","5","5","1","0","601","751","1","0","1","4","0.16","0.84","0","0",,,"1","135","2024-03-07 16:00:51"
"63617bda4e6367b26d53da86",,"4","1","1","2","5","5","1","0","1103","1487","1","0","4","4","0.71","0.84","0","0",,,"1","5","2024-03-07 16:00:52"
"65b574d703587ccea5f0b519",,"3","45","15","2","5","5","1","0","799","1917","1","0","1","4","0.12","0.88","0","0",,,"1","140","2024-03-07 16:00:52"
"6266a599c7361af8b51a95e0",,"5","27","10","2","5","5","0","1","449","516","0","1","1","3","0.16","0.63","0","0",,,"1","105","2024-03-07 16:00:53"
"570b7b5fb9b52b00102d96f9",,"5","44","13","2","5","5","0","1","567","751","0","1","1","4","0.29","0.88","0","0",,,"1","140","2024-03-07 16:00:54"
"65b574d703587ccea5f0b519",,"3","46","14","2","5","5","0","1","649","1383","0","1","1","4","0.16","0.84","0","0",,,"1","145","2024-03-07 16:00:55"
"63617bda4e6367b26d53da86",,"4","2","8","2","5","5","0","1","1135","1686","0","1","1","2","0.12","0.45","0","0",,,"0","5","2024-03-07 16:00:55"
"6266a599c7361af8b51a95e0",,"5","28","1","2","5","5","1","0","632","715","1","0","4","4","0.71","0.84","0","0",,,"1","110","2024-03-07 16:00:55"
"570b7b5fb9b52b00102d96f9",,"5","45","3","2","5","5","1","0","584","1235","1","1","3","4","0.63","0.78","0","0",,,"1","145","2024-03-07 16:00:57"
"6266a599c7361af8b51a95e0",,"5","29","12","2","5","5","1","0","432","483","1","0","1","4","0.12","0.71","0","0",,,"1","115","2024-03-07 16:00:58"
"65b574d703587ccea5f0b519",,"3","47","1","2","5","5","0","1","715","1249","0","1","4","4","0.71","0.84","0","0",,,"1","150","2024-03-07 16:00:58"
"63617bda4e6367b26d53da86",,"4","3","3","2","5","5","1","0","984","1521","1","0","3","4","0.63","0.78","0","0",,,"1","10","2024-03-07 16:00:59"
"570b7b5fb9b52b00102d96f9",,"5","46","14","2","5","5","1","0","583","784","1","0","1","4","0.16","0.84","0","0",,,"1","150","2024-03-07 16:00:59"
"6266a599c7361af8b51a95e0",,"5","30","5","2","5","5","1","0","966","1066","1","0","1","2","0.22","0.45","0","0",,,"1","120","2024-03-07 16:01:01"
"65b574d703587ccea5f0b519",,"3","48","10","2","5","5","1","0","1032","1566","1","0","1","3","0.16","0.63","0","0",,,"1","155","2024-03-07 16:01:01"
"570b7b5fb9b52b00102d96f9",,"5","47","7","2","5","5","1","0","650","818","1","0","3","4","0.55","0.88","0","0",,,"1","155","2024-03-07 16:01:02"
"63617bda4e6367b26d53da86",,"4","4","14","2","5","5","1","0","951","1606","1","0","1","4","0.16","0.84","0","0",,,"1","15","2024-03-07 16:01:02"
"6266a599c7361af8b51a95e0",,"5","31","3","2","5","5","1","0","732","766","1","0","3","4","0.63","0.78","0","0",,,"0","120","2024-03-07 16:01:03"
"65b574d703587ccea5f0b519",,"3","49","14","2","5","5","1","0","766","1333","1","0","1","4","0.16","0.84","0","0",,,"1","160","2024-03-07 16:01:04"
"570b7b5fb9b52b00102d96f9",,"5","48","1","2","5","5","0","1","550","1135","1","1","4","4","0.71","0.84","0","0",,,"1","160","2024-03-07 16:01:05"
"63617bda4e6367b26d53da86",,"4","5","9","2","5","5","0","1","1101","1736","0","1","1","4","0.29","0.71","0","0",,,"1","20","2024-03-07 16:01:05"
"6266a599c7361af8b51a95e0",,"5","32","10","2","5","5","0","1","649","750","0","1","1","3","0.16","0.63","0","0",,,"0","120","2024-03-07 16:01:06"
"570b7b5fb9b52b00102d96f9",,"5","49","3","2","5","5","1","0","449","701","1","0","3","4","0.63","0.78","0","0",,,"1","165","2024-03-07 16:01:07"
"65b574d703587ccea5f0b519",,"3","50","0","1","5","5","1","1","716","1433","1","0","1","1","0.16","0.29","0","0",,,"0","160","2024-03-07 16:01:07"
"63617bda4e6367b26d53da86",,"4","6","13","2","5","5","1","0","903","1553","1","0","1","4","0.29","0.88","0","0",,,"1","25","2024-03-07 16:01:08"
"6266a599c7361af8b51a95e0",,"5","33","1","1","5","5","0","0","516","616","0","1","4","4","0.71","0.84","0","0",,,"1","125","2024-03-07 16:01:09"
"570b7b5fb9b52b00102d96f9",,"5","50","9","2","5","5","1","0","583","817","1","0","1","4","0.29","0.71","0","0",,,"1","170","2024-03-07 16:01:10"
"65b574d703587ccea5f0b519",,"3","51","6","2","5","5","1","0","899","1433","1","0","2","3","0.37","0.63","0","0",,,"1","165","2024-03-07 16:01:11"
"6266a599c7361af8b51a95e0",,"5","34","9","2","5","5","1","0","516","583","1","0","1","4","0.29","0.71","0","0",,,"0","125","2024-03-07 16:01:11"
"63617bda4e6367b26d53da86",,"4","7","2","2","5","5","1","0","1586","2037","1","0","1","2","0.22","0.37","0","0",,,"0","25","2024-03-07 16:01:12"
"570b7b5fb9b52b00102d96f9",,"5","51","5","2","5","5","1","0","601","818","1","0","1","2","0.22","0.45","0","0",,,"0","170","2024-03-07 16:01:12"
"6266a599c7361af8b51a95e0",,"5","35","6","2","5","5","1","0","499","583","1","0","2","3","0.37","0.63","0","0",,,"0","125","2024-03-07 16:01:14"
"65b574d703587ccea5f0b519",,"3","52","13","2","5","5","0","1","533","1250","0","1","1","4","0.29","0.88","0","0",,,"1","170","2024-03-07 16:01:14"
"570b7b5fb9b52b00102d96f9",,"5","52","14","2","5","5","0","1","584","751","0","1","1","4","0.16","0.84","0","0",,,"1","175","2024-03-07 16:01:15"
"63617bda4e6367b26d53da86",,"4","8","11","2","5","5","0","1","1121","1656","0","1","2","4","0.37","0.84","0","0",,,"1","30","2024-03-07 16:01:15"
"6266a599c7361af8b51a95e0",,"5","36","5","2","5","5","0","1","532","599","0","1","1","2","0.22","0.45","0","0",,,"1","130","2024-03-07 16:01:16"
"65b574d703587ccea5f0b519",,"3","53","14","2","5","5","1","0","816","1416","1","0","1","4","0.16","0.84","0","0",,,"0","170","2024-03-07 16:01:17"
"570b7b5fb9b52b00102d96f9",,"5","53","5","2","5","5","1","0","667","850","1","0","1","2","0.22","0.45","0","0",,,"0","175","2024-03-07 16:01:17"
"63617bda4e6367b26d53da86",,"4","9","4","2","5","5","1","0","952","1554","1","0","3","4","0.55","0.78","0","0",,,"0","30","2024-03-07 16:01:19"
"6266a599c7361af8b51a95e0",,"5","37","8","2","5","5","1","0","733","816","1","0","1","2","0.12","0.45","0","0",,,"0","130","2024-03-07 16:01:19"
"65b574d703587ccea5f0b519",,"3","54","9","2","5","5","0","1","16","1283","0","2","1","4","0.29","0.71","0","0",,,"1","175","2024-03-07 16:01:20"
"570b7b5fb9b52b00102d96f9",,"5","54","14","2","5","5","1","0","600","800","1","0","1","4","0.16","0.84","0","0",,,"1","180","2024-03-07 16:01:20"
"6266a599c7361af8b51a95e0",,"5","38","4","2","5","5","1","0","416","483","1","0","3","4","0.55","0.78","0","0",,,"1","135","2024-03-07 16:01:21"
"63617bda4e6367b26d53da86",,"4","10","12","2","5","5","0","1","1057","1692","0","1","1","4","0.12","0.71","0","0",,,"1","35","2024-03-07 16:01:22"
"570b7b5fb9b52b00102d96f9",,"5","55","13","2","5","5","1","0","585","835","1","0","1","4","0.29","0.88","0","0",,,"1","185","2024-03-07 16:01:23"
"65b574d703587ccea5f0b519",,"3","55","13","2","5","5","0","1","616","1200","0","1","1","4","0.29","0.88","0","0",,,"1","180","2024-03-07 16:01:23"
"6266a599c7361af8b51a95e0",,"5","39","3","2","5","5","0","1","532","632","0","1","3","4","0.63","0.78","0","0",,,"1","140","2024-03-07 16:01:24"
"63617bda4e6367b26d53da86",,"4","11","8","2","5","5","0","1","968","1554","0","1","1","2","0.12","0.45","0","0",,,"0","35","2024-03-07 16:01:25"
"570b7b5fb9b52b00102d96f9",,"5","56","0","2","5","5","0","1","633","868","0","1","1","1","0.16","0.29","0","0",,,"0","185","2024-03-07 16:01:26"
"65b574d703587ccea5f0b519",,"3","56","7","2","5","5","1","0","582","1350","1","0","3","4","0.55","0.88","0","0",,,"1","185","2024-03-07 16:01:26"
"6266a599c7361af8b51a95e0",,"5","40","12","2","5","5","1","0","466","550","1","0","1","4","0.12","0.71","0","0",,,"0","140","2024-03-07 16:01:26"
"570b7b5fb9b52b00102d96f9",,"5","57","11","2","5","5","1","0","416","934","1","1","2","4","0.37","0.84","0","0",,,"1","190","2024-03-07 16:01:28"
"65b574d703587ccea5f0b519",,"3","57","10","2","5","5","1","0","649","1250","1","0","1","3","0.16","0.63","0","0",,,"0","185","2024-03-07 16:01:29"
"6266a599c7361af8b51a95e0",,"5","41","15","2","5","5","1","0","616","716","1","0","1","4","0.12","0.88","0","0",,,"1","145","2024-03-07 16:01:29"
"63617bda4e6367b26d53da86",,"4","12","7","2","5","5","0","1","1035","1654","0","1","3","4","0.55","0.88","0","0",,,"0","35","2024-03-07 16:01:29"
"570b7b5fb9b52b00102d96f9",,"5","58","8","2","5","5","0","1","584","818","0","1","1","2","0.12","0.45","0","0",,,"0","190","2024-03-07 16:01:31"
"6266a599c7361af8b51a95e0",,"5","42","2","2","5","5","0","1","599","701","0","1","1","2","0.22","0.37","0","0",,,"1","150","2024-03-07 16:01:31"
"65b574d703587ccea5f0b519",,"3","58","4","2","5","5","1","0","615","1149","1","0","3","4","0.55","0.78","0","0",,,"1","190","2024-03-07 16:01:32"
"63617bda4e6367b26d53da86",,"4","13","3","2","5","5","0","1","951","1587","0","1","3","4","0.63","0.78","0","0",,,"1","40","2024-03-07 16:01:32"
"6266a599c7361af8b51a95e0",,"5","43","9","2","5","5","1","0","466","533","1","0","1","4","0.29","0.71","0","0",,,"1","155","2024-03-07 16:01:34"
"570b7b5fb9b52b00102d96f9",,"5","59","7","2","5","5","0","1","500","718","0","1","3","4","0.55","0.88","0","0",,,"1","195","2024-03-07 16:01:34"
"65b574d703587ccea5f0b519",,"3","59","6","2","5","5","1","0","633","1200","1","0","2","3","0.37","0.63","0","0",,,"1","195","2024-03-07 16:01:35"
"63617bda4e6367b26d53da86",,"4","14","11","2","5","5","0","1","1067","1686","0","1","2","4","0.37","0.84","0","0",,,"1","45","2024-03-07 16:01:36"
"6266a599c7361af8b51a95e0",,"5","44","10","2","5","5","1","0","482","566","1","0","1","3","0.16","0.63","0","0",,,"1","160","2024-03-07 16:01:36"
"570b7b5fb9b52b00102d96f9",,"5","60","15","2","5","5","1","0","584","768","1","0","1","4","0.12","0.88","0","0",,,"1","200","2024-03-07 16:01:36"
"65b574d703587ccea5f0b519",,"3","60","15","2","5","5","0","1","683","1300","0","1","1","4","0.12","0.88","0","0",,,"1","200","2024-03-07 16:01:38"
"6266a599c7361af8b51a95e0",,"5","45","14","2","5","5","0","1","482","566","0","1","1","4","0.16","0.84","0","0",,,"1","165","2024-03-07 16:01:38"
"570b7b5fb9b52b00102d96f9",,"5","61","10","2","5","5","0","1","684","884","0","1","1","3","0.16","0.63","0","0",,,"1","205","2024-03-07 16:01:39"
"63617bda4e6367b26d53da86",,"4","15","10","2","5","5","0","1","1068","1624","0","1","1","3","0.16","0.63","0","0",,,"0","45","2024-03-07 16:01:39"
"65b574d703587ccea5f0b519",,"3","61","5","2","5","5","1","0","882","1466","1","0","1","2","0.22","0.45","0","0",,,"1","205","2024-03-07 16:01:41"
"6266a599c7361af8b51a95e0",,"5","46","8","2","5","5","0","1","549","650","0","1","1","2","0.12","0.45","0","0",,,"1","170","2024-03-07 16:01:41"
"570b7b5fb9b52b00102d96f9",,"5","62","12","2","5","5","1","0","751","968","1","0","1","4","0.12","0.71","0","0",,,"1","210","2024-03-07 16:01:41"
"63617bda4e6367b26d53da86",,"4","16","6","2","5","5","1","0","1052","1755","1","0","2","3","0.37","0.63","0","0",,,"0","45","2024-03-07 16:01:42"
"6266a599c7361af8b51a95e0",,"5","47","2","1","5","5","1","1","766","850","1","0","1","2","0.22","0.37","0","0",,,"0","170","2024-03-07 16:01:44"
"65b574d703587ccea5f0b519",,"3","62","2","2","5","5","1","0","732","1366","1","0","1","2","0.22","0.37","0","0",,,"0","205","2024-03-07 16:01:44"
"570b7b5fb9b52b00102d96f9",,"5","63","10","2","5","5","0","1","550","801","0","1","1","3","0.16","0.63","0","0",,,"1","215","2024-03-07 16:01:44"
"63617bda4e6367b26d53da86",,"4","17","7","2","5","5","0","1","851","1420","0","1","3","4","0.55","0.88","0","0",,,"0","45","2024-03-07 16:01:46"
"6266a599c7361af8b51a95e0",,"5","48","4","1","5","5","1","1","649","716","1","0","3","4","0.55","0.78","0","0",,,"1","175","2024-03-07 16:01:46"
"65b574d703587ccea5f0b519",,"3","63","13","2","5","5","0","1","549","1116","0","1","1","4","0.29","0.88","0","0",,,"1","210","2024-03-07 16:01:47"
"6266a599c7361af8b51a95e0",,"5","49","15","2","5","5","0","1","549","633","0","1","1","4","0.12","0.88","0","0",,,"0","175","2024-03-07 16:01:49"
"63617bda4e6367b26d53da86",,"4","18","7","2","5","5","0","1","985","1505","0","1","3","4","0.55","0.88","0","0",,,"1","50","2024-03-07 16:01:49"
"6266a599c7361af8b51a95e0",,"5","50","1","2","5","5","0","1","550","650","0","1","4","4","0.71","0.84","0","0",,,"1","180","2024-03-07 16:01:51"
"63617bda4e6367b26d53da86",,"4","19","5","2","5","5","0","1","937","1603","0","1","1","2","0.22","0.45","0","0",,,"1","55","2024-03-07 16:01:52"
"6266a599c7361af8b51a95e0",,"5","51","14","2","5","5","1","0","566","650","1","0","1","4","0.16","0.84","0","0",,,"1","185","2024-03-07 16:01:54"
"63617bda4e6367b26d53da86",,"4","20","2","1","5","5","0","0","1035","1686","0","1","1","2","0.22","0.37","0","0",,,"0","55","2024-03-07 16:01:56"
"6266a599c7361af8b51a95e0",,"5","52","0","2","5","5","1","0","767","867","1","0","1","1","0.16","0.29","0","0",,,"0","185","2024-03-07 16:01:56"
"5610c4ea7ffc8a0005811504",,"4","0","8","2","5","5","1","0","1232","1583","1","0","1","2","0.12","0.45","0","0",,,"0","0","2024-03-07 16:01:58"
"63617bda4e6367b26d53da86",,"4","21","13","2","5","5","1","0","850","1253","1","0","1","4","0.29","0.88","0","0",,,"1","60","2024-03-07 16:01:59"
"6266a599c7361af8b51a95e0",,"5","53","8","2","5","5","0","1","582","682","0","1","1","2","0.12","0.45","0","0",,,"1","190","2024-03-07 16:01:59"
"5610c4ea7ffc8a0005811504",,"4","1","5","2","5","5","0","1","982","1318","0","1","1","2","0.22","0.45","0","0",,,"0","0","2024-03-07 16:02:01"
"6266a599c7361af8b51a95e0",,"5","54","5","2","5","5","1","0","699","766","1","0","1","2","0.22","0.45","0","0",,,"0","190","2024-03-07 16:02:02"
"63617bda4e6367b26d53da86",,"4","22","9","2","5","5","0","1","1001","1656","0","1","1","4","0.29","0.71","0","0",,,"1","65","2024-03-07 16:02:02"
"5610c4ea7ffc8a0005811504",,"4","2","0","2","5","5","0","1","949","1667","0","1","1","1","0.16","0.29","0","0",,,"1","5","2024-03-07 16:02:04"
"6266a599c7361af8b51a95e0",,"5","55","4","2","5","5","1","0","549","649","1","0","3","4","0.55","0.78","0","0",,,"1","195","2024-03-07 16:02:04"
"63617bda4e6367b26d53da86",,"4","23","2","2","5","5","1","0","1119","1787","1","0","1","2","0.22","0.37","0","0",,,"0","65","2024-03-07 16:02:06"
"6266a599c7361af8b51a95e0",,"5","56","4","2","5","5","0","1","549","633","0","1","3","4","0.55","0.78","0","0",,,"1","200","2024-03-07 16:02:07"
"5610c4ea7ffc8a0005811504",,"4","3","7","1","5","5","0","0","1083","1467","0","1","3","4","0.55","0.88","0","0",,,"0","5","2024-03-07 16:02:07"
"63617bda4e6367b26d53da86",,"4","24","15","2","5","5","0","1","902","1574","0","1","1","4","0.12","0.88","0","0",,,"1","70","2024-03-07 16:02:09"
"6266a599c7361af8b51a95e0",,"5","57","14","2","5","5","0","1","483","550","0","1","1","4","0.16","0.84","0","0",,,"1","205","2024-03-07 16:02:09"
"5610c4ea7ffc8a0005811504",,"4","4","0","1","5","5","0","0","1517","1835","0","1","1","1","0.16","0.29","0","0",,,"1","10","2024-03-07 16:02:11"
"6266a599c7361af8b51a95e0",,"5","58","7","2","5","5","1","0","532","599","1","0","3","4","0.55","0.88","0","0",,,"1","210","2024-03-07 16:02:12"
"63617bda4e6367b26d53da86",,"4","25","4","2","5","5","0","1","902","1704","0","1","3","4","0.55","0.78","0","0",,,"1","75","2024-03-07 16:02:12"
"5610c4ea7ffc8a0005811504",,"4","5","1","1","5","5","0","0","999","1366","0","1","4","4","0.71","0.84","0","0",,,"1","15","2024-03-07 16:02:14"
"6266a599c7361af8b51a95e0",,"5","59","12","2","5","5","0","1","466","550","0","1","1","4","0.12","0.71","0","0",,,"0","210","2024-03-07 16:02:14"
"65b574d703587ccea5f0b519",,"4","0","9","2","5","5","0","1","1332","1766","0","1","1","4","0.29","0.71","0","0",,,"0","0","2024-03-07 16:02:15"
"63617bda4e6367b26d53da86",,"4","26","0","1","5","5","0","0","1017","1569","0","1","1","1","0.16","0.29","0","0",,,"0","75","2024-03-07 16:02:16"
"6266a599c7361af8b51a95e0",,"5","60","9","2","5","5","1","0","649","750","1","0","1","4","0.29","0.71","0","0",,,"0","210","2024-03-07 16:02:17"
"5610c4ea7ffc8a0005811504",,"4","6","4","1","5","5","0","0","900","1700","0","1","3","4","0.55","0.78","0","0",,,"1","20","2024-03-07 16:02:17"
"65b574d703587ccea5f0b519",,"4","1","11","2","5","5","0","1","699","1216","0","1","2","4","0.37","0.84","0","0",,,"0","0","2024-03-07 16:02:18"
"63617bda4e6367b26d53da86",,"4","27","3","2","5","5","0","1","1069","1422","0","1","3","4","0.63","0.78","0","0",,,"1","80","2024-03-07 16:02:19"
"6266a599c7361af8b51a95e0",,"5","61","11","2","5","5","0","1","416","500","0","1","2","4","0.37","0.84","0","0",,,"1","215","2024-03-07 16:02:19"
"5610c4ea7ffc8a0005811504",,"4","7","14","2","5","5","1","0","783","1150","1","0","1","4","0.16","0.84","0","0",,,"1","25","2024-03-07 16:02:20"
"65b574d703587ccea5f0b519",,"4","2","1","1","5","5","1","1","583","1200","1","0","4","4","0.71","0.84","0","0",,,"1","5","2024-03-07 16:02:21"
"6266a599c7361af8b51a95e0",,"5","62","0","2","5","5","0","1","599","684","0","1","1","1","0.16","0.29","0","0",,,"1","220","2024-03-07 16:02:22"
"63617bda4e6367b26d53da86",,"4","28","14","2","5","5","1","0","900","1635","1","0","1","4","0.16","0.84","0","0",,,"1","85","2024-03-07 16:02:22"
"5610c4ea7ffc8a0005811504",,"4","8","15","2","5","5","0","1","732","1066","0","1","1","4","0.12","0.88","0","0",,,"1","30","2024-03-07 16:02:23"
"65b574d703587ccea5f0b519",,"4","3","10","2","5","5","0","1","699","1233","0","1","1","3","0.16","0.63","0","0",,,"0","5","2024-03-07 16:02:24"
"6266a599c7361af8b51a95e0",,"5","63","13","2","5","5","0","1","466","517","0","1","1","4","0.29","0.88","0","0",,,"1","225","2024-03-07 16:02:24"
"63617bda4e6367b26d53da86",,"4","29","12","2","5","5","0","1","834","1672","0","1","1","4","0.12","0.71","0","0",,,"1","90","2024-03-07 16:02:25"
"5610c4ea7ffc8a0005811504",,"4","9","2","2","5","5","1","0","1665","2016","1","0","1","2","0.22","0.37","0","0",,,"1","35","2024-03-07 16:02:27"
"65b574d703587ccea5f0b519",,"4","4","14","1","5","5","1","1","1116","1566","1","0","1","4","0.16","0.84","0","0",,,"1","10","2024-03-07 16:02:27"
"63617bda4e6367b26d53da86",,"4","30","14","2","5","5","0","1","1052","1720","0","1","1","4","0.16","0.84","0","0",,,"1","95","2024-03-07 16:02:29"
"5610c4ea7ffc8a0005811504",,"4","10","8","2","5","5","0","1","1382","1683","0","1","1","2","0.12","0.45","0","0",,,"0","35","2024-03-07 16:02:30"
"65b574d703587ccea5f0b519",,"4","5","7","2","5","5","1","0","616","1133","1","0","3","4","0.55","0.88","0","0",,,"1","15","2024-03-07 16:02:30"
"63617bda4e6367b26d53da86",,"4","31","9","2","5","5","1","0","1018","1654","1","0","1","4","0.29","0.71","0","0",,,"0","95","2024-03-07 16:02:32"
"65b574d703587ccea5f0b519",,"4","6","10","1","5","5","1","1","815","1383","1","0","1","3","0.16","0.63","0","0",,,"0","15","2024-03-07 16:02:33"
"5610c4ea7ffc8a0005811504",,"4","11","10","2","5","5","0","1","1367","2068","0","1","1","3","0.16","0.63","0","0",,,"1","40","2024-03-07 16:02:34"
"63617bda4e6367b26d53da86",,"4","32","9","2","5","5","1","0","1124","1606","1","0","1","4","0.29","0.71","0","0",,,"1","100","2024-03-07 16:02:35"
"65b574d703587ccea5f0b519",,"4","7","9","2","5","5","0","1","516","1116","0","1","1","4","0.29","0.71","0","0",,,"1","20","2024-03-07 16:02:36"
"5610c4ea7ffc8a0005811504",,"4","12","10","2","5","5","1","0","915","1616","1","0","1","3","0.16","0.63","0","0",,,"1","45","2024-03-07 16:02:37"
"63617bda4e6367b26d53da86",,"4","33","0","2","5","5","0","1","933","1601","0","1","1","1","0.16","0.29","0","0",,,"1","105","2024-03-07 16:02:39"
"65b574d703587ccea5f0b519",,"4","8","11","2","5","5","0","1","615","1266","0","1","2","4","0.37","0.84","0","0",,,"0","20","2024-03-07 16:02:39"
"5610c4ea7ffc8a0005811504",,"4","13","6","2","5","5","0","1","765","1117","0","1","2","3","0.37","0.63","0","0",,,"0","45","2024-03-07 16:02:40"
"63617bda4e6367b26d53da86",,"4","34","0","2","5","5","0","1","1035","1671","0","1","1","1","0.16","0.29","0","0",,,"0","105","2024-03-07 16:02:42"
"65b574d703587ccea5f0b519",,"4","9","6","2","5","5","1","0","532","1100","1","0","2","3","0.37","0.63","0","0",,,"0","20","2024-03-07 16:02:42"
"5610c4ea7ffc8a0005811504",,"4","14","1","2","5","5","0","1","1284","2016","0","1","4","4","0.71","0.84","0","0",,,"1","50","2024-03-07 16:02:44"
"63617bda4e6367b26d53da86",,"4","35","15","2","5","5","0","1","935","1654","0","1","1","4","0.12","0.88","0","0",,,"1","110","2024-03-07 16:02:45"
"65b574d703587ccea5f0b519",,"4","10","0","1","5","5","0","0","665","1300","0","1","1","1","0.16","0.29","0","0",,,"0","20","2024-03-07 16:02:46"
"5610c4ea7ffc8a0005811504",,"4","15","8","1","5","5","0","0","899","1233","0","1","1","2","0.12","0.45","0","0",,,"0","50","2024-03-07 16:02:47"
"65b574d703587ccea5f0b519",,"4","11","0","2","5","5","1","0","582","1317","1","0","1","1","0.16","0.29","0","0",,,"0","20","2024-03-07 16:02:49"
"63617bda4e6367b26d53da86",,"4","36","1","2","5","5","1","0","1187","1921","1","0","4","4","0.71","0.84","0","0",,,"0","110","2024-03-07 16:02:49"
"5610c4ea7ffc8a0005811504",,"4","16","7","1","5","5","0","0","982","1317","0","1","3","4","0.55","0.88","0","0",,,"0","50","2024-03-07 16:02:50"
"63617bda4e6367b26d53da86",,"4","37","13","2","5","5","1","0","1270","1305","1","0","1","4","0.29","0.88","0","0",,,"1","115","2024-03-07 16:02:52"
"65b574d703587ccea5f0b519",,"4","12","0","2","5","5","1","0","982","1499","1","0","1","1","0.16","0.29","0","0",,,"0","20","2024-03-07 16:02:52"
"5610c4ea7ffc8a0005811504",,"4","17","6","2","5","5","0","1","949","1602","0","1","2","3","0.37","0.63","0","0",,,"1","55","2024-03-07 16:02:53"
"65b574d703587ccea5f0b519",,"4","13","7","2","5","5","0","1","599","1099","0","1","3","4","0.55","0.88","0","0",,,"1","25","2024-03-07 16:02:55"
"63617bda4e6367b26d53da86",,"4","38","4","2","5","5","0","1","1052","1536","0","1","3","4","0.55","0.78","0","0",,,"1","120","2024-03-07 16:02:55"
"5610c4ea7ffc8a0005811504",,"4","18","1","2","5","5","0","1","982","1317","0","1","4","4","0.71","0.84","0","0",,,"1","60","2024-03-07 16:02:56"
"65b574d703587ccea5f0b519",,"4","14","14","2","5","5","0","1","499","1149","0","1","1","4","0.16","0.84","0","0",,,"1","30","2024-03-07 16:02:58"
"63617bda4e6367b26d53da86",,"4","39","5","2","5","5","1","0","1269","1906","1","0","1","2","0.22","0.45","0","0",,,"0","120","2024-03-07 16:02:59"
"5610c4ea7ffc8a0005811504",,"4","19","4","2","5","5","1","0","932","1217","1","0","3","4","0.55","0.78","0","0",,,"1","65","2024-03-07 16:02:59"
"65b574d703587ccea5f0b519",,"4","15","13","2","5","5","0","1","516","1583","0","1","1","4","0.29","0.88","0","0",,,"1","35","2024-03-07 16:03:01"
"63617bda4e6367b26d53da86",,"4","40","6","2","5","5","0","1","985","1505","0","1","2","3","0.37","0.63","0","0",,,"1","125","2024-03-07 16:03:02"
"5610c4ea7ffc8a0005811504",,"4","20","14","2","5","5","1","0","750","1066","1","0","1","4","0.16","0.84","0","0",,,"1","70","2024-03-07 16:03:02"
"65b574d703587ccea5f0b519",,"4","16","9","2","5","5","1","0","583","1233","1","0","1","4","0.29","0.71","0","0",,,"1","40","2024-03-07 16:03:04"
"5610c4ea7ffc8a0005811504",,"4","21","9","2","5","5","1","0","682","1033","1","0","1","4","0.29","0.71","0","0",,,"1","75","2024-03-07 16:03:05"
"63617bda4e6367b26d53da86",,"4","41","6","2","5","5","1","0","1035","1586","1","0","2","3","0.37","0.63","0","0",,,"1","130","2024-03-07 16:03:05"
"5610c4ea7ffc8a0005811504",,"4","22","14","2","5","5","0","1","549","1033","0","1","1","4","0.16","0.84","0","0",,,"1","80","2024-03-07 16:03:08"
"65b574d703587ccea5f0b519",,"4","17","2","2","5","5","1","0","650","2117","1","0","1","2","0.22","0.37","0","0",,,"1","45","2024-03-07 16:03:08"
"63617bda4e6367b26d53da86",,"4","42","13","2","5","5","0","1","886","1487","0","1","1","4","0.29","0.88","0","0",,,"1","135","2024-03-07 16:03:08"
"5610c4ea7ffc8a0005811504",,"4","23","12","2","5","5","1","0","666","967","1","0","1","4","0.12","0.71","0","0",,,"0","80","2024-03-07 16:03:10"
"65b574d703587ccea5f0b519",,"4","18","8","2","5","5","1","0","533","1200","1","0","1","2","0.12","0.45","0","0",,,"1","50","2024-03-07 16:03:11"
"63617bda4e6367b26d53da86",,"4","43","3","1","5","5","0","0","1152","1523","0","1","3","4","0.63","0.78","0","0",,,"0","135","2024-03-07 16:03:12"
"5610c4ea7ffc8a0005811504",,"4","24","12","2","5","5","1","0","849","1183","1","0","1","4","0.12","0.71","0","0",,,"1","85","2024-03-07 16:03:13"
"65b574d703587ccea5f0b519",,"4","19","15","2","5","5","0","1","549","1533","0","1","1","4","0.12","0.88","0","0",,,"1","55","2024-03-07 16:03:14"
"63617bda4e6367b26d53da86",,"4","44","10","2","5","5","0","1","1169","1604","0","1","1","3","0.16","0.63","0","0",,,"1","140","2024-03-07 16:03:15"
"5610c4ea7ffc8a0005811504",,"4","25","6","2","5","5","0","1","633","933","0","1","2","3","0.37","0.63","0","0",,,"0","85","2024-03-07 16:03:16"
"65b574d703587ccea5f0b519",,"4","20","6","2","5","5","1","0","466","1416","1","0","2","3","0.37","0.63","0","0",,,"1","60","2024-03-07 16:03:17"
"63617bda4e6367b26d53da86",,"4","45","10","2","5","5","1","0","1034","1787","1","0","1","3","0.16","0.63","0","0",,,"1","145","2024-03-07 16:03:18"
"5610c4ea7ffc8a0005811504",,"4","26","4","2","5","5","1","0","699","1033","1","0","3","4","0.55","0.78","0","0",,,"1","90","2024-03-07 16:03:19"
"65b574d703587ccea5f0b519",,"4","21","4","2","5","5","0","1","549","1083","0","1","3","4","0.55","0.78","0","0",,,"1","65","2024-03-07 16:03:20"
"63617bda4e6367b26d53da86",,"4","46","4","2","5","5","0","1","1035","1455","0","1","3","4","0.55","0.78","0","0",,,"0","145","2024-03-07 16:03:22"
"5610c4ea7ffc8a0005811504",,"4","27","1","2","5","5","0","1","816","1400","0","1","4","4","0.71","0.84","0","0",,,"1","95","2024-03-07 16:03:22"
"65b574d703587ccea5f0b519",,"4","22","5","2","5","5","0","1","766","1450","0","1","1","2","0.22","0.45","0","0",,,"1","70","2024-03-07 16:03:23"
"63617bda4e6367b26d53da86",,"4","47","11","2","5","5","1","0","1034","1553","1","0","2","4","0.37","0.84","0","0",,,"1","150","2024-03-07 16:03:25"
"5610c4ea7ffc8a0005811504",,"4","28","13","2","5","5","1","0","749","1017","1","0","1","4","0.29","0.88","0","0",,,"1","100","2024-03-07 16:03:25"
"65b574d703587ccea5f0b519",,"4","23","12","2","5","5","0","1","599","1450","0","1","1","4","0.12","0.71","0","0",,,"1","75","2024-03-07 16:03:26"
"5610c4ea7ffc8a0005811504",,"4","29","3","2","5","5","0","1","665","1000","0","1","3","4","0.63","0.78","0","0",,,"1","105","2024-03-07 16:03:28"
"63617bda4e6367b26d53da86",,"4","48","5","2","5","5","1","0","1219","1753","1","0","1","2","0.22","0.45","0","0",,,"1","155","2024-03-07 16:03:28"
"65b574d703587ccea5f0b519",,"4","24","1","2","5","5","0","1","749","1316","0","1","4","4","0.71","0.84","0","0",,,"1","80","2024-03-07 16:03:29"
"5610c4ea7ffc8a0005811504",,"4","30","5","2","5","5","1","0","699","1000","1","0","1","2","0.22","0.45","0","0",,,"0","105","2024-03-07 16:03:31"
"63617bda4e6367b26d53da86",,"4","49","5","2","5","5","1","0","1185","1519","1","0","1","2","0.22","0.45","0","0",,,"0","155","2024-03-07 16:03:31"
"65b574d703587ccea5f0b519",,"4","25","3","2","5","5","1","0","799","1466","1","0","3","4","0.63","0.78","0","0",,,"1","85","2024-03-07 16:03:32"
"5610c4ea7ffc8a0005811504",,"4","31","8","2","5","5","0","1","666","1033","0","1","1","2","0.12","0.45","0","0",,,"1","110","2024-03-07 16:03:33"
"63617bda4e6367b26d53da86",,"4","50","8","2","5","5","1","0","1204","1554","1","0","1","2","0.12","0.45","0","0",,,"0","155","2024-03-07 16:03:35"
"65b574d703587ccea5f0b519",,"4","26","14","2","5","5","0","1","566","1250","0","1","1","4","0.16","0.84","0","0",,,"1","90","2024-03-07 16:03:35"
"5610c4ea7ffc8a0005811504",,"4","32","10","2","5","5","0","1","566","833","0","1","1","3","0.16","0.63","0","0",,,"1","115","2024-03-07 16:03:36"
"65b574d703587ccea5f0b519",,"4","27","9","2","5","5","0","1","516","1033","0","1","1","4","0.29","0.71","0","0",,,"0","90","2024-03-07 16:03:38"
"63617bda4e6367b26d53da86",,"4","51","12","2","5","5","0","1","1095","1500","0","1","1","4","0.12","0.71","0","0",,,"0","155","2024-03-07 16:03:38"
"5610c4ea7ffc8a0005811504",,"4","33","0","2","5","5","1","0","816","1050","1","0","1","1","0.16","0.29","0","0",,,"1","120","2024-03-07 16:03:39"
"65b574d703587ccea5f0b519",,"4","28","4","2","5","5","1","0","599","1450","1","0","3","4","0.55","0.78","0","0",,,"1","95","2024-03-07 16:03:41"
"63617bda4e6367b26d53da86",,"4","52","12","2","5","5","1","0","1103","1639","1","0","1","4","0.12","0.71","0","0",,,"0","155","2024-03-07 16:03:42"
"5610c4ea7ffc8a0005811504",,"4","34","6","2","5","5","1","0","766","1067","1","0","2","3","0.37","0.63","0","0",,,"0","120","2024-03-07 16:03:42"
"65b574d703587ccea5f0b519",,"4","29","3","2","5","5","0","1","582","1133","0","1","3","4","0.63","0.78","0","0",,,"1","100","2024-03-07 16:03:44"
"5610c4ea7ffc8a0005811504",,"4","35","3","2","5","5","1","0","800","1033","1","0","3","4","0.63","0.78","0","0",,,"0","120","2024-03-07 16:03:45"
"63617bda4e6367b26d53da86",,"4","53","6","2","5","5","1","0","1054","1488","1","0","2","3","0.37","0.63","0","0",,,"1","160","2024-03-07 16:03:45"
"65b574d703587ccea5f0b519",,"4","30","7","2","5","5","1","0","582","1300","1","0","3","4","0.55","0.88","0","0",,,"1","105","2024-03-07 16:03:47"
"5610c4ea7ffc8a0005811504",,"4","36","2","1","5","5","1","1","1450","1751","1","0","1","2","0.22","0.37","0","0",,,"1","125","2024-03-07 16:03:48"
"63617bda4e6367b26d53da86",,"4","54","8","2","5","5","0","1","1151","1752","0","1","1","2","0.12","0.45","0","0",,,"0","160","2024-03-07 16:03:48"
"65b574d703587ccea5f0b519",,"4","31","10","2","5","5","0","1","532","1116","0","1","1","3","0.16","0.63","0","0",,,"0","105","2024-03-07 16:03:50"
"5610c4ea7ffc8a0005811504",,"4","37","11","2","5","5","1","0","984","1316","1","0","2","4","0.37","0.84","0","0",,,"1","130","2024-03-07 16:03:51"
"63617bda4e6367b26d53da86",,"4","55","1","1","5","5","1","1","1052","1690","1","0","4","4","0.71","0.84","0","0",,,"1","165","2024-03-07 16:03:52"
"65b574d703587ccea5f0b519",,"4","32","5","2","5","5","0","1","832","1483","0","1","1","2","0.22","0.45","0","0",,,"1","110","2024-03-07 16:03:53"
"5610c4ea7ffc8a0005811504",,"4","38","11","2","5","5","0","1","949","1266","0","1","2","4","0.37","0.84","0","0",,,"1","135","2024-03-07 16:03:54"
"63617bda4e6367b26d53da86",,"4","56","10","1","5","5","0","0","1202","1757","0","1","1","3","0.16","0.63","0","0",,,"1","170","2024-03-07 16:03:55"
"65b574d703587ccea5f0b519",,"4","33","0","2","5","5","1","0","616","1250","1","0","1","1","0.16","0.29","0","0",,,"0","110","2024-03-07 16:03:56"
"5610c4ea7ffc8a0005811504",,"4","39","2","2","5","5","1","0","882","1200","1","0","1","2","0.22","0.37","0","0",,,"1","140","2024-03-07 16:03:57"
"63617bda4e6367b26d53da86",,"4","57","11","1","5","5","1","1","1001","1753","1","0","2","4","0.37","0.84","0","0",,,"0","170","2024-03-07 16:03:59"
"65b574d703587ccea5f0b519",,"4","34","1","2","5","5","1","0","966","1484","1","0","4","4","0.71","0.84","0","0",,,"0","110","2024-03-07 16:03:59"
"5610c4ea7ffc8a0005811504",,"4","40","14","2","5","5","0","1","565","850","0","1","1","4","0.16","0.84","0","0",,,"1","145","2024-03-07 16:04:00"
"63617bda4e6367b26d53da86",,"4","58","15","2","5","5","0","1","868","1472","0","1","1","4","0.12","0.88","0","0",,,"1","175","2024-03-07 16:04:02"
"5610c4ea7ffc8a0005811504",,"4","41","9","2","5","5","1","0","866","1201","1","0","1","4","0.29","0.71","0","0",,,"1","150","2024-03-07 16:04:03"
"65b574d703587ccea5f0b519",,"4","35","1","2","5","5","0","1","983","1683","0","1","4","4","0.71","0.84","0","0",,,"1","115","2024-03-07 16:04:03"
"63617bda4e6367b26d53da86",,"4","59","7","2","5","5","1","0","1052","1720","1","0","3","4","0.55","0.88","0","0",,,"1","180","2024-03-07 16:04:05"
"5610c4ea7ffc8a0005811504",,"4","42","5","2","5","5","1","0","799","1452","1","0","1","2","0.22","0.45","0","0",,,"1","155","2024-03-07 16:04:06"
"65b574d703587ccea5f0b519",,"4","36","13","2","5","5","0","1","749","1466","0","1","1","4","0.29","0.88","0","0",,,"1","120","2024-03-07 16:04:06"
"5610c4ea7ffc8a0005811504",,"4","43","0","2","5","5","1","0","833","1100","1","0","1","1","0.16","0.29","0","0",,,"0","155","2024-03-07 16:04:09"
"63617bda4e6367b26d53da86",,"4","60","2","2","5","5","0","1","2208","2290","0","1","1","2","0.22","0.37","0","0",,,"0","180","2024-03-07 16:04:09"
"65b574d703587ccea5f0b519",,"4","37","8","2","5","5","1","0","1832","2250","1","0","1","2","0.12","0.45","0","0",,,"1","125","2024-03-07 16:04:10"
"65b22b0d7a2f6aa169b2672d",,"0","0","1","1","5","5","1","1","818","1267","1","0","4","4","0.71","0.84","0","0",,,"1","5","2024-03-07 16:04:10"
"63617bda4e6367b26d53da86",,"4","61","1","2","5","5","0","1","15","133","0","1","4","4","0.71","0.84","0","0",,,"0","180","2024-03-07 16:04:11"
"5610c4ea7ffc8a0005811504",,"4","44","11","2","5","5","0","1","615","882","0","1","2","4","0.37","0.84","0","0",,,"1","160","2024-03-07 16:04:12"
"65b574d703587ccea5f0b519",,"4","38","12","2","5","5","0","1","566","1683","0","1","1","4","0.12","0.71","0","0",,,"0","125","2024-03-07 16:04:13"
"5610c4ea7ffc8a0005811504",,"4","45","2","1","5","5","1","1","799","1100","1","0","1","2","0.22","0.37","0","0",,,"0","160","2024-03-07 16:04:14"
"65b22b0d7a2f6aa169b2672d",,"0","1","15","1","5","5","1","1","985","1604","1","0","1","4","0.12","0.88","0","0",,,"0","5","2024-03-07 16:04:15"
"63617bda4e6367b26d53da86",,"4","62","15","2","5","5","0","1","16","2093","0","2","1","4","0.12","0.88","0","0",,,"1","185","2024-03-07 16:04:15"
"65b574d703587ccea5f0b519",,"4","39","15","2","5","5","0","1","699","1416","0","1","1","4","0.12","0.88","0","0",,,"1","130","2024-03-07 16:04:16"
"5610c4ea7ffc8a0005811504",,"4","46","12","2","5","5","1","0","683","933","1","0","1","4","0.12","0.71","0","0",,,"0","160","2024-03-07 16:04:17"
"63617bda4e6367b26d53da86",,"4","63","0","2","5","5","1","0","1119","1737","1","0","1","1","0.16","0.29","0","0",,,"1","190","2024-03-07 16:04:18"
"65b574d703587ccea5f0b519",,"4","40","14","2","5","5","1","0","516","1249","1","0","1","4","0.16","0.84","0","0",,,"1","135","2024-03-07 16:04:19"
"65b22b0d7a2f6aa169b2672d",,"0","2","2","2","5","5","0","1","450","1487","0","1","1","2","0.22","0.37","0","0",,,"1","10","2024-03-07 16:04:19"
"5610c4ea7ffc8a0005811504",,"4","47","9","2","5","5","1","0","849","1102","1","0","1","4","0.29","0.71","0","0",,,"1","165","2024-03-07 16:04:20"
"65b574d703587ccea5f0b519",,"4","41","13","2","5","5","1","0","649","1416","1","0","1","4","0.29","0.88","0","0",,,"1","140","2024-03-07 16:04:22"
"5610c4ea7ffc8a0005811504",,"4","48","4","2","5","5","0","1","683","1016","0","1","3","4","0.55","0.78","0","0",,,"0","165","2024-03-07 16:04:23"
"65b22b0d7a2f6aa169b2672d",,"0","3","6","2","5","5","1","0","1237","1604","1","0","2","3","0.37","0.63","0","0",,,"0","10","2024-03-07 16:04:24"
"65b574d703587ccea5f0b519",,"4","42","5","2","5","5","1","0","766","1532","1","0","1","2","0.22","0.45","0","0",,,"1","145","2024-03-07 16:04:25"
"5610c4ea7ffc8a0005811504",,"4","49","13","2","5","5","0","1","700","1518","0","1","1","4","0.29","0.88","0","0",,,"1","170","2024-03-07 16:04:26"
"65b574d703587ccea5f0b519",,"4","43","2","2","5","5","1","0","682","1216","1","0","1","2","0.22","0.37","0","0",,,"0","145","2024-03-07 16:04:28"
"5610c4ea7ffc8a0005811504",,"4","50","7","2","5","5","0","1","632","1017","0","1","3","4","0.55","0.88","0","0",,,"1","175","2024-03-07 16:04:29"
"65b574d703587ccea5f0b519",,"4","44","8","2","5","5","0","1","599","1133","0","1","1","2","0.12","0.45","0","0",,,"0","145","2024-03-07 16:04:31"
"5610c4ea7ffc8a0005811504",,"4","51","7","2","5","5","0","1","649","1416","0","1","3","4","0.55","0.88","0","0",,,"1","180","2024-03-07 16:04:32"
"65b574d703587ccea5f0b519",,"4","45","8","2","5","5","1","0","532","1500","1","0","1","2","0.12","0.45","0","0",,,"1","150","2024-03-07 16:04:35"
"5610c4ea7ffc8a0005811504",,"4","52","15","2","5","5","0","1","649","967","0","1","1","4","0.12","0.88","0","0",,,"1","185","2024-03-07 16:04:35"
"63617bda4e6367b26d53da86",,"5","0","10","0","0","0","0","1","2622","0","0","1","1","3","0.16","0.63","0","0",,,"0","0","2024-03-07 16:04:37"
"65b574d703587ccea5f0b519",,"4","46","5","2","5","5","0","1","765","1433","0","1","1","2","0.22","0.45","0","0",,,"1","155","2024-03-07 16:04:38"
"5610c4ea7ffc8a0005811504",,"4","53","15","2","5","5","1","0","599","1383","1","0","1","4","0.12","0.88","0","0",,,"1","190","2024-03-07 16:04:38"
"65b22b0d7a2f6aa169b2672d",,"0","4","9","2","5","5","0","1","1168","1470","0","1","1","4","0.29","0.71","0","0",,,"1","15","2024-03-07 16:04:40"
"65b574d703587ccea5f0b519",,"4","47","3","2","5","5","0","1","599","1266","0","1","3","4","0.63","0.78","0","0",,,"0","155","2024-03-07 16:04:41"
"5610c4ea7ffc8a0005811504",,"4","54","3","2","5","5","0","1","549","1266","0","1","3","4","0.63","0.78","0","0",,,"1","195","2024-03-07 16:04:41"
"63617bda4e6367b26d53da86",,"5","1","4","0","5","5","0","1","1536","0","0","1","3","4","0.55","0.78","0","0",,,"0","0","2024-03-07 16:04:42"
"65b574d703587ccea5f0b519",,"4","48","15","2","5","5","1","0","499","1033","1","0","1","4","0.12","0.88","0","0",,,"1","160","2024-03-07 16:04:44"
"5610c4ea7ffc8a0005811504",,"4","55","3","2","5","5","0","1","549","1283","0","1","3","4","0.63","0.78","0","0",,,"0","195","2024-03-07 16:04:44"
"63617bda4e6367b26d53da86",,"5","2","0","2","5","5","0","1","1937","2505","0","1","1","1","0.16","0.29","0","0",,,"1","5","2024-03-07 16:04:46"
"65b574d703587ccea5f0b519",,"4","49","13","2","5","5","1","0","782","1383","1","0","1","4","0.29","0.88","0","0",,,"1","165","2024-03-07 16:04:47"
"5610c4ea7ffc8a0005811504",,"4","56","13","2","5","5","1","0","482","733","1","0","1","4","0.29","0.88","0","0",,,"1","200","2024-03-07 16:04:47"
"63617bda4e6367b26d53da86",,"5","3","9","2","5","5","1","0","1052","1821","1","0","1","4","0.29","0.71","0","0",,,"1","10","2024-03-07 16:04:49"
"5610c4ea7ffc8a0005811504",,"4","57","9","2","5","5","0","1","849","1167","0","1","1","4","0.29","0.71","0","0",,,"0","200","2024-03-07 16:04:50"
"65b574d703587ccea5f0b519",,"4","50","4","2","5","5","0","1","732","1533","0","1","3","4","0.55","0.78","0","0",,,"0","165","2024-03-07 16:04:50"
"63617bda4e6367b26d53da86",,"5","4","2","2","5","5","0","1","1117","1803","0","1","1","2","0.22","0.37","0","0",,,"0","10","2024-03-07 16:04:52"
"65b574d703587ccea5f0b519",,"4","51","11","2","5","5","1","0","215","766","1","0","2","4","0.37","0.84","0","0",,,"0","165","2024-03-07 16:04:53"
"5610c4ea7ffc8a0005811504",,"4","58","15","2","5","5","1","0","832","1201","1","0","1","4","0.12","0.88","0","0",,,"1","205","2024-03-07 16:04:53"
"65b22b0d7a2f6aa169b2672d",,"0","5","8","2","5","5","0","1","1854","2139","0","1","1","2","0.12","0.45","0","0",,,"0","15","2024-03-07 16:04:54"
"65b574d703587ccea5f0b519",,"4","52","12","2","5","5","1","0","766","1317","1","0","1","4","0.12","0.71","0","0",,,"1","170","2024-03-07 16:04:56"
"63617bda4e6367b26d53da86",,"5","5","5","2","5","5","0","1","1018","1587","0","1","1","2","0.22","0.45","0","0",,,"0","10","2024-03-07 16:04:56"
"5610c4ea7ffc8a0005811504",,"4","59","12","2","5","5","1","0","632","1800","1","0","1","4","0.12","0.71","0","0",,,"1","210","2024-03-07 16:04:56"
"65b22b0d7a2f6aa169b2672d",,"0","6","9","2","5","5","1","0","1052","1487","1","0","1","4","0.29","0.71","0","0",,,"1","20","2024-03-07 16:04:59"
"5610c4ea7ffc8a0005811504",,"4","60","11","2","5","5","1","0","466","1283","1","1","2","4","0.37","0.84","0","0",,,"0","210","2024-03-07 16:04:59"
"65b574d703587ccea5f0b519",,"4","53","4","1","5","5","0","0","832","1966","0","1","3","4","0.55","0.78","0","0",,,"0","170","2024-03-07 16:04:59"
"63617bda4e6367b26d53da86",,"5","6","7","2","5","5","1","0","2220","2688","1","0","3","4","0.55","0.88","0","0",,,"1","15","2024-03-07 16:05:00"
"5610c4ea7ffc8a0005811504",,"4","61","13","2","5","5","0","1","449","750","0","1","1","4","0.29","0.88","0","0",,,"1","215","2024-03-07 16:05:02"
"65b574d703587ccea5f0b519",,"4","54","2","2","5","5","1","0","282","983","1","0","1","2","0.22","0.37","0","0",,,"0","170","2024-03-07 16:05:02"
"63617bda4e6367b26d53da86",,"5","7","12","2","5","5","0","1","1068","1719","0","1","1","4","0.12","0.71","0","0",,,"1","20","2024-03-07 16:05:04"
"5610c4ea7ffc8a0005811504",,"4","62","10","2","5","5","1","0","550","883","1","0","1","3","0.16","0.63","0","0",,,"1","220","2024-03-07 16:05:05"
"65b574d703587ccea5f0b519",,"4","55","7","2","5","5","0","1","33","1467","0","2","3","4","0.55","0.88","0","0",,,"1","175","2024-03-07 16:05:06"
"5610c4ea7ffc8a0005811504",,"4","63","5","2","5","5","1","0","799","1116","1","0","1","2","0.22","0.45","0","0",,,"1","225","2024-03-07 16:05:08"
"65b574d703587ccea5f0b519",,"4","56","6","2","5","5","1","0","515","1417","1","0","2","3","0.37","0.63","0","0",,,"0","175","2024-03-07 16:05:09"
"65b22b0d7a2f6aa169b2672d",,"0","7","4","0","5","5","0","1","2824","0","0","1","3","4","0.55","0.78","0","0",,,"0","20","2024-03-07 16:05:12"
"65b574d703587ccea5f0b519",,"4","57","2","2","5","5","0","1","683","1483","0","1","1","2","0.22","0.37","0","0",,,"0","175","2024-03-07 16:05:12"
"65b22b0d7a2f6aa169b2672d",,"0","8","3","2","5","5","0","1","851","1253","0","1","3","4","0.63","0.78","0","0",,,"0","20","2024-03-07 16:05:15"
"65b574d703587ccea5f0b519",,"4","58","11","1","5","5","1","1","49","1850","2","0","2","4","0.37","0.84","0","0",,,"0","175","2024-03-07 16:05:16"
"65b574d703587ccea5f0b519",,"4","59","3","2","5","5","0","1","583","1200","0","1","3","4","0.63","0.78","0","0",,,"1","180","2024-03-07 16:05:19"
"65b574d703587ccea5f0b519",,"4","60","12","2","5","5","1","0","682","1416","1","0","1","4","0.12","0.71","0","0",,,"1","185","2024-03-07 16:05:22"
"65b574d703587ccea5f0b519",,"4","61","6","2","5","5","0","1","750","1350","0","1","2","3","0.37","0.63","0","0",,,"1","190","2024-03-07 16:05:25"
"65b574d703587ccea5f0b519",,"4","62","10","2","5","5","1","0","766","1916","1","0","1","3","0.16","0.63","0","0",,,"1","195","2024-03-07 16:05:29"
"65b22b0d7a2f6aa169b2672d",,"0","9","12","2","5","5","0","1","973","1380","0","1","1","4","0.12","0.71","0","0",,,"1","25","2024-03-07 16:05:29"
"65b574d703587ccea5f0b519",,"4","63","15","2","5","5","0","1","649","1283","0","1","1","4","0.12","0.88","0","0",,,"1","200","2024-03-07 16:05:31"
"65b22b0d7a2f6aa169b2672d",,"0","10","14","2","5","5","1","0","819","1287","1","0","1","4","0.16","0.84","0","0",,,"0","25","2024-03-07 16:05:34"
"65b22b0d7a2f6aa169b2672d",,"0","11","13","2","5","5","1","0","1036","1437","1","0","1","4","0.29","0.88","0","0",,,"1","30","2024-03-07 16:05:38"
"65b22b0d7a2f6aa169b2672d",,"0","12","4","2","5","5","1","0","834","1469","1","0","3","4","0.55","0.78","0","0",,,"0","30","2024-03-07 16:05:43"
"65b22b0d7a2f6aa169b2672d",,"0","13","0","2","5","5","0","1","1353","1755","0","1","1","1","0.16","0.29","0","0",,,"1","35","2024-03-07 16:05:47"
"65b22b0d7a2f6aa169b2672d",,"0","14","13","1","5","5","0","0","885","2022","1","1","1","4","0.29","0.88","0","0",,,"1","40","2024-03-07 16:05:52"
"65b574d703587ccea5f0b519",,"5","0","11","2","5","5","1","0","832","1350","1","0","2","4","0.37","0.84","0","0",,,"1","5","2024-03-07 16:05:56"
"65b22b0d7a2f6aa169b2672d",,"0","15","9","2","5","5","0","1","1504","1888","0","1","1","4","0.29","0.71","0","0",,,"1","45","2024-03-07 16:05:57"
"65b574d703587ccea5f0b519",,"5","1","14","2","5","5","0","1","649","1350","0","1","1","4","0.16","0.84","0","0",,,"1","10","2024-03-07 16:05:59"
"65b22b0d7a2f6aa169b2672d",,"0","16","11","1","5","5","1","1","534","1086","1","0","2","4","0.37","0.84","0","0",,,"1","50","2024-03-07 16:06:00"
"65b574d703587ccea5f0b519",,"5","2","8","2","5","5","1","0","649","1433","1","0","1","2","0.12","0.45","0","0",,,"0","10","2024-03-07 16:06:02"
"65b574d703587ccea5f0b519",,"5","3","1","1","5","5","0","0","616","1217","0","1","4","4","0.71","0.84","0","0",,,"1","15","2024-03-07 16:06:05"
"65b574d703587ccea5f0b519",,"5","4","10","2","5","5","0","1","699","1266","0","1","1","3","0.16","0.63","0","0",,,"1","20","2024-03-07 16:06:08"
"65b574d703587ccea5f0b519",,"5","5","5","2","5","5","0","1","1066","1750","0","1","1","2","0.22","0.45","0","0",,,"0","20","2024-03-07 16:06:11"
"65b574d703587ccea5f0b519",,"5","6","5","2","5","5","1","0","533","1100","1","0","1","2","0.22","0.45","0","0",,,"1","25","2024-03-07 16:06:14"
"65b22b0d7a2f6aa169b2672d",,"0","17","5","2","5","5","1","0","803","1422","1","0","1","2","0.22","0.45","0","0",,,"1","55","2024-03-07 16:06:15"
"65b574d703587ccea5f0b519",,"5","7","0","2","5","5","0","1","850","1450","0","1","1","1","0.16","0.29","0","0",,,"0","25","2024-03-07 16:06:17"
"65b22b0d7a2f6aa169b2672d",,"0","18","1","1","5","5","1","1","1102","1670","1","0","4","4","0.71","0.84","0","0",,,"1","60","2024-03-07 16:06:20"
"65b574d703587ccea5f0b519",,"5","8","3","2","5","5","1","0","483","1116","1","0","3","4","0.63","0.78","0","0",,,"1","30","2024-03-07 16:06:21"
"65b574d703587ccea5f0b519",,"5","9","2","2","5","5","0","1","766","1550","0","1","1","2","0.22","0.37","0","0",,,"0","30","2024-03-07 16:06:24"
"65b574d703587ccea5f0b519",,"5","10","7","2","5","5","0","1","749","1283","0","1","3","4","0.55","0.88","0","0",,,"1","35","2024-03-07 16:06:27"
"65b574d703587ccea5f0b519",,"5","11","10","2","5","5","1","0","633","1266","1","0","1","3","0.16","0.63","0","0",,,"1","40","2024-03-07 16:06:30"
"65b22b0d7a2f6aa169b2672d",,"0","19","8","0","5","5","0","1","2583","0","1","0","1","2","0.12","0.45","0","0",,,"0","60","2024-03-07 16:06:33"
"65b574d703587ccea5f0b519",,"5","12","9","2","5","5","1","0","899","1467","1","0","1","4","0.29","0.71","0","0",,,"1","45","2024-03-07 16:06:33"
"5610c4ea7ffc8a0005811504",,"5","0","10","2","5","5","1","0","916","1267","1","0","1","3","0.16","0.63","0","0",,,"1","5","2024-03-07 16:06:35"
"65b574d703587ccea5f0b519",,"5","13","7","1","5","5","1","1","883","1400","1","0","3","4","0.55","0.88","0","0",,,"0","45","2024-03-07 16:06:36"
"65b22b0d7a2f6aa169b2672d",,"0","20","2","1","5","5","0","0","935","1303","0","1","1","2","0.22","0.37","0","0",,,"1","65","2024-03-07 16:06:37"
"5610c4ea7ffc8a0005811504",,"5","1","11","2","5","5","1","0","1066","1317","1","0","2","4","0.37","0.84","0","0",,,"1","10","2024-03-07 16:06:38"
"65b574d703587ccea5f0b519",,"5","14","9","2","5","5","1","0","499","1516","1","0","1","4","0.29","0.71","0","0",,,"1","50","2024-03-07 16:06:39"
"5610c4ea7ffc8a0005811504",,"5","2","0","2","5","5","0","1","916","1216","0","1","1","1","0.16","0.29","0","0",,,"0","10","2024-03-07 16:06:41"
"65b574d703587ccea5f0b519",,"5","15","15","2","5","5","0","1","599","1200","0","1","1","4","0.12","0.88","0","0",,,"1","55","2024-03-07 16:06:42"
"5610c4ea7ffc8a0005811504",,"5","3","15","2","5","5","1","0","998","1300","1","0","1","4","0.12","0.88","0","0",,,"1","15","2024-03-07 16:06:44"
"65b574d703587ccea5f0b519",,"5","16","15","2","5","5","0","1","649","1283","0","1","1","4","0.12","0.88","0","0",,,"1","60","2024-03-07 16:06:45"
"5610c4ea7ffc8a0005811504",,"5","4","8","2","5","5","0","1","749","1083","0","1","1","2","0.12","0.45","0","0",,,"0","15","2024-03-07 16:06:47"
"65b22b0d7a2f6aa169b2672d",,"0","21","0","1","5","5","1","1","919","1338","1","0","1","1","0.16","0.29","0","0",,,"0","65","2024-03-07 16:06:47"
"65b574d703587ccea5f0b519",,"5","17","4","2","5","5","0","1","766","1983","0","1","3","4","0.55","0.78","0","0",,,"1","65","2024-03-07 16:06:49"
"5610c4ea7ffc8a0005811504",,"5","5","1","2","5","5","1","0","1132","1450","1","0","4","4","0.71","0.84","0","0",,,"0","15","2024-03-07 16:06:50"
"65b574d703587ccea5f0b519",,"5","18","9","2","5","5","1","0","1066","1634","1","0","1","4","0.29","0.71","0","0",,,"1","70","2024-03-07 16:06:52"
"5610c4ea7ffc8a0005811504",,"5","6","11","2","5","5","0","1","966","1283","0","1","2","4","0.37","0.84","0","0",,,"1","20","2024-03-07 16:06:53"
"65b574d703587ccea5f0b519",,"5","19","7","1","5","5","1","1","932","1467","1","0","3","4","0.55","0.88","0","0",,,"0","70","2024-03-07 16:06:55"
"5610c4ea7ffc8a0005811504",,"5","7","15","2","5","5","0","1","549","817","0","1","1","4","0.12","0.88","0","0",,,"0","20","2024-03-07 16:06:56"
"65b574d703587ccea5f0b519",,"5","20","3","2","5","5","0","1","599","1200","0","1","3","4","0.63","0.78","0","0",,,"0","70","2024-03-07 16:06:58"
"5610c4ea7ffc8a0005811504",,"5","8","2","2","5","5","1","0","699","1000","1","0","1","2","0.22","0.37","0","0",,,"0","20","2024-03-07 16:06:59"
"65b574d703587ccea5f0b519",,"5","21","4","1","5","5","1","1","349","966","1","0","3","4","0.55","0.78","0","0",,,"1","75","2024-03-07 16:07:01"
"5610c4ea7ffc8a0005811504",,"5","9","7","2","5","5","0","1","482","817","0","1","3","4","0.55","0.88","0","0",,,"1","25","2024-03-07 16:07:01"
"65b22b0d7a2f6aa169b2672d",,"0","22","11","2","5","5","1","0","1470","1837","1","0","2","4","0.37","0.84","0","0",,,"1","70","2024-03-07 16:07:02"
"5610c4ea7ffc8a0005811504",,"5","10","6","2","5","5","1","0","416","700","1","0","2","3","0.37","0.63","0","0",,,"1","30","2024-03-07 16:07:04"
"65b574d703587ccea5f0b519",,"5","22","3","2","5","5","1","0","766","1349","1","0","3","4","0.63","0.78","0","0",,,"1","80","2024-03-07 16:07:04"
"5610c4ea7ffc8a0005811504",,"5","11","6","2","5","5","0","1","649","950","0","1","2","3","0.37","0.63","0","0",,,"1","35","2024-03-07 16:07:07"
"65b574d703587ccea5f0b519",,"5","23","6","2","5","5","1","0","615","1282","1","0","2","3","0.37","0.63","0","0",,,"0","80","2024-03-07 16:07:07"
"5610c4ea7ffc8a0005811504",,"5","12","9","2","5","5","1","0","482","1199","1","0","1","4","0.29","0.71","0","0",,,"0","35","2024-03-07 16:07:10"
"65b574d703587ccea5f0b519",,"5","24","12","2","5","5","1","0","616","1117","1","0","1","4","0.12","0.71","0","0",,,"1","85","2024-03-07 16:07:10"
"5610c4ea7ffc8a0005811504",,"5","13","9","2","5","5","0","1","566","767","0","1","1","4","0.29","0.71","0","0",,,"1","40","2024-03-07 16:07:12"
"65b574d703587ccea5f0b519",,"5","25","10","2","5","5","0","1","749","1283","0","1","1","3","0.16","0.63","0","0",,,"1","90","2024-03-07 16:07:13"
"5610c4ea7ffc8a0005811504",,"5","14","2","2","5","5","1","0","732","1083","1","0","1","2","0.22","0.37","0","0",,,"0","40","2024-03-07 16:07:15"
"65b574d703587ccea5f0b519",,"5","26","13","2","5","5","1","0","666","1233","1","0","1","4","0.29","0.88","0","0",,,"1","95","2024-03-07 16:07:16"
"5610c4ea7ffc8a0005811504",,"5","15","0","2","5","5","1","0","1015","1367","1","0","1","1","0.16","0.29","0","0",,,"0","40","2024-03-07 16:07:18"
"65b574d703587ccea5f0b519",,"5","27","0","2","5","5","0","1","783","1383","0","1","1","1","0.16","0.29","0","0",,,"0","95","2024-03-07 16:07:19"
"5610c4ea7ffc8a0005811504",,"5","16","12","2","5","5","0","1","848","1250","0","1","1","4","0.12","0.71","0","0",,,"1","45","2024-03-07 16:07:22"
"65b574d703587ccea5f0b519",,"5","28","11","2","5","5","0","1","715","1232","0","1","2","4","0.37","0.84","0","0",,,"1","100","2024-03-07 16:07:22"
"5610c4ea7ffc8a0005811504",,"5","17","9","2","5","5","0","1","649","966","0","1","1","4","0.29","0.71","0","0",,,"1","50","2024-03-07 16:07:24"
"65b574d703587ccea5f0b519",,"5","29","2","1","5","5","1","1","699","1232","1","0","1","2","0.22","0.37","0","0",,,"0","100","2024-03-07 16:07:25"
"5610c4ea7ffc8a0005811504",,"5","18","13","2","5","5","1","0","516","833","1","0","1","4","0.29","0.88","0","0",,,"1","55","2024-03-07 16:07:27"
"65b574d703587ccea5f0b519",,"5","30","3","2","5","5","1","0","799","1400","1","0","3","4","0.63","0.78","0","0",,,"1","105","2024-03-07 16:07:28"
"5610c4ea7ffc8a0005811504",,"5","19","13","2","5","5","0","1","832","1182","0","1","1","4","0.29","0.88","0","0",,,"0","55","2024-03-07 16:07:30"
"65b574d703587ccea5f0b519",,"5","31","6","2","5","5","1","0","566","1117","1","0","2","3","0.37","0.63","0","0",,,"1","110","2024-03-07 16:07:31"
"5610c4ea7ffc8a0005811504",,"5","20","4","2","5","5","0","1","732","1016","0","1","3","4","0.55","0.78","0","0",,,"1","60","2024-03-07 16:07:33"
"65b574d703587ccea5f0b519",,"5","32","6","2","5","5","0","1","666","1267","0","1","2","3","0.37","0.63","0","0",,,"0","110","2024-03-07 16:07:34"
"5610c4ea7ffc8a0005811504",,"5","21","0","1","5","5","1","1","932","1267","1","0","1","1","0.16","0.29","0","0",,,"1","65","2024-03-07 16:07:36"
"65b574d703587ccea5f0b519",,"5","33","1","2","5","5","1","0","16","1317","2","0","4","4","0.71","0.84","0","0",,,"1","115","2024-03-07 16:07:37"
"5610c4ea7ffc8a0005811504",,"5","22","4","2","5","5","0","1","783","1117","0","1","3","4","0.55","0.78","0","0",,,"1","70","2024-03-07 16:07:39"
"65b574d703587ccea5f0b519",,"5","34","9","2","5","5","1","0","666","1483","1","0","1","4","0.29","0.71","0","0",,,"1","120","2024-03-07 16:07:40"
"5610c4ea7ffc8a0005811504",,"5","23","15","2","5","5","1","0","765","1082","1","0","1","4","0.12","0.88","0","0",,,"0","70","2024-03-07 16:07:42"
"65b574d703587ccea5f0b519",,"5","35","14","2","5","5","1","0","483","1133","1","0","1","4","0.16","0.84","0","0",,,"1","125","2024-03-07 16:07:43"
"5610c4ea7ffc8a0005811504",,"5","24","3","2","5","5","1","0","1049","1350","1","0","3","4","0.63","0.78","0","0",,,"1","75","2024-03-07 16:07:45"
"65b574d703587ccea5f0b519",,"5","36","14","2","5","5","0","1","732","1316","0","1","1","4","0.16","0.84","0","0",,,"1","130","2024-03-07 16:07:46"
"5610c4ea7ffc8a0005811504",,"5","25","13","2","5","5","1","0","1116","1450","1","0","1","4","0.29","0.88","0","0",,,"1","80","2024-03-07 16:07:48"
"65b574d703587ccea5f0b519",,"5","37","11","2","5","5","0","1","533","1150","0","1","2","4","0.37","0.84","0","0",,,"1","135","2024-03-07 16:07:49"
"5610c4ea7ffc8a0005811504",,"5","26","3","2","5","5","1","0","582","883","1","0","3","4","0.63","0.78","0","0",,,"0","80","2024-03-07 16:07:51"
"65b574d703587ccea5f0b519",,"5","38","6","2","5","5","1","0","633","1200","1","0","2","3","0.37","0.63","0","0",,,"1","140","2024-03-07 16:07:52"
"5610c4ea7ffc8a0005811504",,"5","27","14","2","5","5","0","1","566","1367","0","1","1","4","0.16","0.84","0","0",,,"1","85","2024-03-07 16:07:54"
"65b574d703587ccea5f0b519",,"5","39","12","2","5","5","0","1","733","1433","0","1","1","4","0.12","0.71","0","0",,,"1","145","2024-03-07 16:07:55"
"65b574d703587ccea5f0b519",,"5","40","1","1","5","5","0","0","699","1317","0","1","4","4","0.71","0.84","0","0",,,"0","145","2024-03-07 16:07:58"
"5610c4ea7ffc8a0005811504",,"5","28","6","2","5","5","0","1","882","1233","0","1","2","3","0.37","0.63","0","0",,,"1","90","2024-03-07 16:07:58"
"65b574d703587ccea5f0b519",,"5","41","8","2","5","5","1","0","532","1249","1","0","1","2","0.12","0.45","0","0",,,"0","145","2024-03-07 16:08:01"
"5610c4ea7ffc8a0005811504",,"5","29","1","2","5","5","1","0","649","1733","1","1","4","4","0.71","0.84","0","0",,,"1","95","2024-03-07 16:08:02"
"65b574d703587ccea5f0b519",,"5","42","12","2","5","5","1","0","382","966","1","0","1","4","0.12","0.71","0","0",,,"0","145","2024-03-07 16:08:04"
"5610c4ea7ffc8a0005811504",,"5","30","7","2","5","5","1","0","666","983","1","0","3","4","0.55","0.88","0","0",,,"1","100","2024-03-07 16:08:04"
"5610c4ea7ffc8a0005811504",,"5","31","5","2","5","5","1","0","832","1184","1","0","1","2","0.22","0.45","0","0",,,"0","100","2024-03-07 16:08:07"
"65b574d703587ccea5f0b519",,"5","43","4","2","5","5","1","0","631","1266","1","0","3","4","0.55","0.78","0","0",,,"1","150","2024-03-07 16:08:07"
"5610c4ea7ffc8a0005811504",,"5","32","12","2","5","5","0","1","499","849","0","1","1","4","0.12","0.71","0","0",,,"1","105","2024-03-07 16:08:10"
"65b574d703587ccea5f0b519",,"5","44","13","2","5","5","0","1","716","1283","0","1","1","4","0.29","0.88","0","0",,,"1","155","2024-03-07 16:08:10"
"5610c4ea7ffc8a0005811504",,"5","33","11","2","5","5","0","1","882","1165","0","1","2","4","0.37","0.84","0","0",,,"1","110","2024-03-07 16:08:13"
"65b574d703587ccea5f0b519",,"5","45","11","2","5","5","1","0","600","1150","1","0","2","4","0.37","0.84","0","0",,,"1","160","2024-03-07 16:08:13"
"5610c4ea7ffc8a0005811504",,"5","34","3","2","5","5","1","0","599","917","1","0","3","4","0.63","0.78","0","0",,,"0","110","2024-03-07 16:08:16"
"65b574d703587ccea5f0b519",,"5","46","12","2","5","5","0","1","732","1350","0","1","1","4","0.12","0.71","0","0",,,"0","160","2024-03-07 16:08:16"
"5610c4ea7ffc8a0005811504",,"5","35","14","2","5","5","1","0","682","982","1","0","1","4","0.16","0.84","0","0",,,"1","115","2024-03-07 16:08:18"
"65b574d703587ccea5f0b519",,"5","47","1","2","5","5","1","0","799","1299","1","0","4","4","0.71","0.84","0","0",,,"1","165","2024-03-07 16:08:19"
"5610c4ea7ffc8a0005811504",,"5","36","10","2","5","5","0","1","1465","1800","0","1","1","3","0.16","0.63","0","0",,,"0","115","2024-03-07 16:08:22"
"65b574d703587ccea5f0b519",,"5","48","7","2","5","5","1","0","732","1316","1","0","3","4","0.55","0.88","0","0",,,"1","170","2024-03-07 16:08:22"
"5610c4ea7ffc8a0005811504",,"5","37","12","2","5","5","0","1","966","1267","0","1","1","4","0.12","0.71","0","0",,,"1","120","2024-03-07 16:08:25"
"65b574d703587ccea5f0b519",,"5","49","5","2","5","5","0","1","865","1416","0","1","1","2","0.22","0.45","0","0",,,"0","170","2024-03-07 16:08:25"
"5610c4ea7ffc8a0005811504",,"5","38","2","2","5","5","0","1","1099","1484","0","1","1","2","0.22","0.37","0","0",,,"0","120","2024-03-07 16:08:28"
"65b574d703587ccea5f0b519",,"5","50","8","2","5","5","1","0","799","1283","1","0","1","2","0.12","0.45","0","0",,,"0","170","2024-03-07 16:08:28"
"5610c4ea7ffc8a0005811504",,"5","39","1","2","5","5","1","0","1032","1350","1","0","4","4","0.71","0.84","0","0",,,"1","125","2024-03-07 16:08:31"
"65b574d703587ccea5f0b519",,"5","51","14","2","5","5","1","0","515","1050","1","0","1","4","0.16","0.84","0","0",,,"1","175","2024-03-07 16:08:31"
"5610c4ea7ffc8a0005811504",,"5","40","4","2","5","5","1","0","649","967","1","0","3","4","0.55","0.78","0","0",,,"1","130","2024-03-07 16:08:34"
"65b574d703587ccea5f0b519",,"5","52","0","1","5","5","1","1","599","1150","1","0","1","1","0.16","0.29","0","0",,,"1","180","2024-03-07 16:08:34"
"65b574d703587ccea5f0b519",,"5","53","5","2","5","5","1","0","849","1317","1","0","1","2","0.22","0.45","0","0",,,"1","185","2024-03-07 16:08:37"
"5610c4ea7ffc8a0005811504",,"5","41","3","2","5","5","0","1","682","1450","0","1","3","4","0.63","0.78","0","0",,,"0","130","2024-03-07 16:08:37"
"5610c4ea7ffc8a0005811504",,"5","42","8","2","5","5","1","0","532","883","1","0","1","2","0.12","0.45","0","0",,,"1","135","2024-03-07 16:08:40"
"65b574d703587ccea5f0b519",,"5","54","4","1","5","5","1","1","632","1200","1","0","3","4","0.55","0.78","0","0",,,"1","190","2024-03-07 16:08:40"
"5610c4ea7ffc8a0005811504",,"5","43","7","2","5","5","0","1","499","884","0","1","3","4","0.55","0.88","0","0",,,"1","140","2024-03-07 16:08:43"
"65b574d703587ccea5f0b519",,"5","55","8","1","5","5","1","1","616","1200","1","0","1","2","0.12","0.45","0","0",,,"0","190","2024-03-07 16:08:43"
"5610c4ea7ffc8a0005811504",,"5","44","4","2","5","5","1","0","564","949","1","0","3","4","0.55","0.78","0","0",,,"1","145","2024-03-07 16:08:46"
"65b574d703587ccea5f0b519",,"5","56","13","1","5","5","0","0","950","1467","0","1","1","4","0.29","0.88","0","0",,,"1","195","2024-03-07 16:08:46"
"5610c4ea7ffc8a0005811504",,"5","45","6","2","5","5","1","0","666","1032","1","0","2","3","0.37","0.63","0","0",,,"0","145","2024-03-07 16:08:48"
"65b574d703587ccea5f0b519",,"5","57","2","1","5","5","0","0","1132","1650","0","1","1","2","0.22","0.37","0","0",,,"0","195","2024-03-07 16:08:50"
"5610c4ea7ffc8a0005811504",,"5","46","10","2","5","5","1","0","633","984","1","0","1","3","0.16","0.63","0","0",,,"0","145","2024-03-07 16:08:51"
"65b574d703587ccea5f0b519",,"5","58","10","2","5","5","0","1","16","1500","1","1","1","3","0.16","0.63","0","0",,,"0","195","2024-03-07 16:08:53"
"5610c4ea7ffc8a0005811504",,"5","47","10","2","5","5","0","1","799","1151","0","1","1","3","0.16","0.63","0","0",,,"1","150","2024-03-07 16:08:54"
"65b574d703587ccea5f0b519",,"5","59","0","2","5","5","0","1","1066","1633","0","1","1","1","0.16","0.29","0","0",,,"1","200","2024-03-07 16:08:57"
"5610c4ea7ffc8a0005811504",,"5","48","7","2","5","5","0","1","999","1350","0","1","3","4","0.55","0.88","0","0",,,"1","155","2024-03-07 16:08:57"
"65b574d703587ccea5f0b519",,"5","60","15","1","5","5","0","0","1032","1600","0","1","1","4","0.12","0.88","0","0",,,"0","200","2024-03-07 16:09:00"
"5610c4ea7ffc8a0005811504",,"5","49","15","2","5","5","1","0","1099","1400","1","0","1","4","0.12","0.88","0","0",,,"1","160","2024-03-07 16:09:00"
"5610c4ea7ffc8a0005811504",,"5","50","13","2","5","5","1","0","899","1200","1","0","1","4","0.29","0.88","0","0",,,"1","165","2024-03-07 16:09:03"
"65b574d703587ccea5f0b519",,"5","61","13","2","5","5","0","1","733","2500","0","1","1","4","0.29","0.88","0","0",,,"1","205","2024-03-07 16:09:04"
"5610c4ea7ffc8a0005811504",,"5","51","14","2","5","5","1","0","616","917","1","0","1","4","0.16","0.84","0","0",,,"1","170","2024-03-07 16:09:06"
"65b574d703587ccea5f0b519",,"5","62","15","2","5","5","1","0","582","1150","1","0","1","4","0.12","0.88","0","0",,,"1","210","2024-03-07 16:09:07"
"5610c4ea7ffc8a0005811504",,"5","52","8","2","5","5","0","1","848","1150","0","1","1","2","0.12","0.45","0","0",,,"1","175","2024-03-07 16:09:09"
"65b574d703587ccea5f0b519",,"5","63","2","2","5","5","0","1","1133","1600","0","1","1","2","0.22","0.37","0","0",,,"0","210","2024-03-07 16:09:10"
"5610c4ea7ffc8a0005811504",,"5","53","5","2","5","5","1","0","682","983","1","0","1","2","0.22","0.45","0","0",,,"0","175","2024-03-07 16:09:12"
"5610c4ea7ffc8a0005811504",,"5","54","5","2","5","5","0","1","782","1083","0","1","1","2","0.22","0.45","0","0",,,"0","175","2024-03-07 16:09:15"
"5610c4ea7ffc8a0005811504",,"5","55","5","2","5","5","0","1","1049","1367","0","1","1","2","0.22","0.45","0","0",,,"1","180","2024-03-07 16:09:18"
"5610c4ea7ffc8a0005811504",,"5","56","11","2","5","5","0","1","716","1433","0","1","2","4","0.37","0.84","0","0",,,"1","185","2024-03-07 16:09:21"
"5610c4ea7ffc8a0005811504",,"5","57","0","2","5","5","1","0","715","1016","1","0","1","1","0.16","0.29","0","0",,,"0","185","2024-03-07 16:09:24"
"5610c4ea7ffc8a0005811504",,"5","58","1","2","5","5","1","0","1082","1400","1","0","4","4","0.71","0.84","0","0",,,"1","190","2024-03-07 16:09:27"
"5610c4ea7ffc8a0005811504",,"5","59","14","2","5","5","1","0","917","1200","1","0","1","4","0.16","0.84","0","0",,,"1","195","2024-03-07 16:09:30"
"5610c4ea7ffc8a0005811504",,"5","60","2","2","5","5","0","1","916","1216","0","1","1","2","0.22","0.37","0","0",,,"1","200","2024-03-07 16:09:33"
"5610c4ea7ffc8a0005811504",,"5","61","9","2","5","5","0","1","1049","1350","0","1","1","4","0.29","0.71","0","0",,,"1","205","2024-03-07 16:09:36"
"5610c4ea7ffc8a0005811504",,"5","62","12","2","5","5","0","1","649","984","0","1","1","4","0.12","0.71","0","0",,,"0","205","2024-03-07 16:09:39"
"5610c4ea7ffc8a0005811504",,"5","63","8","2","5","5","0","1","766","1034","0","1","1","2","0.12","0.45","0","0",,,"0","205","2024-03-07 16:09:42"
"65b22b0d7a2f6aa169b2672d",,"0","0","3","2","5","5","0","1","150","1036","0","2","3","4","0.63","0.78","0","0",,,"1","5","2024-03-07 16:14:14"
"65b22b0d7a2f6aa169b2672d",,"0","1","0","1","5","5","0","0","33","1437","2","1","1","1","0.16","0.29","0","0",,,"1","10","2024-03-07 16:14:19"
"63617bda4e6367b26d53da86",,"5","0","14","2","5","5","1","0","870","1352","1","0","1","4","0.16","0.84","0","0",,,"0","0","2024-03-07 16:14:31"
"65b22b0d7a2f6aa169b2672d",,"0","2","3","2","5","5","0","1","902","1420","0","1","3","4","0.63","0.78","0","0",,,"1","15","2024-03-07 16:14:32"
"63617bda4e6367b26d53da86",,"5","1","11","1","5","5","0","0","1021","1556","0","1","2","4","0.37","0.84","0","0",,,"0","0","2024-03-07 16:14:34"
"65b22b0d7a2f6aa169b2672d",,"0","3","5","1","5","5","0","0","1285","1637","0","1","1","2","0.22","0.45","0","0",,,"0","15","2024-03-07 16:14:36"
"63617bda4e6367b26d53da86",,"5","2","3","2","5","5","1","0","867","1487","1","0","3","4","0.63","0.78","0","0",,,"1","5","2024-03-07 16:14:37"
"63617bda4e6367b26d53da86",,"5","3","12","2","5","5","0","1","884","1552","0","1","1","4","0.12","0.71","0","0",,,"1","10","2024-03-07 16:14:40"
"63617bda4e6367b26d53da86",,"5","4","12","1","5","5","0","0","1068","1605","0","1","1","4","0.12","0.71","0","0",,,"0","10","2024-03-07 16:14:44"
"63617bda4e6367b26d53da86",,"5","5","9","2","5","5","1","0","967","1572","1","0","1","4","0.29","0.71","0","0",,,"0","10","2024-03-07 16:14:47"
"65b22b0d7a2f6aa169b2672d",,"0","4","6","2","5","5","1","0","1336","1670","1","0","2","3","0.37","0.63","0","0",,,"0","15","2024-03-07 16:14:49"
"63617bda4e6367b26d53da86",,"5","6","8","2","5","5","1","0","884","1505","1","0","1","2","0.12","0.45","0","0",,,"0","10","2024-03-07 16:14:50"
"63617bda4e6367b26d53da86",,"5","7","2","1","5","5","0","0","1068","1691","0","1","1","2","0.22","0.37","0","0",,,"0","10","2024-03-07 16:14:54"
"63617bda4e6367b26d53da86",,"5","8","8","1","5","5","1","1","634","1439","1","0","1","2","0.12","0.45","0","0",,,"0","10","2024-03-07 16:14:57"
"63617bda4e6367b26d53da86",,"5","9","6","2","5","5","1","0","1086","1588","1","0","2","3","0.37","0.63","0","0",,,"1","15","2024-03-07 16:15:01"
"63617bda4e6367b26d53da86",,"5","10","13","2","5","5","1","0","933","1487","1","0","1","4","0.29","0.88","0","0",,,"1","20","2024-03-07 16:15:04"
"65b22b0d7a2f6aa169b2672d",,"0","5","1","2","5","5","0","1","1586","1904","0","1","4","4","0.71","0.84","0","0",,,"1","20","2024-03-07 16:15:05"
"63617bda4e6367b26d53da86",,"5","11","8","2","5","5","0","1","1118","1653","0","1","1","2","0.12","0.45","0","0",,,"1","25","2024-03-07 16:15:07"
"63617bda4e6367b26d53da86",,"5","12","1","2","5","5","1","0","1034","1922","1","0","4","4","0.71","0.84","0","0",,,"0","25","2024-03-07 16:15:11"
"63617bda4e6367b26d53da86",,"5","13","15","2","5","5","1","0","1169","1621","1","0","1","4","0.12","0.88","0","0",,,"1","30","2024-03-07 16:15:14"
"65b22b0d7a2f6aa169b2672d",,"0","6","9","1","5","5","0","0","751","2038","1","1","1","4","0.29","0.71","0","0",,,"0","20","2024-03-07 16:15:15"
"63617bda4e6367b26d53da86",,"5","14","7","0","5","5","0","0","2809","0","1","0","3","4","0.55","0.88","0","0",,,"0","30","2024-03-07 16:15:18"
"63617bda4e6367b26d53da86",,"5","15","9","2","5","5","0","1","1185","1856","0","1","1","4","0.29","0.71","0","0",,,"1","35","2024-03-07 16:15:22"
"63617bda4e6367b26d53da86",,"5","16","4","2","5","5","1","0","935","1637","1","0","3","4","0.55","0.78","0","0",,,"1","40","2024-03-07 16:15:25"
"65b22b0d7a2f6aa169b2672d",,"0","7","4","1","5","5","0","0","1036","1354","0","1","3","4","0.55","0.78","0","0",,,"1","25","2024-03-07 16:15:27"
"63617bda4e6367b26d53da86",,"5","17","4","2","5","5","1","0","1068","1439","1","0","3","4","0.55","0.78","0","0",,,"1","45","2024-03-07 16:15:28"
"63617bda4e6367b26d53da86",,"5","18","8","2","5","5","0","1","1118","1670","0","1","1","2","0.12","0.45","0","0",,,"0","45","2024-03-07 16:15:32"
"63617bda4e6367b26d53da86",,"5","19","1","1","5","5","1","1","951","1504","1","0","4","4","0.71","0.84","0","0",,,"1","50","2024-03-07 16:15:35"
"63617bda4e6367b26d53da86",,"5","20","13","2","5","5","0","1","967","1536","0","1","1","4","0.29","0.88","0","0",,,"1","55","2024-03-07 16:15:38"
"65b22b0d7a2f6aa169b2672d",,"0","8","14","2","5","5","1","0","1319","1654","1","0","1","4","0.16","0.84","0","0",,,"1","30","2024-03-07 16:15:40"
"63617bda4e6367b26d53da86",,"5","21","5","2","5","5","1","0","1101","1621","1","0","1","2","0.22","0.45","0","0",,,"1","60","2024-03-07 16:15:41"
"63617bda4e6367b26d53da86",,"5","22","9","2","5","5","0","1","1086","1570","0","1","1","4","0.29","0.71","0","0",,,"1","65","2024-03-07 16:15:44"
"63617bda4e6367b26d53da86",,"5","23","0","2","5","5","0","1","1084","1669","0","1","1","1","0.16","0.29","0","0",,,"1","70","2024-03-07 16:15:48"
"63617bda4e6367b26d53da86",,"5","24","12","2","5","5","1","0","1052","1573","1","0","1","4","0.12","0.71","0","0",,,"0","70","2024-03-07 16:15:51"
"65b22b0d7a2f6aa169b2672d",,"0","9","13","2","5","5","0","1","1570","1956","0","1","1","4","0.29","0.88","0","0",,,"1","35","2024-03-07 16:15:51"
"63617bda4e6367b26d53da86",,"5","25","1","1","5","5","1","1","968","1504","1","0","4","4","0.71","0.84","0","0",,,"1","75","2024-03-07 16:15:54"
"65b22b0d7a2f6aa169b2672d",,"0","10","10","1","5","5","1","1","534","918","1","0","1","3","0.16","0.63","0","0",,,"0","35","2024-03-07 16:15:55"
"63617bda4e6367b26d53da86",,"5","26","7","2","5","5","1","0","1103","1670","1","0","3","4","0.55","0.88","0","0",,,"1","80","2024-03-07 16:15:57"
"63617bda4e6367b26d53da86",,"5","27","7","2","5","5","0","1","968","1587","0","1","3","4","0.55","0.88","0","0",,,"1","85","2024-03-07 16:16:01"
"63617bda4e6367b26d53da86",,"5","28","2","2","5","5","1","0","1085","1686","1","0","1","2","0.22","0.37","0","0",,,"0","85","2024-03-07 16:16:04"
"63617bda4e6367b26d53da86",,"5","29","0","2","5","5","0","1","1270","1757","0","1","1","1","0.16","0.29","0","0",,,"0","85","2024-03-07 16:16:08"
"65b22b0d7a2f6aa169b2672d",,"0","11","3","0","5","5","0","1","0","0","0","0","3","4","0.63","0.78","0","0",,,"0","35","2024-03-07 16:16:08"
"63617bda4e6367b26d53da86",,"5","30","1","2","5","5","0","1","1102","1523","0","1","4","4","0.71","0.84","0","0",,,"1","90","2024-03-07 16:16:11"
"65b22b0d7a2f6aa169b2672d",,"0","12","11","2","5","5","0","1","134","1204","2","2","2","4","0.37","0.84","0","0",,,"1","40","2024-03-07 16:16:12"
"63617bda4e6367b26d53da86",,"5","31","15","2","5","5","0","1","951","1453","0","1","1","4","0.12","0.88","0","0",,,"1","95","2024-03-07 16:16:14"
"63617bda4e6367b26d53da86",,"5","32","6","2","5","5","1","0","985","1469","1","0","2","3","0.37","0.63","0","0",,,"1","100","2024-03-07 16:16:17"
"63617bda4e6367b26d53da86",,"5","33","7","2","5","5","1","0","917","1371","1","0","3","4","0.55","0.88","0","0",,,"1","105","2024-03-07 16:16:20"
"63617bda4e6367b26d53da86",,"5","34","10","2","5","5","1","0","987","1303","1","0","1","3","0.16","0.63","0","0",,,"0","105","2024-03-07 16:16:23"
"65b22b0d7a2f6aa169b2672d",,"0","13","11","0","5","5","0","1","2924","0","1","0","2","4","0.37","0.84","0","0",,,"0","40","2024-03-07 16:16:23"
"63617bda4e6367b26d53da86",,"5","35","5","2","5","5","0","1","1114","1603","0","1","1","2","0.22","0.45","0","0",,,"1","110","2024-03-07 16:16:27"
"65b22b0d7a2f6aa169b2672d",,"0","14","11","2","5","5","0","1","1203","1554","0","1","2","4","0.37","0.84","0","0",,,"1","45","2024-03-07 16:16:28"
"63617bda4e6367b26d53da86",,"5","36","3","2","5","5","0","1","1085","1473","0","1","3","4","0.63","0.78","0","0",,,"1","115","2024-03-07 16:16:30"
"65b22b0d7a2f6aa169b2672d",,"0","15","5","1","5","5","1","1","752","1119","1","0","1","2","0.22","0.45","0","0",,,"0","45","2024-03-07 16:16:32"
"63617bda4e6367b26d53da86",,"5","37","9","2","5","5","0","1","947","1454","0","1","1","4","0.29","0.71","0","0",,,"1","120","2024-03-07 16:16:33"
"63617bda4e6367b26d53da86",,"5","38","11","2","5","5","1","0","985","1437","1","0","2","4","0.37","0.84","0","0",,,"1","125","2024-03-07 16:16:36"
"65b22b0d7a2f6aa169b2672d",,"0","16","13","2","5","5","1","0","918","1237","1","0","1","4","0.29","0.88","0","0",,,"1","50","2024-03-07 16:16:37"
"63617bda4e6367b26d53da86",,"5","39","13","2","5","5","1","0","968","1336","1","0","1","4","0.29","0.88","0","0",,,"1","130","2024-03-07 16:16:39"
"63617bda4e6367b26d53da86",,"5","40","4","2","5","5","1","0","1002","1486","1","0","3","4","0.55","0.78","0","0",,,"1","135","2024-03-07 16:16:42"
"63617bda4e6367b26d53da86",,"5","41","12","2","5","5","1","0","985","1352","1","0","1","4","0.12","0.71","0","0",,,"1","140","2024-03-07 16:16:45"
"65b22b0d7a2f6aa169b2672d",,"0","17","0","2","5","5","0","1","2037","2356","0","1","1","1","0.16","0.29","0","0",,,"0","50","2024-03-07 16:16:48"
"63617bda4e6367b26d53da86",,"5","42","5","1","5","5","0","0","1503","1871","0","1","1","2","0.22","0.45","0","0",,,"1","145","2024-03-07 16:16:49"
"63617bda4e6367b26d53da86",,"5","43","10","2","5","5","1","0","918","1437","1","0","1","3","0.16","0.63","0","0",,,"1","150","2024-03-07 16:16:52"
"65b22b0d7a2f6aa169b2672d",,"0","18","3","1","5","5","0","0","1537","1837","0","1","3","4","0.63","0.78","0","0",,,"0","50","2024-03-07 16:16:53"
"63617bda4e6367b26d53da86",,"5","44","4","2","5","5","0","1","1002","1469","0","1","3","4","0.55","0.78","0","0",,,"0","150","2024-03-07 16:16:55"
"63617bda4e6367b26d53da86",,"5","45","14","2","5","5","0","1","1069","1440","0","1","1","4","0.16","0.84","0","0",,,"1","155","2024-03-07 16:16:58"
"63617bda4e6367b26d53da86",,"5","46","14","2","5","5","1","0","968","1452","1","0","1","4","0.16","0.84","0","0",,,"1","160","2024-03-07 16:17:01"
"63617bda4e6367b26d53da86",,"5","47","5","2","5","5","1","0","901","1319","1","0","1","2","0.22","0.45","0","0",,,"0","160","2024-03-07 16:17:04"
"65b22b0d7a2f6aa169b2672d",,"0","19","4","2","5","5","1","0","1938","2389","1","0","3","4","0.55","0.78","0","0",,,"1","55","2024-03-07 16:17:04"
"63617bda4e6367b26d53da86",,"5","48","3","2","5","5","1","0","934","1337","1","0","3","4","0.63","0.78","0","0",,,"0","160","2024-03-07 16:17:07"
"65b22b0d7a2f6aa169b2672d",,"0","20","14","2","5","5","1","0","1152","1904","1","1","1","4","0.16","0.84","0","0",,,"1","60","2024-03-07 16:17:09"
"63617bda4e6367b26d53da86",,"5","49","11","2","5","5","0","1","935","1571","0","1","2","4","0.37","0.84","0","0",,,"1","165","2024-03-07 16:17:11"
"65b22b0d7a2f6aa169b2672d",,"0","21","6","2","5","5","1","0","1454","1788","1","0","2","3","0.37","0.63","0","0",,,"0","60","2024-03-07 16:17:13"
"63617bda4e6367b26d53da86",,"5","50","13","2","5","5","0","1","1018","1436","0","1","1","4","0.29","0.88","0","0",,,"0","165","2024-03-07 16:17:14"
"63617bda4e6367b26d53da86",,"5","51","10","2","5","5","0","1","985","1472","0","1","1","3","0.16","0.63","0","0",,,"1","170","2024-03-07 16:17:17"
"63617bda4e6367b26d53da86",,"5","52","15","2","5","5","1","0","851","1486","1","0","1","4","0.12","0.88","0","0",,,"1","175","2024-03-07 16:17:20"
"63617bda4e6367b26d53da86",,"5","53","11","2","5","5","0","1","985","1403","0","1","2","4","0.37","0.84","0","0",,,"0","175","2024-03-07 16:17:23"
"65b22b0d7a2f6aa169b2672d",,"0","22","15","2","5","5","1","0","818","1169","1","0","1","4","0.12","0.88","0","0",,,"1","65","2024-03-07 16:17:26"
"63617bda4e6367b26d53da86",,"5","54","2","2","5","5","0","1","1001","1471","0","1","1","2","0.22","0.37","0","0",,,"0","175","2024-03-07 16:17:27"
"63617bda4e6367b26d53da86",,"5","55","14","2","5","5","0","1","1001","1489","0","1","1","4","0.16","0.84","0","0",,,"1","180","2024-03-07 16:17:30"
"65b22b0d7a2f6aa169b2672d",,"0","23","13","2","5","5","0","1","1302","1638","0","1","1","4","0.29","0.88","0","0",,,"1","70","2024-03-07 16:17:31"
"63617bda4e6367b26d53da86",,"5","56","6","2","5","5","0","1","968","1420","0","1","2","3","0.37","0.63","0","0",,,"0","180","2024-03-07 16:17:33"
"65b22b0d7a2f6aa169b2672d",,"0","24","5","2","5","5","0","1","2072","2490","0","1","1","2","0.22","0.45","0","0",,,"1","75","2024-03-07 16:17:36"
"63617bda4e6367b26d53da86",,"5","57","6","2","5","5","0","1","1067","1521","0","1","2","3","0.37","0.63","0","0",,,"1","185","2024-03-07 16:17:37"
"63617bda4e6367b26d53da86",,"5","58","15","2","5","5","0","1","868","1336","0","1","1","4","0.12","0.88","0","0",,,"1","190","2024-03-07 16:17:40"
"63617bda4e6367b26d53da86",,"5","59","3","2","5","5","1","0","1051","1503","1","0","3","4","0.63","0.78","0","0",,,"0","190","2024-03-07 16:17:43"
"63617bda4e6367b26d53da86",,"5","60","10","2","5","5","0","1","1170","1538","0","1","1","3","0.16","0.63","0","0",,,"1","195","2024-03-07 16:17:46"
"65b22b0d7a2f6aa169b2672d",,"0","25","5","1","5","5","1","1","2088","2506","1","0","1","2","0.22","0.45","0","0",,,"0","75","2024-03-07 16:17:49"
"63617bda4e6367b26d53da86",,"5","61","0","2","5","5","0","1","1084","1486","0","1","1","1","0.16","0.29","0","0",,,"1","200","2024-03-07 16:17:49"
"63617bda4e6367b26d53da86",,"5","62","2","2","5","5","0","1","1001","1487","0","1","1","2","0.22","0.37","0","0",,,"0","200","2024-03-07 16:17:52"
"65b22b0d7a2f6aa169b2672d",,"0","26","4","2","5","5","0","1","1185","1537","0","1","3","4","0.55","0.78","0","0",,,"1","80","2024-03-07 16:17:54"
"63617bda4e6367b26d53da86",,"5","63","0","1","5","5","1","1","1085","1490","1","0","1","1","0.16","0.29","0","0",,,"0","200","2024-03-07 16:17:56"
"65b22b0d7a2f6aa169b2672d",,"0","27","10","1","5","5","1","1","1319","2406","1","1","1","3","0.16","0.63","0","0",,,"0","80","2024-03-07 16:18:11"
"65b22b0d7a2f6aa169b2672d",,"0","28","1","2","5","5","1","0","651","1003","1","0","4","4","0.71","0.84","0","0",,,"1","85","2024-03-07 16:18:15"
"65b22b0d7a2f6aa169b2672d",,"0","29","10","2","5","5","0","1","1637","1989","0","1","1","3","0.16","0.63","0","0",,,"0","85","2024-03-07 16:18:28"
"65b22b0d7a2f6aa169b2672d",,"0","30","8","2","5","5","1","0","936","1287","1","0","1","2","0.12","0.45","0","0",,,"1","90","2024-03-07 16:18:31"
"65b22b0d7a2f6aa169b2672d",,"0","31","9","0","5","5","0","1","2772","0","1","0","1","4","0.29","0.71","0","0",,,"0","90","2024-03-07 16:18:45"
"65b22b0d7a2f6aa169b2672d",,"0","32","2","1","5","5","0","0","1002","1420","0","1","1","2","0.22","0.37","0","0",,,"0","90","2024-03-07 16:18:50"
"65b22b0d7a2f6aa169b2672d",,"0","33","14","2","5","5","1","0","935","1387","1","0","1","4","0.16","0.84","0","0",,,"1","95","2024-03-07 16:19:04"
"65b22b0d7a2f6aa169b2672d",,"0","34","7","1","5","5","1","1","1403","1772","1","0","3","4","0.55","0.88","0","0",,,"1","100","2024-03-07 16:19:08"
"65b22b0d7a2f6aa169b2672d",,"0","35","9","1","5","5","0","0","1020","2023","1","1","1","4","0.29","0.71","0","0",,,"0","100","2024-03-07 16:19:13"
"65b22b0d7a2f6aa169b2672d",,"0","36","12","2","5","5","1","0","1169","1488","1","0","1","4","0.12","0.71","0","0",,,"1","105","2024-03-07 16:19:26"
"65b22b0d7a2f6aa169b2672d",,"0","37","10","2","5","5","0","1","935","1287","0","1","1","3","0.16","0.63","0","0",,,"1","110","2024-03-07 16:19:31"
"65b22b0d7a2f6aa169b2672d",,"0","38","1","2","5","5","1","0","1287","1671","1","0","4","4","0.71","0.84","0","0",,,"1","115","2024-03-07 16:19:35"
"65b22b0d7a2f6aa169b2672d",,"0","39","12","2","5","5","0","1","1604","2022","0","1","1","4","0.12","0.71","0","0",,,"1","120","2024-03-07 16:19:49"
"65b22b0d7a2f6aa169b2672d",,"0","40","4","0","5","5","0","1","2573","0","0","1","3","4","0.55","0.78","0","0",,,"0","120","2024-03-07 16:20:01"
"65b22b0d7a2f6aa169b2672d",,"0","41","9","2","5","5","1","0","1988","2290","1","0","1","4","0.29","0.71","0","0",,,"1","125","2024-03-07 16:20:14"
"65b22b0d7a2f6aa169b2672d",,"0","42","8","0","5","5","0","1","2873","0","0","1","1","2","0.12","0.45","0","0",,,"0","125","2024-03-07 16:20:25"
"65b22b0d7a2f6aa169b2672d",,"0","43","8","1","5","5","1","1","2022","2340","1","0","1","2","0.12","0.45","0","0",,,"0","125","2024-03-07 16:20:30"
"65b22b0d7a2f6aa169b2672d",,"0","44","2","2","5","5","0","1","1220","1538","0","1","1","2","0.22","0.37","0","0",,,"0","125","2024-03-07 16:20:43"
"65b22b0d7a2f6aa169b2672d",,"0","45","2","2","5","5","1","0","718","1053","1","0","1","2","0.22","0.37","0","0",,,"1","130","2024-03-07 16:20:47"
"65b22b0d7a2f6aa169b2672d",,"0","46","8","1","5","5","0","0","1303","2238","1","2","1","2","0.12","0.45","0","0",,,"0","130","2024-03-07 16:20:52"
"65b22b0d7a2f6aa169b2672d",,"0","47","7","1","5","5","1","1","1688","1956","1","0","3","4","0.55","0.88","0","0",,,"1","135","2024-03-07 16:21:09"
"65b22b0d7a2f6aa169b2672d",,"0","48","12","2","5","5","1","0","1070","1470","1","0","1","4","0.12","0.71","0","0",,,"1","140","2024-03-07 16:21:14"
"65b22b0d7a2f6aa169b2672d",,"0","49","6","2","5","5","0","1","1053","1437","0","1","2","3","0.37","0.63","0","0",,,"0","140","2024-03-07 16:21:18"
"65b22b0d7a2f6aa169b2672d",,"0","50","0","0","5","5","0","1","2907","0","0","1","1","1","0.16","0.29","0","0",,,"0","140","2024-03-07 16:21:32"
"65b22b0d7a2f6aa169b2672d",,"0","51","7","2","5","5","0","1","367","952","1","1","3","4","0.55","0.88","0","0",,,"1","145","2024-03-07 16:21:36"
"65b22b0d7a2f6aa169b2672d",,"0","52","15","1","5","5","0","0","1019","2072","1","2","1","4","0.12","0.88","0","0",,,"1","150","2024-03-07 16:21:41"
"65b22b0d7a2f6aa169b2672d",,"0","53","11","1","5","5","1","1","1971","2522","1","0","2","4","0.37","0.84","0","0",,,"0","150","2024-03-07 16:21:55"
"65b22b0d7a2f6aa169b2672d",,"0","54","0","0","5","5","0","0","3240","0","0","1","1","1","0.16","0.29","0","0",,,"0","150","2024-03-07 16:22:08"
"65b22b0d7a2f6aa169b2672d",,"0","55","15","0","5","5","0","0","1720","0","1","0","1","4","0.12","0.88","0","0",,,"0","150","2024-03-07 16:22:21"
"65b22b0d7a2f6aa169b2672d",,"0","56","7","0","5","5","0","1","0","0","0","0","3","4","0.55","0.88","0","0",,,"0","150","2024-03-07 16:22:34"
"65b22b0d7a2f6aa169b2672d",,"0","57","2","2","5","5","0","1","1336","2556","0","1","1","2","0.22","0.37","0","0",,,"0","150","2024-03-07 16:22:45"
"65b22b0d7a2f6aa169b2672d",,"0","58","13","2","5","5","1","0","1637","1872","1","0","1","4","0.29","0.88","0","0",,,"1","155","2024-03-07 16:22:59"
"65b22b0d7a2f6aa169b2672d",,"0","59","1","2","5","5","1","0","1186","1520","1","0","4","4","0.71","0.84","0","0",,,"1","160","2024-03-07 16:23:03"
"65b22b0d7a2f6aa169b2672d",,"0","60","14","0","5","5","0","0","2773","0","1","0","1","4","0.16","0.84","0","0",,,"0","160","2024-03-07 16:23:19"
"65b22b0d7a2f6aa169b2672d",,"0","61","12","2","5","5","1","0","1236","1704","1","0","1","4","0.12","0.71","0","0",,,"0","160","2024-03-07 16:23:25"
"65b22b0d7a2f6aa169b2672d",,"0","62","15","2","5","5","0","1","1404","1988","0","1","1","4","0.12","0.88","0","0",,,"1","165","2024-03-07 16:23:39"
"65b22b0d7a2f6aa169b2672d",,"0","63","6","2","5","5","0","1","969","1337","0","1","2","3","0.37","0.63","0","0",,,"0","165","2024-03-07 16:23:43"
"65b22b0d7a2f6aa169b2672d",,"1","0","4","2","5","5","0","1","1052","1320","0","1","3","4","0.55","0.78","0","0",,,"1","5","2024-03-07 16:24:10"
"65b22b0d7a2f6aa169b2672d",,"1","1","11","0","5","5","0","1","0","0","0","0","2","4","0.37","0.84","0","0",,,"0","5","2024-03-07 16:24:24"
"65b22b0d7a2f6aa169b2672d",,"1","2","13","2","5","5","1","0","1419","2071","1","0","1","4","0.29","0.88","0","0",,,"0","5","2024-03-07 16:24:29"
"65b22b0d7a2f6aa169b2672d",,"1","3","2","0","5","5","0","0","0","0","0","0","1","2","0.22","0.37","0","0",,,"0","5","2024-03-07 16:24:42"
"65b22b0d7a2f6aa169b2672d",,"1","4","3","2","5","5","0","1","1687","2006","0","1","3","4","0.63","0.78","0","0",,,"1","10","2024-03-07 16:24:47"
"65b22b0d7a2f6aa169b2672d",,"1","5","2","0","5","5","0","0","0","0","0","0","1","2","0.22","0.37","0","0",,,"0","10","2024-03-07 16:24:59"
"65b22b0d7a2f6aa169b2672d",,"1","6","12","0","5","5","0","0","3041","0","0","1","1","4","0.12","0.71","0","0",,,"0","10","2024-03-07 16:25:12"
"65b22b0d7a2f6aa169b2672d",,"1","7","15","1","5","5","0","0","869","1422","0","1","1","4","0.12","0.88","0","0",,,"0","10","2024-03-07 16:25:16"
"65b22b0d7a2f6aa169b2672d",,"1","8","15","0","5","5","0","1","0","0","0","0","1","4","0.12","0.88","0","0",,,"0","10","2024-03-07 16:25:28"
"65b22b0d7a2f6aa169b2672d",,"1","9","12","2","5","5","0","1","0","0","0","0","1","4","0.12","0.71","0","0",,,"0","10","2024-03-07 16:25:31"
"65b22b0d7a2f6aa169b2672d",,"1","10","1","2","5","5","0","1","1186","1687","0","1","4","4","0.71","0.84","0","0",,,"1","15","2024-03-07 16:25:38"
"65b22b0d7a2f6aa169b2672d",,"1","11","13","1","5","5","0","0","652","1872","1","2","1","4","0.29","0.88","0","0",,,"1","20","2024-03-07 16:25:43"
"65b22b0d7a2f6aa169b2672d",,"1","12","7","2","5","5","0","1","985","1837","1","1","3","4","0.55","0.88","0","0",,,"1","25","2024-03-07 16:25:47"
"65b22b0d7a2f6aa169b2672d",,"1","13","0","1","5","5","0","0","751","1536","1","1","1","1","0.16","0.29","0","0",,,"0","25","2024-03-07 16:25:52"
"65b22b0d7a2f6aa169b2672d",,"1","14","9","2","5","5","0","1","2171","2789","1","1","1","4","0.29","0.71","0","0",,,"0","25","2024-03-07 16:26:06"
"65b22b0d7a2f6aa169b2672d",,"1","15","15","2","5","5","0","1","1253","1588","0","1","1","4","0.12","0.88","0","0",,,"1","30","2024-03-07 16:26:11"
"65b22b0d7a2f6aa169b2672d",,"1","16","15","1","5","5","0","0","2321","2555","0","1","1","4","0.12","0.88","0","0",,,"0","30","2024-03-07 16:26:23"
"65b22b0d7a2f6aa169b2672d",,"1","17","8","2","5","5","0","1","1202","1570","0","1","1","2","0.12","0.45","0","0",,,"1","35","2024-03-07 16:26:27"
"65b22b0d7a2f6aa169b2672d",,"1","18","14","0","5","5","0","1","0","0","0","0","1","4","0.16","0.84","0","0",,,"0","35","2024-03-07 16:26:43"
"65b22b0d7a2f6aa169b2672d",,"1","19","0","2","5","5","0","1","968","1370","0","1","1","1","0.16","0.29","0","0",,,"0","35","2024-03-07 16:26:47"
"65b22b0d7a2f6aa169b2672d",,"1","20","6","0","5","5","0","0","0","0","0","0","2","3","0.37","0.63","0","0",,,"0","35","2024-03-07 16:27:00"
"65b22b0d7a2f6aa169b2672d",,"1","21","4","2","5","5","0","1","785","1103","0","1","3","4","0.55","0.78","0","0",,,"1","40","2024-03-07 16:27:04"
"65b22b0d7a2f6aa169b2672d",,"1","22","14","1","5","5","1","1","1187","1505","1","0","1","4","0.16","0.84","0","0",,,"0","40","2024-03-07 16:27:09"
"65b22b0d7a2f6aa169b2672d",,"1","23","0","2","5","5","0","1","1521","1905","0","1","1","1","0.16","0.29","0","0",,,"0","40","2024-03-07 16:27:22"
"65b22b0d7a2f6aa169b2672d",,"1","24","12","2","5","5","1","0","2288","2589","1","0","1","4","0.12","0.71","0","0",,,"1","45","2024-03-07 16:27:36"
"63614899ad49a91f1ef09067",,"0","0","1","2","5","5","0","1","1399","1815","0","1","4","4","0.71","0.84","0","0",,,"1","5","2024-03-07 16:30:42"
"63614899ad49a91f1ef09067",,"0","1","2","2","5","5","0","1","765","1083","0","1","1","2","0.22","0.37","0","0",,,"1","10","2024-03-07 16:30:44"
"63614899ad49a91f1ef09067",,"0","2","2","1","5","5","1","1","683","1048","1","0","1","2","0.22","0.37","0","0",,,"0","10","2024-03-07 16:30:47"
"63614899ad49a91f1ef09067",,"0","3","4","1","5","5","1","1","716","1650","1","1","3","4","0.55","0.78","0","0",,,"0","10","2024-03-07 16:30:51"
"63614899ad49a91f1ef09067",,"0","4","13","2","5","5","0","1","415","698","0","1","1","4","0.29","0.88","0","0",,,"1","15","2024-03-07 16:30:53"
"63614899ad49a91f1ef09067",,"0","5","4","2","5","5","0","1","483","767","0","1","3","4","0.55","0.78","0","0",,,"1","20","2024-03-07 16:30:56"
"63614899ad49a91f1ef09067",,"0","6","9","2","5","5","0","1","465","751","0","1","1","4","0.29","0.71","0","0",,,"1","25","2024-03-07 16:30:58"
"63614899ad49a91f1ef09067",,"0","7","3","2","5","5","1","0","498","866","1","0","3","4","0.63","0.78","0","0",,,"1","30","2024-03-07 16:31:01"
"63614899ad49a91f1ef09067",,"0","8","8","2","5","5","0","1","1416","1733","0","1","1","2","0.12","0.45","0","0",,,"0","30","2024-03-07 16:31:04"
"63614899ad49a91f1ef09067",,"0","9","7","2","5","5","0","1","566","865","0","1","3","4","0.55","0.88","0","0",,,"1","35","2024-03-07 16:31:07"
"63614899ad49a91f1ef09067",,"0","10","7","2","5","5","1","0","499","867","1","0","3","4","0.55","0.88","0","0",,,"1","40","2024-03-07 16:31:10"
"63614899ad49a91f1ef09067",,"0","11","1","2","5","5","1","0","715","1215","1","0","4","4","0.71","0.84","0","0",,,"1","45","2024-03-07 16:31:13"
"63614899ad49a91f1ef09067",,"0","12","12","2","5","5","1","0","516","949","1","0","1","4","0.12","0.71","0","0",,,"0","45","2024-03-07 16:31:15"
"63614899ad49a91f1ef09067",,"0","13","12","2","5","5","0","1","465","865","0","1","1","4","0.12","0.71","0","0",,,"1","50","2024-03-07 16:31:18"
"63614899ad49a91f1ef09067",,"0","14","1","1","5","5","1","1","599","1849","1","1","4","4","0.71","0.84","0","0",,,"0","50","2024-03-07 16:31:22"
"63614899ad49a91f1ef09067",,"0","15","11","2","5","5","0","1","516","884","0","1","2","4","0.37","0.84","0","0",,,"0","50","2024-03-07 16:31:25"
"63614899ad49a91f1ef09067",,"0","16","13","2","5","5","0","1","482","816","0","1","1","4","0.29","0.88","0","0",,,"1","55","2024-03-07 16:31:27"
"63614899ad49a91f1ef09067",,"0","17","1","2","5","5","0","1","899","1150","0","1","4","4","0.71","0.84","0","0",,,"1","60","2024-03-07 16:31:30"
"63614899ad49a91f1ef09067",,"0","18","4","2","5","5","1","0","566","917","1","0","3","4","0.55","0.78","0","0",,,"0","60","2024-03-07 16:31:33"
"63614899ad49a91f1ef09067",,"0","19","5","2","5","5","0","1","1250","1452","0","1","1","2","0.22","0.45","0","0",,,"1","65","2024-03-07 16:31:36"
"63614899ad49a91f1ef09067",,"0","20","11","2","5","5","1","0","497","813","1","0","2","4","0.37","0.84","0","0",,,"1","70","2024-03-07 16:31:39"
"63614899ad49a91f1ef09067",,"0","21","5","2","5","5","1","0","1050","1269","1","0","1","2","0.22","0.45","0","0",,,"0","70","2024-03-07 16:31:42"
"63614899ad49a91f1ef09067",,"0","22","7","2","5","5","1","0","484","734","1","0","3","4","0.55","0.88","0","0",,,"1","75","2024-03-07 16:31:44"
"63614899ad49a91f1ef09067",,"0","23","9","2","5","5","1","0","567","766","1","0","1","4","0.29","0.71","0","0",,,"1","80","2024-03-07 16:31:47"
"63614899ad49a91f1ef09067",,"0","24","15","2","5","5","0","1","513","731","0","1","1","4","0.12","0.88","0","0",,,"0","80","2024-03-07 16:31:49"
"63614899ad49a91f1ef09067",,"0","25","6","2","5","5","0","1","567","851","0","1","2","3","0.37","0.63","0","0",,,"1","85","2024-03-07 16:31:52"
"63614899ad49a91f1ef09067",,"0","26","13","2","5","5","0","1","467","649","0","1","1","4","0.29","0.88","0","0",,,"1","90","2024-03-07 16:31:55"
"63614899ad49a91f1ef09067",,"0","27","0","2","5","5","0","1","1150","1334","0","1","1","1","0.16","0.29","0","0",,,"0","90","2024-03-07 16:31:58"
"63614899ad49a91f1ef09067",,"0","28","10","2","5","5","0","1","499","700","0","1","1","3","0.16","0.63","0","0",,,"1","95","2024-03-07 16:32:00"
"63614899ad49a91f1ef09067",,"0","29","12","2","5","5","0","1","482","666","0","1","1","4","0.12","0.71","0","0",,,"1","100","2024-03-07 16:32:03"
"63614899ad49a91f1ef09067",,"0","30","15","2","5","5","0","1","450","599","0","1","1","4","0.12","0.88","0","0",,,"1","105","2024-03-07 16:32:05"
"63614899ad49a91f1ef09067",,"0","31","15","2","5","5","1","0","500","675","1","0","1","4","0.12","0.88","0","0",,,"1","110","2024-03-07 16:32:07"
"63614899ad49a91f1ef09067",,"0","32","3","2","5","5","0","1","490","691","0","1","3","4","0.63","0.78","0","0",,,"0","110","2024-03-07 16:32:10"
"63614899ad49a91f1ef09067",,"0","33","8","2","5","5","1","0","716","916","1","0","1","2","0.12","0.45","0","0",,,"0","110","2024-03-07 16:32:13"
"63614899ad49a91f1ef09067",,"0","34","4","2","5","5","0","1","417","600","0","1","3","4","0.55","0.78","0","0",,,"1","115","2024-03-07 16:32:15"
"63614899ad49a91f1ef09067",,"0","35","9","2","5","5","0","1","433","583","0","1","1","4","0.29","0.71","0","0",,,"1","120","2024-03-07 16:32:18"
"63614899ad49a91f1ef09067",,"0","36","7","2","5","5","1","0","447","613","1","0","3","4","0.55","0.88","0","0",,,"1","125","2024-03-07 16:32:20"
"63614899ad49a91f1ef09067",,"0","37","14","2","5","5","0","1","450","599","0","1","1","4","0.16","0.84","0","0",,,"1","130","2024-03-07 16:32:23"
"63614899ad49a91f1ef09067",,"0","38","5","2","5","5","0","1","481","1149","0","1","1","2","0.22","0.45","0","0",,,"0","130","2024-03-07 16:32:25"
"63614899ad49a91f1ef09067",,"0","39","10","2","5","5","0","1","498","650","0","1","1","3","0.16","0.63","0","0",,,"1","135","2024-03-07 16:32:28"
"63614899ad49a91f1ef09067",,"0","40","15","2","5","5","1","0","467","600","1","0","1","4","0.12","0.88","0","0",,,"1","140","2024-03-07 16:32:30"
"63614899ad49a91f1ef09067",,"0","41","12","2","5","5","1","0","383","582","1","0","1","4","0.12","0.71","0","0",,,"1","145","2024-03-07 16:32:33"
"63614899ad49a91f1ef09067",,"0","42","0","2","5","5","1","0","849","1001","1","0","1","1","0.16","0.29","0","0",,,"1","150","2024-03-07 16:32:36"
"63614899ad49a91f1ef09067",,"0","43","8","2","5","5","1","0","549","716","1","0","1","2","0.12","0.45","0","0",,,"1","155","2024-03-07 16:32:38"
"63614899ad49a91f1ef09067",,"0","44","3","2","5","5","0","1","483","616","0","1","3","4","0.63","0.78","0","0",,,"1","160","2024-03-07 16:32:40"
"63614899ad49a91f1ef09067",,"0","45","14","2","5","5","0","1","498","648","0","1","1","4","0.16","0.84","0","0",,,"1","165","2024-03-07 16:32:43"
"63614899ad49a91f1ef09067",,"0","46","6","2","5","5","1","0","483","616","1","0","2","3","0.37","0.63","0","0",,,"1","170","2024-03-07 16:32:45"
"63614899ad49a91f1ef09067",,"0","47","6","2","5","5","1","0","801","984","1","0","2","3","0.37","0.63","0","0",,,"1","175","2024-03-07 16:32:48"
"63614899ad49a91f1ef09067",,"0","48","0","1","5","5","0","0","483","1585","1","1","1","1","0.16","0.29","0","0",,,"0","175","2024-03-07 16:32:51"
"63614899ad49a91f1ef09067",,"0","49","6","2","5","5","1","0","482","616","1","0","2","3","0.37","0.63","0","0",,,"1","180","2024-03-07 16:32:54"
"63614899ad49a91f1ef09067",,"0","50","8","2","5","5","1","0","767","900","1","0","1","2","0.12","0.45","0","0",,,"0","180","2024-03-07 16:32:56"
"63614899ad49a91f1ef09067",,"0","51","13","2","5","5","0","1","450","600","0","1","1","4","0.29","0.88","0","0",,,"0","180","2024-03-07 16:32:59"
"63614899ad49a91f1ef09067",,"0","52","9","2","5","5","1","0","499","618","1","0","1","4","0.29","0.71","0","0",,,"1","185","2024-03-07 16:33:02"
"63614899ad49a91f1ef09067",,"0","53","14","2","5","5","1","0","517","685","1","0","1","4","0.16","0.84","0","0",,,"1","190","2024-03-07 16:33:04"
"63614899ad49a91f1ef09067",,"0","54","11","2","5","5","0","1","533","650","0","1","2","4","0.37","0.84","0","0",,,"0","190","2024-03-07 16:33:07"
"63614899ad49a91f1ef09067",,"0","55","3","2","5","5","1","0","382","532","1","0","3","4","0.63","0.78","0","0",,,"1","195","2024-03-07 16:33:09"
"63614899ad49a91f1ef09067",,"0","56","2","2","5","5","0","1","816","916","0","1","1","2","0.22","0.37","0","0",,,"1","200","2024-03-07 16:33:12"
"63614899ad49a91f1ef09067",,"0","57","10","2","5","5","0","1","532","665","0","1","1","3","0.16","0.63","0","0",,,"1","205","2024-03-07 16:33:14"
"63614899ad49a91f1ef09067",,"0","58","2","2","5","5","0","1","849","983","0","1","1","2","0.22","0.37","0","0",,,"0","205","2024-03-07 16:33:17"
"63614899ad49a91f1ef09067",,"0","59","14","2","5","5","0","1","415","551","0","1","1","4","0.16","0.84","0","0",,,"1","210","2024-03-07 16:33:19"
"63614899ad49a91f1ef09067",,"0","60","10","2","5","5","0","1","483","617","0","1","1","3","0.16","0.63","0","0",,,"0","210","2024-03-07 16:33:22"
"63614899ad49a91f1ef09067",,"0","61","11","2","5","5","0","1","416","551","0","1","2","4","0.37","0.84","0","0",,,"1","215","2024-03-07 16:33:25"
"63614899ad49a91f1ef09067",,"0","62","5","2","5","5","0","1","483","782","0","1","1","2","0.22","0.45","0","0",,,"0","215","2024-03-07 16:33:27"
"63614899ad49a91f1ef09067",,"0","63","0","2","5","5","1","0","582","715","1","0","1","1","0.16","0.29","0","0",,,"0","215","2024-03-07 16:33:30"
"63614899ad49a91f1ef09067",,"1","0","13","2","5","5","0","1","1098","2515","1","1","1","4","0.29","0.88","0","0",,,"1","5","2024-03-07 16:34:03"
"63614899ad49a91f1ef09067",,"1","1","15","2","5","5","0","1","451","635","0","1","1","4","0.12","0.88","0","0",,,"1","10","2024-03-07 16:34:05"
"63614899ad49a91f1ef09067",,"1","2","6","2","5","5","1","0","433","565","1","0","2","3","0.37","0.63","0","0",,,"1","15","2024-03-07 16:34:07"
"63614899ad49a91f1ef09067",,"1","3","4","2","5","5","1","0","399","567","1","0","3","4","0.55","0.78","0","0",,,"1","20","2024-03-07 16:34:10"
"63614899ad49a91f1ef09067",,"1","4","7","2","5","5","0","1","383","500","0","1","3","4","0.55","0.88","0","0",,,"0","20","2024-03-07 16:34:12"
"63614899ad49a91f1ef09067",,"1","5","7","2","5","5","1","0","949","1100","1","0","3","4","0.55","0.88","0","0",,,"0","20","2024-03-07 16:34:15"
"63614899ad49a91f1ef09067",,"1","6","13","2","5","5","1","0","383","517","1","0","1","4","0.29","0.88","0","0",,,"1","25","2024-03-07 16:34:18"
"63614899ad49a91f1ef09067",,"1","7","13","2","5","5","0","1","449","568","0","1","1","4","0.29","0.88","0","0",,,"1","30","2024-03-07 16:34:20"
"63614899ad49a91f1ef09067",,"1","8","14","2","5","5","1","0","381","515","1","0","1","4","0.16","0.84","0","0",,,"0","30","2024-03-07 16:34:22"
"63614899ad49a91f1ef09067",,"1","9","0","2","5","5","1","0","498","1282","1","0","1","1","0.16","0.29","0","0",,,"1","35","2024-03-07 16:34:26"
"63614899ad49a91f1ef09067",,"1","10","10","2","5","5","1","0","449","567","1","0","1","3","0.16","0.63","0","0",,,"0","35","2024-03-07 16:34:28"
"63614899ad49a91f1ef09067",,"1","11","5","2","5","5","0","1","549","716","0","1","1","2","0.22","0.45","0","0",,,"0","35","2024-03-07 16:34:31"
"63614899ad49a91f1ef09067",,"1","12","11","2","5","5","0","1","449","583","0","1","2","4","0.37","0.84","0","0",,,"1","40","2024-03-07 16:34:33"
"63614899ad49a91f1ef09067",,"1","13","0","2","5","5","0","1","982","1165","0","1","1","1","0.16","0.29","0","0",,,"0","40","2024-03-07 16:34:36"
"63614899ad49a91f1ef09067",,"1","14","10","2","5","5","0","1","448","582","0","1","1","3","0.16","0.63","0","0",,,"0","40","2024-03-07 16:34:39"
"63614899ad49a91f1ef09067",,"1","15","11","2","5","5","0","1","399","532","0","1","2","4","0.37","0.84","0","0",,,"1","45","2024-03-07 16:34:41"
"63614899ad49a91f1ef09067",,"1","16","1","2","5","5","1","0","549","683","1","0","4","4","0.71","0.84","0","0",,,"1","50","2024-03-07 16:34:44"
"63614899ad49a91f1ef09067",,"1","17","6","2","5","5","1","0","499","683","1","0","2","3","0.37","0.63","0","0",,,"0","50","2024-03-07 16:34:46"
"63614899ad49a91f1ef09067",,"1","18","11","2","5","5","1","0","401","550","1","0","2","4","0.37","0.84","0","0",,,"1","55","2024-03-07 16:34:49"
"63614899ad49a91f1ef09067",,"1","19","0","2","5","5","0","1","632","983","0","1","1","1","0.16","0.29","0","0",,,"0","55","2024-03-07 16:34:51"
"63614899ad49a91f1ef09067",,"1","20","8","2","5","5","0","1","632","783","0","1","1","2","0.12","0.45","0","0",,,"1","60","2024-03-07 16:34:54"
"63614899ad49a91f1ef09067",,"1","21","7","2","5","5","1","0","533","632","1","0","3","4","0.55","0.88","0","0",,,"1","65","2024-03-07 16:34:57"
"63614899ad49a91f1ef09067",,"1","22","3","2","5","5","0","1","584","768","0","1","3","4","0.63","0.78","0","0",,,"1","70","2024-03-07 16:34:59"
"63614899ad49a91f1ef09067",,"1","23","3","2","5","5","0","1","548","666","0","1","3","4","0.63","0.78","0","0",,,"1","75","2024-03-07 16:35:01"
"63614899ad49a91f1ef09067",,"1","24","8","2","5","5","1","0","750","867","1","0","1","2","0.12","0.45","0","0",,,"0","75","2024-03-07 16:35:04"
"63614899ad49a91f1ef09067",,"1","25","4","2","5","5","0","1","417","582","0","1","3","4","0.55","0.78","0","0",,,"1","80","2024-03-07 16:35:07"
"63614899ad49a91f1ef09067",,"1","26","7","2","5","5","0","1","482","649","0","1","3","4","0.55","0.88","0","0",,,"1","85","2024-03-07 16:35:09"
"63614899ad49a91f1ef09067",,"1","27","9","2","5","5","0","1","484","599","0","1","1","4","0.29","0.71","0","0",,,"0","85","2024-03-07 16:35:12"
"63614899ad49a91f1ef09067",,"1","28","1","2","5","5","0","1","1015","1215","0","1","4","4","0.71","0.84","0","0",,,"1","90","2024-03-07 16:35:15"
"63614899ad49a91f1ef09067",,"1","29","2","2","5","5","0","1","1100","1234","0","1","1","2","0.22","0.37","0","0",,,"0","90","2024-03-07 16:35:18"
"63614899ad49a91f1ef09067",,"1","30","12","2","5","5","1","0","449","582","1","0","1","4","0.12","0.71","0","0",,,"0","90","2024-03-07 16:35:20"
"63614899ad49a91f1ef09067",,"1","31","9","2","5","5","1","0","399","549","1","0","1","4","0.29","0.71","0","0",,,"1","95","2024-03-07 16:35:23"
"63614899ad49a91f1ef09067",,"1","32","5","2","5","5","0","1","532","716","0","1","1","2","0.22","0.45","0","0",,,"0","95","2024-03-07 16:35:25"
"63614899ad49a91f1ef09067",,"1","33","0","2","5","5","0","1","664","882","0","1","1","1","0.16","0.29","0","0",,,"0","95","2024-03-07 16:35:28"
"63614899ad49a91f1ef09067",,"1","34","3","2","5","5","1","0","416","550","1","0","3","4","0.63","0.78","0","0",,,"1","100","2024-03-07 16:35:31"
"63614899ad49a91f1ef09067",,"1","35","15","2","5","5","1","0","400","567","1","0","1","4","0.12","0.88","0","0",,,"1","105","2024-03-07 16:35:33"
"63614899ad49a91f1ef09067",,"1","36","1","2","5","5","1","0","765","1349","1","1","4","4","0.71","0.84","0","0",,,"1","110","2024-03-07 16:35:36"
"63614899ad49a91f1ef09067",,"1","37","14","2","5","5","0","1","851","951","0","1","1","4","0.16","0.84","0","0",,,"1","115","2024-03-07 16:35:39"
"63614899ad49a91f1ef09067",,"1","38","6","2","5","5","1","0","482","599","1","0","2","3","0.37","0.63","0","0",,,"0","115","2024-03-07 16:35:41"
"63614899ad49a91f1ef09067",,"1","39","15","2","5","5","1","0","482","650","1","0","1","4","0.12","0.88","0","0",,,"1","120","2024-03-07 16:35:44"
"63614899ad49a91f1ef09067",,"1","40","15","2","5","5","0","1","632","766","0","1","1","4","0.12","0.88","0","0",,,"1","125","2024-03-07 16:35:46"
"63614899ad49a91f1ef09067",,"1","41","5","2","5","5","0","1","566","848","0","1","1","2","0.22","0.45","0","0",,,"0","125","2024-03-07 16:35:49"
"63614899ad49a91f1ef09067",,"1","42","8","2","5","5","0","1","599","750","0","1","1","2","0.12","0.45","0","0",,,"1","130","2024-03-07 16:35:52"
"63614899ad49a91f1ef09067",,"1","43","4","2","5","5","0","1","482","617","0","1","3","4","0.55","0.78","0","0",,,"1","135","2024-03-07 16:35:54"
"63614899ad49a91f1ef09067",,"1","44","9","2","5","5","0","1","432","566","0","1","1","4","0.29","0.71","0","0",,,"1","140","2024-03-07 16:35:56"
"63614899ad49a91f1ef09067",,"1","45","12","2","5","5","0","1","432","549","0","1","1","4","0.12","0.71","0","0",,,"1","145","2024-03-07 16:35:59"
"63614899ad49a91f1ef09067",,"1","46","2","2","5","5","0","1","499","2081","1","2","1","2","0.22","0.37","0","0",,,"1","150","2024-03-07 16:36:02"
"63614899ad49a91f1ef09067",,"1","47","9","2","5","5","1","0","532","766","1","0","1","4","0.29","0.71","0","0",,,"1","155","2024-03-07 16:36:05"
"63614899ad49a91f1ef09067",,"1","48","12","2","5","5","0","1","517","684","0","1","1","4","0.12","0.71","0","0",,,"1","160","2024-03-07 16:36:07"
"63614899ad49a91f1ef09067",,"1","49","14","2","5","5","0","1","499","648","0","1","1","4","0.16","0.84","0","0",,,"1","165","2024-03-07 16:36:10"
"63614899ad49a91f1ef09067",,"1","50","2","2","5","5","1","0","1031","1182","1","0","1","2","0.22","0.37","0","0",,,"0","165","2024-03-07 16:36:13"
"63614899ad49a91f1ef09067",,"1","51","4","2","5","5","1","0","416","566","1","0","3","4","0.55","0.78","0","0",,,"1","170","2024-03-07 16:36:15"
"63614899ad49a91f1ef09067",,"1","52","3","2","5","5","1","0","399","533","1","0","3","4","0.63","0.78","0","0",,,"0","170","2024-03-07 16:36:18"
"63614899ad49a91f1ef09067",,"1","53","11","2","5","5","0","1","416","566","0","1","2","4","0.37","0.84","0","0",,,"0","170","2024-03-07 16:36:20"
"63614899ad49a91f1ef09067",,"1","54","8","2","5","5","1","0","483","617","1","0","1","2","0.12","0.45","0","0",,,"1","175","2024-03-07 16:36:23"
"63614899ad49a91f1ef09067",,"1","55","13","2","5","5","1","0","466","632","1","0","1","4","0.29","0.88","0","0",,,"1","180","2024-03-07 16:36:25"
"63614899ad49a91f1ef09067",,"1","56","10","2","5","5","0","1","498","665","0","1","1","3","0.16","0.63","0","0",,,"0","180","2024-03-07 16:36:28"
"63614899ad49a91f1ef09067",,"1","57","6","2","5","5","0","1","583","716","0","1","2","3","0.37","0.63","0","0",,,"1","185","2024-03-07 16:36:30"
"63614899ad49a91f1ef09067",,"1","58","14","2","5","5","1","0","415","550","1","0","1","4","0.16","0.84","0","0",,,"0","185","2024-03-07 16:36:33"
"63614899ad49a91f1ef09067",,"1","59","12","2","5","5","0","1","466","599","0","1","1","4","0.12","0.71","0","0",,,"1","190","2024-03-07 16:36:35"
"63614899ad49a91f1ef09067",,"1","60","1","2","5","5","1","0","683","799","1","0","4","4","0.71","0.84","0","0",,,"0","190","2024-03-07 16:36:38"
"63614899ad49a91f1ef09067",,"1","61","2","2","5","5","1","0","849","1017","1","0","1","2","0.22","0.37","0","0",,,"1","195","2024-03-07 16:36:41"
"63614899ad49a91f1ef09067",,"1","62","10","2","5","5","1","0","449","567","1","0","1","3","0.16","0.63","0","0",,,"1","200","2024-03-07 16:36:43"
"63614899ad49a91f1ef09067",,"1","63","5","2","5","5","1","0","582","865","1","0","1","2","0.22","0.45","0","0",,,"0","200","2024-03-07 16:36:46"
"63614899ad49a91f1ef09067",,"2","0","1","2","5","5","0","1","499","1532","1","1","4","4","0.71","0.84","0","0",,,"1","5","2024-03-07 16:37:05"
"63614899ad49a91f1ef09067",,"2","1","6","2","5","5","0","1","800","932","0","1","2","3","0.37","0.63","0","0",,,"1","10","2024-03-07 16:37:07"
"63614899ad49a91f1ef09067",,"2","2","6","2","5","5","1","0","549","681","1","0","2","3","0.37","0.63","0","0",,,"0","10","2024-03-07 16:37:10"
"63614899ad49a91f1ef09067",,"2","3","9","2","5","5","0","1","449","649","0","1","1","4","0.29","0.71","0","0",,,"1","15","2024-03-07 16:37:12"
"63614899ad49a91f1ef09067",,"2","4","13","2","5","5","1","0","416","549","1","0","1","4","0.29","0.88","0","0",,,"1","20","2024-03-07 16:37:15"
"63614899ad49a91f1ef09067",,"2","5","10","2","5","5","1","0","449","599","1","0","1","3","0.16","0.63","0","0",,,"1","25","2024-03-07 16:37:17"
"63614899ad49a91f1ef09067",,"2","6","4","2","5","5","0","1","449","632","0","1","3","4","0.55","0.78","0","0",,,"1","30","2024-03-07 16:37:20"
"63614899ad49a91f1ef09067",,"2","7","4","2","5","5","0","1","483","616","0","1","3","4","0.55","0.78","0","0",,,"1","35","2024-03-07 16:37:22"
"63614899ad49a91f1ef09067",,"2","8","12","2","5","5","1","0","383","520","1","0","1","4","0.12","0.71","0","0",,,"1","40","2024-03-07 16:37:24"
"63614899ad49a91f1ef09067",,"2","9","11","2","5","5","0","1","448","633","0","1","2","4","0.37","0.84","0","0",,,"1","45","2024-03-07 16:37:27"
"63614899ad49a91f1ef09067",,"2","10","9","2","5","5","1","0","382","532","1","0","1","4","0.29","0.71","0","0",,,"1","50","2024-03-07 16:37:29"
"63614899ad49a91f1ef09067",,"2","11","8","2","5","5","0","1","431","1133","0","1","1","2","0.12","0.45","0","0",,,"1","55","2024-03-07 16:37:32"
"63614899ad49a91f1ef09067",,"2","12","2","2","5","5","0","1","834","1000","0","1","1","2","0.22","0.37","0","0",,,"1","60","2024-03-07 16:37:35"
"63614899ad49a91f1ef09067",,"2","13","6","2","5","5","1","0","482","632","1","0","2","3","0.37","0.63","0","0",,,"0","60","2024-03-07 16:37:37"
"63614899ad49a91f1ef09067",,"2","14","4","2","5","5","1","0","482","649","1","0","3","4","0.55","0.78","0","0",,,"0","60","2024-03-07 16:37:40"
"63614899ad49a91f1ef09067",,"2","15","8","2","5","5","0","1","500","917","0","1","1","2","0.12","0.45","0","0",,,"0","60","2024-03-07 16:37:43"
"63614899ad49a91f1ef09067",,"2","16","0","1","5","5","1","1","1302","1417","1","0","1","1","0.16","0.29","0","0",,,"0","60","2024-03-07 16:37:46"
"63614899ad49a91f1ef09067",,"2","17","5","2","5","5","1","0","649","782","1","0","1","2","0.22","0.45","0","0",,,"1","65","2024-03-07 16:37:49"
"63614899ad49a91f1ef09067",,"2","18","9","2","5","5","0","1","500","617","0","1","1","4","0.29","0.71","0","0",,,"1","70","2024-03-07 16:37:51"
"63614899ad49a91f1ef09067",,"2","19","1","2","5","5","1","0","866","1002","1","0","4","4","0.71","0.84","0","0",,,"0","70","2024-03-07 16:37:54"
"63614899ad49a91f1ef09067",,"2","20","12","2","5","5","0","1","430","580","0","1","1","4","0.12","0.71","0","0",,,"1","75","2024-03-07 16:37:56"
"63614899ad49a91f1ef09067",,"2","21","3","2","5","5","0","1","416","566","0","1","3","4","0.63","0.78","0","0",,,"0","75","2024-03-07 16:37:59"
"63614899ad49a91f1ef09067",,"2","22","3","2","5","5","0","1","516","683","0","1","3","4","0.63","0.78","0","0",,,"1","80","2024-03-07 16:38:01"
"63614899ad49a91f1ef09067",,"2","23","15","2","5","5","0","1","450","583","0","1","1","4","0.12","0.88","0","0",,,"1","85","2024-03-07 16:38:04"
"63614899ad49a91f1ef09067",,"2","24","8","2","5","5","1","0","1083","1201","1","0","1","2","0.12","0.45","0","0",,,"1","90","2024-03-07 16:38:07"
"63614899ad49a91f1ef09067",,"2","25","7","2","5","5","1","0","465","582","1","0","3","4","0.55","0.88","0","0",,,"1","95","2024-03-07 16:38:09"
"63614899ad49a91f1ef09067",,"2","26","8","2","5","5","1","0","549","1516","1","0","1","2","0.12","0.45","0","0",,,"1","100","2024-03-07 16:38:12"
"63614899ad49a91f1ef09067",,"2","27","9","2","5","5","0","1","549","717","0","1","1","4","0.29","0.71","0","0",,,"1","105","2024-03-07 16:38:15"
"63614899ad49a91f1ef09067",,"2","28","14","2","5","5","0","1","532","717","0","1","1","4","0.16","0.84","0","0",,,"1","110","2024-03-07 16:38:17"
"63614899ad49a91f1ef09067",,"2","29","4","2","5","5","0","1","499","698","0","1","3","4","0.55","0.78","0","0",,,"1","115","2024-03-07 16:38:20"
"63614899ad49a91f1ef09067",,"2","30","14","2","5","5","0","1","581","749","0","1","1","4","0.16","0.84","0","0",,,"1","120","2024-03-07 16:38:22"
"63614899ad49a91f1ef09067",,"2","31","3","2","5","5","1","0","482","632","1","0","3","4","0.63","0.78","0","0",,,"1","125","2024-03-07 16:38:25"
"63614899ad49a91f1ef09067",,"2","32","2","2","5","5","1","0","1238","1647","1","0","1","2","0.22","0.37","0","0",,,"1","130","2024-03-07 16:38:28"
"63614899ad49a91f1ef09067",,"2","33","6","2","5","5","1","0","532","716","1","0","2","3","0.37","0.63","0","0",,,"0","130","2024-03-07 16:38:30"
"63614899ad49a91f1ef09067",,"2","34","0","2","5","5","0","1","1177","1450","0","1","1","1","0.16","0.29","0","0",,,"0","130","2024-03-07 16:38:34"
"63614899ad49a91f1ef09067",,"2","35","12","2","5","5","1","0","466","681","1","0","1","4","0.12","0.71","0","0",,,"1","135","2024-03-07 16:38:37"
"63614899ad49a91f1ef09067",,"2","36","7","2","5","5","1","0","450","584","1","0","3","4","0.55","0.88","0","0",,,"1","140","2024-03-07 16:38:39"
"63614899ad49a91f1ef09067",,"2","37","10","2","5","5","1","0","615","798","1","0","1","3","0.16","0.63","0","0",,,"1","145","2024-03-07 16:38:42"
"63614899ad49a91f1ef09067",,"2","38","14","2","5","5","0","1","483","651","0","1","1","4","0.16","0.84","0","0",,,"1","150","2024-03-07 16:38:44"
"63614899ad49a91f1ef09067",,"2","39","5","2","5","5","1","0","900","1068","1","0","1","2","0.22","0.45","0","0",,,"0","150","2024-03-07 16:38:47"
"63614899ad49a91f1ef09067",,"2","40","13","2","5","5","1","0","482","599","1","0","1","4","0.29","0.88","0","0",,,"1","155","2024-03-07 16:38:50"
"63614899ad49a91f1ef09067",,"2","41","5","2","5","5","1","0","898","1031","1","0","1","2","0.22","0.45","0","0",,,"0","155","2024-03-07 16:38:52"
"63614899ad49a91f1ef09067",,"2","42","5","2","5","5","1","0","899","1099","1","0","1","2","0.22","0.45","0","0",,,"1","160","2024-03-07 16:38:55"
"63614899ad49a91f1ef09067",,"2","43","7","2","5","5","0","1","531","698","0","1","3","4","0.55","0.88","0","0",,,"1","165","2024-03-07 16:38:58"
"63614899ad49a91f1ef09067",,"2","44","10","2","5","5","0","1","566","716","0","1","1","3","0.16","0.63","0","0",,,"1","170","2024-03-07 16:39:00"
"63614899ad49a91f1ef09067",,"2","45","15","2","5","5","1","0","500","650","1","0","1","4","0.12","0.88","0","0",,,"1","175","2024-03-07 16:39:03"
"63614899ad49a91f1ef09067",,"2","46","12","2","5","5","1","0","433","617","1","0","1","4","0.12","0.71","0","0",,,"0","175","2024-03-07 16:39:05"
"63614899ad49a91f1ef09067",,"2","47","7","2","5","5","1","0","399","549","1","0","3","4","0.55","0.88","0","0",,,"0","175","2024-03-07 16:39:08"
"63614899ad49a91f1ef09067",,"2","48","2","2","5","5","0","1","886","1085","0","1","1","2","0.22","0.37","0","0",,,"1","180","2024-03-07 16:39:11"
"63614899ad49a91f1ef09067",,"2","49","0","2","5","5","0","1","1015","1365","0","1","1","1","0.16","0.29","0","0",,,"0","180","2024-03-07 16:39:14"
"63614899ad49a91f1ef09067",,"2","50","15","2","5","5","1","0","483","650","1","0","1","4","0.12","0.88","0","0",,,"0","180","2024-03-07 16:39:16"
"63614899ad49a91f1ef09067",,"2","51","10","2","5","5","1","0","481","649","1","0","1","3","0.16","0.63","0","0",,,"0","180","2024-03-07 16:39:19"
"63614899ad49a91f1ef09067",,"2","52","13","2","5","5","0","1","493","750","0","1","1","4","0.29","0.88","0","0",,,"1","185","2024-03-07 16:39:22"
"63614899ad49a91f1ef09067",,"2","53","15","2","5","5","1","0","466","850","1","0","1","4","0.12","0.88","0","0",,,"1","190","2024-03-07 16:39:24"
"63614899ad49a91f1ef09067",,"2","54","1","2","5","5","1","0","965","1214","1","0","4","4","0.71","0.84","0","0",,,"1","195","2024-03-07 16:39:27"
"63614899ad49a91f1ef09067",,"2","55","13","2","5","5","1","0","449","1399","1","0","1","4","0.29","0.88","0","0",,,"1","200","2024-03-07 16:39:30"
"63614899ad49a91f1ef09067",,"2","56","0","2","5","5","1","0","1201","1569","1","0","1","1","0.16","0.29","0","0",,,"1","205","2024-03-07 16:39:34"
"63614899ad49a91f1ef09067",,"2","57","1","2","5","5","1","0","766","1066","1","0","4","4","0.71","0.84","0","0",,,"1","210","2024-03-07 16:39:36"
"63614899ad49a91f1ef09067",,"2","58","11","2","5","5","1","0","583","1100","1","0","2","4","0.37","0.84","0","0",,,"1","215","2024-03-07 16:39:39"
"63614899ad49a91f1ef09067",,"2","59","3","2","5","5","0","1","651","1082","0","1","3","4","0.63","0.78","0","0",,,"1","220","2024-03-07 16:39:42"
"63614899ad49a91f1ef09067",,"2","60","2","2","5","5","0","1","1016","1300","0","1","1","2","0.22","0.37","0","0",,,"1","225","2024-03-07 16:39:45"
"63614899ad49a91f1ef09067",,"2","61","11","2","5","5","1","0","632","1233","1","0","2","4","0.37","0.84","0","0",,,"0","225","2024-03-07 16:39:48"
"63614899ad49a91f1ef09067",,"2","62","14","2","5","5","0","1","583","900","0","1","1","4","0.16","0.84","0","0",,,"1","230","2024-03-07 16:39:51"
"63614899ad49a91f1ef09067",,"2","63","11","2","5","5","1","0","516","1016","1","0","2","4","0.37","0.84","0","0",,,"1","235","2024-03-07 16:39:53"
"63614899ad49a91f1ef09067",,"3","0","6","2","5","5","1","0","200","1133","1","1","2","3","0.37","0.63","0","0",,,"0","0","2024-03-07 16:40:11"
"63614899ad49a91f1ef09067",,"3","1","8","2","5","5","1","0","883","1116","1","0","1","2","0.12","0.45","0","0",,,"0","0","2024-03-07 16:40:14"
"63614899ad49a91f1ef09067",,"3","2","12","2","5","5","0","1","532","816","0","1","1","4","0.12","0.71","0","0",,,"1","5","2024-03-07 16:40:17"
"63614899ad49a91f1ef09067",,"3","3","1","2","5","5","0","1","699","1050","0","1","4","4","0.71","0.84","0","0",,,"1","10","2024-03-07 16:40:20"
"63614899ad49a91f1ef09067",,"3","4","13","2","5","5","1","0","649","851","1","0","1","4","0.29","0.88","0","0",,,"1","15","2024-03-07 16:40:22"
"63614899ad49a91f1ef09067",,"3","5","7","2","5","5","0","1","498","883","0","1","3","4","0.55","0.88","0","0",,,"1","20","2024-03-07 16:40:25"
"63614899ad49a91f1ef09067",,"3","6","5","2","5","5","0","1","850","1050","0","1","1","2","0.22","0.45","0","0",,,"1","25","2024-03-07 16:40:28"
"63614899ad49a91f1ef09067",,"3","7","8","2","5","5","0","1","949","1217","0","1","1","2","0.12","0.45","0","0",,,"0","25","2024-03-07 16:40:30"
"63614899ad49a91f1ef09067",,"3","8","12","2","5","5","0","1","549","765","0","1","1","4","0.12","0.71","0","0",,,"1","30","2024-03-07 16:40:33"
"63614899ad49a91f1ef09067",,"3","9","3","2","5","5","1","0","667","1001","1","0","3","4","0.63","0.78","0","0",,,"1","35","2024-03-07 16:40:36"
"63614899ad49a91f1ef09067",,"3","10","11","2","5","5","1","0","798","1133","1","0","2","4","0.37","0.84","0","0",,,"1","40","2024-03-07 16:40:39"
"63614899ad49a91f1ef09067",,"3","11","14","2","5","5","1","0","781","1082","1","0","1","4","0.16","0.84","0","0",,,"1","45","2024-03-07 16:40:42"
"63614899ad49a91f1ef09067",,"3","12","13","2","5","5","0","1","516","933","0","1","1","4","0.29","0.88","0","0",,,"0","45","2024-03-07 16:40:44"
"63614899ad49a91f1ef09067",,"3","13","15","2","5","5","0","1","500","750","0","1","1","4","0.12","0.88","0","0",,,"1","50","2024-03-07 16:40:47"
"63614899ad49a91f1ef09067",,"3","14","5","2","5","5","1","0","916","1783","1","0","1","2","0.22","0.45","0","0",,,"0","50","2024-03-07 16:40:50"
"63614899ad49a91f1ef09067",,"3","15","2","2","5","5","0","1","1031","1231","0","1","1","2","0.22","0.37","0","0",,,"0","50","2024-03-07 16:40:54"
"63614899ad49a91f1ef09067",,"3","16","2","2","5","5","0","1","1151","1317","0","1","1","2","0.22","0.37","0","0",,,"1","55","2024-03-07 16:40:57"
"63614899ad49a91f1ef09067",,"3","17","4","2","5","5","0","1","767","900","0","1","3","4","0.55","0.78","0","0",,,"1","60","2024-03-07 16:40:59"
"63614899ad49a91f1ef09067",,"3","18","10","2","5","5","1","0","698","865","1","0","1","3","0.16","0.63","0","0",,,"1","65","2024-03-07 16:41:02"
"63614899ad49a91f1ef09067",,"3","19","11","2","5","5","1","0","566","683","1","0","2","4","0.37","0.84","0","0",,,"1","70","2024-03-07 16:41:05"
"63614899ad49a91f1ef09067",,"3","20","8","2","5","5","1","0","899","1233","1","0","1","2","0.12","0.45","0","0",,,"0","70","2024-03-07 16:41:08"
"63614899ad49a91f1ef09067",,"3","21","4","2","5","5","0","1","499","667","0","1","3","4","0.55","0.78","0","0",,,"1","75","2024-03-07 16:41:10"
"63614899ad49a91f1ef09067",,"3","22","4","2","5","5","1","0","516","683","1","0","3","4","0.55","0.78","0","0",,,"1","80","2024-03-07 16:41:13"
"63614899ad49a91f1ef09067",,"3","23","8","2","5","5","0","1","1682","2000","0","1","1","2","0.12","0.45","0","0",,,"1","85","2024-03-07 16:41:16"
"63614899ad49a91f1ef09067",,"3","24","0","2","5","5","0","1","1184","1385","0","1","1","1","0.16","0.29","0","0",,,"0","85","2024-03-07 16:41:19"
"63614899ad49a91f1ef09067",,"3","25","4","2","5","5","1","0","516","700","1","0","3","4","0.55","0.78","0","0",,,"0","85","2024-03-07 16:41:22"
"63614899ad49a91f1ef09067",,"3","26","1","2","5","5","1","0","681","849","1","0","4","4","0.71","0.84","0","0",,,"1","90","2024-03-07 16:41:25"
"63614899ad49a91f1ef09067",,"3","27","15","2","5","5","1","0","448","632","1","0","1","4","0.12","0.88","0","0",,,"1","95","2024-03-07 16:41:27"
"63614899ad49a91f1ef09067",,"3","28","10","2","5","5","1","0","531","716","1","0","1","3","0.16","0.63","0","0",,,"0","95","2024-03-07 16:41:30"
"63614899ad49a91f1ef09067",,"3","29","14","2","5","5","1","0","450","617","1","0","1","4","0.16","0.84","0","0",,,"0","95","2024-03-07 16:41:32"
"63614899ad49a91f1ef09067",,"3","30","7","2","5","5","1","0","465","616","1","0","3","4","0.55","0.88","0","0",,,"1","100","2024-03-07 16:41:35"
"63614899ad49a91f1ef09067",,"3","31","6","2","5","5","0","1","1048","1233","0","1","2","3","0.37","0.63","0","0",,,"0","100","2024-03-07 16:41:38"
"63614899ad49a91f1ef09067",,"3","32","9","2","5","5","1","0","433","618","1","0","1","4","0.29","0.71","0","0",,,"0","100","2024-03-07 16:41:40"
"63614899ad49a91f1ef09067",,"3","33","10","2","5","5","1","0","550","1200","1","0","1","3","0.16","0.63","0","0",,,"0","100","2024-03-07 16:41:44"
"63614899ad49a91f1ef09067",,"3","34","0","2","5","5","1","0","1466","1617","1","0","1","1","0.16","0.29","0","0",,,"1","105","2024-03-07 16:41:47"
"63614899ad49a91f1ef09067",,"3","35","0","2","5","5","1","0","1449","1651","1","0","1","1","0.16","0.29","0","0",,,"1","110","2024-03-07 16:41:50"
"63614899ad49a91f1ef09067",,"3","36","1","2","5","5","1","0","932","1116","1","0","4","4","0.71","0.84","0","0",,,"1","115","2024-03-07 16:41:53"
"63614899ad49a91f1ef09067",,"3","37","5","2","5","5","1","0","1166","1385","1","0","1","2","0.22","0.45","0","0",,,"1","120","2024-03-07 16:41:56"
"63614899ad49a91f1ef09067",,"3","38","3","2","5","5","0","1","683","866","0","1","3","4","0.63","0.78","0","0",,,"1","125","2024-03-07 16:41:59"
"63614899ad49a91f1ef09067",,"3","39","7","2","5","5","0","1","715","1300","0","1","3","4","0.55","0.88","0","0",,,"1","130","2024-03-07 16:42:02"
"63614899ad49a91f1ef09067",,"3","40","9","2","5","5","1","0","982","1266","1","0","1","4","0.29","0.71","0","0",,,"1","135","2024-03-07 16:42:05"
"63614899ad49a91f1ef09067",,"3","41","1","1","5","5","1","1","1532","1700","1","0","4","4","0.71","0.84","0","0",,,"1","140","2024-03-07 16:42:08"
"63614899ad49a91f1ef09067",,"3","42","12","2","5","5","0","1","647","1331","0","1","1","4","0.12","0.71","0","0",,,"1","145","2024-03-07 16:42:11"
"63614899ad49a91f1ef09067",,"3","43","6","2","5","5","1","0","1033","1283","1","0","2","3","0.37","0.63","0","0",,,"1","150","2024-03-07 16:42:14"
"63614899ad49a91f1ef09067",,"3","44","2","2","5","5","0","1","1065","1400","0","1","1","2","0.22","0.37","0","0",,,"0","150","2024-03-07 16:42:17"
"63614899ad49a91f1ef09067",,"3","45","2","2","5","5","1","0","914","1132","1","0","1","2","0.22","0.37","0","0",,,"1","155","2024-03-07 16:42:20"
"63614899ad49a91f1ef09067",,"3","46","6","2","5","5","1","0","1015","1248","1","0","2","3","0.37","0.63","0","0",,,"1","160","2024-03-07 16:42:23"
"63614899ad49a91f1ef09067",,"3","47","14","2","5","5","1","0","950","1134","1","0","1","4","0.16","0.84","0","0",,,"1","165","2024-03-07 16:42:26"
"63614899ad49a91f1ef09067",,"3","48","13","2","5","5","1","0","585","749","1","0","1","4","0.29","0.88","0","0",,,"1","170","2024-03-07 16:42:28"
"63614899ad49a91f1ef09067",,"3","49","13","2","5","5","0","1","615","803","0","1","1","4","0.29","0.88","0","0",,,"1","175","2024-03-07 16:42:31"
"63614899ad49a91f1ef09067",,"3","50","15","2","5","5","0","1","483","633","0","1","1","4","0.12","0.88","0","0",,,"1","180","2024-03-07 16:42:33"
"63614899ad49a91f1ef09067",,"3","51","0","2","5","5","1","0","1382","1583","1","0","1","1","0.16","0.29","0","0",,,"1","185","2024-03-07 16:42:37"
"63614899ad49a91f1ef09067",,"3","52","3","2","5","5","1","0","999","1266","1","0","3","4","0.63","0.78","0","0",,,"1","190","2024-03-07 16:42:39"
"63614899ad49a91f1ef09067",,"3","53","14","2","5","5","0","1","581","1165","0","1","1","4","0.16","0.84","0","0",,,"1","195","2024-03-07 16:42:42"
"63614899ad49a91f1ef09067",,"3","54","5","2","5","5","1","0","1182","1565","1","0","1","2","0.22","0.45","0","0",,,"1","200","2024-03-07 16:42:46"
"63614899ad49a91f1ef09067",,"3","55","11","2","5","5","1","0","600","1184","1","0","2","4","0.37","0.84","0","0",,,"1","205","2024-03-07 16:42:48"
"63614899ad49a91f1ef09067",,"3","56","9","2","5","5","1","0","982","1262","1","0","1","4","0.29","0.71","0","0",,,"1","210","2024-03-07 16:42:51"
"63614899ad49a91f1ef09067",,"3","57","11","2","5","5","0","1","632","882","0","1","2","4","0.37","0.84","0","0",,,"1","215","2024-03-07 16:42:54"
"63614899ad49a91f1ef09067",,"3","58","3","2","5","5","1","0","916","1233","1","0","3","4","0.63","0.78","0","0",,,"1","220","2024-03-07 16:42:57"
"63614899ad49a91f1ef09067",,"3","59","10","2","5","5","0","1","1383","1651","0","1","1","3","0.16","0.63","0","0",,,"0","220","2024-03-07 16:43:00"
"63614899ad49a91f1ef09067",,"3","60","12","2","5","5","1","0","516","933","1","0","1","4","0.12","0.71","0","0",,,"1","225","2024-03-07 16:43:03"
"63614899ad49a91f1ef09067",,"3","61","15","2","5","5","1","0","1182","1384","1","0","1","4","0.12","0.88","0","0",,,"1","230","2024-03-07 16:43:06"
"63614899ad49a91f1ef09067",,"3","62","9","2","5","5","0","1","550","1283","0","1","1","4","0.29","0.71","0","0",,,"0","230","2024-03-07 16:43:09"
"63614899ad49a91f1ef09067",,"3","63","7","2","5","5","1","0","649","969","1","0","3","4","0.55","0.88","0","0",,,"1","235","2024-03-07 16:43:12"
"63614899ad49a91f1ef09067",,"4","0","2","2","5","5","1","0","600","1316","1","1","1","2","0.22","0.37","0","0",,,"1","5","2024-03-07 16:43:33"
"63614899ad49a91f1ef09067",,"4","1","8","2","5","5","0","1","699","1399","0","1","1","2","0.12","0.45","0","0",,,"1","10","2024-03-07 16:43:36"
"63614899ad49a91f1ef09067",,"4","2","13","2","5","5","1","0","699","1331","1","0","1","4","0.29","0.88","0","0",,,"1","15","2024-03-07 16:43:39"
"63614899ad49a91f1ef09067",,"4","3","10","2","5","5","0","1","983","1350","0","1","1","3","0.16","0.63","0","0",,,"0","15","2024-03-07 16:43:42"
"63614899ad49a91f1ef09067",,"4","4","9","2","5","5","1","0","883","1150","1","0","1","4","0.29","0.71","0","0",,,"1","20","2024-03-07 16:43:45"
"63614899ad49a91f1ef09067",,"4","5","9","2","5","5","1","0","982","1283","1","0","1","4","0.29","0.71","0","0",,,"1","25","2024-03-07 16:43:48"
"63614899ad49a91f1ef09067",,"4","6","7","2","5","5","1","0","782","966","1","0","3","4","0.55","0.88","0","0",,,"1","30","2024-03-07 16:43:51"
"63614899ad49a91f1ef09067",,"4","7","7","2","5","5","1","0","1199","1467","1","0","3","4","0.55","0.88","0","0",,,"1","35","2024-03-07 16:43:54"
"63614899ad49a91f1ef09067",,"4","8","12","2","5","5","1","0","883","1084","1","0","1","4","0.12","0.71","0","0",,,"1","40","2024-03-07 16:43:57"
"63614899ad49a91f1ef09067",,"4","9","5","2","5","5","0","1","1365","1665","0","1","1","2","0.22","0.45","0","0",,,"0","40","2024-03-07 16:44:00"
"63614899ad49a91f1ef09067",,"4","10","7","2","5","5","1","0","865","1282","1","0","3","4","0.55","0.88","0","0",,,"1","45","2024-03-07 16:44:03"
"63614899ad49a91f1ef09067",,"4","11","11","2","5","5","1","0","783","1099","1","0","2","4","0.37","0.84","0","0",,,"1","50","2024-03-07 16:44:06"
"63614899ad49a91f1ef09067",,"4","12","1","2","5","5","1","0","1449","1616","1","0","4","4","0.71","0.84","0","0",,,"1","55","2024-03-07 16:44:09"
"63614899ad49a91f1ef09067",,"4","13","1","2","5","5","1","0","1249","1449","1","0","4","4","0.71","0.84","0","0",,,"0","55","2024-03-07 16:44:12"
"63614899ad49a91f1ef09067",,"4","14","4","2","5","5","1","0","866","1183","1","0","3","4","0.55","0.78","0","0",,,"1","60","2024-03-07 16:44:15"
"63614899ad49a91f1ef09067",,"4","15","13","2","5","5","0","1","565","849","0","1","1","4","0.29","0.88","0","0",,,"1","65","2024-03-07 16:44:18"
"63614899ad49a91f1ef09067",,"4","16","8","2","5","5","1","0","1250","1450","1","0","1","2","0.12","0.45","0","0",,,"0","65","2024-03-07 16:44:21"
"63614899ad49a91f1ef09067",,"4","17","14","2","5","5","1","0","965","1149","1","0","1","4","0.16","0.84","0","0",,,"0","65","2024-03-07 16:44:24"
"63614899ad49a91f1ef09067",,"4","18","8","2","5","5","0","1","1049","1316","0","1","1","2","0.12","0.45","0","0",,,"0","65","2024-03-07 16:44:27"
"63614899ad49a91f1ef09067",,"4","19","6","2","5","5","1","0","1016","1416","1","0","2","3","0.37","0.63","0","0",,,"1","70","2024-03-07 16:44:31"
"63614899ad49a91f1ef09067",,"4","20","15","2","5","5","1","0","1082","1333","1","0","1","4","0.12","0.88","0","0",,,"1","75","2024-03-07 16:44:34"
"63614899ad49a91f1ef09067",,"4","21","5","2","5","5","1","0","1799","1949","1","0","1","2","0.22","0.45","0","0",,,"0","75","2024-03-07 16:44:37"
"63614899ad49a91f1ef09067",,"4","22","3","2","5","5","1","0","1048","1249","1","0","3","4","0.63","0.78","0","0",,,"1","80","2024-03-07 16:44:40"
"63614899ad49a91f1ef09067",,"4","23","13","2","5","5","1","0","866","1166","1","0","1","4","0.29","0.88","0","0",,,"1","85","2024-03-07 16:44:43"
"63614899ad49a91f1ef09067",,"4","24","10","2","5","5","1","0","932","1232","1","0","1","3","0.16","0.63","0","0",,,"1","90","2024-03-07 16:44:46"
"63614899ad49a91f1ef09067",,"4","25","15","2","5","5","1","0","684","984","1","0","1","4","0.12","0.88","0","0",,,"0","90","2024-03-07 16:44:49"
"63614899ad49a91f1ef09067",,"4","26","3","2","5","5","1","0","1083","1250","1","0","3","4","0.63","0.78","0","0",,,"1","95","2024-03-07 16:44:52"
"63614899ad49a91f1ef09067",,"4","27","4","2","5","5","1","0","849","1049","1","0","3","4","0.55","0.78","0","0",,,"1","100","2024-03-07 16:44:55"
"63614899ad49a91f1ef09067",,"4","28","12","2","5","5","1","0","599","1034","1","0","1","4","0.12","0.71","0","0",,,"1","105","2024-03-07 16:44:57"
"63614899ad49a91f1ef09067",,"4","29","6","2","5","5","0","1","666","865","0","1","2","3","0.37","0.63","0","0",,,"1","110","2024-03-07 16:45:00"
"63614899ad49a91f1ef09067",,"4","30","15","2","5","5","1","0","749","950","1","0","1","4","0.12","0.88","0","0",,,"1","115","2024-03-07 16:45:03"
"63614899ad49a91f1ef09067",,"4","31","2","2","5","5","1","0","983","1166","1","0","1","2","0.22","0.37","0","0",,,"1","120","2024-03-07 16:45:06"
"63614899ad49a91f1ef09067",,"4","32","0","2","5","5","1","0","2000","2116","1","0","1","1","0.16","0.29","0","0",,,"0","120","2024-03-07 16:45:10"
"63614899ad49a91f1ef09067",,"4","33","10","2","5","5","1","0","815","1517","1","0","1","3","0.16","0.63","0","0",,,"1","125","2024-03-07 16:45:13"
"63614899ad49a91f1ef09067",,"4","34","9","2","5","5","1","0","1282","1448","1","0","1","4","0.29","0.71","0","0",,,"1","130","2024-03-07 16:45:16"
"63614899ad49a91f1ef09067",,"4","35","4","2","5","5","1","0","1182","1416","1","0","3","4","0.55","0.78","0","0",,,"1","135","2024-03-07 16:45:19"
"63614899ad49a91f1ef09067",,"4","36","8","2","5","5","0","1","1133","1415","0","1","1","2","0.12","0.45","0","0",,,"0","135","2024-03-07 16:45:22"
"63614899ad49a91f1ef09067",,"4","37","2","2","5","5","0","1","776","978","0","1","1","2","0.22","0.37","0","0",,,"0","135","2024-03-07 16:45:25"
"63614899ad49a91f1ef09067",,"4","38","14","2","5","5","0","1","583","766","0","1","1","4","0.16","0.84","0","0",,,"1","140","2024-03-07 16:45:28"
"63614899ad49a91f1ef09067",,"4","39","13","2","5","5","1","0","549","716","1","0","1","4","0.29","0.88","0","0",,,"1","145","2024-03-07 16:45:30"
"63614899ad49a91f1ef09067",,"4","40","9","2","5","5","1","0","784","1002","1","0","1","4","0.29","0.71","0","0",,,"0","145","2024-03-07 16:45:33"
"63614899ad49a91f1ef09067",,"4","41","5","2","5","5","0","1","881","1148","0","1","1","2","0.22","0.45","0","0",,,"1","150","2024-03-07 16:45:36"
"63614899ad49a91f1ef09067",,"4","42","0","2","5","5","1","0","783","1265","1","0","1","1","0.16","0.29","0","0",,,"1","155","2024-03-07 16:45:39"
"63614899ad49a91f1ef09067",,"4","43","0","2","5","5","0","1","1232","1367","0","1","1","1","0.16","0.29","0","0",,,"1","160","2024-03-07 16:45:42"
"63614899ad49a91f1ef09067",,"4","44","1","2","5","5","0","1","632","783","0","1","4","4","0.71","0.84","0","0",,,"1","165","2024-03-07 16:45:45"
"63614899ad49a91f1ef09067",,"4","45","11","2","5","5","1","0","1131","1282","1","0","2","4","0.37","0.84","0","0",,,"1","170","2024-03-07 16:45:47"
"63614899ad49a91f1ef09067",,"4","46","3","2","5","5","0","1","733","884","0","1","3","4","0.63","0.78","0","0",,,"0","170","2024-03-07 16:45:50"
"63614899ad49a91f1ef09067",,"4","47","11","2","5","5","0","1","499","699","0","1","2","4","0.37","0.84","0","0",,,"0","170","2024-03-07 16:45:53"
"63614899ad49a91f1ef09067",,"4","48","15","2","5","5","1","0","468","634","1","0","1","4","0.12","0.88","0","0",,,"1","175","2024-03-07 16:45:55"
"63614899ad49a91f1ef09067",,"4","49","5","2","5","5","1","0","982","1467","1","0","1","2","0.22","0.45","0","0",,,"0","175","2024-03-07 16:45:59"
"63614899ad49a91f1ef09067",,"4","50","3","2","5","5","1","0","631","832","1","0","3","4","0.63","0.78","0","0",,,"1","180","2024-03-07 16:46:01"
"63614899ad49a91f1ef09067",,"4","51","6","2","5","5","0","1","582","766","0","1","2","3","0.37","0.63","0","0",,,"1","185","2024-03-07 16:46:04"
"63614899ad49a91f1ef09067",,"4","52","12","2","5","5","0","1","516","716","0","1","1","4","0.12","0.71","0","0",,,"1","190","2024-03-07 16:46:06"
"63614899ad49a91f1ef09067",,"4","53","11","2","5","5","1","0","920","999","1","0","2","4","0.37","0.84","0","0",,,"1","195","2024-03-07 16:46:09"
"63614899ad49a91f1ef09067",,"4","54","10","2","5","5","0","1","549","751","0","1","1","3","0.16","0.63","0","0",,,"1","200","2024-03-07 16:46:12"
"63614899ad49a91f1ef09067",,"4","55","4","2","5","5","0","1","933","1149","0","1","3","4","0.55","0.78","0","0",,,"1","205","2024-03-07 16:46:14"
"63614899ad49a91f1ef09067",,"4","56","14","2","5","5","0","1","782","1015","0","1","1","4","0.16","0.84","0","0",,,"1","210","2024-03-07 16:46:17"
"63614899ad49a91f1ef09067",,"4","57","2","2","5","5","0","1","582","1400","0","1","1","2","0.22","0.37","0","0",,,"0","210","2024-03-07 16:46:20"
"63614899ad49a91f1ef09067",,"4","58","0","1","5","5","1","1","1650","1866","1","0","1","1","0.16","0.29","0","0",,,"1","215","2024-03-07 16:46:24"
"63614899ad49a91f1ef09067",,"4","59","6","2","5","5","1","0","649","832","1","0","2","3","0.37","0.63","0","0",,,"1","220","2024-03-07 16:46:26"
"63614899ad49a91f1ef09067",,"4","60","12","2","5","5","0","1","701","851","0","1","1","4","0.12","0.71","0","0",,,"1","225","2024-03-07 16:46:29"
"63614899ad49a91f1ef09067",,"4","61","14","2","5","5","1","0","901","1052","1","0","1","4","0.16","0.84","0","0",,,"1","230","2024-03-07 16:46:32"
"63614899ad49a91f1ef09067",,"4","62","7","2","5","5","0","1","983","1183","0","1","3","4","0.55","0.88","0","0",,,"1","235","2024-03-07 16:46:35"
"63614899ad49a91f1ef09067",,"4","63","1","1","5","5","1","1","816","1817","1","1","4","4","0.71","0.84","0","0",,,"1","240","2024-03-07 16:46:38"
"63614899ad49a91f1ef09067",,"5","0","4","2","5","5","0","1","567","849","0","1","3","4","0.55","0.78","0","0",,,"1","5","2024-03-07 16:47:05"
"63614899ad49a91f1ef09067",,"5","1","15","2","5","5","0","1","498","698","0","1","1","4","0.12","0.88","0","0",,,"1","10","2024-03-07 16:47:07"
"63614899ad49a91f1ef09067",,"5","2","10","2","5","5","0","1","582","734","0","1","1","3","0.16","0.63","0","0",,,"0","10","2024-03-07 16:47:10"
"63614899ad49a91f1ef09067",,"5","3","3","2","5","5","0","1","1182","1382","0","1","3","4","0.63","0.78","0","0",,,"1","15","2024-03-07 16:47:13"
"63614899ad49a91f1ef09067",,"5","4","3","2","5","5","0","1","1033","1183","0","1","3","4","0.63","0.78","0","0",,,"1","20","2024-03-07 16:47:16"
"63614899ad49a91f1ef09067",,"5","5","15","2","5","5","1","0","766","882","1","0","1","4","0.12","0.88","0","0",,,"1","25","2024-03-07 16:47:18"
"63614899ad49a91f1ef09067",,"5","6","3","2","5","5","1","0","1033","1184","1","0","3","4","0.63","0.78","0","0",,,"1","30","2024-03-07 16:47:21"
"63614899ad49a91f1ef09067",,"5","7","15","2","5","5","1","0","899","1033","1","0","1","4","0.12","0.88","0","0",,,"1","35","2024-03-07 16:47:24"
"63614899ad49a91f1ef09067",,"5","8","13","2","5","5","0","1","548","715","0","1","1","4","0.29","0.88","0","0",,,"1","40","2024-03-07 16:47:26"
"63614899ad49a91f1ef09067",,"5","9","6","2","5","5","0","1","817","968","0","1","2","3","0.37","0.63","0","0",,,"1","45","2024-03-07 16:47:29"
"63614899ad49a91f1ef09067",,"5","10","12","2","5","5","0","1","582","766","0","1","1","4","0.12","0.71","0","0",,,"1","50","2024-03-07 16:47:31"
"63614899ad49a91f1ef09067",,"5","11","4","2","5","5","0","1","849","984","0","1","3","4","0.55","0.78","0","0",,,"1","55","2024-03-07 16:47:34"
"63614899ad49a91f1ef09067",,"5","12","13","2","5","5","0","1","650","818","0","1","1","4","0.29","0.88","0","0",,,"1","60","2024-03-07 16:47:37"
"63614899ad49a91f1ef09067",,"5","13","0","2","5","5","1","0","1032","1166","1","0","1","1","0.16","0.29","0","0",,,"0","60","2024-03-07 16:47:40"
"63614899ad49a91f1ef09067",,"5","14","10","2","5","5","0","1","634","1067","0","1","1","3","0.16","0.63","0","0",,,"0","60","2024-03-07 16:47:43"
"63614899ad49a91f1ef09067",,"5","15","6","2","5","5","0","1","598","782","0","1","2","3","0.37","0.63","0","0",,,"0","60","2024-03-07 16:47:45"
"63614899ad49a91f1ef09067",,"5","16","1","2","5","5","0","1","832","1349","0","1","4","4","0.71","0.84","0","0",,,"1","65","2024-03-07 16:47:49"
"63614899ad49a91f1ef09067",,"5","17","12","2","5","5","1","0","783","1150","1","0","1","4","0.12","0.71","0","0",,,"1","70","2024-03-07 16:47:51"
"63614899ad49a91f1ef09067",,"5","18","11","2","5","5","1","0","582","1116","1","0","2","4","0.37","0.84","0","0",,,"1","75","2024-03-07 16:47:54"
"63614899ad49a91f1ef09067",,"5","19","13","2","5","5","1","0","766","950","1","0","1","4","0.29","0.88","0","0",,,"1","80","2024-03-07 16:47:57"
"63614899ad49a91f1ef09067",,"5","20","4","2","5","5","1","0","982","1150","1","0","3","4","0.55","0.78","0","0",,,"1","85","2024-03-07 16:48:00"
"63614899ad49a91f1ef09067",,"5","21","2","2","5","5","1","0","1167","1433","1","0","1","2","0.22","0.37","0","0",,,"1","90","2024-03-07 16:48:03"
"63614899ad49a91f1ef09067",,"5","22","5","2","5","5","0","1","1015","1250","0","1","1","2","0.22","0.45","0","0",,,"0","90","2024-03-07 16:48:06"
"63614899ad49a91f1ef09067",,"5","23","9","2","5","5","0","1","833","1033","0","1","1","4","0.29","0.71","0","0",,,"0","90","2024-03-07 16:48:09"
"63614899ad49a91f1ef09067",,"5","24","7","2","5","5","1","0","633","750","1","0","3","4","0.55","0.88","0","0",,,"1","95","2024-03-07 16:48:11"
"63614899ad49a91f1ef09067",,"5","25","8","2","5","5","1","0","1217","1367","1","0","1","2","0.12","0.45","0","0",,,"0","95","2024-03-07 16:48:15"
"63614899ad49a91f1ef09067",,"5","26","8","2","5","5","1","0","1266","1383","1","0","1","2","0.12","0.45","0","0",,,"1","100","2024-03-07 16:48:18"
"63614899ad49a91f1ef09067",,"5","27","8","2","5","5","0","1","800","1001","0","1","1","2","0.12","0.45","0","0",,,"0","100","2024-03-07 16:48:21"
"63614899ad49a91f1ef09067",,"5","28","9","2","5","5","1","0","548","749","1","0","1","4","0.29","0.71","0","0",,,"0","100","2024-03-07 16:48:23"
"63614899ad49a91f1ef09067",,"5","29","1","2","5","5","0","1","866","1084","0","1","4","4","0.71","0.84","0","0",,,"1","105","2024-03-07 16:48:26"
"63614899ad49a91f1ef09067",,"5","30","14","2","5","5","0","1","683","816","0","1","1","4","0.16","0.84","0","0",,,"0","105","2024-03-07 16:48:29"
"63614899ad49a91f1ef09067",,"5","31","6","2","5","5","1","0","1066","1216","1","0","2","3","0.37","0.63","0","0",,,"0","105","2024-03-07 16:48:32"
"63614899ad49a91f1ef09067",,"5","32","12","2","5","5","1","0","700","883","1","0","1","4","0.12","0.71","0","0",,,"1","110","2024-03-07 16:48:35"
"63614899ad49a91f1ef09067",,"5","33","2","2","5","5","0","1","1133","1267","0","1","1","2","0.22","0.37","0","0",,,"1","115","2024-03-07 16:48:38"
"63614899ad49a91f1ef09067",,"5","34","15","2","5","5","1","0","1250","1383","1","0","1","4","0.12","0.88","0","0",,,"1","120","2024-03-07 16:48:41"
"63614899ad49a91f1ef09067",,"5","35","7","2","5","5","0","1","566","1151","0","1","3","4","0.55","0.88","0","0",,,"1","125","2024-03-07 16:48:44"
"63614899ad49a91f1ef09067",,"5","36","5","2","5","5","1","0","1399","1516","1","0","1","2","0.22","0.45","0","0",,,"1","130","2024-03-07 16:48:47"
"63614899ad49a91f1ef09067",,"5","37","13","2","5","5","0","1","866","1283","0","1","1","4","0.29","0.88","0","0",,,"1","135","2024-03-07 16:48:50"
"63614899ad49a91f1ef09067",,"5","38","2","2","5","5","1","0","1033","1250","1","0","1","2","0.22","0.37","0","0",,,"0","135","2024-03-07 16:48:53"
"63614899ad49a91f1ef09067",,"5","39","0","2","5","5","1","0","1066","1199","1","0","1","1","0.16","0.29","0","0",,,"0","135","2024-03-07 16:48:56"
"63614899ad49a91f1ef09067",,"5","40","0","2","5","5","1","0","2050","2149","1","0","1","1","0.16","0.29","0","0",,,"0","135","2024-03-07 16:49:00"
"63614899ad49a91f1ef09067",,"5","41","5","2","5","5","0","1","766","933","0","1","1","2","0.22","0.45","0","0",,,"0","135","2024-03-07 16:49:03"
"63614899ad49a91f1ef09067",,"5","42","11","2","5","5","0","1","550","700","0","1","2","4","0.37","0.84","0","0",,,"1","140","2024-03-07 16:49:06"
"63614899ad49a91f1ef09067",,"5","43","7","2","5","5","1","0","665","816","1","0","3","4","0.55","0.88","0","0",,,"1","145","2024-03-07 16:49:08"
"63614899ad49a91f1ef09067",,"5","44","11","2","5","5","0","1","1317","1466","0","1","2","4","0.37","0.84","0","0",,,"0","145","2024-03-07 16:49:11"
"63614899ad49a91f1ef09067",,"5","45","9","2","5","5","1","0","481","600","1","0","1","4","0.29","0.71","0","0",,,"1","150","2024-03-07 16:49:14"
"63614899ad49a91f1ef09067",,"5","46","5","2","5","5","1","0","1665","1849","1","0","1","2","0.22","0.45","0","0",,,"1","155","2024-03-07 16:49:17"
"63614899ad49a91f1ef09067",,"5","47","2","2","5","5","0","1","1048","1283","0","1","1","2","0.22","0.37","0","0",,,"0","155","2024-03-07 16:49:20"
"63614899ad49a91f1ef09067",,"5","48","14","2","5","5","0","1","582","734","0","1","1","4","0.16","0.84","0","0",,,"1","160","2024-03-07 16:49:23"
"63614899ad49a91f1ef09067",,"5","49","14","2","5","5","1","0","499","766","1","0","1","4","0.16","0.84","0","0",,,"1","165","2024-03-07 16:49:26"
"63614899ad49a91f1ef09067",,"5","50","1","2","5","5","0","1","617","850","0","1","4","4","0.71","0.84","0","0",,,"0","165","2024-03-07 16:49:28"
"63614899ad49a91f1ef09067",,"5","51","8","2","5","5","0","1","682","883","0","1","1","2","0.12","0.45","0","0",,,"0","165","2024-03-07 16:49:31"
"63614899ad49a91f1ef09067",,"5","52","3","2","5","5","1","0","916","1066","1","0","3","4","0.63","0.78","0","0",,,"1","170","2024-03-07 16:49:34"
"63614899ad49a91f1ef09067",,"5","53","10","2","5","5","1","0","649","850","1","0","1","3","0.16","0.63","0","0",,,"1","175","2024-03-07 16:49:37"
"63614899ad49a91f1ef09067",,"5","54","10","2","5","5","1","0","1149","1299","1","0","1","3","0.16","0.63","0","0",,,"1","180","2024-03-07 16:49:40"
"63614899ad49a91f1ef09067",,"5","55","0","2","5","5","1","0","1366","1984","1","1","1","1","0.16","0.29","0","0",,,"0","180","2024-03-07 16:49:43"
"63614899ad49a91f1ef09067",,"5","56","4","2","5","5","0","1","1015","1216","0","1","3","4","0.55","0.78","0","0",,,"1","185","2024-03-07 16:49:46"
"63614899ad49a91f1ef09067",,"5","57","1","2","5","5","1","0","1000","1166","1","0","4","4","0.71","0.84","0","0",,,"1","190","2024-03-07 16:49:49"
"63614899ad49a91f1ef09067",,"5","58","9","2","5","5","0","1","1033","1185","0","1","1","4","0.29","0.71","0","0",,,"1","195","2024-03-07 16:49:52"
"63614899ad49a91f1ef09067",,"5","59","12","2","5","5","1","0","1166","1333","1","0","1","4","0.12","0.71","0","0",,,"1","200","2024-03-07 16:49:55"
"63614899ad49a91f1ef09067",,"5","60","14","2","5","5","1","0","949","1032","1","0","1","4","0.16","0.84","0","0",,,"1","205","2024-03-07 16:49:58"
"63614899ad49a91f1ef09067",,"5","61","6","2","5","5","0","1","1049","1149","0","1","2","3","0.37","0.63","0","0",,,"1","210","2024-03-07 16:50:01"
"63614899ad49a91f1ef09067",,"5","62","7","2","5","5","0","1","883","1050","0","1","3","4","0.55","0.88","0","0",,,"1","215","2024-03-07 16:50:03"
"63614899ad49a91f1ef09067",,"5","63","11","2","5","5","0","1","683","817","0","1","2","4","0.37","0.84","0","0",,,"1","220","2024-03-07 16:50:06"
"test",,"0","0","6","1","5","5","1","1","741","898","1","0","3","2","0.63","0.37","0","0",,,"1","5","2024-03-08 14:40:49"
"test",,"0","1","12","1","5","5","1","1","439","542","1","0","4","1","0.88","0.29","0","0",,,"1","10","2024-03-08 14:40:51"
"test",,"0","2","15","2","5","5","1","0","580","650","1","0","4","1","0.88","0.12","0","0",,,"0","10","2024-03-08 14:40:54"
"test",,"0","3","9","2","5","5","0","1","360","518","0","1","4","1","0.71","0.29","0","0",,,"0","10","2024-03-08 14:40:57"
"test",,"0","4","6","1","5","5","0","0","479","577","0","1","3","2","0.63","0.37","0","0",,,"1","15","2024-03-08 14:40:59"
"test",,"0","5","14","1","5","5","1","1","399","517","1","0","4","1","0.84","0.16","0","0",,,"1","20","2024-03-08 14:41:01"
"test",,"0","6","4","1","5","5","0","0","420","565","0","1","2","1","0.45","0.22","0","0",,,"0","20","2024-03-08 14:41:04"
"test",,"0","7","5","1","5","5","0","0","399","516","0","1","4","3","0.78","0.55","0","0",,,"1","25","2024-03-08 14:41:06"
"test",,"0","8","6","1","5","5","0","0","919","1056","0","1","3","2","0.63","0.37","0","0",,,"0","25","2024-03-08 14:41:09"
"test",,"0","9","5","1","5","5","0","0","519","587","0","1","4","3","0.78","0.55","0","0",,,"0","25","2024-03-08 14:41:12"
"test",,"0","10","12","2","5","5","0","1","500","547","0","1","4","1","0.88","0.29","0","0",,,"1","30","2024-03-08 14:41:14"
"test",,"0","11","0","2","5","5","0","1","699","796","0","1","4","4","0.84","0.71","0","0",,,"1","35","2024-03-08 14:41:17"
"test",,"0","12","9","2","5","5","1","0","419","474","1","0","4","1","0.71","0.29","0","0",,,"1","40","2024-03-08 14:41:19"
"test",,"0","13","13","2","5","5","0","1","440","563","0","1","4","1","0.71","0.12","0","0",,,"0","40","2024-03-08 14:41:21"
"test",,"0","14","3","2","5","5","0","1","480","565","0","1","2","1","0.37","0.22","0","0",,,"0","40","2024-03-08 14:41:24"
"test",,"0","15","1","1","5","5","1","1","879","997","1","0","1","1","0.29","0.16","0","0",,,"0","40","2024-03-08 14:41:27"
"test",,"0","16","2","1","5","5","0","0","1099","1192","0","1","4","3","0.78","0.63","0","0",,,"1","45","2024-03-08 14:41:30"
"test",,"0","17","14","1","5","5","0","0","379","472","0","1","4","1","0.84","0.16","0","0",,,"0","45","2024-03-08 14:41:32"
"test",,"0","18","0","1","5","5","0","0","499","588","0","1","4","4","0.84","0.71","0","0",,,"1","50","2024-03-08 14:41:35"
"test",,"0","19","8","1","5","5","1","1","519","635","1","0","4","3","0.88","0.55","0","0",,,"1","55","2024-03-08 14:41:37"
"test",,"0","20","4","1","5","5","0","0","399","535","0","1","2","1","0.45","0.22","0","0",,,"1","60","2024-03-08 14:41:39"
"test",,"0","21","13","1","5","5","0","0","420","500","0","1","4","1","0.71","0.12","0","0",,,"1","65","2024-03-08 14:41:42"
"test",,"0","22","7","1","5","5","1","1","419","523","1","0","2","1","0.45","0.12","0","0",,,"0","65","2024-03-08 14:41:44"
"test",,"0","23","7","1","5","5","0","0","460","538","0","1","2","1","0.45","0.12","0","0",,,"0","65","2024-03-08 14:41:47"
"test",,"0","24","11","1","5","5","1","1","439","613","1","0","3","1","0.63","0.16","0","0",,,"1","70","2024-03-08 14:41:49"
"test",,"0","25","4","1","5","5","1","1","439","537","1","0","2","1","0.45","0.22","0","0",,,"0","70","2024-03-08 14:41:51"
"test",,"0","26","8","1","5","5","1","1","739","1093","1","1","4","3","0.88","0.55","0","0",,,"1","75","2024-03-08 14:41:54"
"test",,"0","27","0","1","5","5","0","0","599","732","0","1","4","4","0.84","0.71","0","0",,,"1","80","2024-03-08 14:41:57"
"test",,"0","28","7","1","5","5","1","1","540","625","1","0","2","1","0.45","0.12","0","0",,,"1","85","2024-03-08 14:41:59"
"test",,"0","29","12","1","5","5","1","1","459","525","1","0","4","1","0.88","0.29","0","0",,,"1","90","2024-03-08 14:42:02"
"test",,"0","30","15","2","5","5","0","1","359","424","0","1","4","1","0.88","0.12","0","0",,,"1","95","2024-03-08 14:42:04"
"test",,"0","31","5","2","5","5","0","1","460","541","0","1","4","3","0.78","0.55","0","0",,,"0","95","2024-03-08 14:42:06"
"test",,"0","32","7","2","5","5","1","0","939","1008","1","0","2","1","0.45","0.12","0","0",,,"1","100","2024-03-08 14:42:09"
"test",,"0","33","11","2","5","5","1","0","480","636","1","0","3","1","0.63","0.16","0","0",,,"1","105","2024-03-08 14:42:12"
"test",,"0","34","1","2","5","5","0","1","720","792","0","1","1","1","0.29","0.16","0","0",,,"0","105","2024-03-08 14:42:14"
"test",,"0","35","6","2","5","5","0","1","459","591","0","1","3","2","0.63","0.37","0","0",,,"0","105","2024-03-08 14:42:17"
"test",,"0","36","0","2","5","5","0","1","660","959","1","1","4","4","0.84","0.71","0","0",,,"1","110","2024-03-08 14:42:20"
"test",,"0","37","4","2","5","5","0","1","459","606","0","1","2","1","0.45","0.22","0","0",,,"0","110","2024-03-08 14:42:22"
"test",,"0","38","15","2","5","5","1","0","359","438","1","0","4","1","0.88","0.12","0","0",,,"0","110","2024-03-08 14:42:24"
"test",,"0","39","13","2","5","5","0","1","320","405","0","1","4","1","0.71","0.12","0","0",,,"0","110","2024-03-08 14:42:27"
"test",,"0","40","14","2","5","5","0","1","380","481","0","1","4","1","0.84","0.16","0","0",,,"0","110","2024-03-08 14:42:29"
"test",,"0","41","2","1","5","5","1","1","559","891","1","1","4","3","0.78","0.63","0","0",,,"1","115","2024-03-08 14:42:32"
"test",,"0","42","9","1","5","5","1","1","420","511","1","0","4","1","0.71","0.29","0","0",,,"0","115","2024-03-08 14:42:35"
"test",,"0","43","8","1","5","5","0","0","400","475","0","1","4","3","0.88","0.55","0","0",,,"1","120","2024-03-08 14:42:37"
"test",,"0","44","11","1","5","5","0","0","359","466","0","1","3","1","0.63","0.16","0","0",,,"0","120","2024-03-08 14:42:39"
"test",,"0","45","11","1","5","5","1","1","439","542","1","0","3","1","0.63","0.16","0","0",,,"1","125","2024-03-08 14:42:42"
"test",,"0","46","10","1","5","5","0","0","960","1126","0","1","4","2","0.84","0.37","0","0",,,"1","130","2024-03-08 14:42:45"
"test",,"0","0","12","2","5","5","0","1","939","1065","0","1","1","4","0.12","0.71","0","0",,,"0","0","2024-03-08 15:18:39"
"test",,"0","1","8","2","5","5","1","0","360","424","1","0","1","2","0.12","0.45","0","0",,,"0","0","2024-03-08 15:18:41"
"test",,"0","2","5","2","5","5","0","1","559","654","0","1","1","2","0.22","0.45","0","0",,,"0","0","2024-03-08 15:18:44"
"test",,"0","3","3","2","5","5","0","1","540","610","0","1","3","4","0.63","0.78","0","0",,,"1","5","2024-03-08 15:18:46"
"test",,"0","4","12","2","5","5","1","0","379","530","1","0","1","4","0.12","0.71","0","0",,,"1","10","2024-03-08 15:18:48"
"test",,"0","5","2","2","5","5","0","1","360","470","0","1","1","2","0.22","0.37","0","0",,,"1","15","2024-03-08 15:18:51"
"test",,"0","6","10","2","5","5","1","0","460","602","1","0","1","3","0.16","0.63","0","0",,,"0","15","2024-03-08 15:18:53"
"test",,"0","7","4","2","5","5","0","1","520","685","0","1","3","4","0.55","0.78","0","0",,,"1","20","2024-03-08 15:18:56"
"test",,"0","8","10","2","5","5","1","0","559","745","1","0","1","3","0.16","0.63","0","0",,,"1","25","2024-03-08 15:18:58"
"test",,"0","9","11","2","5","5","0","1","339","425","0","1","2","4","0.37","0.84","0","0",,,"0","25","2024-03-08 15:19:01"
"test",,"0","10","9","2","5","5","0","1","279","340","0","1","1","4","0.29","0.71","0","0",,,"1","30","2024-03-08 15:19:03"
"test",,"0","11","13","1","5","5","1","1","399","496","1","0","1","4","0.29","0.88","0","0",,,"1","35","2024-03-08 15:19:05"
"test",,"0","12","1","1","5","5","0","0","880","980","0","1","4","4","0.71","0.84","0","0",,,"0","35","2024-03-08 15:19:08"
"test",,"0","13","14","1","5","5","0","0","640","715","0","1","1","4","0.16","0.84","0","0",,,"0","35","2024-03-08 15:19:11"
"test",,"0","14","0","2","5","5","0","1","759","847","0","1","1","1","0.16","0.29","0","0",,,"0","35","2024-03-08 15:19:13"
"test",,"0","15","9","2","5","5","0","1","560","694","0","1","1","4","0.29","0.71","0","0",,,"0","35","2024-03-08 15:19:16"
"test",,"0","16","6","2","5","5","0","1","519","595","0","1","2","3","0.37","0.63","0","0",,,"0","35","2024-03-08 15:19:19"
"test",,"0","17","3","2","5","5","0","1","899","964","0","1","3","4","0.63","0.78","0","0",,,"1","40","2024-03-08 15:19:22"
"test",,"0","18","13","2","5","5","1","0","499","700","1","0","1","4","0.29","0.88","0","0",,,"1","45","2024-03-08 15:19:24"
"test",,"0","19","6","2","5","5","1","0","540","620","1","0","2","3","0.37","0.63","0","0",,,"0","45","2024-03-08 15:19:26"
"test",,"0","20","7","2","5","5","0","1","499","554","0","1","3","4","0.55","0.88","0","0",,,"1","50","2024-03-08 15:19:29"
"test",,"0","21","4","2","5","5","0","1","419","506","0","1","3","4","0.55","0.78","0","0",,,"1","55","2024-03-08 15:19:31"
"test",,"0","22","9","2","5","5","0","1","319","410","0","1","1","4","0.29","0.71","0","0",,,"0","55","2024-03-08 15:19:34"
"test",,"0","23","0","2","5","5","1","0","439","838","1","1","1","1","0.16","0.29","0","0",,,"1","60","2024-03-08 15:19:36"
"test",,"0","24","7","2","5","5","1","0","719","797","1","0","3","4","0.55","0.88","0","0",,,"1","65","2024-03-08 15:19:39"
"test",,"0","25","0","2","5","5","0","1","440","570","0","1","1","1","0.16","0.29","0","0",,,"1","70","2024-03-08 15:19:41"
"test",,"0","26","10","1","5","5","0","0","580","674","0","1","1","3","0.16","0.63","0","0",,,"0","70","2024-03-08 15:19:44"
"test",,"0","27","0","1","5","5","0","0","740","821","0","1","1","1","0.16","0.29","0","0",,,"0","70","2024-03-08 15:19:46"
"test",,"0","28","5","2","5","5","0","1","559","700","0","1","1","2","0.22","0.45","0","0",,,"0","70","2024-03-08 15:19:49"
"test",,"0","29","8","2","5","5","0","1","380","527","0","1","1","2","0.12","0.45","0","0",,,"0","70","2024-03-08 15:19:52"
"test",,"0","30","9","2","5","5","0","1","359","458","0","1","1","4","0.29","0.71","0","0",,,"1","75","2024-03-08 15:19:54"
"test",,"0","31","8","2","5","5","1","0","440","542","1","0","1","2","0.12","0.45","0","0",,,"0","75","2024-03-08 15:19:56"
"test",,"0","32","15","2","5","5","0","1","360","469","0","1","1","4","0.12","0.88","0","0",,,"1","80","2024-03-08 15:19:59"
"test",,"0","33","3","2","5","5","1","0","759","885","1","0","3","4","0.63","0.78","0","0",,,"0","80","2024-03-08 15:20:01"
"test",,"0","34","1","2","5","5","0","1","500","564","0","1","4","4","0.71","0.84","0","0",,,"1","85","2024-03-08 15:20:04"
"test",,"0","35","5","2","5","5","1","0","520","636","1","0","1","2","0.22","0.45","0","0",,,"1","90","2024-03-08 15:20:06"
"test",,"0","36","3","2","5","5","1","0","560","632","1","0","3","4","0.63","0.78","0","0",,,"1","95","2024-03-08 15:20:09"
"test",,"0","37","15","2","5","5","1","0","439","504","1","0","1","4","0.12","0.88","0","0",,,"0","95","2024-03-08 15:20:11"
"test",,"0","38","13","2","5","5","1","0","639","796","1","0","1","4","0.29","0.88","0","0",,,"1","100","2024-03-08 15:20:14"
"test",,"0","39","2","2","5","5","1","0","520","964","1","0","1","2","0.22","0.37","0","0",,,"0","100","2024-03-08 15:20:17"
"test",,"0","40","11","2","5","5","1","0","440","485","1","0","2","4","0.37","0.84","0","0",,,"1","105","2024-03-08 15:20:19"
"test",,"0","41","15","2","5","5","1","0","340","381","1","0","1","4","0.12","0.88","0","0",,,"1","110","2024-03-08 15:20:21"
"test",,"0","42","12","2","5","5","0","1","359","418","0","1","1","4","0.12","0.71","0","0",,,"1","115","2024-03-08 15:20:23"
"basile",,"0","0","1","1","5","5","1","1","816","950","1","0","4","4","0.71","0.84","0","0",,,"1","5","2024-03-08 16:12:40"
"basile",,"0","1","10","1","5","5","1","1","1266","1399","1","0","1","3","0.16","0.63","0","0",,,"0","5","2024-03-08 16:12:44"
"basile",,"0","2","12","2","5","5","1","0","566","633","1","0","1","4","0.12","0.71","0","0",,,"0","5","2024-03-08 16:12:46"
"basile",,"0","3","11","1","5","5","0","0","866","949","0","1","2","4","0.37","0.84","0","0",,,"0","5","2024-03-08 16:12:49"
"basile",,"0","4","0","2","5","5","0","1","766","850","0","1","1","1","0.16","0.29","0","0",,,"0","5","2024-03-08 16:12:52"
"basile",,"0","5","7","2","5","5","1","0","549","700","1","0","3","4","0.55","0.88","0","0",,,"1","10","2024-03-08 16:12:55"
"basile",,"0","6","5","2","5","5","1","0","599","700","1","0","1","2","0.22","0.45","0","0",,,"0","10","2024-03-08 16:12:57"
"basile",,"0","7","14","2","5","5","0","1","383","483","0","1","1","4","0.16","0.84","0","0",,,"1","15","2024-03-08 16:13:00"
"basile",,"0","8","5","2","5","5","0","1","399","549","0","1","1","2","0.22","0.45","0","0",,,"0","15","2024-03-08 16:13:02"
"basile",,"0","9","13","2","5","5","1","0","399","466","1","0","1","4","0.29","0.88","0","0",,,"1","20","2024-03-08 16:13:05"
"basile",,"0","10","4","2","5","5","0","1","433","533","0","1","3","4","0.55","0.78","0","0",,,"1","25","2024-03-08 16:13:07"
"basile",,"0","11","8","2","5","5","1","0","533","650","1","0","1","2","0.12","0.45","0","0",,,"0","25","2024-03-08 16:13:09"
"basile",,"0","12","14","2","5","5","1","0","449","533","1","0","1","4","0.16","0.84","0","0",,,"1","30","2024-03-08 16:13:12"
"basile",,"0","13","9","2","5","5","0","1","349","499","0","1","1","4","0.29","0.71","0","0",,,"1","35","2024-03-08 16:13:14"
"basile",,"0","14","13","2","5","5","1","0","883","1000","1","0","1","4","0.29","0.88","0","0",,,"0","35","2024-03-08 16:13:17"
"basile",,"0","15","3","2","5","5","1","0","783","916","1","0","3","4","0.63","0.78","0","0",,,"0","35","2024-03-08 16:13:20"
"basile",,"0","16","4","2","5","5","0","1","533","716","0","1","3","4","0.55","0.78","0","0",,,"1","40","2024-03-08 16:13:23"
"basile",,"0","17","6","2","5","5","1","0","433","500","1","0","2","3","0.37","0.63","0","0",,,"1","45","2024-03-08 16:13:25"
"basile",,"0","18","11","2","5","5","1","0","666","766","1","0","2","4","0.37","0.84","0","0",,,"0","45","2024-03-08 16:13:28"
"basile",,"0","19","11","2","5","5","0","1","350","417","0","1","2","4","0.37","0.84","0","0",,,"1","50","2024-03-08 16:13:30"
"basile",,"0","20","10","2","5","5","0","1","1000","1500","0","1","1","3","0.16","0.63","0","0",,,"1","55","2024-03-08 16:15:51"
"basile",,"0","21","2","2","5","5","1","0","383","483","1","0","1","2","0.22","0.37","0","0",,,"1","60","2024-03-08 16:15:54"
"basile",,"0","22","15","2","5","5","1","0","832","932","1","0","1","4","0.12","0.88","0","0",,,"1","65","2024-03-08 16:15:57"
"basile",,"0","23","9","2","5","5","0","1","815624","815707","0","1","1","4","0.29","0.71","0","0",,,"1","70","2024-03-08 16:29:34"
"basile",,"0","24","8","2","5","5","1","0","31866","31949","1","0","1","2","0.12","0.45","0","0",,,"0","70","2024-03-08 16:30:08"
"basile",,"0","25","13","2","5","5","0","1","1016","1133","0","1","1","4","0.29","0.88","0","0",,,"1","75","2024-03-08 16:30:11"
"basile",,"0","26","15","2","5","5","0","1","1183","1333","0","1","1","4","0.12","0.88","0","0",,,"0","75","2024-03-08 16:30:14"
"601b9077694f034f0092dd8f",,"0","0","0","2","5","5","1","0","933","1301","1","0","1","1","0.16","0.29","0","0",,,"0","0","2024-03-08 16:30:46"
"601b9077694f034f0092dd8f",,"0","1","6","1","5","5","0","0","432","897","0","1","2","3","0.37","0.63","0","0",,,"0","0","2024-03-08 16:30:49"
"601b9077694f034f0092dd8f",,"0","2","15","2","5","5","0","1","17","835","1","1","1","4","0.12","0.88","0","0",,,"1","5","2024-03-08 16:30:52"
"601b9077694f034f0092dd8f",,"0","3","3","2","5","5","0","1","651","950","0","1","3","4","0.63","0.78","0","0",,,"1","10","2024-03-08 16:30:54"
"601b9077694f034f0092dd8f",,"0","4","0","2","5","5","0","1","782","1083","0","1","1","1","0.16","0.29","0","0",,,"0","10","2024-03-08 16:30:57"
"601b9077694f034f0092dd8f",,"0","5","7","2","5","5","1","0","548","1015","1","0","3","4","0.55","0.88","0","0",,,"1","15","2024-03-08 16:31:00"
"601b9077694f034f0092dd8f",,"0","6","13","2","5","5","0","1","418","852","0","1","1","4","0.29","0.88","0","0",,,"1","20","2024-03-08 16:31:03"
"601b9077694f034f0092dd8f",,"0","7","6","2","5","5","0","1","501","719","0","1","2","3","0.37","0.63","0","0",,,"0","20","2024-03-08 16:31:05"
"601b9077694f034f0092dd8f",,"0","8","15","2","5","5","1","0","501","883","1","0","1","4","0.12","0.88","0","0",,,"1","25","2024-03-08 16:31:08"
"601b9077694f034f0092dd8f",,"0","9","5","2","5","5","0","1","382","801","0","1","1","2","0.22","0.45","0","0",,,"1","30","2024-03-08 16:31:11"
"601b9077694f034f0092dd8f",,"0","10","1","2","5","5","1","0","865","1216","1","0","4","4","0.71","0.84","0","0",,,"1","35","2024-03-08 16:31:14"
"601b9077694f034f0092dd8f",,"0","11","6","2","5","5","1","0","519","884","1","0","2","3","0.37","0.63","0","0",,,"1","40","2024-03-08 16:31:16"
"601b9077694f034f0092dd8f",,"0","12","10","2","5","5","0","1","499","830","0","1","1","3","0.16","0.63","0","0",,,"0","40","2024-03-08 16:31:19"
"601b9077694f034f0092dd8f",,"0","13","9","2","5","5","1","0","450","833","1","0","1","4","0.29","0.71","0","0",,,"0","40","2024-03-08 16:31:22"
"601b9077694f034f0092dd8f",,"0","14","2","1","5","5","1","1","452","800","1","0","1","2","0.22","0.37","0","0",,,"0","40","2024-03-08 16:31:24"
"601b9077694f034f0092dd8f",,"0","15","10","2","5","5","1","0","432","783","1","0","1","3","0.16","0.63","0","0",,,"0","40","2024-03-08 16:31:27"
"601b9077694f034f0092dd8f",,"0","16","14","1","5","5","0","0","548","763","0","1","1","4","0.16","0.84","0","0",,,"1","45","2024-03-08 16:31:30"
"601b9077694f034f0092dd8f",,"0","17","5","1","5","5","1","1","450","783","1","0","1","2","0.22","0.45","0","0",,,"1","50","2024-03-08 16:31:32"
"601b9077694f034f0092dd8f",,"0","18","1","1","5","5","0","0","534","869","0","1","4","4","0.71","0.84","0","0",,,"0","50","2024-03-08 16:31:35"
"601b9077694f034f0092dd8f",,"0","19","3","1","5","5","0","0","532","850","0","1","3","4","0.63","0.78","0","0",,,"0","50","2024-03-08 16:31:38"
"601b9077694f034f0092dd8f",,"0","20","0","2","5","5","1","0","1030","1333","1","0","1","1","0.16","0.29","0","0",,,"0","50","2024-03-08 16:31:41"
"601b9077694f034f0092dd8f",,"0","21","8","1","5","5","0","0","480","866","0","1","1","2","0.12","0.45","0","0",,,"0","50","2024-03-08 16:31:44"
"601b9077694f034f0092dd8f",,"0","22","9","2","5","5","0","1","396","666","0","1","1","4","0.29","0.71","0","0",,,"1","55","2024-03-08 16:31:47"
"601b9077694f034f0092dd8f",,"0","23","11","2","5","5","0","1","448","663","0","1","2","4","0.37","0.84","0","0",,,"1","60","2024-03-08 16:31:49"
"601b9077694f034f0092dd8f",,"0","24","3","2","5","5","0","1","414","682","0","1","3","4","0.63","0.78","0","0",,,"0","60","2024-03-08 16:31:51"
"601b9077694f034f0092dd8f",,"0","25","2","2","5","5","0","1","366","652","0","1","1","2","0.22","0.37","0","0",,,"1","65","2024-03-08 16:31:54"
"601b9077694f034f0092dd8f",,"0","26","12","2","5","5","0","1","416","602","0","1","1","4","0.12","0.71","0","0",,,"0","65","2024-03-08 16:31:57"
"601b9077694f034f0092dd8f",,"0","27","15","2","5","5","1","0","480","697","1","0","1","4","0.12","0.88","0","0",,,"1","70","2024-03-08 16:31:59"
"601b9077694f034f0092dd8f",,"0","28","5","2","5","5","1","0","432","749","1","0","1","2","0.22","0.45","0","0",,,"1","75","2024-03-08 16:32:02"
"601b9077694f034f0092dd8f",,"0","29","8","2","5","5","0","1","448","715","0","1","1","2","0.12","0.45","0","0",,,"1","80","2024-03-08 16:32:04"
"601b9077694f034f0092dd8f",,"0","30","9","2","5","5","0","1","482","652","0","1","1","4","0.29","0.71","0","0",,,"1","85","2024-03-08 16:32:07"
"601b9077694f034f0092dd8f",,"0","31","14","1","5","5","1","1","430","1197","1","1","1","4","0.16","0.84","0","0",,,"0","85","2024-03-08 16:32:10"
"601b9077694f034f0092dd8f",,"0","32","6","2","5","5","0","1","369","603","0","1","2","3","0.37","0.63","0","0",,,"0","85","2024-03-08 16:32:12"
"601b9077694f034f0092dd8f",,"0","33","8","2","5","5","0","1","346","513","0","1","1","2","0.12","0.45","0","0",,,"0","85","2024-03-08 16:32:15"
"601b9077694f034f0092dd8f",,"0","34","14","2","5","5","1","0","579","1393","2","1","1","4","0.16","0.84","0","0",,,"1","90","2024-03-08 16:32:18"
"601b9077694f034f0092dd8f",,"0","35","2","2","5","5","1","0","430","630","1","0","1","2","0.22","0.37","0","0",,,"0","90","2024-03-08 16:32:21"
"601b9077694f034f0092dd8f",,"0","36","4","2","5","5","1","0","699","967","1","0","3","4","0.55","0.78","0","0",,,"0","90","2024-03-08 16:32:24"
"601b9077694f034f0092dd8f",,"0","37","15","1","5","5","1","1","448","1116","1","1","1","4","0.12","0.88","0","0",,,"1","95","2024-03-08 16:32:26"
"601b9077694f034f0092dd8f",,"0","38","5","1","5","5","0","0","365","648","0","1","1","2","0.22","0.45","0","0",,,"1","100","2024-03-08 16:32:29"
"601b9077694f034f0092dd8f",,"0","39","13","1","5","5","1","1","400","681","1","0","1","4","0.29","0.88","0","0",,,"0","100","2024-03-08 16:32:31"
"601b9077694f034f0092dd8f",,"0","40","3","2","5","5","1","0","633","885","1","0","3","4","0.63","0.78","0","0",,,"1","105","2024-03-08 16:32:34"
"601b9077694f034f0092dd8f",,"0","41","12","2","5","5","0","1","513","782","0","1","1","4","0.12","0.71","0","0",,,"1","110","2024-03-08 16:32:37"
"601b9077694f034f0092dd8f",,"0","42","10","2","5","5","0","1","466","632","0","1","1","3","0.16","0.63","0","0",,,"0","110","2024-03-08 16:32:39"
"601b9077694f034f0092dd8f",,"0","43","1","1","5","5","1","1","647","831","1","0","4","4","0.71","0.84","0","0",,,"1","115","2024-03-08 16:32:42"
"601b9077694f034f0092dd8f",,"0","44","13","1","5","5","0","0","550","751","0","1","1","4","0.29","0.88","0","0",,,"0","115","2024-03-08 16:32:44"
"601b9077694f034f0092dd8f",,"0","45","13","2","5","5","0","1","346","499","0","1","1","4","0.29","0.88","0","0",,,"1","120","2024-03-08 16:32:47"
"601b9077694f034f0092dd8f",,"0","46","0","2","5","5","1","0","731","950","1","0","1","1","0.16","0.29","0","0",,,"0","120","2024-03-08 16:32:50"
"601b9077694f034f0092dd8f",,"0","47","9","2","5","5","0","1","450","616","0","1","1","4","0.29","0.71","0","0",,,"1","125","2024-03-08 16:32:52"
"601b9077694f034f0092dd8f",,"0","48","4","2","5","5","1","0","432","665","1","0","3","4","0.55","0.78","0","0",,,"0","125","2024-03-08 16:32:55"
"601b9077694f034f0092dd8f",,"0","49","11","1","5","5","0","0","434","1033","1","1","2","4","0.37","0.84","0","0",,,"0","125","2024-03-08 16:32:58"
"601b9077694f034f0092dd8f",,"0","50","12","2","5","5","0","1","382","616","0","1","1","4","0.12","0.71","0","0",,,"1","130","2024-03-08 16:33:00"
"601b9077694f034f0092dd8f",,"0","51","12","2","5","5","0","1","465","516","0","1","1","4","0.12","0.71","0","0",,,"1","135","2024-03-08 16:33:03"
"601b9077694f034f0092dd8f",,"0","52","8","2","5","5","1","0","481","749","1","0","1","2","0.12","0.45","0","0",,,"1","140","2024-03-08 16:33:05"
"601b9077694f034f0092dd8f",,"0","53","10","2","5","5","1","0","498","615","1","0","1","3","0.16","0.63","0","0",,,"0","140","2024-03-08 16:33:08"
"601b9077694f034f0092dd8f",,"0","54","11","2","5","5","1","0","463","616","1","0","2","4","0.37","0.84","0","0",,,"1","145","2024-03-08 16:33:11"
"601b9077694f034f0092dd8f",,"0","55","7","2","5","5","0","1","448","783","0","1","3","4","0.55","0.88","0","0",,,"1","150","2024-03-08 16:33:14"
"601b9077694f034f0092dd8f",,"0","56","11","2","5","5","0","1","1049","1333","0","1","2","4","0.37","0.84","0","0",,,"1","155","2024-03-08 16:33:17"
"601b9077694f034f0092dd8f",,"0","57","4","1","5","5","1","1","563","1198","1","1","3","4","0.55","0.78","0","0",,,"0","155","2024-03-08 16:33:20"
"601b9077694f034f0092dd8f",,"0","58","7","2","5","5","1","0","532","784","1","0","3","4","0.55","0.88","0","0",,,"1","160","2024-03-08 16:33:22"
"601b9077694f034f0092dd8f",,"0","59","4","2","5","5","1","0","499","667","1","0","3","4","0.55","0.78","0","0",,,"1","165","2024-03-08 16:33:25"
"601b9077694f034f0092dd8f",,"0","60","1","2","5","5","0","1","549","964","0","1","4","4","0.71","0.84","0","0",,,"1","170","2024-03-08 16:33:28"
"601b9077694f034f0092dd8f",,"0","61","7","2","5","5","0","1","499","668","0","1","3","4","0.55","0.88","0","0",,,"1","175","2024-03-08 16:33:30"
"601b9077694f034f0092dd8f",,"0","62","14","2","5","5","1","0","415","765","1","0","1","4","0.16","0.84","0","0",,,"1","180","2024-03-08 16:33:33"
"601b9077694f034f0092dd8f",,"0","63","2","2","5","5","1","0","616","800","1","0","1","2","0.22","0.37","0","0",,,"0","180","2024-03-08 16:33:35"
"601b9077694f034f0092dd8f",,"1","0","0","2","5","5","1","0","683","935","1","0","1","1","0.16","0.29","0","0",,,"1","5","2024-03-08 16:34:03"
"601b9077694f034f0092dd8f",,"1","1","11","2","5","5","0","1","363","663","0","1","2","4","0.37","0.84","0","0",,,"1","10","2024-03-08 16:34:05"
"5e1371f92b12bd9a96c2d902",,"0","0","14","2","5","5","1","0","1133","1452","1","0","1","4","0.16","0.84","0","0",,,"1","5","2024-03-08 16:34:07"
"601b9077694f034f0092dd8f",,"1","2","9","2","5","5","1","0","363","646","1","0","1","4","0.29","0.71","0","0",,,"1","15","2024-03-08 16:34:08"
"5e1371f92b12bd9a96c2d902",,"0","1","11","1","5","5","0","0","650","1033","0","1","2","4","0.37","0.84","0","0",,,"0","5","2024-03-08 16:34:10"
"601b9077694f034f0092dd8f",,"1","3","12","2","5","5","0","1","430","680","0","1","1","4","0.12","0.71","0","0",,,"0","15","2024-03-08 16:34:10"
"5e1371f92b12bd9a96c2d902",,"0","2","11","2","5","5","1","0","683","1068","1","0","2","4","0.37","0.84","0","0",,,"1","10","2024-03-08 16:34:13"
"601b9077694f034f0092dd8f",,"1","4","8","2","5","5","0","1","464","635","0","1","1","2","0.12","0.45","0","0",,,"0","15","2024-03-08 16:34:13"
"601b9077694f034f0092dd8f",,"1","5","5","2","5","5","1","0","449","769","1","0","1","2","0.22","0.45","0","0",,,"1","20","2024-03-08 16:34:16"
"5e1371f92b12bd9a96c2d902",,"0","3","4","1","5","5","0","0","883","1233","0","1","3","4","0.55","0.78","0","0",,,"1","15","2024-03-08 16:34:16"
"601b9077694f034f0092dd8f",,"1","6","1","2","5","5","1","0","368","1202","1","1","4","4","0.71","0.84","0","0",,,"1","25","2024-03-08 16:34:19"
"5e1371f92b12bd9a96c2d902",,"0","4","5","1","5","5","1","1","666","1067","1","0","1","2","0.22","0.45","0","0",,,"1","20","2024-03-08 16:34:19"
"601b9077694f034f0092dd8f",,"1","7","2","2","5","5","1","0","501","866","1","0","1","2","0.22","0.37","0","0",,,"0","25","2024-03-08 16:34:21"
"5e1371f92b12bd9a96c2d902",,"0","5","10","1","5","5","0","0","666","983","0","1","1","3","0.16","0.63","0","0",,,"0","20","2024-03-08 16:34:21"
"601b9077694f034f0092dd8f",,"1","8","4","2","5","5","1","0","447","613","1","0","3","4","0.55","0.78","0","0",,,"0","25","2024-03-08 16:34:24"
"5e1371f92b12bd9a96c2d902",,"0","6","3","1","5","5","1","1","617","1017","1","0","3","4","0.63","0.78","0","0",,,"0","20","2024-03-08 16:34:24"
"601b9077694f034f0092dd8f",,"1","9","14","2","5","5","1","0","498","699","1","0","1","4","0.16","0.84","0","0",,,"1","30","2024-03-08 16:34:27"
"5e1371f92b12bd9a96c2d902",,"0","7","4","1","5","5","0","0","699","1033","0","1","3","4","0.55","0.78","0","0",,,"0","20","2024-03-08 16:34:27"
"601b9077694f034f0092dd8f",,"1","10","3","2","5","5","1","0","564","916","1","0","3","4","0.63","0.78","0","0",,,"1","35","2024-03-08 16:34:29"
"601b9077694f034f0092dd8f",,"1","11","8","2","5","5","0","1","397","748","0","1","1","2","0.12","0.45","0","0",,,"1","40","2024-03-08 16:34:32"
"5e1371f92b12bd9a96c2d902",,"0","8","12","1","5","5","1","1","966","1317","1","0","1","4","0.12","0.71","0","0",,,"0","20","2024-03-08 16:34:33"
"601b9077694f034f0092dd8f",,"1","12","11","2","5","5","1","0","397","599","1","0","2","4","0.37","0.84","0","0",,,"1","45","2024-03-08 16:34:34"
"5e1371f92b12bd9a96c2d902",,"0","9","2","2","5","5","1","0","682","983","1","0","1","2","0.22","0.37","0","0",,,"0","20","2024-03-08 16:34:35"
"601b9077694f034f0092dd8f",,"1","13","6","1","5","5","1","1","531","665","1","0","2","3","0.37","0.63","0","0",,,"0","45","2024-03-08 16:34:37"
"5e1371f92b12bd9a96c2d902",,"0","10","7","2","5","5","0","1","599","1032","0","1","3","4","0.55","0.88","0","0",,,"1","25","2024-03-08 16:34:38"
"601b9077694f034f0092dd8f",,"1","14","4","2","5","5","0","1","382","550","0","1","3","4","0.55","0.78","0","0",,,"1","50","2024-03-08 16:34:39"
"5e1371f92b12bd9a96c2d902",,"0","11","3","2","5","5","0","1","717","1034","0","1","3","4","0.63","0.78","0","0",,,"0","25","2024-03-08 16:34:41"
"601b9077694f034f0092dd8f",,"1","15","0","2","5","5","0","1","597","814","0","1","1","1","0.16","0.29","0","0",,,"1","55","2024-03-08 16:34:42"
"5e1371f92b12bd9a96c2d902",,"0","12","4","1","5","5","1","1","716","1016","1","0","3","4","0.55","0.78","0","0",,,"0","25","2024-03-08 16:34:44"
"601b9077694f034f0092dd8f",,"1","16","8","2","5","5","1","0","480","665","1","0","1","2","0.12","0.45","0","0",,,"0","55","2024-03-08 16:34:44"
"5e1371f92b12bd9a96c2d902",,"0","13","3","2","5","5","0","1","616","933","0","1","3","4","0.63","0.78","0","0",,,"0","25","2024-03-08 16:34:47"
"601b9077694f034f0092dd8f",,"1","17","2","2","5","5","0","1","430","615","0","1","1","2","0.22","0.37","0","0",,,"0","55","2024-03-08 16:34:47"
"601b9077694f034f0092dd8f",,"1","18","9","2","5","5","0","1","413","548","0","1","1","4","0.29","0.71","0","0",,,"1","60","2024-03-08 16:34:49"
"5e1371f92b12bd9a96c2d902",,"0","14","6","1","5","5","0","0","563","846","0","1","2","3","0.37","0.63","0","0",,,"0","25","2024-03-08 16:34:50"
"601b9077694f034f0092dd8f",,"1","19","15","2","5","5","1","0","447","666","1","0","1","4","0.12","0.88","0","0",,,"1","65","2024-03-08 16:34:52"
"5e1371f92b12bd9a96c2d902",,"0","15","2","1","5","5","1","1","551","854","1","0","1","2","0.22","0.37","0","0",,,"1","30","2024-03-08 16:34:52"
"601b9077694f034f0092dd8f",,"1","20","11","2","5","5","0","1","413","649","0","1","2","4","0.37","0.84","0","0",,,"1","70","2024-03-08 16:34:54"
"5e1371f92b12bd9a96c2d902",,"0","16","9","1","5","5","1","1","533","901","1","0","1","4","0.29","0.71","0","0",,,"1","35","2024-03-08 16:34:55"
"601b9077694f034f0092dd8f",,"1","21","3","2","5","5","0","1","1032","1314","0","1","3","4","0.63","0.78","0","0",,,"1","75","2024-03-08 16:34:57"
"5e1371f92b12bd9a96c2d902",,"0","17","7","2","5","5","1","0","1066","1433","1","0","3","4","0.55","0.88","0","0",,,"1","40","2024-03-08 16:34:58"
"601b9077694f034f0092dd8f",,"1","22","7","1","5","5","0","0","515","698","0","1","3","4","0.55","0.88","0","0",,,"0","75","2024-03-08 16:35:00"
"5e1371f92b12bd9a96c2d902",,"0","18","5","1","5","5","0","0","583","834","0","1","1","2","0.22","0.45","0","0",,,"1","45","2024-03-08 16:35:01"
"601b9077694f034f0092dd8f",,"1","23","3","2","5","5","1","0","546","830","1","0","3","4","0.63","0.78","0","0",,,"0","75","2024-03-08 16:35:03"
"5e1371f92b12bd9a96c2d902",,"0","19","6","2","5","5","1","0","780","1064","1","0","2","3","0.37","0.63","0","0",,,"1","50","2024-03-08 16:35:03"
"601b9077694f034f0092dd8f",,"1","24","8","2","5","5","1","0","549","752","1","0","1","2","0.12","0.45","0","0",,,"1","80","2024-03-08 16:35:05"
"5e1371f92b12bd9a96c2d902",,"0","20","6","1","5","5","1","1","516","833","1","0","2","3","0.37","0.63","0","0",,,"0","50","2024-03-08 16:35:06"
"601b9077694f034f0092dd8f",,"1","25","3","2","5","5","1","0","898","1199","1","0","3","4","0.63","0.78","0","0",,,"1","85","2024-03-08 16:35:08"
"5e1371f92b12bd9a96c2d902",,"0","21","1","1","5","5","0","0","566","849","0","1","4","4","0.71","0.84","0","0",,,"1","55","2024-03-08 16:35:09"
"601b9077694f034f0092dd8f",,"1","26","5","2","5","5","1","0","713","967","1","0","1","2","0.22","0.45","0","0",,,"0","85","2024-03-08 16:35:11"
"5e1371f92b12bd9a96c2d902",,"0","22","10","2","5","5","1","0","599","833","1","0","1","3","0.16","0.63","0","0",,,"1","60","2024-03-08 16:35:11"
"601b9077694f034f0092dd8f",,"1","27","13","1","5","5","0","0","631","1283","1","1","1","4","0.29","0.88","0","0",,,"1","90","2024-03-08 16:35:14"
"5e1371f92b12bd9a96c2d902",,"0","23","1","2","5","5","0","1","616","949","0","1","4","4","0.71","0.84","0","0",,,"1","65","2024-03-08 16:35:14"
"5e1371f92b12bd9a96c2d902",,"0","24","0","2","5","5","1","0","533","934","1","0","1","1","0.16","0.29","0","0",,,"1","70","2024-03-08 16:35:17"
"601b9077694f034f0092dd8f",,"1","28","1","2","5","5","0","1","598","898","0","1","4","4","0.71","0.84","0","0",,,"1","95","2024-03-08 16:35:17"
"601b9077694f034f0092dd8f",,"1","29","7","2","5","5","1","0","446","753","1","0","3","4","0.55","0.88","0","0",,,"1","100","2024-03-08 16:35:19"
"5e1371f92b12bd9a96c2d902",,"0","25","0","2","5","5","0","1","616","1317","1","1","1","1","0.16","0.29","0","0",,,"1","75","2024-03-08 16:35:20"
"601b9077694f034f0092dd8f",,"1","30","12","2","5","5","1","0","501","783","1","0","1","4","0.12","0.71","0","0",,,"1","105","2024-03-08 16:35:22"
"5e1371f92b12bd9a96c2d902",,"0","26","6","2","5","5","1","0","549","967","1","0","2","3","0.37","0.63","0","0",,,"0","75","2024-03-08 16:35:22"
"601b9077694f034f0092dd8f",,"1","31","13","2","5","5","1","0","480","714","1","0","1","4","0.29","0.88","0","0",,,"1","110","2024-03-08 16:35:24"
"5e1371f92b12bd9a96c2d902",,"0","27","12","2","5","5","0","1","550","903","0","1","1","4","0.12","0.71","0","0",,,"1","80","2024-03-08 16:35:25"
"601b9077694f034f0092dd8f",,"1","32","10","2","5","5","0","1","645","1633","1","1","1","3","0.16","0.63","0","0",,,"1","115","2024-03-08 16:35:28"
"5e1371f92b12bd9a96c2d902",,"0","28","7","2","5","5","1","0","817","1234","1","0","3","4","0.55","0.88","0","0",,,"1","85","2024-03-08 16:35:28"
"601b9077694f034f0092dd8f",,"1","33","10","2","5","5","1","0","564","898","1","0","1","3","0.16","0.63","0","0",,,"0","115","2024-03-08 16:35:30"
"5e1371f92b12bd9a96c2d902",,"0","29","0","2","5","5","1","0","633","983","1","0","1","1","0.16","0.29","0","0",,,"0","85","2024-03-08 16:35:31"
"601b9077694f034f0092dd8f",,"1","34","0","1","5","5","0","0","882","1135","0","1","1","1","0.16","0.29","0","0",,,"0","115","2024-03-08 16:35:33"
"5e1371f92b12bd9a96c2d902",,"0","30","1","2","5","5","0","1","900","1249","0","1","4","4","0.71","0.84","0","0",,,"1","90","2024-03-08 16:35:34"
"601b9077694f034f0092dd8f",,"1","35","2","2","5","5","0","1","498","799","0","1","1","2","0.22","0.37","0","0",,,"1","120","2024-03-08 16:35:36"
"5e1371f92b12bd9a96c2d902",,"0","31","9","2","5","5","0","1","632","1000","0","1","1","4","0.29","0.71","0","0",,,"1","95","2024-03-08 16:35:37"
"601b9077694f034f0092dd8f",,"1","36","1","2","5","5","0","1","681","900","0","1","4","4","0.71","0.84","0","0",,,"1","125","2024-03-08 16:35:39"
"5e1371f92b12bd9a96c2d902",,"0","32","15","2","5","5","1","0","633","1001","1","0","1","4","0.12","0.88","0","0",,,"1","100","2024-03-08 16:35:40"
"601b9077694f034f0092dd8f",,"1","37","6","2","5","5","1","0","482","817","1","0","2","3","0.37","0.63","0","0",,,"1","130","2024-03-08 16:35:41"
"5e1371f92b12bd9a96c2d902",,"0","33","13","2","5","5","0","1","584","934","0","1","1","4","0.29","0.88","0","0",,,"1","105","2024-03-08 16:35:42"
"601b9077694f034f0092dd8f",,"1","38","0","2","5","5","1","0","447","1149","1","1","1","1","0.16","0.29","0","0",,,"0","130","2024-03-08 16:35:44"
"5e1371f92b12bd9a96c2d902",,"0","34","2","2","5","5","0","1","966","1233","0","1","1","2","0.22","0.37","0","0",,,"0","105","2024-03-08 16:35:45"
"601b9077694f034f0092dd8f",,"1","39","15","1","5","5","0","0","433","633","0","1","1","4","0.12","0.88","0","0",,,"1","135","2024-03-08 16:35:47"
"5e1371f92b12bd9a96c2d902",,"0","35","11","2","5","5","1","0","833","1233","1","0","2","4","0.37","0.84","0","0",,,"1","110","2024-03-08 16:35:48"
"601b9077694f034f0092dd8f",,"1","40","10","2","5","5","1","0","414","731","1","0","1","3","0.16","0.63","0","0",,,"1","140","2024-03-08 16:35:50"
"5e1371f92b12bd9a96c2d902",,"0","36","8","2","5","5","0","1","617","984","0","1","1","2","0.12","0.45","0","0",,,"1","115","2024-03-08 16:35:51"
"601b9077694f034f0092dd8f",,"1","41","7","2","5","5","1","0","730","917","1","0","3","4","0.55","0.88","0","0",,,"1","145","2024-03-08 16:35:52"
"5e1371f92b12bd9a96c2d902",,"0","37","15","2","5","5","0","1","600","950","0","1","1","4","0.12","0.88","0","0",,,"1","120","2024-03-08 16:35:54"
"601b9077694f034f0092dd8f",,"1","42","13","2","5","5","1","0","446","615","1","0","1","4","0.29","0.88","0","0",,,"1","150","2024-03-08 16:35:55"
"601b9077694f034f0092dd8f",,"1","43","5","2","5","5","1","0","582","781","1","0","1","2","0.22","0.45","0","0",,,"0","150","2024-03-08 16:35:57"
"5e1371f92b12bd9a96c2d902",,"0","38","10","2","5","5","0","1","2117","2383","0","1","1","3","0.16","0.63","0","0",,,"0","120","2024-03-08 16:35:58"
"601b9077694f034f0092dd8f",,"1","44","9","2","5","5","0","1","596","849","0","1","1","4","0.29","0.71","0","0",,,"1","155","2024-03-08 16:36:00"
"5e1371f92b12bd9a96c2d902",,"0","39","14","2","5","5","0","1","717","984","0","1","1","4","0.16","0.84","0","0",,,"1","125","2024-03-08 16:36:01"
"601b9077694f034f0092dd8f",,"1","45","9","2","5","5","1","0","429","665","1","0","1","4","0.29","0.71","0","0",,,"0","155","2024-03-08 16:36:03"
"5e1371f92b12bd9a96c2d902",,"0","40","11","1","5","5","0","0","849","1133","0","1","2","4","0.37","0.84","0","0",,,"1","130","2024-03-08 16:36:03"
"601b9077694f034f0092dd8f",,"1","46","4","2","5","5","0","1","447","597","0","1","3","4","0.55","0.78","0","0",,,"1","160","2024-03-08 16:36:05"
"5e1371f92b12bd9a96c2d902",,"0","41","0","2","5","5","0","1","567","917","0","1","1","1","0.16","0.29","0","0",,,"1","135","2024-03-08 16:36:06"
"601b9077694f034f0092dd8f",,"1","47","4","2","5","5","1","0","462","683","1","0","3","4","0.55","0.78","0","0",,,"0","160","2024-03-08 16:36:08"
"5e1371f92b12bd9a96c2d902",,"0","42","13","2","5","5","0","1","599","917","0","1","1","4","0.29","0.88","0","0",,,"0","135","2024-03-08 16:36:09"
"601b9077694f034f0092dd8f",,"1","48","7","2","5","5","1","0","481","716","1","0","3","4","0.55","0.88","0","0",,,"1","165","2024-03-08 16:36:10"
"5e1371f92b12bd9a96c2d902",,"0","43","5","2","5","5","1","0","667","1001","1","0","1","2","0.22","0.45","0","0",,,"0","135","2024-03-08 16:36:12"
"601b9077694f034f0092dd8f",,"1","49","1","1","5","5","0","0","581","999","0","1","4","4","0.71","0.84","0","0",,,"1","170","2024-03-08 16:36:13"
"601b9077694f034f0092dd8f",,"1","50","15","2","5","5","1","0","430","682","1","0","1","4","0.12","0.88","0","0",,,"1","175","2024-03-08 16:36:15"
"5e1371f92b12bd9a96c2d902",,"0","44","12","2","5","5","0","1","1550","1887","0","1","1","4","0.12","0.71","0","0",,,"1","140","2024-03-08 16:36:16"
"601b9077694f034f0092dd8f",,"1","51","12","1","5","5","0","0","547","865","0","1","1","4","0.12","0.71","0","0",,,"0","175","2024-03-08 16:36:18"
"5e1371f92b12bd9a96c2d902",,"0","45","14","2","5","5","1","0","1579","1895","1","0","1","4","0.16","0.84","0","0",,,"1","145","2024-03-08 16:36:19"
"601b9077694f034f0092dd8f",,"1","52","10","2","5","5","1","0","463","699","1","0","1","3","0.16","0.63","0","0",,,"1","180","2024-03-08 16:36:21"
"5e1371f92b12bd9a96c2d902",,"0","46","14","2","5","5","1","0","666","966","1","0","1","4","0.16","0.84","0","0",,,"1","150","2024-03-08 16:36:22"
"601b9077694f034f0092dd8f",,"1","53","11","2","5","5","0","1","446","814","0","1","2","4","0.37","0.84","0","0",,,"1","185","2024-03-08 16:36:23"
"5e1371f92b12bd9a96c2d902",,"0","47","9","2","5","5","1","0","735","1085","1","0","1","4","0.29","0.71","0","0",,,"1","155","2024-03-08 16:36:25"
"601b9077694f034f0092dd8f",,"1","54","12","2","5","5","0","1","647","1702","1","2","1","4","0.12","0.71","0","0",,,"1","190","2024-03-08 16:36:27"
"5e1371f92b12bd9a96c2d902",,"0","48","8","2","5","5","0","1","634","1100","0","1","1","2","0.12","0.45","0","0",,,"0","155","2024-03-08 16:36:27"
"601b9077694f034f0092dd8f",,"1","55","15","2","5","5","0","1","496","716","0","1","1","4","0.12","0.88","0","0",,,"1","195","2024-03-08 16:36:29"
"5e1371f92b12bd9a96c2d902",,"0","49","7","2","5","5","0","1","565","966","0","1","3","4","0.55","0.88","0","0",,,"1","160","2024-03-08 16:36:30"
"601b9077694f034f0092dd8f",,"1","56","6","2","5","5","0","1","664","966","0","1","2","3","0.37","0.63","0","0",,,"0","195","2024-03-08 16:36:32"
"5e1371f92b12bd9a96c2d902",,"0","50","8","2","5","5","1","0","550","950","1","0","1","2","0.12","0.45","0","0",,,"1","165","2024-03-08 16:36:33"
"601b9077694f034f0092dd8f",,"1","57","2","2","5","5","1","0","600","881","1","0","1","2","0.22","0.37","0","0",,,"1","200","2024-03-08 16:36:35"
"5e1371f92b12bd9a96c2d902",,"0","51","4","2","5","5","1","0","617","1517","1","1","3","4","0.55","0.78","0","0",,,"0","165","2024-03-08 16:36:36"
"601b9077694f034f0092dd8f",,"1","58","14","2","5","5","0","1","398","783","0","1","1","4","0.16","0.84","0","0",,,"1","205","2024-03-08 16:36:37"
"5e1371f92b12bd9a96c2d902",,"0","52","2","2","5","5","0","1","583","1000","0","1","1","2","0.22","0.37","0","0",,,"0","165","2024-03-08 16:36:39"
"601b9077694f034f0092dd8f",,"1","59","13","2","5","5","1","0","348","634","1","0","1","4","0.29","0.88","0","0",,,"1","210","2024-03-08 16:36:40"
"5e1371f92b12bd9a96c2d902",,"0","53","10","2","5","5","1","0","567","916","1","0","1","3","0.16","0.63","0","0",,,"1","170","2024-03-08 16:36:42"
"601b9077694f034f0092dd8f",,"1","60","6","2","5","5","1","0","530","814","1","0","2","3","0.37","0.63","0","0",,,"0","210","2024-03-08 16:36:42"
"5e1371f92b12bd9a96c2d902",,"0","54","12","2","5","5","0","1","466","783","0","1","1","4","0.12","0.71","0","0",,,"0","170","2024-03-08 16:36:45"
"601b9077694f034f0092dd8f",,"1","61","14","2","5","5","0","1","445","681","0","1","1","4","0.16","0.84","0","0",,,"1","215","2024-03-08 16:36:45"
"5e1371f92b12bd9a96c2d902",,"0","55","3","1","5","5","1","1","766","1183","1","0","3","4","0.63","0.78","0","0",,,"0","170","2024-03-08 16:36:48"
"601b9077694f034f0092dd8f",,"1","62","5","2","5","5","0","1","414","1083","1","1","1","2","0.22","0.45","0","0",,,"0","215","2024-03-08 16:36:48"
"601b9077694f034f0092dd8f",,"1","63","14","2","5","5","1","0","465","683","1","0","1","4","0.16","0.84","0","0",,,"1","220","2024-03-08 16:36:50"
"5e1371f92b12bd9a96c2d902",,"0","56","15","2","5","5","1","0","600","934","1","0","1","4","0.12","0.88","0","0",,,"1","175","2024-03-08 16:36:51"
"5e1371f92b12bd9a96c2d902",,"0","57","9","2","5","5","0","1","600","933","0","1","1","4","0.29","0.71","0","0",,,"1","180","2024-03-08 16:36:53"
"5e1371f92b12bd9a96c2d902",,"0","58","8","2","5","5","0","1","483","817","0","1","1","2","0.12","0.45","0","0",,,"0","180","2024-03-08 16:36:56"
"5e1371f92b12bd9a96c2d902",,"0","59","1","2","5","5","0","1","33","701","0","2","4","4","0.71","0.84","0","0",,,"1","185","2024-03-08 16:36:59"
"5e1371f92b12bd9a96c2d902",,"0","60","13","2","5","5","0","1","467","801","0","1","1","4","0.29","0.88","0","0",,,"1","190","2024-03-08 16:37:01"
"5e1371f92b12bd9a96c2d902",,"0","61","5","2","5","5","1","0","566","1000","1","0","1","2","0.22","0.45","0","0",,,"0","190","2024-03-08 16:37:04"
"5e1371f92b12bd9a96c2d902",,"0","62","15","2","5","5","0","1","683","1049","0","1","1","4","0.12","0.88","0","0",,,"1","195","2024-03-08 16:37:07"
"5e1371f92b12bd9a96c2d902",,"0","63","13","2","5","5","1","0","617","934","1","0","1","4","0.29","0.88","0","0",,,"1","200","2024-03-08 16:37:09"
"601b9077694f034f0092dd8f",,"2","0","5","2","5","5","1","0","632","850","1","0","1","2","0.22","0.45","0","0",,,"1","5","2024-03-08 16:37:14"
"601b9077694f034f0092dd8f",,"2","1","15","2","5","5","0","1","399","683","0","1","1","4","0.12","0.88","0","0",,,"1","10","2024-03-08 16:37:16"
"601b9077694f034f0092dd8f",,"2","2","4","2","5","5","1","0","363","630","1","0","3","4","0.55","0.78","0","0",,,"0","10","2024-03-08 16:37:18"
"601b9077694f034f0092dd8f",,"2","3","7","2","5","5","1","0","468","686","1","0","3","4","0.55","0.88","0","0",,,"1","15","2024-03-08 16:37:21"
"601b9077694f034f0092dd8f",,"2","4","13","2","5","5","1","0","446","631","1","0","1","4","0.29","0.88","0","0",,,"1","20","2024-03-08 16:37:24"
"601b9077694f034f0092dd8f",,"2","5","12","2","5","5","0","1","382","685","0","1","1","4","0.12","0.71","0","0",,,"1","25","2024-03-08 16:37:26"
"601b9077694f034f0092dd8f",,"2","6","4","2","5","5","1","0","449","731","1","0","3","4","0.55","0.78","0","0",,,"1","30","2024-03-08 16:37:29"
"601b9077694f034f0092dd8f",,"2","7","3","2","5","5","1","0","629","814","1","0","3","4","0.63","0.78","0","0",,,"0","30","2024-03-08 16:37:31"
"601b9077694f034f0092dd8f",,"2","8","15","2","5","5","1","0","448","614","1","0","1","4","0.12","0.88","0","0",,,"0","30","2024-03-08 16:37:34"
"601b9077694f034f0092dd8f",,"2","9","14","2","5","5","0","1","313","616","0","1","1","4","0.16","0.84","0","0",,,"0","30","2024-03-08 16:37:36"
"601b9077694f034f0092dd8f",,"2","10","9","1","5","5","1","1","397","615","1","0","1","4","0.29","0.71","0","0",,,"0","30","2024-03-08 16:37:39"
"601b9077694f034f0092dd8f",,"2","11","5","2","5","5","1","0","429","665","1","0","1","2","0.22","0.45","0","0",,,"0","30","2024-03-08 16:37:42"
"601b9077694f034f0092dd8f",,"2","12","8","1","5","5","0","0","530","763","0","1","1","2","0.12","0.45","0","0",,,"0","30","2024-03-08 16:37:44"
"601b9077694f034f0092dd8f",,"2","13","10","1","5","5","0","0","533","747","0","1","1","3","0.16","0.63","0","0",,,"0","30","2024-03-08 16:37:47"
"601b9077694f034f0092dd8f",,"2","14","7","2","5","5","1","0","399","564","1","0","3","4","0.55","0.88","0","0",,,"1","35","2024-03-08 16:37:50"
"601b9077694f034f0092dd8f",,"2","15","12","2","5","5","0","1","418","667","0","1","1","4","0.12","0.71","0","0",,,"0","35","2024-03-08 16:37:52"
"601b9077694f034f0092dd8f",,"2","16","10","2","5","5","0","1","400","599","0","1","1","3","0.16","0.63","0","0",,,"1","40","2024-03-08 16:37:55"
"601b9077694f034f0092dd8f",,"2","17","2","1","5","5","1","1","347","533","1","0","1","2","0.22","0.37","0","0",,,"0","40","2024-03-08 16:37:57"
"5e1371f92b12bd9a96c2d902",,"1","0","12","2","5","5","0","1","849","1166","0","1","1","4","0.12","0.71","0","0",,,"1","5","2024-03-08 16:38:00"
"601b9077694f034f0092dd8f",,"2","18","1","2","5","5","0","1","547","797","0","1","4","4","0.71","0.84","0","0",,,"0","40","2024-03-08 16:38:00"
"5e1371f92b12bd9a96c2d902",,"1","1","8","2","5","5","0","1","599","867","0","1","1","2","0.12","0.45","0","0",,,"0","5","2024-03-08 16:38:02"
"601b9077694f034f0092dd8f",,"2","19","0","2","5","5","0","1","762","913","0","1","1","1","0.16","0.29","0","0",,,"0","40","2024-03-08 16:38:03"
"5e1371f92b12bd9a96c2d902",,"1","2","14","1","5","5","0","0","600","834","0","1","1","4","0.16","0.84","0","0",,,"0","5","2024-03-08 16:38:05"
"601b9077694f034f0092dd8f",,"2","20","13","2","5","5","1","0","399","618","1","0","1","4","0.29","0.88","0","0",,,"1","45","2024-03-08 16:38:06"
"5e1371f92b12bd9a96c2d902",,"1","3","5","1","5","5","1","1","399","717","1","0","1","2","0.22","0.45","0","0",,,"0","5","2024-03-08 16:38:08"
"601b9077694f034f0092dd8f",,"2","21","2","2","5","5","1","0","831","997","1","0","1","2","0.22","0.37","0","0",,,"0","45","2024-03-08 16:38:08"
"5e1371f92b12bd9a96c2d902",,"1","4","2","2","5","5","0","1","450","700","0","1","1","2","0.22","0.37","0","0",,,"0","5","2024-03-08 16:38:11"
"601b9077694f034f0092dd8f",,"2","22","11","1","5","5","1","1","568","749","1","0","2","4","0.37","0.84","0","0",,,"0","45","2024-03-08 16:38:11"
"5e1371f92b12bd9a96c2d902",,"1","5","9","1","5","5","0","0","466","750","0","1","1","4","0.29","0.71","0","0",,,"0","5","2024-03-08 16:38:14"
"601b9077694f034f0092dd8f",,"2","23","0","2","5","5","1","0","632","796","1","0","1","1","0.16","0.29","0","0",,,"0","45","2024-03-08 16:38:14"
"5e1371f92b12bd9a96c2d902",,"1","6","10","2","5","5","0","1","584","906","0","1","1","3","0.16","0.63","0","0",,,"1","10","2024-03-08 16:38:16"
"601b9077694f034f0092dd8f",,"2","24","14","1","5","5","0","0","584","819","0","1","1","4","0.16","0.84","0","0",,,"0","45","2024-03-08 16:38:17"
"601b9077694f034f0092dd8f",,"2","25","12","2","5","5","1","0","467","583","1","0","1","4","0.12","0.71","0","0",,,"1","50","2024-03-08 16:38:19"
"5e1371f92b12bd9a96c2d902",,"1","7","4","2","5","5","1","0","1633","1834","1","0","3","4","0.55","0.78","0","0",,,"1","15","2024-03-08 16:38:20"
"601b9077694f034f0092dd8f",,"2","26","3","2","5","5","1","0","581","699","1","0","3","4","0.63","0.78","0","0",,,"1","55","2024-03-08 16:38:22"
"5e1371f92b12bd9a96c2d902",,"1","8","13","2","5","5","0","1","650","867","0","1","1","4","0.29","0.88","0","0",,,"1","20","2024-03-08 16:38:22"
"601b9077694f034f0092dd8f",,"2","27","15","2","5","5","1","0","499","867","1","0","1","4","0.12","0.88","0","0",,,"0","55","2024-03-08 16:38:24"
"5e1371f92b12bd9a96c2d902",,"1","9","1","2","5","5","0","1","749","1000","0","1","4","4","0.71","0.84","0","0",,,"0","20","2024-03-08 16:38:25"
"601b9077694f034f0092dd8f",,"2","28","11","2","5","5","1","0","381","516","1","0","2","4","0.37","0.84","0","0",,,"1","60","2024-03-08 16:38:27"
"5e1371f92b12bd9a96c2d902",,"1","10","6","1","5","5","0","0","350","633","0","1","2","3","0.37","0.63","0","0",,,"0","20","2024-03-08 16:38:28"
"601b9077694f034f0092dd8f",,"2","29","3","2","5","5","0","1","499","685","0","1","3","4","0.63","0.78","0","0",,,"1","65","2024-03-08 16:38:29"
"5e1371f92b12bd9a96c2d902",,"1","11","4","1","5","5","1","1","450","716","1","0","3","4","0.55","0.78","0","0",,,"1","25","2024-03-08 16:38:30"
"601b9077694f034f0092dd8f",,"2","30","9","1","5","5","1","1","498","682","1","0","1","4","0.29","0.71","0","0",,,"1","70","2024-03-08 16:38:32"
"5e1371f92b12bd9a96c2d902",,"1","12","2","1","5","5","1","1","500","801","1","0","1","2","0.22","0.37","0","0",,,"0","25","2024-03-08 16:38:33"
"601b9077694f034f0092dd8f",,"2","31","3","2","5","5","1","0","532","669","1","0","3","4","0.63","0.78","0","0",,,"1","75","2024-03-08 16:38:34"
"5e1371f92b12bd9a96c2d902",,"1","13","0","1","5","5","1","1","634","968","1","0","1","1","0.16","0.29","0","0",,,"0","25","2024-03-08 16:38:36"
"601b9077694f034f0092dd8f",,"2","32","4","2","5","5","0","1","381","766","0","1","3","4","0.55","0.78","0","0",,,"1","80","2024-03-08 16:38:37"
"5e1371f92b12bd9a96c2d902",,"1","14","8","2","5","5","0","1","484","734","0","1","1","2","0.12","0.45","0","0",,,"0","25","2024-03-08 16:38:39"
"601b9077694f034f0092dd8f",,"2","33","6","1","5","5","0","0","547","714","0","1","2","3","0.37","0.63","0","0",,,"0","80","2024-03-08 16:38:39"
"5e1371f92b12bd9a96c2d902",,"1","15","3","2","5","5","1","0","651","985","1","0","3","4","0.63","0.78","0","0",,,"0","25","2024-03-08 16:38:42"
"601b9077694f034f0092dd8f",,"2","34","7","2","5","5","0","1","400","534","0","1","3","4","0.55","0.88","0","0",,,"1","85","2024-03-08 16:38:42"
"601b9077694f034f0092dd8f",,"2","35","10","1","5","5","0","0","565","717","0","1","1","3","0.16","0.63","0","0",,,"0","85","2024-03-08 16:38:44"
"5e1371f92b12bd9a96c2d902",,"1","16","13","2","5","5","0","1","750","1067","0","1","1","4","0.29","0.88","0","0",,,"1","30","2024-03-08 16:38:45"
"601b9077694f034f0092dd8f",,"2","36","13","2","5","5","0","1","451","601","0","1","1","4","0.29","0.88","0","0",,,"1","90","2024-03-08 16:38:47"
"5e1371f92b12bd9a96c2d902",,"1","17","5","2","5","5","0","1","416","749","0","1","1","2","0.22","0.45","0","0",,,"1","35","2024-03-08 16:38:47"
"601b9077694f034f0092dd8f",,"2","37","14","2","5","5","1","0","381","646","1","0","1","4","0.16","0.84","0","0",,,"1","95","2024-03-08 16:38:50"
"5e1371f92b12bd9a96c2d902",,"1","18","11","2","5","5","0","1","465","815","0","1","2","4","0.37","0.84","0","0",,,"1","40","2024-03-08 16:38:50"
"601b9077694f034f0092dd8f",,"2","38","7","2","5","5","1","0","613","765","1","0","3","4","0.55","0.88","0","0",,,"1","100","2024-03-08 16:38:52"
"5e1371f92b12bd9a96c2d902",,"1","19","2","2","5","5","1","0","400","1200","1","1","1","2","0.22","0.37","0","0",,,"0","40","2024-03-08 16:38:53"
"601b9077694f034f0092dd8f",,"2","39","11","2","5","5","1","0","518","684","1","0","2","4","0.37","0.84","0","0",,,"0","100","2024-03-08 16:38:55"
"5e1371f92b12bd9a96c2d902",,"1","20","9","2","5","5","1","0","400","1167","1","1","1","4","0.29","0.71","0","0",,,"0","40","2024-03-08 16:38:56"
"601b9077694f034f0092dd8f",,"2","40","11","2","5","5","0","1","402","599","0","1","2","4","0.37","0.84","0","0",,,"1","105","2024-03-08 16:38:57"
"5e1371f92b12bd9a96c2d902",,"1","21","3","2","5","5","0","1","500","768","0","1","3","4","0.63","0.78","0","0",,,"1","45","2024-03-08 16:38:59"
"601b9077694f034f0092dd8f",,"2","41","10","2","5","5","0","1","498","732","0","1","1","3","0.16","0.63","0","0",,,"1","110","2024-03-08 16:39:00"
"5e1371f92b12bd9a96c2d902",,"1","22","0","2","5","5","0","1","451","734","0","1","1","1","0.16","0.29","0","0",,,"0","45","2024-03-08 16:39:01"
"601b9077694f034f0092dd8f",,"2","42","9","2","5","5","0","1","413","650","0","1","1","4","0.29","0.71","0","0",,,"1","115","2024-03-08 16:39:02"
"5e1371f92b12bd9a96c2d902",,"1","23","4","1","5","5","0","0","432","783","0","1","3","4","0.55","0.78","0","0",,,"1","50","2024-03-08 16:39:04"
"601b9077694f034f0092dd8f",,"2","43","9","1","5","5","0","0","482","668","0","1","1","4","0.29","0.71","0","0",,,"0","115","2024-03-08 16:39:05"
"5e1371f92b12bd9a96c2d902",,"1","24","1","1","5","5","0","0","383","701","0","1","4","4","0.71","0.84","0","0",,,"1","55","2024-03-08 16:39:06"
"601b9077694f034f0092dd8f",,"2","44","8","1","5","5","1","1","464","715","1","0","1","2","0.12","0.45","0","0",,,"0","115","2024-03-08 16:39:07"
"5e1371f92b12bd9a96c2d902",,"1","25","5","1","5","5","1","1","466","867","1","0","1","2","0.22","0.45","0","0",,,"0","55","2024-03-08 16:39:09"
"601b9077694f034f0092dd8f",,"2","45","2","2","5","5","1","0","483","635","1","0","1","2","0.22","0.37","0","0",,,"1","120","2024-03-08 16:39:10"
"5e1371f92b12bd9a96c2d902",,"1","26","1","2","5","5","0","1","217","617","0","1","4","4","0.71","0.84","0","0",,,"1","60","2024-03-08 16:39:12"
"601b9077694f034f0092dd8f",,"2","46","0","2","5","5","1","0","580","897","1","0","1","1","0.16","0.29","0","0",,,"0","120","2024-03-08 16:39:12"
"5e1371f92b12bd9a96c2d902",,"1","27","14","2","5","5","0","1","516","817","0","1","1","4","0.16","0.84","0","0",,,"1","65","2024-03-08 16:39:14"
"601b9077694f034f0092dd8f",,"2","47","6","2","5","5","1","0","414","563","1","0","2","3","0.37","0.63","0","0",,,"0","120","2024-03-08 16:39:15"
"5e1371f92b12bd9a96c2d902",,"1","28","7","2","5","5","0","1","750","1066","0","1","3","4","0.55","0.88","0","0",,,"1","70","2024-03-08 16:39:17"
"601b9077694f034f0092dd8f",,"2","48","6","2","5","5","0","1","364","547","0","1","2","3","0.37","0.63","0","0",,,"0","120","2024-03-08 16:39:18"
"5e1371f92b12bd9a96c2d902",,"1","29","15","2","5","5","1","0","367","1067","1","1","1","4","0.12","0.88","0","0",,,"0","70","2024-03-08 16:39:20"
"601b9077694f034f0092dd8f",,"2","49","5","1","5","5","0","0","415","566","0","1","1","2","0.22","0.45","0","0",,,"0","120","2024-03-08 16:39:20"
"5e1371f92b12bd9a96c2d902",,"1","30","15","2","5","5","1","0","600","933","1","0","1","4","0.12","0.88","0","0",,,"1","75","2024-03-08 16:39:23"
"601b9077694f034f0092dd8f",,"2","50","6","1","5","5","1","1","346","914","1","1","2","3","0.37","0.63","0","0",,,"0","120","2024-03-08 16:39:23"
"5e1371f92b12bd9a96c2d902",,"1","31","6","1","5","5","0","0","816","1032","0","1","2","3","0.37","0.63","0","0",,,"0","75","2024-03-08 16:39:25"
"601b9077694f034f0092dd8f",,"2","51","13","2","5","5","0","1","351","599","0","1","1","4","0.29","0.88","0","0",,,"1","125","2024-03-08 16:39:26"
"5e1371f92b12bd9a96c2d902",,"1","32","10","2","5","5","1","0","599","833","1","0","1","3","0.16","0.63","0","0",,,"0","75","2024-03-08 16:39:28"
"601b9077694f034f0092dd8f",,"2","52","8","2","5","5","1","0","349","664","1","0","1","2","0.12","0.45","0","0",,,"0","125","2024-03-08 16:39:28"
"601b9077694f034f0092dd8f",,"2","53","4","2","5","5","0","1","316","583","0","1","3","4","0.55","0.78","0","0",,,"1","130","2024-03-08 16:39:31"
"5e1371f92b12bd9a96c2d902",,"1","33","6","2","5","5","0","1","549","783","0","1","2","3","0.37","0.63","0","0",,,"1","80","2024-03-08 16:39:31"
"601b9077694f034f0092dd8f",,"2","54","5","2","5","5","1","0","452","684","1","0","1","2","0.22","0.45","0","0",,,"1","135","2024-03-08 16:39:33"
"5e1371f92b12bd9a96c2d902",,"1","34","13","2","5","5","0","1","734","1083","0","1","1","4","0.29","0.88","0","0",,,"1","85","2024-03-08 16:39:34"
"601b9077694f034f0092dd8f",,"2","55","2","2","5","5","1","0","516","719","1","0","1","2","0.22","0.37","0","0",,,"1","140","2024-03-08 16:39:36"
"5e1371f92b12bd9a96c2d902",,"1","35","3","2","5","5","1","0","750","1050","1","0","3","4","0.63","0.78","0","0",,,"1","90","2024-03-08 16:39:37"
"601b9077694f034f0092dd8f",,"2","56","14","2","5","5","1","0","599","801","1","0","1","4","0.16","0.84","0","0",,,"0","140","2024-03-08 16:39:38"
"5e1371f92b12bd9a96c2d902",,"1","36","12","2","5","5","0","1","533","816","0","1","1","4","0.12","0.71","0","0",,,"0","90","2024-03-08 16:39:39"
"601b9077694f034f0092dd8f",,"2","57","15","2","5","5","0","1","366","601","0","1","1","4","0.12","0.88","0","0",,,"0","140","2024-03-08 16:39:41"
"5e1371f92b12bd9a96c2d902",,"1","37","11","2","5","5","0","1","499","800","0","1","2","4","0.37","0.84","0","0",,,"1","95","2024-03-08 16:39:42"
"601b9077694f034f0092dd8f",,"2","58","1","2","5","5","1","0","666","916","1","0","4","4","0.71","0.84","0","0",,,"0","140","2024-03-08 16:39:44"
"5e1371f92b12bd9a96c2d902",,"1","38","2","2","5","5","1","0","1033","1267","1","0","1","2","0.22","0.37","0","0",,,"0","95","2024-03-08 16:39:45"
"601b9077694f034f0092dd8f",,"2","59","1","2","5","5","0","1","466","733","0","1","4","4","0.71","0.84","0","0",,,"0","140","2024-03-08 16:39:47"
"5e1371f92b12bd9a96c2d902",,"1","39","13","2","5","5","0","1","650","917","0","1","1","4","0.29","0.88","0","0",,,"1","100","2024-03-08 16:39:48"
"601b9077694f034f0092dd8f",,"2","60","8","1","5","5","1","1","448","699","1","0","1","2","0.12","0.45","0","0",,,"1","145","2024-03-08 16:39:49"
"5e1371f92b12bd9a96c2d902",,"1","40","8","2","5","5","0","1","800","1100","0","1","1","2","0.12","0.45","0","0",,,"0","100","2024-03-08 16:39:51"
"601b9077694f034f0092dd8f",,"2","61","1","1","5","5","1","1","863","1033","1","0","4","4","0.71","0.84","0","0",,,"0","145","2024-03-08 16:39:52"
"5e1371f92b12bd9a96c2d902",,"1","41","7","1","5","5","0","0","383","699","0","1","3","4","0.55","0.88","0","0",,,"1","105","2024-03-08 16:39:53"
"601b9077694f034f0092dd8f",,"2","62","0","2","5","5","0","1","332","632","0","1","1","1","0.16","0.29","0","0",,,"0","145","2024-03-08 16:39:55"
"5e1371f92b12bd9a96c2d902",,"1","42","12","2","5","5","0","1","817","1167","0","1","1","4","0.12","0.71","0","0",,,"0","105","2024-03-08 16:39:56"
"601b9077694f034f0092dd8f",,"2","63","12","2","5","5","1","0","499","668","1","0","1","4","0.12","0.71","0","0",,,"0","145","2024-03-08 16:39:57"
"5e1371f92b12bd9a96c2d902",,"1","43","9","2","5","5","1","0","503","883","1","0","1","4","0.29","0.71","0","0",,,"1","110","2024-03-08 16:39:59"
"5e1371f92b12bd9a96c2d902",,"1","44","5","2","5","5","0","1","567","782","0","1","1","2","0.22","0.45","0","0",,,"0","110","2024-03-08 16:40:02"
"5e1371f92b12bd9a96c2d902",,"1","45","15","2","5","5","0","1","433","683","0","1","1","4","0.12","0.88","0","0",,,"1","115","2024-03-08 16:40:04"
"5e1371f92b12bd9a96c2d902",,"1","46","14","2","5","5","0","1","516","732","0","1","1","4","0.16","0.84","0","0",,,"0","115","2024-03-08 16:40:07"
"5e1371f92b12bd9a96c2d902",,"1","47","10","2","5","5","0","1","383","650","0","1","1","3","0.16","0.63","0","0",,,"1","120","2024-03-08 16:40:09"
"5e1371f92b12bd9a96c2d902",,"1","48","0","1","5","5","1","1","482","715","1","0","1","1","0.16","0.29","0","0",,,"0","120","2024-03-08 16:40:12"
"5e1371f92b12bd9a96c2d902",,"1","49","7","2","5","5","1","0","299","583","1","0","3","4","0.55","0.88","0","0",,,"1","125","2024-03-08 16:40:15"
"5e1371f92b12bd9a96c2d902",,"1","50","8","1","5","5","1","1","597","865","1","0","1","2","0.12","0.45","0","0",,,"1","130","2024-03-08 16:40:17"
"5e1371f92b12bd9a96c2d902",,"1","51","1","2","5","5","1","0","432","749","1","0","4","4","0.71","0.84","0","0",,,"1","135","2024-03-08 16:40:20"
"5e1371f92b12bd9a96c2d902",,"1","52","15","2","5","5","1","0","415","800","1","0","1","4","0.12","0.88","0","0",,,"0","135","2024-03-08 16:40:22"
"5e1371f92b12bd9a96c2d902",,"1","53","3","1","5","5","0","0","132","533","0","1","3","4","0.63","0.78","0","0",,,"1","140","2024-03-08 16:40:25"
"5e1371f92b12bd9a96c2d902",,"1","54","6","2","5","5","1","0","516","749","1","0","2","3","0.37","0.63","0","0",,,"1","145","2024-03-08 16:40:27"
"5e1371f92b12bd9a96c2d902",,"1","55","11","2","5","5","1","0","533","767","1","0","2","4","0.37","0.84","0","0",,,"1","150","2024-03-08 16:40:30"
"601b9077694f034f0092dd8f",,"3","0","0","2","5","5","1","0","798","981","1","0","1","1","0.16","0.29","0","0",,,"0","0","2024-03-08 16:40:30"
"5e1371f92b12bd9a96c2d902",,"1","56","12","1","5","5","0","0","397","697","0","1","1","4","0.12","0.71","0","0",,,"0","150","2024-03-08 16:40:32"
"601b9077694f034f0092dd8f",,"3","1","10","1","5","5","0","0","447","783","0","1","1","3","0.16","0.63","0","0",,,"0","0","2024-03-08 16:40:33"
"5e1371f92b12bd9a96c2d902",,"1","57","9","2","5","5","0","1","350","1167","1","1","1","4","0.29","0.71","0","0",,,"0","150","2024-03-08 16:40:35"
"601b9077694f034f0092dd8f",,"3","2","4","1","5","5","0","0","546","815","0","1","3","4","0.55","0.78","0","0",,,"0","0","2024-03-08 16:40:36"
"5e1371f92b12bd9a96c2d902",,"1","58","14","2","5","5","0","1","432","665","0","1","1","4","0.16","0.84","0","0",,,"1","155","2024-03-08 16:40:38"
"601b9077694f034f0092dd8f",,"3","3","2","2","5","5","1","0","466","718","1","0","1","2","0.22","0.37","0","0",,,"1","5","2024-03-08 16:40:38"
"5e1371f92b12bd9a96c2d902",,"1","59","7","2","5","5","0","1","416","751","0","1","3","4","0.55","0.88","0","0",,,"1","160","2024-03-08 16:40:41"
"601b9077694f034f0092dd8f",,"3","4","1","1","5","5","0","0","1249","1585","0","1","4","4","0.71","0.84","0","0",,,"1","10","2024-03-08 16:40:42"
"5e1371f92b12bd9a96c2d902",,"1","60","0","1","5","5","0","0","449","799","0","1","1","1","0.16","0.29","0","0",,,"1","165","2024-03-08 16:40:43"
"601b9077694f034f0092dd8f",,"3","5","4","2","5","5","1","0","796","1116","1","0","3","4","0.55","0.78","0","0",,,"1","15","2024-03-08 16:40:44"
"5e1371f92b12bd9a96c2d902",,"1","61","4","1","5","5","1","1","449","749","1","0","3","4","0.55","0.78","0","0",,,"0","165","2024-03-08 16:40:46"
"601b9077694f034f0092dd8f",,"3","6","4","1","5","5","1","1","731","916","1","0","3","4","0.55","0.78","0","0",,,"1","20","2024-03-08 16:40:47"
"5e1371f92b12bd9a96c2d902",,"1","62","10","2","5","5","0","1","350","667","0","1","1","3","0.16","0.63","0","0",,,"1","170","2024-03-08 16:40:48"
"601b9077694f034f0092dd8f",,"3","7","4","2","5","5","0","1","481","965","0","1","3","4","0.55","0.78","0","0",,,"0","20","2024-03-08 16:40:50"
"5e1371f92b12bd9a96c2d902",,"1","63","11","1","5","5","0","0","400","668","0","1","2","4","0.37","0.84","0","0",,,"0","170","2024-03-08 16:40:51"
"601b9077694f034f0092dd8f",,"3","8","6","1","5","5","1","1","630","832","1","0","2","3","0.37","0.63","0","0",,,"1","25","2024-03-08 16:40:53"
"601b9077694f034f0092dd8f",,"3","9","14","1","5","5","0","0","431","735","0","1","1","4","0.16","0.84","0","0",,,"0","25","2024-03-08 16:40:55"
"601b9077694f034f0092dd8f",,"3","10","2","1","5","5","0","0","680","848","0","1","1","2","0.22","0.37","0","0",,,"1","30","2024-03-08 16:40:58"
"601b9077694f034f0092dd8f",,"3","11","10","2","5","5","0","1","494","650","0","1","1","3","0.16","0.63","0","0",,,"0","30","2024-03-08 16:41:01"
"601b9077694f034f0092dd8f",,"3","12","1","1","5","5","1","1","663","945","1","0","4","4","0.71","0.84","0","0",,,"1","35","2024-03-08 16:41:03"
"601b9077694f034f0092dd8f",,"3","13","5","1","5","5","0","0","829","1632","1","1","1","2","0.22","0.45","0","0",,,"1","40","2024-03-08 16:41:07"
"601b9077694f034f0092dd8f",,"3","14","5","2","5","5","0","1","499","716","0","1","1","2","0.22","0.45","0","0",,,"0","40","2024-03-08 16:41:09"
"601b9077694f034f0092dd8f",,"3","15","11","1","5","5","1","1","464","633","1","0","2","4","0.37","0.84","0","0",,,"1","45","2024-03-08 16:41:12"
"601b9077694f034f0092dd8f",,"3","16","13","1","5","5","0","0","383","751","0","1","1","4","0.29","0.88","0","0",,,"0","45","2024-03-08 16:41:14"
"601b9077694f034f0092dd8f",,"3","17","11","1","5","5","0","0","434","633","0","1","2","4","0.37","0.84","0","0",,,"0","45","2024-03-08 16:41:17"
"601b9077694f034f0092dd8f",,"3","18","1","2","5","5","0","1","581","800","0","1","4","4","0.71","0.84","0","0",,,"1","50","2024-03-08 16:41:20"
"601b9077694f034f0092dd8f",,"3","19","8","2","5","5","1","0","466","666","1","0","1","2","0.12","0.45","0","0",,,"0","50","2024-03-08 16:41:22"
"601b9077694f034f0092dd8f",,"3","20","3","2","5","5","1","0","1167","1317","1","0","3","4","0.63","0.78","0","0",,,"1","55","2024-03-08 16:41:25"
"601b9077694f034f0092dd8f",,"3","21","9","2","5","5","1","0","531","700","1","0","1","4","0.29","0.71","0","0",,,"1","60","2024-03-08 16:41:28"
"601b9077694f034f0092dd8f",,"3","22","8","2","5","5","1","0","678","850","1","0","1","2","0.12","0.45","0","0",,,"1","65","2024-03-08 16:41:31"
"601b9077694f034f0092dd8f",,"3","23","12","2","5","5","0","1","447","749","0","1","1","4","0.12","0.71","0","0",,,"1","70","2024-03-08 16:41:33"
"601b9077694f034f0092dd8f",,"3","24","11","2","5","5","1","0","414","599","1","0","2","4","0.37","0.84","0","0",,,"1","75","2024-03-08 16:41:35"
"601b9077694f034f0092dd8f",,"3","25","7","2","5","5","1","0","645","783","1","0","3","4","0.55","0.88","0","0",,,"1","80","2024-03-08 16:41:38"
"601b9077694f034f0092dd8f",,"3","26","5","2","5","5","0","1","398","882","0","1","1","2","0.22","0.45","0","0",,,"1","85","2024-03-08 16:41:41"
"601b9077694f034f0092dd8f",,"3","27","6","2","5","5","0","1","598","749","0","1","2","3","0.37","0.63","0","0",,,"0","85","2024-03-08 16:41:43"
"5865bdf7a3462300010673e3",,"0","0","0","2","5","5","1","0","1251","1784","1","0","1","1","0.16","0.29","0","0",,,"0","0","2024-03-08 16:41:45"
"601b9077694f034f0092dd8f",,"3","28","14","2","5","5","1","0","431","601","1","0","1","4","0.16","0.84","0","0",,,"0","85","2024-03-08 16:41:46"
"5865bdf7a3462300010673e3",,"0","1","8","1","5","5","1","1","600","1151","1","0","1","2","0.12","0.45","0","0",,,"0","0","2024-03-08 16:41:48"
"601b9077694f034f0092dd8f",,"3","29","7","2","5","5","1","0","481","599","1","0","3","4","0.55","0.88","0","0",,,"0","85","2024-03-08 16:41:48"
"5865bdf7a3462300010673e3",,"0","2","5","2","5","5","0","1","550","1000","0","1","1","2","0.22","0.45","0","0",,,"1","5","2024-03-08 16:41:51"
"601b9077694f034f0092dd8f",,"3","30","2","1","5","5","1","1","580","698","1","0","1","2","0.22","0.37","0","0",,,"0","85","2024-03-08 16:41:51"
"5865bdf7a3462300010673e3",,"0","3","9","2","5","5","0","1","767","1134","0","1","1","4","0.29","0.71","0","0",,,"0","5","2024-03-08 16:41:54"
"601b9077694f034f0092dd8f",,"3","31","13","1","5","5","1","1","682","847","1","0","1","4","0.29","0.88","0","0",,,"1","90","2024-03-08 16:41:54"
"601b9077694f034f0092dd8f",,"3","32","2","1","5","5","0","0","396","711","0","1","1","2","0.22","0.37","0","0",,,"0","90","2024-03-08 16:41:56"
"5865bdf7a3462300010673e3",,"0","4","7","1","5","5","1","1","700","1134","1","0","3","4","0.55","0.88","0","0",,,"0","5","2024-03-08 16:41:57"
"601b9077694f034f0092dd8f",,"3","33","12","2","5","5","1","0","432","601","1","0","1","4","0.12","0.71","0","0",,,"0","90","2024-03-08 16:41:59"
"5865bdf7a3462300010673e3",,"0","5","11","1","5","5","1","1","550","884","1","0","2","4","0.37","0.84","0","0",,,"0","5","2024-03-08 16:42:00"
"601b9077694f034f0092dd8f",,"3","34","3","2","5","5","0","1","330","549","0","1","3","4","0.63","0.78","0","0",,,"1","95","2024-03-08 16:42:02"
"5865bdf7a3462300010673e3",,"0","6","13","2","5","5","1","0","533","850","1","0","1","4","0.29","0.88","0","0",,,"1","10","2024-03-08 16:42:03"
"601b9077694f034f0092dd8f",,"3","35","0","2","5","5","1","0","665","848","1","0","1","1","0.16","0.29","0","0",,,"1","100","2024-03-08 16:42:04"
"5865bdf7a3462300010673e3",,"0","7","2","2","5","5","0","1","850","1151","0","1","1","2","0.22","0.37","0","0",,,"1","15","2024-03-08 16:42:05"
"601b9077694f034f0092dd8f",,"3","36","9","2","5","5","0","1","416","732","0","1","1","4","0.29","0.71","0","0",,,"1","105","2024-03-08 16:42:07"
"5865bdf7a3462300010673e3",,"0","8","13","2","5","5","0","1","583","900","0","1","1","4","0.29","0.88","0","0",,,"1","20","2024-03-08 16:42:08"
"601b9077694f034f0092dd8f",,"3","37","14","1","5","5","1","1","514","747","1","0","1","4","0.16","0.84","0","0",,,"0","105","2024-03-08 16:42:09"
"5865bdf7a3462300010673e3",,"0","9","5","2","5","5","1","0","500","784","1","0","1","2","0.22","0.45","0","0",,,"0","20","2024-03-08 16:42:11"
"601b9077694f034f0092dd8f",,"3","38","10","2","5","5","0","1","431","581","0","1","1","3","0.16","0.63","0","0",,,"0","105","2024-03-08 16:42:12"
"5865bdf7a3462300010673e3",,"0","10","6","2","5","5","0","1","884","1150","0","1","2","3","0.37","0.63","0","0",,,"1","25","2024-03-08 16:42:13"
"601b9077694f034f0092dd8f",,"3","39","5","2","5","5","1","0","447","732","1","0","1","2","0.22","0.45","0","0",,,"0","105","2024-03-08 16:42:15"
"5865bdf7a3462300010673e3",,"0","11","3","2","5","5","0","1","700","1000","0","1","3","4","0.63","0.78","0","0",,,"0","25","2024-03-08 16:42:16"
"601b9077694f034f0092dd8f",,"3","40","6","1","5","5","1","1","581","750","1","0","2","3","0.37","0.63","0","0",,,"0","105","2024-03-08 16:42:17"
"5865bdf7a3462300010673e3",,"0","12","14","2","5","5","1","0","600","834","1","0","1","4","0.16","0.84","0","0",,,"1","30","2024-03-08 16:42:19"
"601b9077694f034f0092dd8f",,"3","41","9","2","5","5","1","0","448","583","1","0","1","4","0.29","0.71","0","0",,,"1","110","2024-03-08 16:42:20"
"5865bdf7a3462300010673e3",,"0","13","8","1","5","5","1","1","700","1000","1","0","1","2","0.12","0.45","0","0",,,"0","30","2024-03-08 16:42:22"
"601b9077694f034f0092dd8f",,"3","42","0","2","5","5","1","0","731","899","1","0","1","1","0.16","0.29","0","0",,,"1","115","2024-03-08 16:42:23"
"5865bdf7a3462300010673e3",,"0","14","5","2","5","5","1","0","567","667","1","0","1","2","0.22","0.45","0","0",,,"0","30","2024-03-08 16:42:24"
"601b9077694f034f0092dd8f",,"3","43","6","2","5","5","0","1","448","733","0","1","2","3","0.37","0.63","0","0",,,"0","115","2024-03-08 16:42:25"
"5865bdf7a3462300010673e3",,"0","15","13","2","5","5","0","1","733","950","0","1","1","4","0.29","0.88","0","0",,,"1","35","2024-03-08 16:42:27"
"601b9077694f034f0092dd8f",,"3","44","15","1","5","5","1","1","447","1030","1","1","1","4","0.12","0.88","0","0",,,"0","115","2024-03-08 16:42:28"
"5865bdf7a3462300010673e3",,"0","16","12","2","5","5","1","0","1134","1351","1","0","1","4","0.12","0.71","0","0",,,"1","40","2024-03-08 16:42:30"
"601b9077694f034f0092dd8f",,"3","45","0","2","5","5","1","0","563","831","1","0","1","1","0.16","0.29","0","0",,,"0","115","2024-03-08 16:42:31"
"5865bdf7a3462300010673e3",,"0","17","0","1","5","5","1","1","917","1184","1","0","1","1","0.16","0.29","0","0",,,"0","40","2024-03-08 16:42:33"
"601b9077694f034f0092dd8f",,"3","46","11","2","5","5","0","1","382","533","0","1","2","4","0.37","0.84","0","0",,,"1","120","2024-03-08 16:42:33"
"5865bdf7a3462300010673e3",,"0","18","14","2","5","5","0","1","633","850","0","1","1","4","0.16","0.84","0","0",,,"0","40","2024-03-08 16:42:36"
"601b9077694f034f0092dd8f",,"3","47","1","2","5","5","0","1","745","1097","0","1","4","4","0.71","0.84","0","0",,,"1","125","2024-03-08 16:42:36"
"601b9077694f034f0092dd8f",,"3","48","8","1","5","5","0","0","530","667","0","1","1","2","0.12","0.45","0","0",,,"0","125","2024-03-08 16:42:39"
"5865bdf7a3462300010673e3",,"0","19","9","2","5","5","1","0","600","750","1","0","1","4","0.29","0.71","0","0",,,"1","45","2024-03-08 16:42:39"
"5865bdf7a3462300010673e3",,"0","20","7","2","5","5","0","1","617","850","0","1","3","4","0.55","0.88","0","0",,,"1","50","2024-03-08 16:42:41"
"601b9077694f034f0092dd8f",,"3","49","15","1","5","5","1","1","765","968","1","0","1","4","0.12","0.88","0","0",,,"0","125","2024-03-08 16:42:42"
"5865bdf7a3462300010673e3",,"0","21","6","2","5","5","1","0","500","717","1","0","2","3","0.37","0.63","0","0",,,"1","55","2024-03-08 16:42:44"
"601b9077694f034f0092dd8f",,"3","50","8","2","5","5","1","0","477","663","1","0","1","2","0.12","0.45","0","0",,,"1","130","2024-03-08 16:42:44"
"5865bdf7a3462300010673e3",,"0","22","1","2","5","5","1","0","967","1100","1","0","4","4","0.71","0.84","0","0",,,"0","55","2024-03-08 16:42:47"
"601b9077694f034f0092dd8f",,"3","51","12","2","5","5","1","0","466","617","1","0","1","4","0.12","0.71","0","0",,,"1","135","2024-03-08 16:42:47"
"601b9077694f034f0092dd8f",,"3","52","7","2","5","5","0","1","382","700","0","1","3","4","0.55","0.88","0","0",,,"1","140","2024-03-08 16:42:49"
"5865bdf7a3462300010673e3",,"0","23","15","2","5","5","0","1","517","667","0","1","1","4","0.12","0.88","0","0",,,"1","60","2024-03-08 16:42:49"
"601b9077694f034f0092dd8f",,"3","53","3","2","5","5","0","1","479","682","0","1","3","4","0.63","0.78","0","0",,,"1","145","2024-03-08 16:42:52"
"5865bdf7a3462300010673e3",,"0","24","4","2","5","5","1","0","683","833","1","0","3","4","0.55","0.78","0","0",,,"1","65","2024-03-08 16:42:52"
"601b9077694f034f0092dd8f",,"3","54","13","2","5","5","1","0","465","718","1","0","1","4","0.29","0.88","0","0",,,"1","150","2024-03-08 16:42:54"
"5865bdf7a3462300010673e3",,"0","25","5","1","5","5","1","1","933","1601","1","1","1","2","0.22","0.45","0","0",,,"0","65","2024-03-08 16:42:55"
"601b9077694f034f0092dd8f",,"3","55","10","2","5","5","0","1","448","847","0","1","1","3","0.16","0.63","0","0",,,"1","155","2024-03-08 16:42:57"
"5865bdf7a3462300010673e3",,"0","26","9","2","5","5","0","1","567","750","0","1","1","4","0.29","0.71","0","0",,,"0","65","2024-03-08 16:42:58"
"601b9077694f034f0092dd8f",,"3","56","7","2","5","5","1","0","565","733","1","0","3","4","0.55","0.88","0","0",,,"1","160","2024-03-08 16:42:59"
"5865bdf7a3462300010673e3",,"0","27","12","2","5","5","1","0","583","734","1","0","1","4","0.12","0.71","0","0",,,"1","70","2024-03-08 16:43:01"
"601b9077694f034f0092dd8f",,"3","57","15","2","5","5","0","1","498","865","0","1","1","4","0.12","0.88","0","0",,,"1","165","2024-03-08 16:43:02"
"5865bdf7a3462300010673e3",,"0","28","3","2","5","5","1","0","617","784","1","0","3","4","0.63","0.78","0","0",,,"1","75","2024-03-08 16:43:03"
"601b9077694f034f0092dd8f",,"3","58","13","2","5","5","1","0","400","665","1","0","1","4","0.29","0.88","0","0",,,"1","170","2024-03-08 16:43:05"
"5865bdf7a3462300010673e3",,"0","29","15","2","5","5","0","1","550","734","0","1","1","4","0.12","0.88","0","0",,,"1","80","2024-03-08 16:43:06"
"601b9077694f034f0092dd8f",,"3","59","14","2","5","5","0","1","366","716","0","1","1","4","0.16","0.84","0","0",,,"0","170","2024-03-08 16:43:07"
"5865bdf7a3462300010673e3",,"0","30","0","1","5","5","1","1","800","967","1","0","1","1","0.16","0.29","0","0",,,"0","80","2024-03-08 16:43:08"
"601b9077694f034f0092dd8f",,"3","60","15","2","5","5","1","0","432","666","1","0","1","4","0.12","0.88","0","0",,,"1","175","2024-03-08 16:43:10"
"5865bdf7a3462300010673e3",,"0","31","10","2","5","5","1","0","567","700","1","0","1","3","0.16","0.63","0","0",,,"1","85","2024-03-08 16:43:11"
"601b9077694f034f0092dd8f",,"3","61","12","2","5","5","1","0","480","800","1","0","1","4","0.12","0.71","0","0",,,"1","180","2024-03-08 16:43:12"
"5865bdf7a3462300010673e3",,"0","32","7","2","5","5","0","1","683","850","0","1","3","4","0.55","0.88","0","0",,,"0","85","2024-03-08 16:43:14"
"601b9077694f034f0092dd8f",,"3","62","3","2","5","5","0","1","448","716","0","1","3","4","0.63","0.78","0","0",,,"1","185","2024-03-08 16:43:15"
"5865bdf7a3462300010673e3",,"0","33","11","2","5","5","0","1","500","667","0","1","2","4","0.37","0.84","0","0",,,"1","90","2024-03-08 16:43:16"
"601b9077694f034f0092dd8f",,"3","63","9","2","5","5","1","0","499","698","1","0","1","4","0.29","0.71","0","0",,,"0","185","2024-03-08 16:43:17"
"5e1371f92b12bd9a96c2d902",,"2","0","6","1","5","5","1","1","650","1036","1","0","2","3","0.37","0.63","0","0",,,"0","0","2024-03-08 16:43:18"
"5865bdf7a3462300010673e3",,"0","34","9","2","5","5","1","0","483","700","1","0","1","4","0.29","0.71","0","0",,,"1","95","2024-03-08 16:43:19"
"5e1371f92b12bd9a96c2d902",,"2","1","0","2","5","5","1","0","450","750","1","0","1","1","0.16","0.29","0","0",,,"0","0","2024-03-08 16:43:21"
"5865bdf7a3462300010673e3",,"0","35","13","2","5","5","0","1","500","733","0","1","1","4","0.29","0.88","0","0",,,"1","100","2024-03-08 16:43:21"
"5865bdf7a3462300010673e3",,"0","36","4","2","5","5","1","0","500","683","1","0","3","4","0.55","0.78","0","0",,,"1","105","2024-03-08 16:43:24"
"5e1371f92b12bd9a96c2d902",,"2","2","14","2","5","5","0","1","816","1050","0","1","1","4","0.16","0.84","0","0",,,"1","5","2024-03-08 16:43:24"
"5865bdf7a3462300010673e3",,"0","37","10","2","5","5","1","0","466","667","1","0","1","3","0.16","0.63","0","0",,,"1","110","2024-03-08 16:43:26"
"5e1371f92b12bd9a96c2d902",,"2","3","6","2","5","5","0","1","399","650","0","1","2","3","0.37","0.63","0","0",,,"0","5","2024-03-08 16:43:26"
"5865bdf7a3462300010673e3",,"0","38","10","2","5","5","1","0","483","600","1","0","1","3","0.16","0.63","0","0",,,"1","115","2024-03-08 16:43:28"
"5e1371f92b12bd9a96c2d902",,"2","4","5","1","5","5","0","0","366","733","0","1","1","2","0.22","0.45","0","0",,,"0","5","2024-03-08 16:43:29"
"5865bdf7a3462300010673e3",,"0","39","11","2","5","5","1","0","500","650","1","0","2","4","0.37","0.84","0","0",,,"0","115","2024-03-08 16:43:31"
"5e1371f92b12bd9a96c2d902",,"2","5","6","1","5","5","0","0","399","682","0","1","2","3","0.37","0.63","0","0",,,"0","5","2024-03-08 16:43:32"
"5865bdf7a3462300010673e3",,"0","40","3","2","5","5","1","0","433","567","1","0","3","4","0.63","0.78","0","0",,,"1","120","2024-03-08 16:43:34"
"5e1371f92b12bd9a96c2d902",,"2","6","10","1","5","5","1","1","583","817","1","0","1","3","0.16","0.63","0","0",,,"0","5","2024-03-08 16:43:34"
"5865bdf7a3462300010673e3",,"0","41","14","2","5","5","0","1","500","650","0","1","1","4","0.16","0.84","0","0",,,"1","125","2024-03-08 16:43:36"
"5e1371f92b12bd9a96c2d902",,"2","7","4","2","5","5","1","0","483","716","1","0","3","4","0.55","0.78","0","0",,,"1","10","2024-03-08 16:43:37"
"5865bdf7a3462300010673e3",,"0","42","1","2","5","5","1","0","450","601","1","0","4","4","0.71","0.84","0","0",,,"1","130","2024-03-08 16:43:38"
"601b9077694f034f0092dd8f",,"4","0","15","2","5","5","0","1","583","784","0","1","1","4","0.12","0.88","0","0",,,"0","0","2024-03-08 16:43:38"
"5e1371f92b12bd9a96c2d902",,"2","8","5","2","5","5","1","0","666","883","1","0","1","2","0.22","0.45","0","0",,,"0","10","2024-03-08 16:43:40"
"5865bdf7a3462300010673e3",,"0","43","2","2","5","5","1","0","550","683","1","0","1","2","0.22","0.37","0","0",,,"0","130","2024-03-08 16:43:41"
"601b9077694f034f0092dd8f",,"4","1","8","2","5","5","0","1","500","816","0","1","1","2","0.12","0.45","0","0",,,"0","0","2024-03-08 16:43:41"
"5e1371f92b12bd9a96c2d902",,"2","9","6","1","5","5","0","0","434","650","0","1","2","3","0.37","0.63","0","0",,,"0","10","2024-03-08 16:43:43"
"5865bdf7a3462300010673e3",,"0","44","3","2","5","5","0","1","600","750","0","1","3","4","0.63","0.78","0","0",,,"1","135","2024-03-08 16:43:43"
"601b9077694f034f0092dd8f",,"4","2","4","1","5","5","0","0","617","802","0","1","3","4","0.55","0.78","0","0",,,"0","0","2024-03-08 16:43:44"
"5e1371f92b12bd9a96c2d902",,"2","10","12","1","5","5","1","1","400","683","1","0","1","4","0.12","0.71","0","0",,,"1","15","2024-03-08 16:43:45"
"5865bdf7a3462300010673e3",,"0","45","1","2","5","5","0","1","633","784","0","1","4","4","0.71","0.84","0","0",,,"0","135","2024-03-08 16:43:46"
"601b9077694f034f0092dd8f",,"4","3","8","2","5","5","1","0","633","752","1","0","1","2","0.12","0.45","0","0",,,"0","0","2024-03-08 16:43:46"
"5e1371f92b12bd9a96c2d902",,"2","11","11","1","5","5","1","1","433","717","1","0","2","4","0.37","0.84","0","0",,,"0","15","2024-03-08 16:43:48"
"5865bdf7a3462300010673e3",,"0","46","12","2","5","5","0","1","400","533","0","1","1","4","0.12","0.71","0","0",,,"1","140","2024-03-08 16:43:49"
"601b9077694f034f0092dd8f",,"4","4","2","1","5","5","1","1","599","1065","1","0","1","2","0.22","0.37","0","0",,,"0","0","2024-03-08 16:43:49"
"5e1371f92b12bd9a96c2d902",,"2","12","1","1","5","5","1","1","217","600","1","0","4","4","0.71","0.84","0","0",,,"1","20","2024-03-08 16:43:50"
"5865bdf7a3462300010673e3",,"0","47","6","2","5","5","1","0","533","650","1","0","2","3","0.37","0.63","0","0",,,"1","145","2024-03-08 16:43:51"
"601b9077694f034f0092dd8f",,"4","5","9","2","5","5","1","0","499","718","1","0","1","4","0.29","0.71","0","0",,,"1","5","2024-03-08 16:43:52"
"5e1371f92b12bd9a96c2d902",,"2","13","8","1","5","5","1","1","400","699","1","0","1","2","0.12","0.45","0","0",,,"0","20","2024-03-08 16:43:53"
"5865bdf7a3462300010673e3",,"0","48","8","2","5","5","1","0","483","650","1","0","1","2","0.12","0.45","0","0",,,"0","145","2024-03-08 16:43:53"
"601b9077694f034f0092dd8f",,"4","6","4","1","5","5","1","1","779","1198","1","1","3","4","0.55","0.78","0","0",,,"1","10","2024-03-08 16:43:55"
"5e1371f92b12bd9a96c2d902",,"2","14","0","2","5","5","0","1","266","616","0","1","1","1","0.16","0.29","0","0",,,"0","20","2024-03-08 16:43:56"
"5865bdf7a3462300010673e3",,"0","49","7","2","5","5","1","0","600","717","1","0","3","4","0.55","0.88","0","0",,,"1","150","2024-03-08 16:43:56"
"601b9077694f034f0092dd8f",,"4","7","12","1","5","5","1","1","499","720","1","0","1","4","0.12","0.71","0","0",,,"0","10","2024-03-08 16:43:58"
"5e1371f92b12bd9a96c2d902",,"2","15","2","2","5","5","1","0","616","933","1","0","1","2","0.22","0.37","0","0",,,"0","20","2024-03-08 16:43:58"
"5865bdf7a3462300010673e3",,"0","50","15","2","5","5","1","0","516","667","1","0","1","4","0.12","0.88","0","0",,,"1","155","2024-03-08 16:43:59"
"601b9077694f034f0092dd8f",,"4","8","6","2","5","5","0","1","733","1298","1","1","2","3","0.37","0.63","0","0",,,"0","10","2024-03-08 16:44:01"
"5865bdf7a3462300010673e3",,"0","51","14","2","5","5","1","0","450","583","1","0","1","4","0.16","0.84","0","0",,,"1","160","2024-03-08 16:44:01"
"5e1371f92b12bd9a96c2d902",,"2","16","2","2","5","5","0","1","500","734","0","1","1","2","0.22","0.37","0","0",,,"0","20","2024-03-08 16:44:01"
"5865bdf7a3462300010673e3",,"0","52","4","2","5","5","1","0","416","567","1","0","3","4","0.55","0.78","0","0",,,"1","165","2024-03-08 16:44:03"
"601b9077694f034f0092dd8f",,"4","9","12","1","5","5","1","1","463","680","1","0","1","4","0.12","0.71","0","0",,,"0","10","2024-03-08 16:44:03"
"5e1371f92b12bd9a96c2d902",,"2","17","13","2","5","5","1","0","599","867","1","0","1","4","0.29","0.88","0","0",,,"1","25","2024-03-08 16:44:04"
"5865bdf7a3462300010673e3",,"0","53","6","2","5","5","0","1","517","650","0","1","2","3","0.37","0.63","0","0",,,"1","170","2024-03-08 16:44:06"
"601b9077694f034f0092dd8f",,"4","10","7","1","5","5","0","0","567","881","0","1","3","4","0.55","0.88","0","0",,,"1","15","2024-03-08 16:44:06"
"5e1371f92b12bd9a96c2d902",,"2","18","3","2","5","5","0","1","483","750","0","1","3","4","0.63","0.78","0","0",,,"0","25","2024-03-08 16:44:07"
"5865bdf7a3462300010673e3",,"0","54","1","2","5","5","1","0","633","750","1","0","4","4","0.71","0.84","0","0",,,"0","170","2024-03-08 16:44:08"
"601b9077694f034f0092dd8f",,"4","11","15","2","5","5","1","0","415","682","1","0","1","4","0.12","0.88","0","0",,,"1","20","2024-03-08 16:44:09"
"5e1371f92b12bd9a96c2d902",,"2","19","8","2","5","5","1","0","517","734","1","0","1","2","0.12","0.45","0","0",,,"0","25","2024-03-08 16:44:09"
"5865bdf7a3462300010673e3",,"0","55","15","2","5","5","0","1","500","617","0","1","1","4","0.12","0.88","0","0",,,"1","175","2024-03-08 16:44:11"
"601b9077694f034f0092dd8f",,"4","12","11","1","5","5","1","1","646","780","1","0","2","4","0.37","0.84","0","0",,,"0","20","2024-03-08 16:44:11"
"5e1371f92b12bd9a96c2d902",,"2","20","15","2","5","5","0","1","534","835","0","1","1","4","0.12","0.88","0","0",,,"1","30","2024-03-08 16:44:12"
"5865bdf7a3462300010673e3",,"0","56","8","1","5","5","0","0","517","1417","1","1","1","2","0.12","0.45","0","0",,,"0","175","2024-03-08 16:44:14"
"601b9077694f034f0092dd8f",,"4","13","9","2","5","5","1","0","482","599","1","0","1","4","0.29","0.71","0","0",,,"1","25","2024-03-08 16:44:14"
"5e1371f92b12bd9a96c2d902",,"2","21","3","1","5","5","1","1","649","934","1","0","3","4","0.63","0.78","0","0",,,"1","35","2024-03-08 16:44:15"
"5865bdf7a3462300010673e3",,"0","57","11","2","5","5","0","1","533","667","0","1","2","4","0.37","0.84","0","0",,,"1","180","2024-03-08 16:44:17"
"601b9077694f034f0092dd8f",,"4","14","12","2","5","5","1","0","630","780","1","0","1","4","0.12","0.71","0","0",,,"1","30","2024-03-08 16:44:17"
"5e1371f92b12bd9a96c2d902",,"2","22","10","2","5","5","0","1","451","700","0","1","1","3","0.16","0.63","0","0",,,"1","40","2024-03-08 16:44:17"
"5865bdf7a3462300010673e3",,"0","58","2","2","5","5","0","1","700","867","0","1","1","2","0.22","0.37","0","0",,,"0","180","2024-03-08 16:44:19"
"601b9077694f034f0092dd8f",,"4","15","10","2","5","5","0","1","499","833","0","1","1","3","0.16","0.63","0","0",,,"1","35","2024-03-08 16:44:19"
"5e1371f92b12bd9a96c2d902",,"2","23","15","2","5","5","1","0","666","901","1","0","1","4","0.12","0.88","0","0",,,"1","45","2024-03-08 16:44:20"
"5865bdf7a3462300010673e3",,"0","59","12","2","5","5","1","0","650","800","1","0","1","4","0.12","0.71","0","0",,,"1","185","2024-03-08 16:44:22"
"601b9077694f034f0092dd8f",,"4","16","0","1","5","5","1","1","863","1015","1","0","1","1","0.16","0.29","0","0",,,"0","35","2024-03-08 16:44:22"
"5e1371f92b12bd9a96c2d902",,"2","24","9","1","5","5","1","1","516","750","1","0","1","4","0.29","0.71","0","0",,,"0","45","2024-03-08 16:44:23"
"5865bdf7a3462300010673e3",,"0","60","2","2","5","5","1","0","483","634","1","0","1","2","0.22","0.37","0","0",,,"0","185","2024-03-08 16:44:24"
"601b9077694f034f0092dd8f",,"4","17","1","2","5","5","1","0","316","902","1","1","4","4","0.71","0.84","0","0",,,"1","40","2024-03-08 16:44:25"
"5e1371f92b12bd9a96c2d902",,"2","25","7","1","5","5","0","0","16","432","0","2","3","4","0.55","0.88","0","0",,,"0","45","2024-03-08 16:44:25"
"601b9077694f034f0092dd8f",,"4","18","13","2","5","5","1","0","466","600","1","0","1","4","0.29","0.88","0","0",,,"1","45","2024-03-08 16:44:27"
"5865bdf7a3462300010673e3",,"0","61","0","1","5","5","0","0","783","934","0","1","1","1","0.16","0.29","0","0",,,"0","185","2024-03-08 16:44:27"
"5e1371f92b12bd9a96c2d902",,"2","26","10","2","5","5","1","0","333","584","1","0","1","3","0.16","0.63","0","0",,,"0","45","2024-03-08 16:44:28"
"601b9077694f034f0092dd8f",,"4","19","11","2","5","5","1","0","498","749","1","0","2","4","0.37","0.84","0","0",,,"1","50","2024-03-08 16:44:30"
"5865bdf7a3462300010673e3",,"0","62","4","2","5","5","0","1","550","683","0","1","3","4","0.55","0.78","0","0",,,"1","190","2024-03-08 16:44:30"
"5e1371f92b12bd9a96c2d902",,"2","27","1","2","5","5","1","0","483","734","1","0","4","4","0.71","0.84","0","0",,,"1","50","2024-03-08 16:44:30"
"601b9077694f034f0092dd8f",,"4","20","8","2","5","5","0","1","549","799","0","1","1","2","0.12","0.45","0","0",,,"1","55","2024-03-08 16:44:32"
"5865bdf7a3462300010673e3",,"0","63","10","2","5","5","0","1","533","683","0","1","1","3","0.16","0.63","0","0",,,"1","195","2024-03-08 16:44:32"
"5e1371f92b12bd9a96c2d902",,"2","28","10","2","5","5","0","1","400","618","0","1","1","3","0.16","0.63","0","0",,,"0","50","2024-03-08 16:44:33"
"601b9077694f034f0092dd8f",,"4","21","6","2","5","5","1","0","482","631","1","0","2","3","0.37","0.63","0","0",,,"0","55","2024-03-08 16:44:35"
"5e1371f92b12bd9a96c2d902",,"2","29","15","1","5","5","0","0","250","567","0","1","1","4","0.12","0.88","0","0",,,"0","50","2024-03-08 16:44:35"
"601b9077694f034f0092dd8f",,"4","22","13","2","5","5","0","1","330","483","0","1","1","4","0.29","0.88","0","0",,,"1","60","2024-03-08 16:44:37"
"5e1371f92b12bd9a96c2d902",,"2","30","2","2","5","5","0","1","550","700","0","1","1","2","0.22","0.37","0","0",,,"0","50","2024-03-08 16:44:38"
"601b9077694f034f0092dd8f",,"4","23","1","2","5","5","0","1","730","897","0","1","4","4","0.71","0.84","0","0",,,"1","65","2024-03-08 16:44:40"
"5e1371f92b12bd9a96c2d902",,"2","31","14","2","5","5","1","0","350","683","1","0","1","4","0.16","0.84","0","0",,,"1","55","2024-03-08 16:44:41"
"601b9077694f034f0092dd8f",,"4","24","11","2","5","5","1","0","466","650","1","0","2","4","0.37","0.84","0","0",,,"0","65","2024-03-08 16:44:42"
"5e1371f92b12bd9a96c2d902",,"2","32","13","2","5","5","1","0","467","701","1","0","1","4","0.29","0.88","0","0",,,"1","60","2024-03-08 16:44:43"
"601b9077694f034f0092dd8f",,"4","25","5","2","5","5","0","1","417","585","0","1","1","2","0.22","0.45","0","0",,,"1","70","2024-03-08 16:44:45"
"5e1371f92b12bd9a96c2d902",,"2","33","4","1","5","5","1","1","300","635","1","0","3","4","0.55","0.78","0","0",,,"0","60","2024-03-08 16:44:46"
"601b9077694f034f0092dd8f",,"4","26","0","2","5","5","1","0","716","999","1","0","1","1","0.16","0.29","0","0",,,"0","70","2024-03-08 16:44:48"
"5e1371f92b12bd9a96c2d902",,"2","34","3","2","5","5","0","1","632","816","0","1","3","4","0.63","0.78","0","0",,,"1","65","2024-03-08 16:44:49"
"601b9077694f034f0092dd8f",,"4","27","1","2","5","5","1","0","650","784","1","0","4","4","0.71","0.84","0","0",,,"0","70","2024-03-08 16:44:51"
"5e1371f92b12bd9a96c2d902",,"2","35","14","2","5","5","1","0","616","783","1","0","1","4","0.16","0.84","0","0",,,"1","70","2024-03-08 16:44:51"
"601b9077694f034f0092dd8f",,"4","28","2","2","5","5","0","1","750","1033","0","1","1","2","0.22","0.37","0","0",,,"1","75","2024-03-08 16:44:54"
"5e1371f92b12bd9a96c2d902",,"2","36","4","2","5","5","1","0","632","833","1","0","3","4","0.55","0.78","0","0",,,"0","70","2024-03-08 16:44:54"
"601b9077694f034f0092dd8f",,"4","29","12","1","5","5","1","1","467","633","1","0","1","4","0.12","0.71","0","0",,,"0","75","2024-03-08 16:44:56"
"5e1371f92b12bd9a96c2d902",,"2","37","5","2","5","5","1","0","550","783","1","0","1","2","0.22","0.45","0","0",,,"0","70","2024-03-08 16:44:56"
"601b9077694f034f0092dd8f",,"4","30","10","2","5","5","0","1","683","1000","0","1","1","3","0.16","0.63","0","0",,,"0","75","2024-03-08 16:44:59"
"5e1371f92b12bd9a96c2d902",,"2","38","7","2","5","5","0","1","848","1067","0","1","3","4","0.55","0.88","0","0",,,"1","75","2024-03-08 16:44:59"
"601b9077694f034f0092dd8f",,"4","31","6","1","5","5","0","0","515","646","0","1","2","3","0.37","0.63","0","0",,,"0","75","2024-03-08 16:45:02"
"5e1371f92b12bd9a96c2d902",,"2","39","9","2","5","5","1","0","717","1283","1","0","1","4","0.29","0.71","0","0",,,"0","75","2024-03-08 16:45:02"
"5865bdf7a3462300010673e3",,"1","0","14","2","5","5","1","0","66","1034","1","2","1","4","0.16","0.84","0","0",,,"1","5","2024-03-08 16:45:04"
"601b9077694f034f0092dd8f",,"4","32","3","1","5","5","1","1","465","714","1","0","3","4","0.63","0.78","0","0",,,"1","80","2024-03-08 16:45:04"
"5e1371f92b12bd9a96c2d902",,"2","40","5","2","5","5","1","0","483","833","1","0","1","2","0.22","0.45","0","0",,,"1","80","2024-03-08 16:45:05"
"5865bdf7a3462300010673e3",,"1","1","12","2","5","5","1","0","450","600","1","0","1","4","0.12","0.71","0","0",,,"0","5","2024-03-08 16:45:07"
"601b9077694f034f0092dd8f",,"4","33","3","2","5","5","1","0","497","665","1","0","3","4","0.63","0.78","0","0",,,"0","80","2024-03-08 16:45:07"
"5e1371f92b12bd9a96c2d902",,"2","41","7","2","5","5","1","0","634","901","1","0","3","4","0.55","0.88","0","0",,,"1","85","2024-03-08 16:45:08"
"601b9077694f034f0092dd8f",,"4","34","0","1","5","5","0","0","568","750","0","1","1","1","0.16","0.29","0","0",,,"0","80","2024-03-08 16:45:10"
"5865bdf7a3462300010673e3",,"1","2","6","2","5","5","0","1","633","767","0","1","2","3","0.37","0.63","0","0",,,"0","5","2024-03-08 16:45:10"
"5e1371f92b12bd9a96c2d902",,"2","42","2","2","5","5","0","1","517","801","0","1","1","2","0.22","0.37","0","0",,,"0","85","2024-03-08 16:45:11"
"5865bdf7a3462300010673e3",,"1","3","11","2","5","5","1","0","517","633","1","0","2","4","0.37","0.84","0","0",,,"1","10","2024-03-08 16:45:12"
"601b9077694f034f0092dd8f",,"4","35","9","1","5","5","1","1","366","516","1","0","1","4","0.29","0.71","0","0",,,"1","85","2024-03-08 16:45:12"
"5e1371f92b12bd9a96c2d902",,"2","43","14","1","5","5","0","0","300","650","0","1","1","4","0.16","0.84","0","0",,,"0","85","2024-03-08 16:45:13"
"5865bdf7a3462300010673e3",,"1","4","11","2","5","5","0","1","466","583","0","1","2","4","0.37","0.84","0","0",,,"1","15","2024-03-08 16:45:14"
"601b9077694f034f0092dd8f",,"4","36","5","1","5","5","0","0","416","700","0","1","1","2","0.22","0.45","0","0",,,"0","85","2024-03-08 16:45:15"
"5e1371f92b12bd9a96c2d902",,"2","44","0","2","5","5","0","1","601","917","0","1","1","1","0.16","0.29","0","0",,,"0","85","2024-03-08 16:45:16"
"5865bdf7a3462300010673e3",,"1","5","3","2","5","5","1","0","516","633","1","0","3","4","0.63","0.78","0","0",,,"1","20","2024-03-08 16:45:17"
"601b9077694f034f0092dd8f",,"4","37","15","1","5","5","1","1","498","633","1","0","1","4","0.12","0.88","0","0",,,"1","90","2024-03-08 16:45:17"
"5e1371f92b12bd9a96c2d902",,"2","45","7","2","5","5","1","0","350","651","1","0","3","4","0.55","0.88","0","0",,,"0","85","2024-03-08 16:45:19"
"601b9077694f034f0092dd8f",,"4","38","8","2","5","5","0","1","399","616","0","1","1","2","0.12","0.45","0","0",,,"1","95","2024-03-08 16:45:20"
"5865bdf7a3462300010673e3",,"1","6","1","2","5","5","0","1","533","1251","1","1","4","4","0.71","0.84","0","0",,,"1","25","2024-03-08 16:45:20"
"5e1371f92b12bd9a96c2d902",,"2","46","11","1","5","5","0","0","284","584","0","1","2","4","0.37","0.84","0","0",,,"0","85","2024-03-08 16:45:21"
"601b9077694f034f0092dd8f",,"4","39","1","1","5","5","0","0","784","984","0","1","4","4","0.71","0.84","0","0",,,"0","95","2024-03-08 16:45:22"
"5865bdf7a3462300010673e3",,"1","7","2","1","5","5","1","1","800","1768","1","1","1","2","0.22","0.37","0","0",,,"0","25","2024-03-08 16:45:23"
"5e1371f92b12bd9a96c2d902",,"2","47","11","2","5","5","0","1","416","666","0","1","2","4","0.37","0.84","0","0",,,"1","90","2024-03-08 16:45:24"
"601b9077694f034f0092dd8f",,"4","40","7","1","5","5","1","1","549","699","1","0","3","4","0.55","0.88","0","0",,,"0","95","2024-03-08 16:45:25"
"5865bdf7a3462300010673e3",,"1","8","14","2","5","5","0","1","650","800","0","1","1","4","0.16","0.84","0","0",,,"1","30","2024-03-08 16:45:26"
"5e1371f92b12bd9a96c2d902",,"2","48","13","2","5","5","0","1","282","583","0","1","1","4","0.29","0.88","0","0",,,"0","90","2024-03-08 16:45:26"
"601b9077694f034f0092dd8f",,"4","41","5","1","5","5","0","0","380","567","0","1","1","2","0.22","0.45","0","0",,,"0","95","2024-03-08 16:45:28"
"5865bdf7a3462300010673e3",,"1","9","10","2","5","5","0","1","550","683","0","1","1","3","0.16","0.63","0","0",,,"0","30","2024-03-08 16:45:28"
"5e1371f92b12bd9a96c2d902",,"2","49","1","1","5","5","0","0","449","767","0","1","4","4","0.71","0.84","0","0",,,"1","95","2024-03-08 16:45:29"
"601b9077694f034f0092dd8f",,"4","42","7","2","5","5","0","1","449","650","0","1","3","4","0.55","0.88","0","0",,,"1","100","2024-03-08 16:45:30"
"5865bdf7a3462300010673e3",,"1","10","13","2","5","5","1","0","466","583","1","0","1","4","0.29","0.88","0","0",,,"1","35","2024-03-08 16:45:31"
"5e1371f92b12bd9a96c2d902",,"2","50","13","2","5","5","1","0","367","1100","1","1","1","4","0.29","0.88","0","0",,,"0","95","2024-03-08 16:45:32"
"601b9077694f034f0092dd8f",,"4","43","2","2","5","5","0","1","1081","1313","0","1","1","2","0.22","0.37","0","0",,,"0","100","2024-03-08 16:45:33"
"5865bdf7a3462300010673e3",,"1","11","7","2","5","5","1","0","583","700","1","0","3","4","0.55","0.88","0","0",,,"1","40","2024-03-08 16:45:33"
"5e1371f92b12bd9a96c2d902",,"2","51","15","2","5","5","0","1","433","783","0","1","1","4","0.12","0.88","0","0",,,"1","100","2024-03-08 16:45:35"
"5865bdf7a3462300010673e3",,"1","12","9","2","5","5","1","0","466","617","1","0","1","4","0.29","0.71","0","0",,,"1","45","2024-03-08 16:45:36"
"601b9077694f034f0092dd8f",,"4","44","2","2","5","5","0","1","382","533","0","1","1","2","0.22","0.37","0","0",,,"0","100","2024-03-08 16:45:36"
"5e1371f92b12bd9a96c2d902",,"2","52","9","2","5","5","0","1","566","818","0","1","1","4","0.29","0.71","0","0",,,"1","105","2024-03-08 16:45:37"
"5865bdf7a3462300010673e3",,"1","13","0","1","5","5","0","0","867","984","0","1","1","1","0.16","0.29","0","0",,,"1","50","2024-03-08 16:45:39"
"601b9077694f034f0092dd8f",,"4","45","5","1","5","5","1","1","497","633","1","0","1","2","0.22","0.45","0","0",,,"0","100","2024-03-08 16:45:39"
"5e1371f92b12bd9a96c2d902",,"2","53","12","2","5","5","1","0","350","1066","1","1","1","4","0.12","0.71","0","0",,,"1","110","2024-03-08 16:45:40"
"5865bdf7a3462300010673e3",,"1","14","3","2","5","5","1","0","617","733","1","0","3","4","0.63","0.78","0","0",,,"1","55","2024-03-08 16:45:41"
"601b9077694f034f0092dd8f",,"4","46","9","1","5","5","0","0","451","616","0","1","1","4","0.29","0.71","0","0",,,"1","105","2024-03-08 16:45:41"
"5e1371f92b12bd9a96c2d902",,"2","54","12","1","5","5","1","1","466","1316","2","1","1","4","0.12","0.71","0","0",,,"0","110","2024-03-08 16:45:43"
"601b9077694f034f0092dd8f",,"4","47","13","1","5","5","1","1","482","733","1","0","1","4","0.29","0.88","0","0",,,"1","110","2024-03-08 16:45:44"
"5865bdf7a3462300010673e3",,"1","15","0","1","5","5","0","0","883","1451","1","1","1","1","0.16","0.29","0","0",,,"0","55","2024-03-08 16:45:44"
"5e1371f92b12bd9a96c2d902",,"2","55","4","2","5","5","1","0","633","884","1","0","3","4","0.55","0.78","0","0",,,"1","115","2024-03-08 16:45:46"
"601b9077694f034f0092dd8f",,"4","48","7","2","5","5","0","1","384","700","0","1","3","4","0.55","0.88","0","0",,,"1","115","2024-03-08 16:45:46"
"5865bdf7a3462300010673e3",,"1","16","14","2","5","5","0","1","583","717","0","1","1","4","0.16","0.84","0","0",,,"1","60","2024-03-08 16:45:47"
"5e1371f92b12bd9a96c2d902",,"2","56","8","2","5","5","1","0","416","733","1","0","1","2","0.12","0.45","0","0",,,"0","115","2024-03-08 16:45:48"
"601b9077694f034f0092dd8f",,"4","49","4","1","5","5","0","0","965","1097","0","1","3","4","0.55","0.78","0","0",,,"0","115","2024-03-08 16:45:49"
"5865bdf7a3462300010673e3",,"1","17","9","2","5","5","1","0","516","617","1","0","1","4","0.29","0.71","0","0",,,"1","65","2024-03-08 16:45:49"
"5e1371f92b12bd9a96c2d902",,"2","57","3","1","5","5","1","1","367","701","1","0","3","4","0.63","0.78","0","0",,,"0","115","2024-03-08 16:45:51"
"601b9077694f034f0092dd8f",,"4","50","15","1","5","5","0","0","468","601","0","1","1","4","0.12","0.88","0","0",,,"0","115","2024-03-08 16:45:52"
"5865bdf7a3462300010673e3",,"1","18","0","1","5","5","0","0","883","984","0","1","1","1","0.16","0.29","0","0",,,"0","65","2024-03-08 16:45:52"
"5e1371f92b12bd9a96c2d902",,"2","58","9","2","5","5","1","0","400","1433","1","1","1","4","0.29","0.71","0","0",,,"1","120","2024-03-08 16:45:54"
"601b9077694f034f0092dd8f",,"4","51","14","1","5","5","1","1","301","815","1","1","1","4","0.16","0.84","0","0",,,"0","115","2024-03-08 16:45:55"
"5865bdf7a3462300010673e3",,"1","19","12","2","5","5","0","1","667","767","0","1","1","4","0.12","0.71","0","0",,,"0","65","2024-03-08 16:45:55"
"601b9077694f034f0092dd8f",,"4","52","14","2","5","5","1","0","396","614","1","0","1","4","0.16","0.84","0","0",,,"1","120","2024-03-08 16:45:57"
"5865bdf7a3462300010673e3",,"1","20","13","2","5","5","1","0","400","517","1","0","1","4","0.29","0.88","0","0",,,"1","70","2024-03-08 16:45:57"
"5e1371f92b12bd9a96c2d902",,"2","59","11","2","5","5","1","0","1816","2101","1","0","2","4","0.37","0.84","0","0",,,"1","125","2024-03-08 16:45:58"
"5865bdf7a3462300010673e3",,"1","21","8","2","5","5","0","1","600","700","0","1","1","2","0.12","0.45","0","0",,,"1","75","2024-03-08 16:46:00"
"601b9077694f034f0092dd8f",,"4","53","0","2","5","5","1","0","718","935","1","0","1","1","0.16","0.29","0","0",,,"1","125","2024-03-08 16:46:00"
"5e1371f92b12bd9a96c2d902",,"2","60","12","2","5","5","0","1","766","950","0","1","1","4","0.12","0.71","0","0",,,"1","130","2024-03-08 16:46:01"
"5865bdf7a3462300010673e3",,"1","22","7","2","5","5","0","1","617","734","0","1","3","4","0.55","0.88","0","0",,,"1","80","2024-03-08 16:46:02"
"601b9077694f034f0092dd8f",,"4","54","14","2","5","5","0","1","416","851","0","1","1","4","0.16","0.84","0","0",,,"1","130","2024-03-08 16:46:02"
"5e1371f92b12bd9a96c2d902",,"2","61","1","2","5","5","1","0","416","700","1","0","4","4","0.71","0.84","0","0",,,"1","135","2024-03-08 16:46:03"
"5865bdf7a3462300010673e3",,"1","23","1","2","5","5","1","0","550","633","1","0","4","4","0.71","0.84","0","0",,,"1","85","2024-03-08 16:46:05"
"601b9077694f034f0092dd8f",,"4","55","3","2","5","5","1","0","630","813","1","0","3","4","0.63","0.78","0","0",,,"1","135","2024-03-08 16:46:05"
"5e1371f92b12bd9a96c2d902",,"2","62","0","2","5","5","1","0","550","834","1","0","1","1","0.16","0.29","0","0",,,"0","135","2024-03-08 16:46:06"
"5865bdf7a3462300010673e3",,"1","24","13","2","5","5","1","0","517","617","1","0","1","4","0.29","0.88","0","0",,,"1","90","2024-03-08 16:46:07"
"601b9077694f034f0092dd8f",,"4","56","3","2","5","5","0","1","431","701","0","1","3","4","0.63","0.78","0","0",,,"1","140","2024-03-08 16:46:07"
"5e1371f92b12bd9a96c2d902",,"2","63","8","2","5","5","1","0","433","684","1","0","1","2","0.12","0.45","0","0",,,"1","140","2024-03-08 16:46:09"
"5865bdf7a3462300010673e3",,"1","25","8","2","5","5","0","1","817","967","0","1","1","2","0.12","0.45","0","0",,,"0","90","2024-03-08 16:46:10"
"601b9077694f034f0092dd8f",,"4","57","13","2","5","5","0","1","463","699","0","1","1","4","0.29","0.88","0","0",,,"1","145","2024-03-08 16:46:10"
"5865bdf7a3462300010673e3",,"1","26","1","2","5","5","1","0","600","700","1","0","4","4","0.71","0.84","0","0",,,"1","95","2024-03-08 16:46:12"
"601b9077694f034f0092dd8f",,"4","58","10","2","5","5","0","1","452","670","0","1","1","3","0.16","0.63","0","0",,,"1","150","2024-03-08 16:46:12"
"5865bdf7a3462300010673e3",,"1","27","15","2","5","5","1","0","567","650","1","0","1","4","0.12","0.88","0","0",,,"1","100","2024-03-08 16:46:15"
"601b9077694f034f0092dd8f",,"4","59","11","2","5","5","0","1","482","782","0","1","2","4","0.37","0.84","0","0",,,"1","155","2024-03-08 16:46:15"
"5865bdf7a3462300010673e3",,"1","28","4","2","5","5","1","0","483","600","1","0","3","4","0.55","0.78","0","0",,,"1","105","2024-03-08 16:46:17"
"601b9077694f034f0092dd8f",,"4","60","6","2","5","5","1","0","432","614","1","0","2","3","0.37","0.63","0","0",,,"0","155","2024-03-08 16:46:17"
"5865bdf7a3462300010673e3",,"1","29","6","2","5","5","1","0","517","633","1","0","2","3","0.37","0.63","0","0",,,"0","105","2024-03-08 16:46:20"
"601b9077694f034f0092dd8f",,"4","61","14","2","5","5","1","0","497","684","1","0","1","4","0.16","0.84","0","0",,,"1","160","2024-03-08 16:46:20"
"5865bdf7a3462300010673e3",,"1","30","2","1","5","5","0","0","633","750","0","1","1","2","0.22","0.37","0","0",,,"0","105","2024-03-08 16:46:22"
"601b9077694f034f0092dd8f",,"4","62","4","2","5","5","0","1","347","633","0","1","3","4","0.55","0.78","0","0",,,"1","165","2024-03-08 16:46:23"
"601b9077694f034f0092dd8f",,"4","63","10","2","5","5","0","1","666","801","0","1","1","3","0.16","0.63","0","0",,,"0","165","2024-03-08 16:46:25"
"5865bdf7a3462300010673e3",,"1","31","2","2","5","5","0","1","767","884","0","1","1","2","0.22","0.37","0","0",,,"0","105","2024-03-08 16:46:25"
"5865bdf7a3462300010673e3",,"1","32","8","1","5","5","0","0","800","900","0","1","1","2","0.12","0.45","0","0",,,"0","105","2024-03-08 16:46:28"
"5865bdf7a3462300010673e3",,"1","33","9","2","5","5","0","1","567","684","0","1","1","4","0.29","0.71","0","0",,,"0","105","2024-03-08 16:46:31"
"5865bdf7a3462300010673e3",,"1","34","7","2","5","5","1","0","416","517","1","0","3","4","0.55","0.88","0","0",,,"1","110","2024-03-08 16:46:33"
"5865bdf7a3462300010673e3",,"1","35","10","2","5","5","0","1","517","650","0","1","1","3","0.16","0.63","0","0",,,"1","115","2024-03-08 16:46:36"
"5865bdf7a3462300010673e3",,"1","36","5","2","5","5","1","0","817","934","1","0","1","2","0.22","0.45","0","0",,,"0","115","2024-03-08 16:46:38"
"5865bdf7a3462300010673e3",,"1","37","14","2","5","5","1","0","700","784","1","0","1","4","0.16","0.84","0","0",,,"1","120","2024-03-08 16:46:41"
"5865bdf7a3462300010673e3",,"1","38","11","2","5","5","0","1","550","617","0","1","2","4","0.37","0.84","0","0",,,"1","125","2024-03-08 16:46:43"
"5e1371f92b12bd9a96c2d902",,"3","0","3","2","5","5","0","1","599","867","0","1","3","4","0.63","0.78","0","0",,,"1","5","2024-03-08 16:46:44"
"5865bdf7a3462300010673e3",,"1","39","1","2","5","5","1","0","567","667","1","0","4","4","0.71","0.84","0","0",,,"1","130","2024-03-08 16:46:46"
"5e1371f92b12bd9a96c2d902",,"3","1","0","2","5","5","0","1","300","584","0","1","1","1","0.16","0.29","0","0",,,"0","5","2024-03-08 16:46:46"
"601b9077694f034f0092dd8f",,"5","0","12","2","5","5","0","1","379","546","0","1","1","4","0.12","0.71","0","0",,,"1","5","2024-03-08 16:46:46"
"5865bdf7a3462300010673e3",,"1","40","3","2","5","5","0","1","633","717","0","1","3","4","0.63","0.78","0","0",,,"1","135","2024-03-08 16:46:48"
"601b9077694f034f0092dd8f",,"5","1","7","2","5","5","1","0","433","649","1","0","3","4","0.55","0.88","0","0",,,"1","10","2024-03-08 16:46:49"
"5865bdf7a3462300010673e3",,"1","41","5","2","5","5","1","0","567","700","1","0","1","2","0.22","0.45","0","0",,,"1","140","2024-03-08 16:46:51"
"5e1371f92b12bd9a96c2d902",,"3","2","14","2","5","5","1","0","666","869","1","0","1","4","0.16","0.84","0","0",,,"1","10","2024-03-08 16:46:51"
"601b9077694f034f0092dd8f",,"5","2","7","2","5","5","0","1","313","580","0","1","3","4","0.55","0.88","0","0",,,"1","15","2024-03-08 16:46:51"
"5865bdf7a3462300010673e3",,"1","42","0","2","5","5","1","0","784","884","1","0","1","1","0.16","0.29","0","0",,,"0","140","2024-03-08 16:46:53"
"601b9077694f034f0092dd8f",,"5","3","15","2","5","5","0","1","499","684","0","1","1","4","0.12","0.88","0","0",,,"1","20","2024-03-08 16:46:54"
"5865bdf7a3462300010673e3",,"1","43","9","2","5","5","0","1","467","550","0","1","1","4","0.29","0.71","0","0",,,"0","140","2024-03-08 16:46:56"
"601b9077694f034f0092dd8f",,"5","4","2","2","5","5","1","0","499","785","1","0","1","2","0.22","0.37","0","0",,,"0","20","2024-03-08 16:46:56"
"5865bdf7a3462300010673e3",,"1","44","3","2","5","5","0","1","633","817","0","1","3","4","0.63","0.78","0","0",,,"0","140","2024-03-08 16:46:59"
"601b9077694f034f0092dd8f",,"5","5","0","2","5","5","1","0","582","797","1","0","1","1","0.16","0.29","0","0",,,"0","20","2024-03-08 16:46:59"
"5865bdf7a3462300010673e3",,"1","45","5","1","5","5","1","1","666","800","1","0","1","2","0.22","0.45","0","0",,,"0","140","2024-03-08 16:47:02"
"601b9077694f034f0092dd8f",,"5","6","0","2","5","5","0","1","580","848","0","1","1","1","0.16","0.29","0","0",,,"0","20","2024-03-08 16:47:02"
"5865bdf7a3462300010673e3",,"1","46","15","2","5","5","1","0","483","567","1","0","1","4","0.12","0.88","0","0",,,"1","145","2024-03-08 16:47:04"
"601b9077694f034f0092dd8f",,"5","7","3","2","5","5","0","1","550","1365","0","1","3","4","0.63","0.78","0","0",,,"0","20","2024-03-08 16:47:05"
"5865bdf7a3462300010673e3",,"1","47","11","2","5","5","1","0","533","633","1","0","2","4","0.37","0.84","0","0",,,"1","150","2024-03-08 16:47:07"
"601b9077694f034f0092dd8f",,"5","8","12","2","5","5","1","0","416","633","1","0","1","4","0.12","0.71","0","0",,,"1","25","2024-03-08 16:47:08"
"5865bdf7a3462300010673e3",,"1","48","4","2","5","5","1","0","483","617","1","0","3","4","0.55","0.78","0","0",,,"0","150","2024-03-08 16:47:09"
"601b9077694f034f0092dd8f",,"5","9","6","2","5","5","1","0","484","749","1","0","2","3","0.37","0.63","0","0",,,"0","25","2024-03-08 16:47:10"
"5865bdf7a3462300010673e3",,"1","49","15","2","5","5","0","1","450","550","0","1","1","4","0.12","0.88","0","0",,,"1","155","2024-03-08 16:47:12"
"601b9077694f034f0092dd8f",,"5","10","11","2","5","5","1","0","498","699","1","0","2","4","0.37","0.84","0","0",,,"0","25","2024-03-08 16:47:13"
"5865bdf7a3462300010673e3",,"1","50","6","2","5","5","1","0","450","550","1","0","2","3","0.37","0.63","0","0",,,"1","160","2024-03-08 16:47:14"
"5865bdf7a3462300010673e3",,"1","51","12","2","5","5","0","1","566","617","0","1","1","4","0.12","0.71","0","0",,,"1","165","2024-03-08 16:47:16"
"601b9077694f034f0092dd8f",,"5","11","8","1","5","5","0","0","631","1298","1","1","1","2","0.12","0.45","0","0",,,"0","25","2024-03-08 16:47:16"
"5865bdf7a3462300010673e3",,"1","52","15","2","5","5","1","0","467","550","1","0","1","4","0.12","0.88","0","0",,,"0","165","2024-03-08 16:47:19"
"601b9077694f034f0092dd8f",,"5","12","10","1","5","5","0","0","351","519","0","1","1","3","0.16","0.63","0","0",,,"0","25","2024-03-08 16:47:19"
"5865bdf7a3462300010673e3",,"1","53","6","2","5","5","1","0","483","534","1","0","2","3","0.37","0.63","0","0",,,"1","170","2024-03-08 16:47:21"
"601b9077694f034f0092dd8f",,"5","13","9","1","5","5","1","1","398","614","1","0","1","4","0.29","0.71","0","0",,,"1","30","2024-03-08 16:47:21"
"5865bdf7a3462300010673e3",,"1","54","5","1","5","5","0","0","917","1017","0","1","1","2","0.22","0.45","0","0",,,"0","170","2024-03-08 16:47:24"
"601b9077694f034f0092dd8f",,"5","14","8","1","5","5","0","0","414","598","0","1","1","2","0.12","0.45","0","0",,,"0","30","2024-03-08 16:47:24"
"5e1371f92b12bd9a96c2d902",,"3","3","10","2","5","5","0","1","667","833","0","1","1","3","0.16","0.63","0","0",,,"1","15","2024-03-08 16:47:24"
"5865bdf7a3462300010673e3",,"1","55","4","2","5","5","1","0","550","650","1","0","3","4","0.55","0.78","0","0",,,"1","175","2024-03-08 16:47:26"
"601b9077694f034f0092dd8f",,"5","15","4","2","5","5","1","0","417","584","1","0","3","4","0.55","0.78","0","0",,,"0","30","2024-03-08 16:47:26"
"5865bdf7a3462300010673e3",,"1","56","2","2","5","5","1","0","466","617","1","0","1","2","0.22","0.37","0","0",,,"0","175","2024-03-08 16:47:29"
"601b9077694f034f0092dd8f",,"5","16","13","2","5","5","1","0","380","548","1","0","1","4","0.29","0.88","0","0",,,"1","35","2024-03-08 16:47:29"
"5865bdf7a3462300010673e3",,"1","57","13","2","5","5","0","1","583","683","0","1","1","4","0.29","0.88","0","0",,,"1","180","2024-03-08 16:47:32"
"601b9077694f034f0092dd8f",,"5","17","13","2","5","5","1","0","497","699","1","0","1","4","0.29","0.88","0","0",,,"1","40","2024-03-08 16:47:32"
"601b9077694f034f0092dd8f",,"5","18","11","2","5","5","0","1","549","849","0","1","2","4","0.37","0.84","0","0",,,"1","45","2024-03-08 16:47:34"
"5865bdf7a3462300010673e3",,"1","58","8","1","5","5","0","0","917","1034","0","1","1","2","0.12","0.45","0","0",,,"0","180","2024-03-08 16:47:34"
"601b9077694f034f0092dd8f",,"5","19","12","1","5","5","0","0","449","684","0","1","1","4","0.12","0.71","0","0",,,"0","45","2024-03-08 16:47:37"
"5865bdf7a3462300010673e3",,"1","59","7","2","5","5","1","0","600","700","1","0","3","4","0.55","0.88","0","0",,,"1","185","2024-03-08 16:47:37"
"601b9077694f034f0092dd8f",,"5","20","10","2","5","5","0","1","432","602","0","1","1","3","0.16","0.63","0","0",,,"0","45","2024-03-08 16:47:39"
"5865bdf7a3462300010673e3",,"1","60","12","2","5","5","1","0","567","684","1","0","1","4","0.12","0.71","0","0",,,"1","190","2024-03-08 16:47:39"
"5865bdf7a3462300010673e3",,"1","61","4","2","5","5","1","0","533","634","1","0","3","4","0.55","0.78","0","0",,,"1","195","2024-03-08 16:47:42"
"601b9077694f034f0092dd8f",,"5","21","15","2","5","5","1","0","431","615","1","0","1","4","0.12","0.88","0","0",,,"0","45","2024-03-08 16:47:42"
"5865bdf7a3462300010673e3",,"1","62","10","2","5","5","0","1","517","600","0","1","1","3","0.16","0.63","0","0",,,"0","195","2024-03-08 16:47:44"
"601b9077694f034f0092dd8f",,"5","22","5","1","5","5","1","1","462","632","1","0","1","2","0.22","0.45","0","0",,,"0","45","2024-03-08 16:47:45"
"5865bdf7a3462300010673e3",,"1","63","10","2","5","5","1","0","500","617","1","0","1","3","0.16","0.63","0","0",,,"0","195","2024-03-08 16:47:47"
"601b9077694f034f0092dd8f",,"5","23","15","2","5","5","1","0","433","569","1","0","1","4","0.12","0.88","0","0",,,"0","45","2024-03-08 16:47:47"
"5e1371f92b12bd9a96c2d902",,"3","4","2","2","5","5","1","0","1649","1950","1","0","1","2","0.22","0.37","0","0",,,"0","15","2024-03-08 16:47:48"
"601b9077694f034f0092dd8f",,"5","24","8","1","5","5","1","1","763","915","1","0","1","2","0.12","0.45","0","0",,,"0","45","2024-03-08 16:47:50"
"601b9077694f034f0092dd8f",,"5","25","5","1","5","5","0","0","301","516","0","1","1","2","0.22","0.45","0","0",,,"0","45","2024-03-08 16:47:53"
"601b9077694f034f0092dd8f",,"5","26","14","2","5","5","0","1","435","585","0","1","1","4","0.16","0.84","0","0",,,"1","50","2024-03-08 16:47:55"
"601b9077694f034f0092dd8f",,"5","27","4","2","5","5","1","0","448","668","1","0","3","4","0.55","0.78","0","0",,,"1","55","2024-03-08 16:47:58"
"5865bdf7a3462300010673e3",,"2","0","14","2","5","5","1","0","132","883","1","0","1","4","0.16","0.84","0","0",,,"1","5","2024-03-08 16:48:00"
"601b9077694f034f0092dd8f",,"5","28","9","2","5","5","0","1","399","666","0","1","1","4","0.29","0.71","0","0",,,"1","60","2024-03-08 16:48:00"
"5865bdf7a3462300010673e3",,"2","1","13","2","5","5","0","1","450","550","0","1","1","4","0.29","0.88","0","0",,,"1","10","2024-03-08 16:48:02"
"601b9077694f034f0092dd8f",,"5","29","5","2","5","5","0","1","284","850","1","1","1","2","0.22","0.45","0","0",,,"0","60","2024-03-08 16:48:03"
"5865bdf7a3462300010673e3",,"2","2","1","2","5","5","0","1","550","650","0","1","4","4","0.71","0.84","0","0",,,"1","15","2024-03-08 16:48:05"
"601b9077694f034f0092dd8f",,"5","30","1","1","5","5","0","0","632","800","0","1","4","4","0.71","0.84","0","0",,,"0","60","2024-03-08 16:48:06"
"5865bdf7a3462300010673e3",,"2","3","0","2","5","5","1","0","1117","1301","1","0","1","1","0.16","0.29","0","0",,,"0","15","2024-03-08 16:48:08"
"601b9077694f034f0092dd8f",,"5","31","3","1","5","5","1","1","662","780","1","0","3","4","0.63","0.78","0","0",,,"0","60","2024-03-08 16:48:08"
"5865bdf7a3462300010673e3",,"2","4","4","2","5","5","0","1","617","717","0","1","3","4","0.55","0.78","0","0",,,"1","20","2024-03-08 16:48:10"
"601b9077694f034f0092dd8f",,"5","32","9","2","5","5","1","0","448","565","1","0","1","4","0.29","0.71","0","0",,,"1","65","2024-03-08 16:48:11"
"5865bdf7a3462300010673e3",,"2","5","9","2","5","5","0","1","516","617","0","1","1","4","0.29","0.71","0","0",,,"0","20","2024-03-08 16:48:13"
"601b9077694f034f0092dd8f",,"5","33","6","2","5","5","0","1","430","600","0","1","2","3","0.37","0.63","0","0",,,"0","65","2024-03-08 16:48:13"
"5865bdf7a3462300010673e3",,"2","6","3","2","5","5","0","1","717","884","0","1","3","4","0.63","0.78","0","0",,,"1","25","2024-03-08 16:48:16"
"601b9077694f034f0092dd8f",,"5","34","13","2","5","5","1","0","446","599","1","0","1","4","0.29","0.88","0","0",,,"1","70","2024-03-08 16:48:16"
"5865bdf7a3462300010673e3",,"2","7","11","2","5","5","1","0","483","567","1","0","2","4","0.37","0.84","0","0",,,"1","30","2024-03-08 16:48:18"
"601b9077694f034f0092dd8f",,"5","35","5","1","5","5","1","1","549","684","1","0","1","2","0.22","0.45","0","0",,,"0","70","2024-03-08 16:48:18"
"5e1371f92b12bd9a96c2d902",,"3","5","12","2","5","5","1","0","883","1300","1","0","1","4","0.12","0.71","0","0",,,"0","15","2024-03-08 16:48:20"
"5865bdf7a3462300010673e3",,"2","8","3","2","5","5","1","0","783","900","1","0","3","4","0.63","0.78","0","0",,,"0","30","2024-03-08 16:48:21"
"601b9077694f034f0092dd8f",,"5","36","1","1","5","5","0","0","330","532","0","1","4","4","0.71","0.84","0","0",,,"1","75","2024-03-08 16:48:21"
"5865bdf7a3462300010673e3",,"2","9","11","2","5","5","1","0","533","583","1","0","2","4","0.37","0.84","0","0",,,"1","35","2024-03-08 16:48:23"
"601b9077694f034f0092dd8f",,"5","37","3","2","5","5","0","1","579","716","0","1","3","4","0.63","0.78","0","0",,,"1","80","2024-03-08 16:48:23"
"5865bdf7a3462300010673e3",,"2","10","5","2","5","5","0","1","583","667","0","1","1","2","0.22","0.45","0","0",,,"0","35","2024-03-08 16:48:26"
"601b9077694f034f0092dd8f",,"5","38","0","1","5","5","0","0","965","1116","0","1","1","1","0.16","0.29","0","0",,,"0","80","2024-03-08 16:48:26"
"5865bdf7a3462300010673e3",,"2","11","0","1","5","5","0","0","533","834","0","1","1","1","0.16","0.29","0","0",,,"0","35","2024-03-08 16:48:28"
"601b9077694f034f0092dd8f",,"5","39","0","2","5","5","1","0","648","1116","1","1","1","1","0.16","0.29","0","0",,,"0","80","2024-03-08 16:48:29"
"5865bdf7a3462300010673e3",,"2","12","11","2","5","5","1","0","433","550","1","0","2","4","0.37","0.84","0","0",,,"1","40","2024-03-08 16:48:31"
"601b9077694f034f0092dd8f",,"5","40","4","2","5","5","1","0","680","914","1","1","3","4","0.55","0.78","0","0",,,"0","80","2024-03-08 16:48:32"
"5865bdf7a3462300010673e3",,"2","13","1","2","5","5","1","0","533","667","1","0","4","4","0.71","0.84","0","0",,,"1","45","2024-03-08 16:48:33"
"601b9077694f034f0092dd8f",,"5","41","10","1","5","5","1","1","548","665","1","0","1","3","0.16","0.63","0","0",,,"0","80","2024-03-08 16:48:35"
"5865bdf7a3462300010673e3",,"2","14","10","2","5","5","1","0","483","583","1","0","1","3","0.16","0.63","0","0",,,"0","45","2024-03-08 16:48:36"
"601b9077694f034f0092dd8f",,"5","42","7","1","5","5","0","0","665","882","0","1","3","4","0.55","0.88","0","0",,,"1","85","2024-03-08 16:48:38"
"5865bdf7a3462300010673e3",,"2","15","12","2","5","5","0","1","450","517","0","1","1","4","0.12","0.71","0","0",,,"0","45","2024-03-08 16:48:38"
"5e1371f92b12bd9a96c2d902",,"3","6","5","2","5","5","1","0","2049","2717","1","0","1","2","0.22","0.45","0","0",,,"0","15","2024-03-08 16:48:39"
"601b9077694f034f0092dd8f",,"5","43","1","2","5","5","0","1","698","847","0","1","4","4","0.71","0.84","0","0",,,"0","85","2024-03-08 16:48:40"
"5865bdf7a3462300010673e3",,"2","16","6","2","5","5","0","1","416","500","0","1","2","3","0.37","0.63","0","0",,,"1","50","2024-03-08 16:48:41"
"601b9077694f034f0092dd8f",,"5","44","2","1","5","5","0","0","796","997","0","1","1","2","0.22","0.37","0","0",,,"0","85","2024-03-08 16:48:43"
"5865bdf7a3462300010673e3",,"2","17","13","2","5","5","1","0","483","550","1","0","1","4","0.29","0.88","0","0",,,"0","50","2024-03-08 16:48:43"
"5865bdf7a3462300010673e3",,"2","18","13","2","5","5","1","0","466","567","1","0","1","4","0.29","0.88","0","0",,,"1","55","2024-03-08 16:48:46"
"601b9077694f034f0092dd8f",,"5","45","13","2","5","5","0","1","550","633","0","1","1","4","0.29","0.88","0","0",,,"0","85","2024-03-08 16:48:46"
"5865bdf7a3462300010673e3",,"2","19","15","2","5","5","0","1","450","550","0","1","1","4","0.12","0.88","0","0",,,"1","60","2024-03-08 16:48:48"
"601b9077694f034f0092dd8f",,"5","46","11","2","5","5","1","0","418","550","1","0","2","4","0.37","0.84","0","0",,,"0","85","2024-03-08 16:48:48"
"5865bdf7a3462300010673e3",,"2","20","5","2","5","5","0","1","517","617","0","1","1","2","0.22","0.45","0","0",,,"0","60","2024-03-08 16:48:51"
"601b9077694f034f0092dd8f",,"5","47","1","2","5","5","1","0","348","1081","1","1","4","4","0.71","0.84","0","0",,,"0","85","2024-03-08 16:48:52"
"5865bdf7a3462300010673e3",,"2","21","7","2","5","5","0","1","450","533","0","1","3","4","0.55","0.88","0","0",,,"1","65","2024-03-08 16:48:53"
"601b9077694f034f0092dd8f",,"5","48","8","1","5","5","0","0","931","1283","0","1","1","2","0.12","0.45","0","0",,,"0","85","2024-03-08 16:48:55"
"5e1371f92b12bd9a96c2d902",,"3","7","11","1","5","5","1","1","884","1201","1","0","2","4","0.37","0.84","0","0",,,"0","15","2024-03-08 16:48:55"
"5865bdf7a3462300010673e3",,"2","22","4","2","5","5","0","1","500","583","0","1","3","4","0.55","0.78","0","0",,,"0","65","2024-03-08 16:48:56"
"601b9077694f034f0092dd8f",,"5","49","4","2","5","5","1","0","483","666","1","0","3","4","0.55","0.78","0","0",,,"0","85","2024-03-08 16:48:57"
"5865bdf7a3462300010673e3",,"2","23","5","2","5","5","0","1","450","733","0","1","1","2","0.22","0.45","0","0",,,"0","65","2024-03-08 16:48:58"
"58935d5d4d77be0001689f14",,"0","0","9","1","5","5","1","1","120","653","2","1","1","4","0.29","0.71","0","0",,,"0","0","2024-03-08 16:48:59"
"601b9077694f034f0092dd8f",,"5","50","3","1","5","5","1","1","680","850","1","0","3","4","0.63","0.78","0","0",,,"0","85","2024-03-08 16:49:00"
"5865bdf7a3462300010673e3",,"2","24","8","2","5","5","1","0","450","550","1","0","1","2","0.12","0.45","0","0",,,"1","70","2024-03-08 16:49:01"
"58935d5d4d77be0001689f14",,"0","1","6","2","5","5","1","0","763","969","1","0","2","3","0.37","0.63","0","0",,,"1","5","2024-03-08 16:49:02"
"601b9077694f034f0092dd8f",,"5","51","6","1","5","5","1","1","531","664","1","0","2","3","0.37","0.63","0","0",,,"1","90","2024-03-08 16:49:03"
"5865bdf7a3462300010673e3",,"2","25","9","2","5","5","1","0","450","550","1","0","1","4","0.29","0.71","0","0",,,"1","75","2024-03-08 16:49:03"
"58935d5d4d77be0001689f14",,"0","2","1","2","5","5","1","0","660","981","1","0","4","4","0.71","0.84","0","0",,,"1","10","2024-03-08 16:49:05"
"601b9077694f034f0092dd8f",,"5","52","14","1","5","5","1","1","716","882","1","0","1","4","0.16","0.84","0","0",,,"0","90","2024-03-08 16:49:06"
"5865bdf7a3462300010673e3",,"2","26","4","2","5","5","1","0","550","667","1","0","3","4","0.55","0.78","0","0",,,"1","80","2024-03-08 16:49:06"
"58935d5d4d77be0001689f14",,"0","3","6","2","5","5","1","0","545","1200","1","0","2","3","0.37","0.63","0","0",,,"0","10","2024-03-08 16:49:08"
"5865bdf7a3462300010673e3",,"2","27","13","2","5","5","0","1","450","517","0","1","1","4","0.29","0.88","0","0",,,"1","85","2024-03-08 16:49:08"
"601b9077694f034f0092dd8f",,"5","53","6","1","5","5","0","0","632","966","0","1","2","3","0.37","0.63","0","0",,,"0","90","2024-03-08 16:49:08"
"5865bdf7a3462300010673e3",,"2","28","12","2","5","5","0","1","450","533","0","1","1","4","0.12","0.71","0","0",,,"1","90","2024-03-08 16:49:10"
"58935d5d4d77be0001689f14",,"0","4","2","2","5","5","1","0","721","848","1","0","1","2","0.22","0.37","0","0",,,"1","15","2024-03-08 16:49:10"
"601b9077694f034f0092dd8f",,"5","54","15","2","5","5","1","0","397","548","1","0","1","4","0.12","0.88","0","0",,,"1","95","2024-03-08 16:49:11"
"5865bdf7a3462300010673e3",,"2","29","8","2","5","5","0","1","483","600","0","1","1","2","0.12","0.45","0","0",,,"0","90","2024-03-08 16:49:13"
"58935d5d4d77be0001689f14",,"0","5","11","2","5","5","1","0","600","854","1","0","2","4","0.37","0.84","0","0",,,"0","15","2024-03-08 16:49:13"
"601b9077694f034f0092dd8f",,"5","55","11","2","5","5","1","0","467","601","1","0","2","4","0.37","0.84","0","0",,,"1","100","2024-03-08 16:49:13"
"5e1371f92b12bd9a96c2d902",,"3","8","5","2","5","5","0","1","649","1349","1","1","1","2","0.22","0.45","0","0",,,"0","15","2024-03-08 16:49:15"
"5865bdf7a3462300010673e3",,"2","30","6","1","5","5","1","1","600","1284","1","1","2","3","0.37","0.63","0","0",,,"0","90","2024-03-08 16:49:16"
"601b9077694f034f0092dd8f",,"5","56","2","2","5","5","1","0","546","716","1","0","1","2","0.22","0.37","0","0",,,"0","100","2024-03-08 16:49:16"
"58935d5d4d77be0001689f14",,"0","6","0","1","5","5","1","1","563","1212","1","0","1","1","0.16","0.29","0","0",,,"0","15","2024-03-08 16:49:16"
"5865bdf7a3462300010673e3",,"2","31","6","2","5","5","1","0","483","567","1","0","2","3","0.37","0.63","0","0",,,"1","95","2024-03-08 16:49:18"
"601b9077694f034f0092dd8f",,"5","57","12","2","5","5","1","0","400","547","1","0","1","4","0.12","0.71","0","0",,,"1","105","2024-03-08 16:49:18"
"58935d5d4d77be0001689f14",,"0","7","14","2","5","5","0","1","484","745","0","1","1","4","0.16","0.84","0","0",,,"1","20","2024-03-08 16:49:19"
"601b9077694f034f0092dd8f",,"5","58","9","2","5","5","1","0","480","648","1","0","1","4","0.29","0.71","0","0",,,"1","110","2024-03-08 16:49:21"
"5865bdf7a3462300010673e3",,"2","32","1","2","5","5","1","0","783","867","1","0","4","4","0.71","0.84","0","0",,,"0","95","2024-03-08 16:49:21"
"58935d5d4d77be0001689f14",,"0","8","0","2","5","5","0","1","920","1448","0","1","1","1","0.16","0.29","0","0",,,"0","20","2024-03-08 16:49:22"
"601b9077694f034f0092dd8f",,"5","59","10","1","5","5","0","0","418","587","0","1","1","3","0.16","0.63","0","0",,,"0","110","2024-03-08 16:49:23"
"5865bdf7a3462300010673e3",,"2","33","2","1","5","5","1","1","500","1351","1","1","1","2","0.22","0.37","0","0",,,"0","95","2024-03-08 16:49:24"
"58935d5d4d77be0001689f14",,"0","9","9","2","5","5","0","1","545","696","0","1","1","4","0.29","0.71","0","0",,,"1","25","2024-03-08 16:49:25"
"601b9077694f034f0092dd8f",,"5","60","2","1","5","5","0","0","547","650","0","1","1","2","0.22","0.37","0","0",,,"0","110","2024-03-08 16:49:26"
"5e1371f92b12bd9a96c2d902",,"3","9","6","1","5","5","1","1","1417","1717","1","0","2","3","0.37","0.63","0","0",,,"1","20","2024-03-08 16:49:27"
"5865bdf7a3462300010673e3",,"2","34","6","2","5","5","0","1","483","633","0","1","2","3","0.37","0.63","0","0",,,"1","100","2024-03-08 16:49:27"
"58935d5d4d77be0001689f14",,"0","10","2","2","5","5","0","1","460","745","0","1","1","2","0.22","0.37","0","0",,,"1","30","2024-03-08 16:49:27"
"601b9077694f034f0092dd8f",,"5","61","7","2","5","5","1","0","498","602","1","0","3","4","0.55","0.88","0","0",,,"1","115","2024-03-08 16:49:29"
"5865bdf7a3462300010673e3",,"2","35","8","2","5","5","0","1","667","767","0","1","1","2","0.12","0.45","0","0",,,"0","100","2024-03-08 16:49:29"
"58935d5d4d77be0001689f14",,"0","11","1","2","5","5","0","1","1278","1460","0","1","4","4","0.71","0.84","0","0",,,"1","35","2024-03-08 16:49:30"
"601b9077694f034f0092dd8f",,"5","62","14","2","5","5","1","0","450","602","1","0","1","4","0.16","0.84","0","0",,,"1","120","2024-03-08 16:49:31"
"5e1371f92b12bd9a96c2d902",,"3","10","9","2","5","5","1","0","782","1016","1","0","1","4","0.29","0.71","0","0",,,"1","25","2024-03-08 16:49:32"
"5865bdf7a3462300010673e3",,"2","36","5","2","5","5","1","0","533","633","1","0","1","2","0.22","0.45","0","0",,,"1","105","2024-03-08 16:49:32"
"58935d5d4d77be0001689f14",,"0","12","10","2","5","5","1","0","618","897","1","0","1","3","0.16","0.63","0","0",,,"0","35","2024-03-08 16:49:33"
"601b9077694f034f0092dd8f",,"5","63","14","2","5","5","0","1","413","582","0","1","1","4","0.16","0.84","0","0",,,"1","125","2024-03-08 16:49:33"
"5865bdf7a3462300010673e3",,"2","37","15","2","5","5","0","1","467","533","0","1","1","4","0.12","0.88","0","0",,,"1","110","2024-03-08 16:49:34"
"5e1371f92b12bd9a96c2d902",,"3","11","4","1","5","5","1","1","1000","1284","1","0","3","4","0.55","0.78","0","0",,,"0","25","2024-03-08 16:49:37"
"5865bdf7a3462300010673e3",,"2","38","7","2","5","5","0","1","533","650","0","1","3","4","0.55","0.88","0","0",,,"1","115","2024-03-08 16:49:37"
"58935d5d4d77be0001689f14",,"0","13","11","2","5","5","1","0","2296","2576","1","0","2","4","0.37","0.84","0","0",,,"1","40","2024-03-08 16:49:37"
"5865bdf7a3462300010673e3",,"2","39","0","2","5","5","1","0","617","734","1","0","1","1","0.16","0.29","0","0",,,"0","115","2024-03-08 16:49:39"
"5e1371f92b12bd9a96c2d902",,"3","12","8","1","5","5","1","1","1116","1316","1","0","1","2","0.12","0.45","0","0",,,"0","25","2024-03-08 16:49:41"
"5865bdf7a3462300010673e3",,"2","40","2","1","5","5","0","0","817","1017","0","1","1","2","0.22","0.37","0","0",,,"1","120","2024-03-08 16:49:42"
"5865bdf7a3462300010673e3",,"2","41","7","2","5","5","0","1","733","834","0","1","3","4","0.55","0.88","0","0",,,"1","125","2024-03-08 16:49:45"
"5e1371f92b12bd9a96c2d902",,"3","13","5","2","5","5","0","1","651","917","0","1","1","2","0.22","0.45","0","0",,,"0","25","2024-03-08 16:49:45"
"5865bdf7a3462300010673e3",,"2","42","14","2","5","5","0","1","583","667","0","1","1","4","0.16","0.84","0","0",,,"1","130","2024-03-08 16:49:47"
"5e1371f92b12bd9a96c2d902",,"3","14","0","2","5","5","0","1","617","833","0","1","1","1","0.16","0.29","0","0",,,"1","30","2024-03-08 16:49:49"
"5865bdf7a3462300010673e3",,"2","43","15","2","5","5","0","1","466","550","0","1","1","4","0.12","0.88","0","0",,,"1","135","2024-03-08 16:49:49"
"5865bdf7a3462300010673e3",,"2","44","10","2","5","5","1","0","533","617","1","0","1","3","0.16","0.63","0","0",,,"1","140","2024-03-08 16:49:52"
"5e1371f92b12bd9a96c2d902",,"3","15","12","2","5","5","0","1","583","850","0","1","1","4","0.12","0.71","0","0",,,"1","35","2024-03-08 16:49:54"
"5865bdf7a3462300010673e3",,"2","45","10","2","5","5","1","0","517","584","1","0","1","3","0.16","0.63","0","0",,,"0","140","2024-03-08 16:49:54"
"5865bdf7a3462300010673e3",,"2","46","4","2","5","5","1","0","517","633","1","0","3","4","0.55","0.78","0","0",,,"1","145","2024-03-08 16:49:57"
"5e1371f92b12bd9a96c2d902",,"3","16","13","2","5","5","1","0","816","1883","1","1","1","4","0.29","0.88","0","0",,,"1","40","2024-03-08 16:49:59"
"5865bdf7a3462300010673e3",,"2","47","11","2","5","5","0","1","483","567","0","1","2","4","0.37","0.84","0","0",,,"1","150","2024-03-08 16:49:59"
"5865bdf7a3462300010673e3",,"2","48","9","2","5","5","0","1","467","567","0","1","1","4","0.29","0.71","0","0",,,"1","155","2024-03-08 16:50:02"
"5865bdf7a3462300010673e3",,"2","49","15","2","5","5","0","1","466","550","0","1","1","4","0.12","0.88","0","0",,,"1","160","2024-03-08 16:50:04"
"5865bdf7a3462300010673e3",,"2","50","12","2","5","5","0","1","483","550","0","1","1","4","0.12","0.71","0","0",,,"0","160","2024-03-08 16:50:06"
"5865bdf7a3462300010673e3",,"2","51","9","2","5","5","0","1","450","500","0","1","1","4","0.29","0.71","0","0",,,"0","160","2024-03-08 16:50:09"
"5865bdf7a3462300010673e3",,"2","52","8","2","5","5","1","0","467","567","1","0","1","2","0.12","0.45","0","0",,,"0","160","2024-03-08 16:50:11"
"5865bdf7a3462300010673e3",,"2","53","3","2","5","5","0","1","667","750","0","1","3","4","0.63","0.78","0","0",,,"1","165","2024-03-08 16:50:14"
"5e1371f92b12bd9a96c2d902",,"3","17","3","2","5","5","0","1","1000","1217","0","1","3","4","0.63","0.78","0","0",,,"1","45","2024-03-08 16:50:15"
"5865bdf7a3462300010673e3",,"2","54","0","1","5","5","1","1","967","1051","1","0","1","1","0.16","0.29","0","0",,,"0","165","2024-03-08 16:50:17"
"5865bdf7a3462300010673e3",,"2","55","14","2","5","5","1","0","516","617","1","0","1","4","0.16","0.84","0","0",,,"1","170","2024-03-08 16:50:19"
"5e1371f92b12bd9a96c2d902",,"3","18","9","2","5","5","1","0","1167","1383","1","0","1","4","0.29","0.71","0","0",,,"0","45","2024-03-08 16:50:20"
"5865bdf7a3462300010673e3",,"2","56","10","2","5","5","1","0","500","617","1","0","1","3","0.16","0.63","0","0",,,"0","170","2024-03-08 16:50:22"
"5865bdf7a3462300010673e3",,"2","57","3","2","5","5","1","0","500","550","1","0","3","4","0.63","0.78","0","0",,,"1","175","2024-03-08 16:50:24"
"5e1371f92b12bd9a96c2d902",,"3","19","3","2","5","5","1","0","599","899","1","0","3","4","0.63","0.78","0","0",,,"1","50","2024-03-08 16:50:25"
"5865bdf7a3462300010673e3",,"2","58","7","2","5","5","1","0","467","550","1","0","3","4","0.55","0.88","0","0",,,"1","180","2024-03-08 16:50:27"
"5865bdf7a3462300010673e3",,"2","59","1","2","5","5","0","1","567","617","0","1","4","4","0.71","0.84","0","0",,,"1","185","2024-03-08 16:50:29"
"5e1371f92b12bd9a96c2d902",,"3","20","7","2","5","5","1","0","617","850","1","0","3","4","0.55","0.88","0","0",,,"1","55","2024-03-08 16:50:29"
"5865bdf7a3462300010673e3",,"2","60","2","1","5","5","1","1","800","884","1","0","1","2","0.22","0.37","0","0",,,"1","190","2024-03-08 16:50:32"
"5e1371f92b12bd9a96c2d902",,"3","21","1","2","5","5","1","0","717","933","1","0","4","4","0.71","0.84","0","0",,,"1","60","2024-03-08 16:50:33"
"58935d5d4d77be0001689f14",,"0","0","8","2","5","5","0","1","1254","1899","1","1","1","2","0.12","0.45","0","0",,,"0","0","2024-03-08 16:50:34"
"5865bdf7a3462300010673e3",,"2","61","12","2","5","5","1","0","700","817","1","0","1","4","0.12","0.71","0","0",,,"1","195","2024-03-08 16:50:34"
"5865bdf7a3462300010673e3",,"2","62","2","2","5","5","1","0","467","584","1","0","1","2","0.22","0.37","0","0",,,"0","195","2024-03-08 16:50:37"
"58935d5d4d77be0001689f14",,"0","1","4","2","5","5","1","0","775","1090","1","0","3","4","0.55","0.78","0","0",,,"1","5","2024-03-08 16:50:37"
"5865bdf7a3462300010673e3",,"2","63","14","2","5","5","1","0","483","567","1","0","1","4","0.16","0.84","0","0",,,"1","200","2024-03-08 16:50:39"
"58935d5d4d77be0001689f14",,"0","2","13","2","5","5","0","1","1036","1187","0","1","1","4","0.29","0.88","0","0",,,"1","10","2024-03-08 16:50:40"
"58935d5d4d77be0001689f14",,"0","3","0","2","5","5","0","1","1460","1612","0","1","1","1","0.16","0.29","0","0",,,"0","10","2024-03-08 16:50:43"
"58935d5d4d77be0001689f14",,"0","4","11","2","5","5","1","0","616","756","1","0","2","4","0.37","0.84","0","0",,,"1","15","2024-03-08 16:50:46"
"58935d5d4d77be0001689f14",,"0","5","12","2","5","5","0","1","502","654","0","1","1","4","0.12","0.71","0","0",,,"0","15","2024-03-08 16:50:48"
"5865bdf7a3462300010673e3",,"3","0","15","2","5","5","0","1","950","1000","0","1","1","4","0.12","0.88","0","0",,,"1","5","2024-03-08 16:50:51"
"58935d5d4d77be0001689f14",,"0","6","15","2","5","5","1","0","496","618","1","0","1","4","0.12","0.88","0","0",,,"1","20","2024-03-08 16:50:51"
"5e1371f92b12bd9a96c2d902",,"3","22","14","2","5","5","0","1","533","1066","1","1","1","4","0.16","0.84","0","0",,,"1","65","2024-03-08 16:50:52"
"5865bdf7a3462300010673e3",,"3","1","2","2","5","5","0","1","683","767","0","1","1","2","0.22","0.37","0","0",,,"0","5","2024-03-08 16:50:53"
"58935d5d4d77be0001689f14",,"0","7","5","2","5","5","1","0","757","1188","1","1","1","2","0.22","0.45","0","0",,,"0","20","2024-03-08 16:50:54"
"5865bdf7a3462300010673e3",,"3","2","12","2","5","5","1","0","433","500","1","0","1","4","0.12","0.71","0","0",,,"1","10","2024-03-08 16:50:56"
"58935d5d4d77be0001689f14",,"0","8","4","2","5","5","1","0","496","630","1","0","3","4","0.55","0.78","0","0",,,"1","25","2024-03-08 16:50:56"
"5865bdf7a3462300010673e3",,"3","3","9","2","5","5","0","1","516","600","0","1","1","4","0.29","0.71","0","0",,,"0","10","2024-03-08 16:50:58"
"58935d5d4d77be0001689f14",,"0","9","3","1","5","5","0","0","78","739","0","2","3","4","0.63","0.78","0","0",,,"1","30","2024-03-08 16:50:59"
"5865bdf7a3462300010673e3",,"3","4","5","2","5","5","1","0","550","600","1","0","1","2","0.22","0.45","0","0",,,"1","15","2024-03-08 16:51:01"
"58935d5d4d77be0001689f14",,"0","10","1","1","5","5","1","1","599","818","1","0","4","4","0.71","0.84","0","0",,,"1","35","2024-03-08 16:51:01"
"5865bdf7a3462300010673e3",,"3","5","8","2","5","5","1","0","500","583","1","0","1","2","0.12","0.45","0","0",,,"1","20","2024-03-08 16:51:03"
"58935d5d4d77be0001689f14",,"0","11","5","1","5","5","0","0","575","727","0","1","1","2","0.22","0.45","0","0",,,"0","35","2024-03-08 16:51:04"
"5e1371f92b12bd9a96c2d902",,"3","23","15","0","5","5","0","0","2582","0","1","0","1","4","0.12","0.88","0","0",,,"0","65","2024-03-08 16:51:04"
"5865bdf7a3462300010673e3",,"3","6","3","2","5","5","0","1","516","634","0","1","3","4","0.63","0.78","0","0",,,"1","25","2024-03-08 16:51:05"
"58935d5d4d77be0001689f14",,"0","12","10","2","5","5","1","0","581","690","1","0","1","3","0.16","0.63","0","0",,,"1","40","2024-03-08 16:51:06"
"5865bdf7a3462300010673e3",,"3","7","7","2","5","5","0","1","466","533","0","1","3","4","0.55","0.88","0","0",,,"1","30","2024-03-08 16:51:08"
"58935d5d4d77be0001689f14",,"0","13","2","1","5","5","0","0","696","830","0","1","1","2","0.22","0.37","0","0",,,"0","40","2024-03-08 16:51:09"
"5865bdf7a3462300010673e3",,"3","8","13","2","5","5","0","1","500","533","0","1","1","4","0.29","0.88","0","0",,,"1","35","2024-03-08 16:51:10"
"58935d5d4d77be0001689f14",,"0","14","4","2","5","5","1","0","363","539","1","0","3","4","0.55","0.78","0","0",,,"1","45","2024-03-08 16:51:11"
"5865bdf7a3462300010673e3",,"3","9","0","2","5","5","1","0","566","667","1","0","1","1","0.16","0.29","0","0",,,"0","35","2024-03-08 16:51:12"
"58935d5d4d77be0001689f14",,"0","15","2","1","5","5","1","1","641","799","1","0","1","2","0.22","0.37","0","0",,,"0","45","2024-03-08 16:51:14"
"5865bdf7a3462300010673e3",,"3","10","15","2","5","5","0","1","466","533","0","1","1","4","0.12","0.88","0","0",,,"1","40","2024-03-08 16:51:15"
"58935d5d4d77be0001689f14",,"0","16","14","2","5","5","1","0","418","557","1","0","1","4","0.16","0.84","0","0",,,"1","50","2024-03-08 16:51:17"
"5865bdf7a3462300010673e3",,"3","11","14","2","5","5","0","1","684","750","0","1","1","4","0.16","0.84","0","0",,,"1","45","2024-03-08 16:51:17"
"58935d5d4d77be0001689f14",,"0","17","12","2","5","5","1","0","454","606","1","0","1","4","0.12","0.71","0","0",,,"1","55","2024-03-08 16:51:19"
"5865bdf7a3462300010673e3",,"3","12","12","2","5","5","1","0","483","567","1","0","1","4","0.12","0.71","0","0",,,"1","50","2024-03-08 16:51:20"
"58935d5d4d77be0001689f14",,"0","18","0","1","5","5","1","1","279","442","1","0","1","1","0.16","0.29","0","0",,,"0","55","2024-03-08 16:51:21"
"5e1371f92b12bd9a96c2d902",,"3","24","0","2","5","5","1","0","166","967","1","0","1","1","0.16","0.29","0","0",,,"1","70","2024-03-08 16:51:21"
"5865bdf7a3462300010673e3",,"3","13","10","2","5","5","0","1","416","500","0","1","1","3","0.16","0.63","0","0",,,"1","55","2024-03-08 16:51:22"
"58935d5d4d77be0001689f14",,"0","19","11","2","5","5","1","0","24","490","2","0","2","4","0.37","0.84","0","0",,,"1","60","2024-03-08 16:51:24"
"5865bdf7a3462300010673e3",,"3","14","11","2","5","5","0","1","466","533","0","1","2","4","0.37","0.84","0","0",,,"1","60","2024-03-08 16:51:24"
"58935d5d4d77be0001689f14",,"0","20","2","1","5","5","1","1","339","545","1","0","1","2","0.22","0.37","0","0",,,"0","60","2024-03-08 16:51:26"
"5865bdf7a3462300010673e3",,"3","15","5","2","5","5","1","0","450","533","1","0","1","2","0.22","0.45","0","0",,,"0","60","2024-03-08 16:51:27"
"58935d5d4d77be0001689f14",,"0","21","9","2","5","5","0","1","115","775","2","1","1","4","0.29","0.71","0","0",,,"1","65","2024-03-08 16:51:29"
"5865bdf7a3462300010673e3",,"3","16","2","2","5","5","0","1","600","684","0","1","1","2","0.22","0.37","0","0",,,"0","60","2024-03-08 16:51:29"
"58935d5d4d77be0001689f14",,"0","22","11","2","5","5","0","1","18","739","2","1","2","4","0.37","0.84","0","0",,,"0","65","2024-03-08 16:51:31"
"5865bdf7a3462300010673e3",,"3","17","3","2","5","5","0","1","467","533","0","1","3","4","0.63","0.78","0","0",,,"0","60","2024-03-08 16:51:32"
"58935d5d4d77be0001689f14",,"0","23","1","2","5","5","0","1","357","472","0","1","4","4","0.71","0.84","0","0",,,"1","70","2024-03-08 16:51:34"
"5865bdf7a3462300010673e3",,"3","18","11","2","5","5","1","0","450","500","1","0","2","4","0.37","0.84","0","0",,,"1","65","2024-03-08 16:51:34"
"58935d5d4d77be0001689f14",,"0","24","11","1","5","5","1","1","539","679","1","0","2","4","0.37","0.84","0","0",,,"0","70","2024-03-08 16:51:36"
"5865bdf7a3462300010673e3",,"3","19","9","2","5","5","0","1","517","600","0","1","1","4","0.29","0.71","0","0",,,"1","70","2024-03-08 16:51:37"
"5e1371f92b12bd9a96c2d902",,"3","25","1","1","5","5","1","1","1451","1667","1","0","4","4","0.71","0.84","0","0",,,"1","75","2024-03-08 16:51:38"
"58935d5d4d77be0001689f14",,"0","25","6","2","5","5","1","0","557","727","1","0","2","3","0.37","0.63","0","0",,,"1","75","2024-03-08 16:51:39"
"5865bdf7a3462300010673e3",,"3","20","0","1","5","5","1","1","800","900","1","0","1","1","0.16","0.29","0","0",,,"0","70","2024-03-08 16:51:40"
"58935d5d4d77be0001689f14",,"0","26","2","1","5","5","0","0","860","1030","0","1","1","2","0.22","0.37","0","0",,,"0","75","2024-03-08 16:51:42"
"5865bdf7a3462300010673e3",,"3","21","2","1","5","5","0","0","567","700","0","1","1","2","0.22","0.37","0","0",,,"0","70","2024-03-08 16:51:42"
"58935d5d4d77be0001689f14",,"0","27","1","2","5","5","1","0","636","769","1","0","4","4","0.71","0.84","0","0",,,"1","80","2024-03-08 16:51:44"
"5865bdf7a3462300010673e3",,"3","22","10","2","5","5","0","1","450","500","0","1","1","3","0.16","0.63","0","0",,,"1","75","2024-03-08 16:51:45"
"58935d5d4d77be0001689f14",,"0","28","10","2","5","5","0","1","478","630","0","1","1","3","0.16","0.63","0","0",,,"1","85","2024-03-08 16:51:47"
"5865bdf7a3462300010673e3",,"3","23","2","2","5","5","1","0","500","583","1","0","1","2","0.22","0.37","0","0",,,"1","80","2024-03-08 16:51:47"
"58935d5d4d77be0001689f14",,"0","29","15","2","5","5","0","1","418","582","0","1","1","4","0.12","0.88","0","0",,,"1","90","2024-03-08 16:51:49"
"5865bdf7a3462300010673e3",,"3","24","7","2","5","5","0","1","550","650","0","1","3","4","0.55","0.88","0","0",,,"1","85","2024-03-08 16:51:50"
"58935d5d4d77be0001689f14",,"0","30","7","2","5","5","1","0","363","514","1","0","3","4","0.55","0.88","0","0",,,"1","95","2024-03-08 16:51:51"
"5865bdf7a3462300010673e3",,"3","25","15","2","5","5","1","0","483","550","1","0","1","4","0.12","0.88","0","0",,,"1","90","2024-03-08 16:51:52"
"58935d5d4d77be0001689f14",,"0","31","1","2","5","5","0","1","442","545","0","1","4","4","0.71","0.84","0","0",,,"1","100","2024-03-08 16:51:53"
"5e1371f92b12bd9a96c2d902",,"3","26","8","2","5","5","0","1","867","1050","0","1","1","2","0.12","0.45","0","0",,,"0","75","2024-03-08 16:51:54"
"5865bdf7a3462300010673e3",,"3","26","4","2","5","5","1","0","500","584","1","0","3","4","0.55","0.78","0","0",,,"1","95","2024-03-08 16:51:54"
"58935d5d4d77be0001689f14",,"0","32","8","2","5","5","1","0","418","496","1","0","1","2","0.12","0.45","0","0",,,"0","100","2024-03-08 16:51:56"
"5865bdf7a3462300010673e3",,"3","27","4","2","5","5","1","0","483","567","1","0","3","4","0.55","0.78","0","0",,,"1","100","2024-03-08 16:51:57"
"58935d5d4d77be0001689f14",,"0","33","6","2","5","5","0","1","399","521","0","1","2","3","0.37","0.63","0","0",,,"0","100","2024-03-08 16:51:58"
"5865bdf7a3462300010673e3",,"3","28","14","2","5","5","0","1","483","567","0","1","1","4","0.16","0.84","0","0",,,"1","105","2024-03-08 16:51:59"
"58935d5d4d77be0001689f14",,"0","34","13","2","5","5","1","0","417","532","1","0","1","4","0.29","0.88","0","0",,,"1","105","2024-03-08 16:52:01"
"5865bdf7a3462300010673e3",,"3","29","7","2","5","5","1","0","383","466","1","0","3","4","0.55","0.88","0","0",,,"0","105","2024-03-08 16:52:01"
"58935d5d4d77be0001689f14",,"0","35","7","1","5","5","1","1","539","763","1","0","3","4","0.55","0.88","0","0",,,"1","110","2024-03-08 16:52:03"
"5865bdf7a3462300010673e3",,"3","30","8","2","5","5","0","1","416","500","0","1","1","2","0.12","0.45","0","0",,,"1","110","2024-03-08 16:52:04"
"58935d5d4d77be0001689f14",,"0","36","14","2","5","5","0","1","435","600","0","1","1","4","0.16","0.84","0","0",,,"1","115","2024-03-08 16:52:06"
"5865bdf7a3462300010673e3",,"3","31","3","2","5","5","1","0","433","550","1","0","3","4","0.63","0.78","0","0",,,"1","115","2024-03-08 16:52:06"
"58935d5d4d77be0001689f14",,"0","37","3","2","5","5","1","0","339","466","1","0","3","4","0.63","0.78","0","0",,,"1","120","2024-03-08 16:52:08"
"5e1371f92b12bd9a96c2d902",,"3","27","4","2","5","5","0","1","1167","1417","0","1","3","4","0.55","0.78","0","0",,,"1","80","2024-03-08 16:52:08"
"5865bdf7a3462300010673e3",,"3","32","6","2","5","5","0","1","500","567","0","1","2","3","0.37","0.63","0","0",,,"0","115","2024-03-08 16:52:08"
"58935d5d4d77be0001689f14",,"0","38","5","2","5","5","1","0","581","751","1","0","1","2","0.22","0.45","0","0",,,"1","125","2024-03-08 16:52:10"
"5865bdf7a3462300010673e3",,"3","33","6","2","5","5","1","0","400","450","1","0","2","3","0.37","0.63","0","0",,,"1","120","2024-03-08 16:52:11"
"58935d5d4d77be0001689f14",,"0","39","0","1","5","5","0","0","520","647","0","1","1","1","0.16","0.29","0","0",,,"0","125","2024-03-08 16:52:13"
"5865bdf7a3462300010673e3",,"3","34","4","2","5","5","1","0","533","617","1","0","3","4","0.55","0.78","0","0",,,"1","125","2024-03-08 16:52:13"
"58935d5d4d77be0001689f14",,"0","40","14","2","5","5","1","0","436","606","1","0","1","4","0.16","0.84","0","0",,,"0","125","2024-03-08 16:52:16"
"5865bdf7a3462300010673e3",,"3","35","5","2","5","5","0","1","500","617","0","1","1","2","0.22","0.45","0","0",,,"1","130","2024-03-08 16:52:16"
"5865bdf7a3462300010673e3",,"3","36","1","2","5","5","1","0","650","734","1","0","4","4","0.71","0.84","0","0",,,"1","135","2024-03-08 16:52:18"
"58935d5d4d77be0001689f14",,"0","41","12","2","5","5","0","1","563","969","1","1","1","4","0.12","0.71","0","0",,,"0","125","2024-03-08 16:52:18"
"5865bdf7a3462300010673e3",,"3","37","15","2","5","5","1","0","500","567","1","0","1","4","0.12","0.88","0","0",,,"1","140","2024-03-08 16:52:20"
"58935d5d4d77be0001689f14",,"0","42","12","2","5","5","1","0","636","757","1","0","1","4","0.12","0.71","0","0",,,"1","130","2024-03-08 16:52:21"
"5e1371f92b12bd9a96c2d902",,"3","28","1","1","5","5","0","0","866","1034","0","1","4","4","0.71","0.84","0","0",,,"1","85","2024-03-08 16:52:22"
"5865bdf7a3462300010673e3",,"3","38","13","2","5","5","1","0","450","517","1","0","1","4","0.29","0.88","0","0",,,"1","145","2024-03-08 16:52:23"
"58935d5d4d77be0001689f14",,"0","43","10","2","5","5","1","0","520","696","1","0","1","3","0.16","0.63","0","0",,,"1","135","2024-03-08 16:52:24"
"5865bdf7a3462300010673e3",,"3","39","11","2","5","5","1","0","483","567","1","0","2","4","0.37","0.84","0","0",,,"1","150","2024-03-08 16:52:25"
"58935d5d4d77be0001689f14",,"0","44","7","2","5","5","1","0","278","830","1","1","3","4","0.55","0.88","0","0",,,"0","135","2024-03-08 16:52:26"
"5865bdf7a3462300010673e3",,"3","40","3","2","5","5","0","1","567","650","0","1","3","4","0.63","0.78","0","0",,,"1","155","2024-03-08 16:52:28"
"58935d5d4d77be0001689f14",,"0","45","15","2","5","5","0","1","339","521","0","1","1","4","0.12","0.88","0","0",,,"1","140","2024-03-08 16:52:29"
"5865bdf7a3462300010673e3",,"3","41","7","2","5","5","0","1","550","650","0","1","3","4","0.55","0.88","0","0",,,"1","160","2024-03-08 16:52:30"
"58935d5d4d77be0001689f14",,"0","46","6","2","5","5","1","0","418","891","1","1","2","3","0.37","0.63","0","0",,,"1","145","2024-03-08 16:52:31"
"5865bdf7a3462300010673e3",,"3","42","0","1","5","5","1","1","516","834","1","0","1","1","0.16","0.29","0","0",,,"0","160","2024-03-08 16:52:32"
"58935d5d4d77be0001689f14",,"0","47","13","2","5","5","0","1","399","593","0","1","1","4","0.29","0.88","0","0",,,"1","150","2024-03-08 16:52:34"
"5865bdf7a3462300010673e3",,"3","43","9","2","5","5","1","0","483","533","1","0","1","4","0.29","0.71","0","0",,,"1","165","2024-03-08 16:52:35"
"58935d5d4d77be0001689f14",,"0","48","15","2","5","5","1","0","303","448","1","0","1","4","0.12","0.88","0","0",,,"1","155","2024-03-08 16:52:36"
"5865bdf7a3462300010673e3",,"3","44","13","2","5","5","0","1","483","550","0","1","1","4","0.29","0.88","0","0",,,"1","170","2024-03-08 16:52:37"
"58935d5d4d77be0001689f14",,"0","49","10","2","5","5","1","0","460","587","1","0","1","3","0.16","0.63","0","0",,,"0","155","2024-03-08 16:52:38"
"5e1371f92b12bd9a96c2d902",,"3","29","15","1","5","5","1","1","1133","1334","1","0","1","4","0.12","0.88","0","0",,,"0","85","2024-03-08 16:52:39"
"5865bdf7a3462300010673e3",,"3","45","12","2","5","5","1","0","416","467","1","0","1","4","0.12","0.71","0","0",,,"0","170","2024-03-08 16:52:40"
"58935d5d4d77be0001689f14",,"0","50","4","2","5","5","0","1","623","781","0","1","3","4","0.55","0.78","0","0",,,"1","160","2024-03-08 16:52:41"
"5865bdf7a3462300010673e3",,"3","46","4","2","5","5","1","0","450","500","1","0","3","4","0.55","0.78","0","0",,,"1","175","2024-03-08 16:52:42"
"58935d5d4d77be0001689f14",,"0","51","8","2","5","5","1","0","418","594","1","0","1","2","0.12","0.45","0","0",,,"0","160","2024-03-08 16:52:43"
"5865bdf7a3462300010673e3",,"3","47","1","2","5","5","0","1","533","617","0","1","4","4","0.71","0.84","0","0",,,"0","175","2024-03-08 16:52:45"
"58935d5d4d77be0001689f14",,"0","52","0","2","5","5","0","1","539","733","0","1","1","1","0.16","0.29","0","0",,,"0","160","2024-03-08 16:52:46"
"5865bdf7a3462300010673e3",,"3","48","13","2","5","5","1","0","466","533","1","0","1","4","0.29","0.88","0","0",,,"1","180","2024-03-08 16:52:47"
"58935d5d4d77be0001689f14",,"0","53","6","2","5","5","1","0","714","1157","1","1","2","3","0.37","0.63","0","0",,,"1","165","2024-03-08 16:52:49"
"5865bdf7a3462300010673e3",,"3","49","8","2","5","5","0","1","583","717","0","1","1","2","0.12","0.45","0","0",,,"1","185","2024-03-08 16:52:50"
"58935d5d4d77be0001689f14",,"0","54","9","2","5","5","1","0","860","1017","1","0","1","4","0.29","0.71","0","0",,,"1","170","2024-03-08 16:52:52"
"5865bdf7a3462300010673e3",,"3","50","12","2","5","5","1","0","466","533","1","0","1","4","0.12","0.71","0","0",,,"1","190","2024-03-08 16:52:52"
"58935d5d4d77be0001689f14",,"0","55","7","2","5","5","0","1","382","563","0","1","3","4","0.55","0.88","0","0",,,"1","175","2024-03-08 16:52:54"
"5e1371f92b12bd9a96c2d902",,"3","30","11","1","5","5","0","0","1216","1450","0","1","2","4","0.37","0.84","0","0",,,"1","90","2024-03-08 16:52:54"
"5865bdf7a3462300010673e3",,"3","51","10","2","5","5","0","1","483","567","0","1","1","3","0.16","0.63","0","0",,,"0","190","2024-03-08 16:52:54"
"58935d5d4d77be0001689f14",,"0","56","13","2","5","5","0","1","678","818","0","1","1","4","0.29","0.88","0","0",,,"1","180","2024-03-08 16:52:56"
"5865bdf7a3462300010673e3",,"3","52","6","2","5","5","1","0","433","483","1","0","2","3","0.37","0.63","0","0",,,"1","195","2024-03-08 16:52:57"
"58935d5d4d77be0001689f14",,"0","57","9","2","5","5","1","0","581","697","1","0","1","4","0.29","0.71","0","0",,,"1","185","2024-03-08 16:52:59"
"5865bdf7a3462300010673e3",,"3","53","14","2","5","5","1","0","550","600","1","0","1","4","0.16","0.84","0","0",,,"1","200","2024-03-08 16:52:59"
"58935d5d4d77be0001689f14",,"0","58","8","2","5","5","0","1","684","817","0","1","1","2","0.12","0.45","0","0",,,"1","190","2024-03-08 16:53:01"
"5865bdf7a3462300010673e3",,"3","54","10","2","5","5","1","0","483","550","1","0","1","3","0.16","0.63","0","0",,,"1","205","2024-03-08 16:53:02"
"58935d5d4d77be0001689f14",,"0","59","9","2","5","5","1","0","454","581","1","0","1","4","0.29","0.71","0","0",,,"0","190","2024-03-08 16:53:04"
"5865bdf7a3462300010673e3",,"3","55","0","2","5","5","0","1","733","834","0","1","1","1","0.16","0.29","0","0",,,"0","205","2024-03-08 16:53:04"
"58935d5d4d77be0001689f14",,"0","60","5","2","5","5","0","1","478","605","0","1","1","2","0.22","0.45","0","0",,,"0","190","2024-03-08 16:53:06"
"5865bdf7a3462300010673e3",,"3","56","14","2","5","5","1","0","483","517","1","0","1","4","0.16","0.84","0","0",,,"1","210","2024-03-08 16:53:07"
"58935d5d4d77be0001689f14",,"0","61","3","2","5","5","0","1","521","727","0","1","3","4","0.63","0.78","0","0",,,"1","195","2024-03-08 16:53:09"
"5865bdf7a3462300010673e3",,"3","57","1","2","5","5","0","1","633","667","0","1","4","4","0.71","0.84","0","0",,,"1","215","2024-03-08 16:53:09"
"5e1371f92b12bd9a96c2d902",,"3","31","6","1","5","5","0","0","1033","1266","0","1","2","3","0.37","0.63","0","0",,,"1","95","2024-03-08 16:53:10"
"58935d5d4d77be0001689f14",,"0","62","14","2","5","5","0","1","557","714","0","1","1","4","0.16","0.84","0","0",,,"1","200","2024-03-08 16:53:11"
"5865bdf7a3462300010673e3",,"3","58","5","2","5","5","0","1","600","634","0","1","1","2","0.22","0.45","0","0",,,"1","220","2024-03-08 16:53:12"
"58935d5d4d77be0001689f14",,"0","63","3","2","5","5","1","0","541","745","1","0","3","4","0.63","0.78","0","0",,,"1","205","2024-03-08 16:53:14"
"5865bdf7a3462300010673e3",,"3","59","6","2","5","5","1","0","600","650","1","0","2","3","0.37","0.63","0","0",,,"0","220","2024-03-08 16:53:14"
"5e1371f92b12bd9a96c2d902",,"3","32","1","2","5","5","0","1","1032","1266","0","1","4","4","0.71","0.84","0","0",,,"1","100","2024-03-08 16:53:15"
"5865bdf7a3462300010673e3",,"3","60","1","2","5","5","0","1","650","683","0","1","4","4","0.71","0.84","0","0",,,"1","225","2024-03-08 16:53:17"
"5865bdf7a3462300010673e3",,"3","61","9","2","5","5","0","1","634","684","0","1","1","4","0.29","0.71","0","0",,,"1","230","2024-03-08 16:53:19"
"5865bdf7a3462300010673e3",,"3","62","11","2","5","5","0","1","466","517","0","1","2","4","0.37","0.84","0","0",,,"1","235","2024-03-08 16:53:21"
"5865bdf7a3462300010673e3",,"3","63","8","2","5","5","1","0","416","500","1","0","1","2","0.12","0.45","0","0",,,"0","235","2024-03-08 16:53:24"
"5e1371f92b12bd9a96c2d902",,"3","33","9","2","5","5","1","0","817","1483","1","1","1","4","0.29","0.71","0","0",,,"0","100","2024-03-08 16:53:28"
"58935d5d4d77be0001689f14",,"1","0","14","2","5","5","1","0","660","1151","1","1","1","4","0.16","0.84","0","0",,,"1","5","2024-03-08 16:53:29"
"58935d5d4d77be0001689f14",,"1","1","12","2","5","5","0","1","418","533","0","1","1","4","0.12","0.71","0","0",,,"1","10","2024-03-08 16:53:31"
"5e1371f92b12bd9a96c2d902",,"3","34","7","1","5","5","1","1","733","949","1","0","3","4","0.55","0.88","0","0",,,"0","100","2024-03-08 16:53:32"
"58935d5d4d77be0001689f14",,"1","2","0","2","5","5","1","0","478","575","1","0","1","1","0.16","0.29","0","0",,,"1","15","2024-03-08 16:53:34"
"5865bdf7a3462300010673e3",,"4","0","12","2","5","5","0","1","850","934","0","1","1","4","0.12","0.71","0","0",,,"0","0","2024-03-08 16:53:35"
"58935d5d4d77be0001689f14",,"1","3","14","2","5","5","1","0","660","927","1","1","1","4","0.16","0.84","0","0",,,"1","20","2024-03-08 16:53:36"
"5e1371f92b12bd9a96c2d902",,"3","35","9","2","5","5","0","1","534","768","0","1","1","4","0.29","0.71","0","0",,,"1","105","2024-03-08 16:53:37"
"5865bdf7a3462300010673e3",,"4","1","0","2","5","5","1","0","650","717","1","0","1","1","0.16","0.29","0","0",,,"0","0","2024-03-08 16:53:37"
"58935d5d4d77be0001689f14",,"1","4","5","2","5","5","1","0","521","678","1","0","1","2","0.22","0.45","0","0",,,"0","20","2024-03-08 16:53:39"
"5865bdf7a3462300010673e3",,"4","2","13","2","5","5","1","0","483","550","1","0","1","4","0.29","0.88","0","0",,,"1","5","2024-03-08 16:53:40"
"5e1371f92b12bd9a96c2d902",,"3","36","7","2","5","5","1","0","667","900","1","0","3","4","0.55","0.88","0","0",,,"1","110","2024-03-08 16:53:41"
"58935d5d4d77be0001689f14",,"1","5","9","2","5","5","0","1","399","514","0","1","1","4","0.29","0.71","0","0",,,"0","20","2024-03-08 16:53:41"
"5865bdf7a3462300010673e3",,"4","3","12","2","5","5","0","1","400","500","0","1","1","4","0.12","0.71","0","0",,,"1","10","2024-03-08 16:53:42"
"58935d5d4d77be0001689f14",,"1","6","3","1","5","5","1","1","460","642","1","0","3","4","0.63","0.78","0","0",,,"1","25","2024-03-08 16:53:44"
"5865bdf7a3462300010673e3",,"4","4","4","2","5","5","1","0","667","733","1","0","3","4","0.55","0.78","0","0",,,"1","15","2024-03-08 16:53:45"
"5e1371f92b12bd9a96c2d902",,"3","37","11","2","5","5","0","1","583","800","0","1","2","4","0.37","0.84","0","0",,,"1","115","2024-03-08 16:53:46"
"58935d5d4d77be0001689f14",,"1","7","14","1","5","5","0","0","502","642","0","1","1","4","0.16","0.84","0","0",,,"0","25","2024-03-08 16:53:46"
"5865bdf7a3462300010673e3",,"4","5","5","2","5","5","1","0","500","550","1","0","1","2","0.22","0.45","0","0",,,"1","20","2024-03-08 16:53:47"
"58935d5d4d77be0001689f14",,"1","8","2","2","5","5","0","1","443","515","0","1","1","2","0.22","0.37","0","0",,,"0","25","2024-03-08 16:53:49"
"5865bdf7a3462300010673e3",,"4","6","14","2","5","5","0","1","467","500","0","1","1","4","0.16","0.84","0","0",,,"1","25","2024-03-08 16:53:49"
"5e1371f92b12bd9a96c2d902",,"3","38","14","2","5","5","1","0","616","865","1","0","1","4","0.16","0.84","0","0",,,"1","120","2024-03-08 16:53:50"
"5865bdf7a3462300010673e3",,"4","7","10","2","5","5","1","0","450","500","1","0","1","3","0.16","0.63","0","0",,,"1","30","2024-03-08 16:53:52"
"58935d5d4d77be0001689f14",,"1","9","9","2","5","5","1","0","781","1072","1","0","1","4","0.29","0.71","0","0",,,"1","30","2024-03-08 16:53:52"
"5865bdf7a3462300010673e3",,"4","8","10","2","5","5","0","1","467","533","0","1","1","3","0.16","0.63","0","0",,,"1","35","2024-03-08 16:53:54"
"58935d5d4d77be0001689f14",,"1","10","7","2","5","5","1","0","660","1388","1","1","3","4","0.55","0.88","0","0",,,"1","35","2024-03-08 16:53:55"
"5865bdf7a3462300010673e3",,"4","9","6","2","5","5","1","0","433","483","1","0","2","3","0.37","0.63","0","0",,,"1","40","2024-03-08 16:53:56"
"58935d5d4d77be0001689f14",,"1","11","1","2","5","5","0","1","617","763","0","1","4","4","0.71","0.84","0","0",,,"1","40","2024-03-08 16:53:57"
"5865bdf7a3462300010673e3",,"4","10","9","2","5","5","1","0","417","1000","1","1","1","4","0.29","0.71","0","0",,,"1","45","2024-03-08 16:53:59"
"58935d5d4d77be0001689f14",,"1","12","9","2","5","5","1","0","939","1157","1","0","1","4","0.29","0.71","0","0",,,"0","40","2024-03-08 16:54:00"
"5865bdf7a3462300010673e3",,"4","11","15","2","5","5","1","0","383","484","1","0","1","4","0.12","0.88","0","0",,,"1","50","2024-03-08 16:54:01"
"58935d5d4d77be0001689f14",,"1","13","5","2","5","5","1","0","460","611","1","0","1","2","0.22","0.45","0","0",,,"0","40","2024-03-08 16:54:03"
"5865bdf7a3462300010673e3",,"4","12","15","2","5","5","0","1","400","467","0","1","1","4","0.12","0.88","0","0",,,"1","55","2024-03-08 16:54:04"
"58935d5d4d77be0001689f14",,"1","14","8","2","5","5","0","1","217","430","0","1","1","2","0.12","0.45","0","0",,,"1","45","2024-03-08 16:54:05"
"5865bdf7a3462300010673e3",,"4","13","8","2","5","5","0","1","466","567","0","1","1","2","0.12","0.45","0","0",,,"1","60","2024-03-08 16:54:06"
"5e1371f92b12bd9a96c2d902",,"3","39","10","2","5","5","0","1","551","769","0","1","1","3","0.16","0.63","0","0",,,"0","120","2024-03-08 16:54:07"
"58935d5d4d77be0001689f14",,"1","15","10","1","5","5","1","1","999","1145","1","0","1","3","0.16","0.63","0","0",,,"0","45","2024-03-08 16:54:08"
"5865bdf7a3462300010673e3",,"4","14","3","2","5","5","0","1","650","1100","1","1","3","4","0.63","0.78","0","0",,,"0","60","2024-03-08 16:54:09"
"58935d5d4d77be0001689f14",,"1","16","0","1","5","5","1","1","218","442","1","0","1","1","0.16","0.29","0","0",,,"0","45","2024-03-08 16:54:11"
"5865bdf7a3462300010673e3",,"4","15","1","2","5","5","0","1","650","717","0","1","4","4","0.71","0.84","0","0",,,"1","65","2024-03-08 16:54:11"
"58935d5d4d77be0001689f14",,"1","17","3","1","5","5","0","0","321","539","0","1","3","4","0.63","0.78","0","0",,,"0","45","2024-03-08 16:54:13"
"5865bdf7a3462300010673e3",,"4","16","13","2","5","5","0","1","467","533","0","1","1","4","0.29","0.88","0","0",,,"1","70","2024-03-08 16:54:14"
"58935d5d4d77be0001689f14",,"1","18","4","2","5","5","0","1","145","466","0","1","3","4","0.55","0.78","0","0",,,"1","50","2024-03-08 16:54:16"
"5865bdf7a3462300010673e3",,"4","17","7","2","5","5","0","1","416","467","0","1","3","4","0.55","0.88","0","0",,,"1","75","2024-03-08 16:54:16"
"58935d5d4d77be0001689f14",,"1","19","5","2","5","5","1","0","223","539","1","0","1","2","0.22","0.45","0","0",,,"0","50","2024-03-08 16:54:18"
"5865bdf7a3462300010673e3",,"4","18","15","2","5","5","0","1","383","433","0","1","1","4","0.12","0.88","0","0",,,"1","80","2024-03-08 16:54:18"
"58935d5d4d77be0001689f14",,"1","20","0","1","5","5","0","0","278","545","0","1","1","1","0.16","0.29","0","0",,,"1","55","2024-03-08 16:54:20"
"5865bdf7a3462300010673e3",,"4","19","0","2","5","5","1","0","617","684","1","0","1","1","0.16","0.29","0","0",,,"0","80","2024-03-08 16:54:21"
"58935d5d4d77be0001689f14",,"1","21","15","1","5","5","1","1","454","618","1","0","1","4","0.12","0.88","0","0",,,"0","55","2024-03-08 16:54:23"
"5865bdf7a3462300010673e3",,"4","20","11","2","5","5","0","1","383","450","0","1","2","4","0.37","0.84","0","0",,,"1","85","2024-03-08 16:54:23"
"5865bdf7a3462300010673e3",,"4","21","4","2","5","5","1","0","450","500","1","0","3","4","0.55","0.78","0","0",,,"1","90","2024-03-08 16:54:25"
"58935d5d4d77be0001689f14",,"1","22","10","2","5","5","0","1","539","672","0","1","1","3","0.16","0.63","0","0",,,"1","60","2024-03-08 16:54:25"
"5865bdf7a3462300010673e3",,"4","22","15","2","5","5","0","1","433","483","0","1","1","4","0.12","0.88","0","0",,,"1","95","2024-03-08 16:54:28"
"58935d5d4d77be0001689f14",,"1","23","2","2","5","5","0","1","436","533","0","1","1","2","0.22","0.37","0","0",,,"0","60","2024-03-08 16:54:28"
"5865bdf7a3462300010673e3",,"4","23","13","2","5","5","1","0","366","417","1","0","1","4","0.29","0.88","0","0",,,"1","100","2024-03-08 16:54:30"
"58935d5d4d77be0001689f14",,"1","24","13","2","5","5","0","1","623","951","1","1","1","4","0.29","0.88","0","0",,,"1","65","2024-03-08 16:54:31"
"5865bdf7a3462300010673e3",,"4","24","3","2","5","5","1","0","483","533","1","0","3","4","0.63","0.78","0","0",,,"0","100","2024-03-08 16:54:32"
"58935d5d4d77be0001689f14",,"1","25","15","2","5","5","1","0","842","1090","1","0","1","4","0.12","0.88","0","0",,,"1","70","2024-03-08 16:54:33"
"5e1371f92b12bd9a96c2d902",,"3","40","12","2","5","5","1","0","617","833","1","0","1","4","0.12","0.71","0","0",,,"0","120","2024-03-08 16:54:34"
"5865bdf7a3462300010673e3",,"4","25","2","2","5","5","0","1","466","533","0","1","1","2","0.22","0.37","0","0",,,"0","100","2024-03-08 16:54:35"
"58935d5d4d77be0001689f14",,"1","26","15","2","5","5","1","0","399","757","1","1","1","4","0.12","0.88","0","0",,,"0","70","2024-03-08 16:54:36"
"5865bdf7a3462300010673e3",,"4","26","5","2","5","5","0","1","500","533","0","1","1","2","0.22","0.45","0","0",,,"1","105","2024-03-08 16:54:37"
"58935d5d4d77be0001689f14",,"1","27","13","1","5","5","0","0","260","387","0","1","1","4","0.29","0.88","0","0",,,"0","70","2024-03-08 16:54:38"
"5865bdf7a3462300010673e3",,"4","27","12","2","5","5","0","1","450","517","0","1","1","4","0.12","0.71","0","0",,,"1","110","2024-03-08 16:54:40"
"58935d5d4d77be0001689f14",,"1","28","9","1","5","5","1","1","358","527","1","0","1","4","0.29","0.71","0","0",,,"0","70","2024-03-08 16:54:41"
"5865bdf7a3462300010673e3",,"4","28","7","2","5","5","0","1","483","533","0","1","3","4","0.55","0.88","0","0",,,"1","115","2024-03-08 16:54:42"
"58935d5d4d77be0001689f14",,"1","29","8","2","5","5","1","0","660","812","1","0","1","2","0.12","0.45","0","0",,,"0","70","2024-03-08 16:54:44"
"5865bdf7a3462300010673e3",,"4","29","6","2","5","5","1","0","567","617","1","0","2","3","0.37","0.63","0","0",,,"1","120","2024-03-08 16:54:44"
"58935d5d4d77be0001689f14",,"1","30","12","2","5","5","0","1","18","721","1","1","1","4","0.12","0.71","0","0",,,"1","75","2024-03-08 16:54:46"
"5865bdf7a3462300010673e3",,"4","30","8","2","5","5","1","0","417","467","1","0","1","2","0.12","0.45","0","0",,,"0","120","2024-03-08 16:54:47"
"58935d5d4d77be0001689f14",,"1","31","7","2","5","5","1","0","539","684","1","0","3","4","0.55","0.88","0","0",,,"1","80","2024-03-08 16:54:49"
"5865bdf7a3462300010673e3",,"4","31","0","2","5","5","0","1","483","550","0","1","1","1","0.16","0.29","0","0",,,"0","120","2024-03-08 16:54:49"
"58935d5d4d77be0001689f14",,"1","32","8","2","5","5","1","0","302","696","1","1","1","2","0.12","0.45","0","0",,,"1","85","2024-03-08 16:54:51"
"5865bdf7a3462300010673e3",,"4","32","1","2","5","5","1","0","500","550","1","0","4","4","0.71","0.84","0","0",,,"0","120","2024-03-08 16:54:52"
"5e1371f92b12bd9a96c2d902",,"3","41","5","2","5","5","1","0","700","883","1","0","1","2","0.22","0.45","0","0",,,"1","125","2024-03-08 16:54:53"
"58935d5d4d77be0001689f14",,"1","33","1","2","5","5","1","0","818","1097","1","0","4","4","0.71","0.84","0","0",,,"1","90","2024-03-08 16:54:54"
"5865bdf7a3462300010673e3",,"4","33","14","2","5","5","0","1","416","483","0","1","1","4","0.16","0.84","0","0",,,"0","120","2024-03-08 16:54:54"
"58935d5d4d77be0001689f14",,"1","34","12","2","5","5","0","1","199","648","0","1","1","4","0.12","0.71","0","0",,,"1","95","2024-03-08 16:54:56"
"5865bdf7a3462300010673e3",,"4","34","11","2","5","5","0","1","466","550","0","1","2","4","0.37","0.84","0","0",,,"1","125","2024-03-08 16:54:57"
"58935d5d4d77be0001689f14",,"1","35","4","2","5","5","1","0","799","927","1","0","3","4","0.55","0.78","0","0",,,"1","100","2024-03-08 16:54:59"
"5865bdf7a3462300010673e3",,"4","35","4","2","5","5","1","0","450","483","1","0","3","4","0.55","0.78","0","0",,,"1","130","2024-03-08 16:54:59"
"5865bdf7a3462300010673e3",,"4","36","5","2","5","5","0","1","400","450","0","1","1","2","0.22","0.45","0","0",,,"1","135","2024-03-08 16:55:01"
"58935d5d4d77be0001689f14",,"1","36","11","2","5","5","0","1","703","866","0","1","2","4","0.37","0.84","0","0",,,"1","105","2024-03-08 16:55:02"
"5865bdf7a3462300010673e3",,"4","37","8","2","5","5","1","0","416","467","1","0","1","2","0.12","0.45","0","0",,,"0","135","2024-03-08 16:55:04"
"5e1371f92b12bd9a96c2d902",,"3","42","11","2","5","5","1","0","2132","2416","1","0","2","4","0.37","0.84","0","0",,,"1","130","2024-03-08 16:55:04"
"58935d5d4d77be0001689f14",,"1","37","1","2","5","5","0","1","800","1090","0","1","4","4","0.71","0.84","0","0",,,"1","110","2024-03-08 16:55:04"
"5865bdf7a3462300010673e3",,"4","38","1","1","5","5","1","1","550","600","1","0","4","4","0.71","0.84","0","0",,,"0","135","2024-03-08 16:55:06"
"58935d5d4d77be0001689f14",,"1","38","7","2","5","5","0","1","581","703","0","1","3","4","0.55","0.88","0","0",,,"1","115","2024-03-08 16:55:07"
"5865bdf7a3462300010673e3",,"4","39","10","2","5","5","0","1","466","500","0","1","1","3","0.16","0.63","0","0",,,"0","135","2024-03-08 16:55:09"
"58935d5d4d77be0001689f14",,"1","39","0","1","5","5","1","1","314","460","1","0","1","1","0.16","0.29","0","0",,,"0","115","2024-03-08 16:55:09"
"5865bdf7a3462300010673e3",,"4","40","1","2","5","5","0","1","650","734","0","1","4","4","0.71","0.84","0","0",,,"1","140","2024-03-08 16:55:11"
"58935d5d4d77be0001689f14",,"1","40","7","2","5","5","0","1","502","606","0","1","3","4","0.55","0.88","0","0",,,"1","120","2024-03-08 16:55:12"
"5865bdf7a3462300010673e3",,"4","41","10","2","5","5","1","0","433","483","1","0","1","3","0.16","0.63","0","0",,,"0","140","2024-03-08 16:55:14"
"58935d5d4d77be0001689f14",,"1","41","11","2","5","5","1","0","357","490","1","0","2","4","0.37","0.84","0","0",,,"1","125","2024-03-08 16:55:14"
"5865bdf7a3462300010673e3",,"4","42","9","2","5","5","0","1","383","450","0","1","1","4","0.29","0.71","0","0",,,"0","140","2024-03-08 16:55:16"
"58935d5d4d77be0001689f14",,"1","42","6","2","5","5","1","0","599","739","1","0","2","3","0.37","0.63","0","0",,,"1","130","2024-03-08 16:55:16"
"5865bdf7a3462300010673e3",,"4","43","7","2","5","5","1","0","400","450","1","0","3","4","0.55","0.88","0","0",,,"1","145","2024-03-08 16:55:19"
"58935d5d4d77be0001689f14",,"1","43","3","2","5","5","1","0","538","690","1","0","3","4","0.63","0.78","0","0",,,"0","130","2024-03-08 16:55:19"
"5865bdf7a3462300010673e3",,"4","44","6","2","5","5","1","0","483","550","1","0","2","3","0.37","0.63","0","0",,,"0","145","2024-03-08 16:55:21"
"58935d5d4d77be0001689f14",,"1","44","2","2","5","5","1","0","442","642","1","0","1","2","0.22","0.37","0","0",,,"0","130","2024-03-08 16:55:21"
"5865bdf7a3462300010673e3",,"4","45","8","2","5","5","0","1","433","467","0","1","1","2","0.12","0.45","0","0",,,"1","150","2024-03-08 16:55:23"
"58935d5d4d77be0001689f14",,"1","45","10","2","5","5","0","1","381","787","1","1","1","3","0.16","0.63","0","0",,,"1","135","2024-03-08 16:55:24"
"5865bdf7a3462300010673e3",,"4","46","11","2","5","5","0","1","500","566","0","1","2","4","0.37","0.84","0","0",,,"1","155","2024-03-08 16:55:26"
"58935d5d4d77be0001689f14",,"1","46","13","2","5","5","1","0","981","1102","1","0","1","4","0.29","0.88","0","0",,,"0","135","2024-03-08 16:55:27"
"5865bdf7a3462300010673e3",,"4","47","11","2","5","5","1","0","466","517","1","0","2","4","0.37","0.84","0","0",,,"1","160","2024-03-08 16:55:28"
"58935d5d4d77be0001689f14",,"1","47","5","2","5","5","1","0","817","1266","1","1","1","2","0.22","0.45","0","0",,,"0","135","2024-03-08 16:55:30"
"5865bdf7a3462300010673e3",,"4","48","0","2","5","5","0","1","617","683","0","1","1","1","0.16","0.29","0","0",,,"0","160","2024-03-08 16:55:31"
"58935d5d4d77be0001689f14",,"1","48","4","2","5","5","0","1","424","545","0","1","3","4","0.55","0.78","0","0",,,"1","140","2024-03-08 16:55:33"
"5865bdf7a3462300010673e3",,"4","49","5","2","5","5","0","1","416","467","0","1","1","2","0.22","0.45","0","0",,,"1","165","2024-03-08 16:55:33"
"5e1371f92b12bd9a96c2d902",,"3","43","14","2","5","5","0","1","1951","2201","0","1","1","4","0.16","0.84","0","0",,,"1","135","2024-03-08 16:55:34"
"58935d5d4d77be0001689f14",,"1","49","6","2","5","5","1","0","860","975","1","0","2","3","0.37","0.63","0","0",,,"1","145","2024-03-08 16:55:35"
"5865bdf7a3462300010673e3",,"4","50","9","2","5","5","1","0","483","533","1","0","1","4","0.29","0.71","0","0",,,"1","170","2024-03-08 16:55:35"
"58935d5d4d77be0001689f14",,"1","50","8","2","5","5","0","1","254","436","0","1","1","2","0.12","0.45","0","0",,,"0","145","2024-03-08 16:55:37"
"5865bdf7a3462300010673e3",,"4","51","2","2","5","5","0","1","483","567","0","1","1","2","0.22","0.37","0","0",,,"0","170","2024-03-08 16:55:38"
"58935d5d4d77be0001689f14",,"1","51","6","2","5","5","0","1","121","630","2","1","2","3","0.37","0.63","0","0",,,"0","145","2024-03-08 16:55:40"
"5865bdf7a3462300010673e3",,"4","52","3","2","5","5","1","0","483","533","1","0","3","4","0.63","0.78","0","0",,,"1","175","2024-03-08 16:55:40"
"58935d5d4d77be0001689f14",,"1","52","4","1","5","5","0","0","363","564","0","1","3","4","0.55","0.78","0","0",,,"0","145","2024-03-08 16:55:43"
"5865bdf7a3462300010673e3",,"4","53","4","2","5","5","1","0","517","567","1","0","3","4","0.55","0.78","0","0",,,"1","180","2024-03-08 16:55:43"
"58935d5d4d77be0001689f14",,"1","53","2","1","5","5","0","0","260","393","0","1","1","2","0.22","0.37","0","0",,,"0","145","2024-03-08 16:55:45"
"5865bdf7a3462300010673e3",,"4","54","7","2","5","5","0","1","533","567","0","1","3","4","0.55","0.88","0","0",,,"1","185","2024-03-08 16:55:45"
"5865bdf7a3462300010673e3",,"4","55","3","2","5","5","0","1","483","534","0","1","3","4","0.63","0.78","0","0",,,"1","190","2024-03-08 16:55:47"
"58935d5d4d77be0001689f14",,"1","54","12","2","5","5","1","0","278","400","1","0","1","4","0.12","0.71","0","0",,,"1","150","2024-03-08 16:55:48"
"58935d5d4d77be0001689f14",,"1","55","14","2","5","5","0","1","436","515","0","1","1","4","0.16","0.84","0","0",,,"1","155","2024-03-08 16:55:50"
"5865bdf7a3462300010673e3",,"4","56","2","2","5","5","0","1","633","683","0","1","1","2","0.22","0.37","0","0",,,"1","195","2024-03-08 16:55:50"
"5865bdf7a3462300010673e3",,"4","57","14","2","5","5","0","1","467","500","0","1","1","4","0.16","0.84","0","0",,,"1","200","2024-03-08 16:55:52"
"58935d5d4d77be0001689f14",,"1","56","15","2","5","5","0","1","42","654","2","1","1","4","0.12","0.88","0","0",,,"1","160","2024-03-08 16:55:52"
"5865bdf7a3462300010673e3",,"4","58","13","2","5","5","1","0","400","433","1","0","1","4","0.29","0.88","0","0",,,"1","205","2024-03-08 16:55:54"
"58935d5d4d77be0001689f14",,"1","57","11","2","5","5","0","1","339","454","0","1","2","4","0.37","0.84","0","0",,,"1","165","2024-03-08 16:55:54"
"5865bdf7a3462300010673e3",,"4","59","2","2","5","5","1","0","417","467","1","0","1","2","0.22","0.37","0","0",,,"1","210","2024-03-08 16:55:57"
"5e1371f92b12bd9a96c2d902",,"3","44","0","2","5","5","1","0","1100","1283","1","0","1","1","0.16","0.29","0","0",,,"0","135","2024-03-08 16:55:57"
"58935d5d4d77be0001689f14",,"1","58","10","2","5","5","1","0","277","829","1","1","1","3","0.16","0.63","0","0",,,"1","170","2024-03-08 16:55:57"
"5865bdf7a3462300010673e3",,"4","60","9","2","5","5","0","1","400","450","0","1","1","4","0.29","0.71","0","0",,,"1","215","2024-03-08 16:55:59"
"58935d5d4d77be0001689f14",,"1","59","1","2","5","5","0","1","375","527","0","1","4","4","0.71","0.84","0","0",,,"1","175","2024-03-08 16:55:59"
"5865bdf7a3462300010673e3",,"4","61","14","2","5","5","0","1","466","516","0","1","1","4","0.16","0.84","0","0",,,"1","220","2024-03-08 16:56:01"
"58935d5d4d77be0001689f14",,"1","60","3","2","5","5","1","0","418","557","1","0","3","4","0.63","0.78","0","0",,,"1","180","2024-03-08 16:56:02"
"5865bdf7a3462300010673e3",,"4","62","12","2","5","5","0","1","400","467","0","1","1","4","0.12","0.71","0","0",,,"0","220","2024-03-08 16:56:04"
"58935d5d4d77be0001689f14",,"1","61","11","2","5","5","0","1","321","442","0","1","2","4","0.37","0.84","0","0",,,"1","185","2024-03-08 16:56:04"
"5865bdf7a3462300010673e3",,"4","63","6","2","5","5","1","0","400","450","1","0","2","3","0.37","0.63","0","0",,,"1","225","2024-03-08 16:56:06"
"58935d5d4d77be0001689f14",,"1","62","13","2","5","5","0","1","381","453","0","1","1","4","0.29","0.88","0","0",,,"1","190","2024-03-08 16:56:06"
"58935d5d4d77be0001689f14",,"1","63","6","2","5","5","0","1","302","672","1","1","2","3","0.37","0.63","0","0",,,"0","190","2024-03-08 16:56:08"
"5e1371f92b12bd9a96c2d902",,"3","45","15","2","5","5","1","0","984","1983","1","1","1","4","0.12","0.88","0","0",,,"1","140","2024-03-08 16:56:16"
"5865bdf7a3462300010673e3",,"5","0","7","2","5","5","1","0","1033","1100","1","0","3","4","0.55","0.88","0","0",,,"1","5","2024-03-08 16:56:17"
"5865bdf7a3462300010673e3",,"5","1","10","2","5","5","1","0","450","483","1","0","1","3","0.16","0.63","0","0",,,"0","5","2024-03-08 16:56:19"
"5e1371f92b12bd9a96c2d902",,"3","46","10","2","5","5","1","0","799","1316","1","0","1","3","0.16","0.63","0","0",,,"0","140","2024-03-08 16:56:20"
"5865bdf7a3462300010673e3",,"5","2","3","2","5","5","0","1","383","450","0","1","3","4","0.63","0.78","0","0",,,"1","10","2024-03-08 16:56:22"
"5865bdf7a3462300010673e3",,"5","3","14","2","5","5","1","0","400","450","1","0","1","4","0.16","0.84","0","0",,,"0","10","2024-03-08 16:56:24"
"5865bdf7a3462300010673e3",,"5","4","7","2","5","5","0","1","416","467","0","1","3","4","0.55","0.88","0","0",,,"1","15","2024-03-08 16:56:26"
"5865bdf7a3462300010673e3",,"5","5","6","2","5","5","0","1","450","483","0","1","2","3","0.37","0.63","0","0",,,"1","20","2024-03-08 16:56:29"
"5865bdf7a3462300010673e3",,"5","6","1","2","5","5","1","0","500","550","1","0","4","4","0.71","0.84","0","0",,,"0","20","2024-03-08 16:56:31"
"5865bdf7a3462300010673e3",,"5","7","5","2","5","5","0","1","466","500","0","1","1","2","0.22","0.45","0","0",,,"0","20","2024-03-08 16:56:34"
"5e1371f92b12bd9a96c2d902",,"3","47","4","2","5","5","0","1","1350","1651","0","1","3","4","0.55","0.78","0","0",,,"1","145","2024-03-08 16:56:36"
"5865bdf7a3462300010673e3",,"5","8","11","2","5","5","0","1","366","433","0","1","2","4","0.37","0.84","0","0",,,"1","25","2024-03-08 16:56:36"
"5865bdf7a3462300010673e3",,"5","9","0","1","5","5","0","0","516","600","0","1","1","1","0.16","0.29","0","0",,,"0","25","2024-03-08 16:56:38"
"5865bdf7a3462300010673e3",,"5","10","4","2","5","5","1","0","450","500","1","0","3","4","0.55","0.78","0","0",,,"1","30","2024-03-08 16:56:41"
"5865bdf7a3462300010673e3",,"5","11","1","2","5","5","1","0","583","650","1","0","4","4","0.71","0.84","0","0",,,"1","35","2024-03-08 16:56:43"
"5865bdf7a3462300010673e3",,"5","12","7","2","5","5","1","0","466","500","1","0","3","4","0.55","0.88","0","0",,,"1","40","2024-03-08 16:56:46"
"5865bdf7a3462300010673e3",,"5","13","10","2","5","5","1","0","433","467","1","0","1","3","0.16","0.63","0","0",,,"0","40","2024-03-08 16:56:48"
"5865bdf7a3462300010673e3",,"5","14","13","2","5","5","0","1","450","500","0","1","1","4","0.29","0.88","0","0",,,"1","45","2024-03-08 16:56:50"
"5e1371f92b12bd9a96c2d902",,"3","48","8","2","5","5","0","1","716","1217","0","1","1","2","0.12","0.45","0","0",,,"0","145","2024-03-08 16:56:52"
"5865bdf7a3462300010673e3",,"5","15","6","2","5","5","0","1","500","550","0","1","2","3","0.37","0.63","0","0",,,"1","50","2024-03-08 16:56:53"
"58935d5d4d77be0001689f14",,"2","0","3","2","5","5","0","1","18","757","1","2","3","4","0.63","0.78","0","0",,,"0","0","2024-03-08 16:56:54"
"5865bdf7a3462300010673e3",,"5","16","8","2","5","5","1","0","416","450","1","0","1","2","0.12","0.45","0","0",,,"0","50","2024-03-08 16:56:55"
"58935d5d4d77be0001689f14",,"2","1","5","2","5","5","0","1","417","539","0","1","1","2","0.22","0.45","0","0",,,"0","0","2024-03-08 16:56:56"
"5865bdf7a3462300010673e3",,"5","17","11","2","5","5","1","0","466","500","1","0","2","4","0.37","0.84","0","0",,,"1","55","2024-03-08 16:56:57"
"58935d5d4d77be0001689f14",,"2","2","13","2","5","5","1","0","399","509","1","0","1","4","0.29","0.88","0","0",,,"1","5","2024-03-08 16:56:59"
"5865bdf7a3462300010673e3",,"5","18","9","2","5","5","0","1","433","467","0","1","1","4","0.29","0.71","0","0",,,"1","60","2024-03-08 16:57:00"
"58935d5d4d77be0001689f14",,"2","3","7","2","5","5","1","0","484","557","1","0","3","4","0.55","0.88","0","0",,,"1","10","2024-03-08 16:57:01"
"5865bdf7a3462300010673e3",,"5","19","8","2","5","5","0","1","450","483","0","1","1","2","0.12","0.45","0","0",,,"0","60","2024-03-08 16:57:02"
"5e1371f92b12bd9a96c2d902",,"3","49","2","2","5","5","0","1","1782","2016","0","1","1","2","0.22","0.37","0","0",,,"1","150","2024-03-08 16:57:03"
"58935d5d4d77be0001689f14",,"2","4","11","2","5","5","1","0","442","545","1","0","2","4","0.37","0.84","0","0",,,"1","15","2024-03-08 16:57:03"
"5865bdf7a3462300010673e3",,"5","20","2","2","5","5","0","1","416","450","0","1","1","2","0.22","0.37","0","0",,,"0","60","2024-03-08 16:57:04"
"58935d5d4d77be0001689f14",,"2","5","7","2","5","5","0","1","521","600","0","1","3","4","0.55","0.88","0","0",,,"1","20","2024-03-08 16:57:06"
"5865bdf7a3462300010673e3",,"5","21","2","2","5","5","1","0","450","500","1","0","1","2","0.22","0.37","0","0",,,"0","60","2024-03-08 16:57:07"
"5e1371f92b12bd9a96c2d902",,"3","50","13","2","5","5","1","0","765","1350","1","0","1","4","0.29","0.88","0","0",,,"1","155","2024-03-08 16:57:08"
"58935d5d4d77be0001689f14",,"2","6","4","2","5","5","1","0","418","503","1","0","3","4","0.55","0.78","0","0",,,"1","25","2024-03-08 16:57:08"
"5865bdf7a3462300010673e3",,"5","22","4","2","5","5","1","0","483","517","1","0","3","4","0.55","0.78","0","0",,,"1","65","2024-03-08 16:57:10"
"58935d5d4d77be0001689f14",,"2","7","15","2","5","5","1","0","375","454","1","0","1","4","0.12","0.88","0","0",,,"1","30","2024-03-08 16:57:10"
"5865bdf7a3462300010673e3",,"5","23","12","2","5","5","1","0","533","584","1","0","1","4","0.12","0.71","0","0",,,"1","70","2024-03-08 16:57:12"
"58935d5d4d77be0001689f14",,"2","8","13","2","5","5","0","1","375","454","0","1","1","4","0.29","0.88","0","0",,,"1","35","2024-03-08 16:57:13"
"5e1371f92b12bd9a96c2d902",,"3","51","6","2","5","5","0","1","666","1317","0","1","2","3","0.37","0.63","0","0",,,"1","160","2024-03-08 16:57:13"
"5865bdf7a3462300010673e3",,"5","24","12","2","5","5","1","0","433","466","1","0","1","4","0.12","0.71","0","0",,,"0","70","2024-03-08 16:57:14"
"58935d5d4d77be0001689f14",,"2","9","14","2","5","5","1","0","478","545","1","0","1","4","0.16","0.84","0","0",,,"1","40","2024-03-08 16:57:15"
"5865bdf7a3462300010673e3",,"5","25","5","2","5","5","1","0","433","467","1","0","1","2","0.22","0.45","0","0",,,"1","75","2024-03-08 16:57:17"
"5e1371f92b12bd9a96c2d902",,"3","52","8","2","5","5","1","0","666","1383","1","0","1","2","0.12","0.45","0","0",,,"0","160","2024-03-08 16:57:17"
"58935d5d4d77be0001689f14",,"2","10","10","2","5","5","1","0","514","588","1","0","1","3","0.16","0.63","0","0",,,"1","45","2024-03-08 16:57:17"
"5865bdf7a3462300010673e3",,"5","26","3","2","5","5","1","0","417","467","1","0","3","4","0.63","0.78","0","0",,,"1","80","2024-03-08 16:57:19"
"58935d5d4d77be0001689f14",,"2","11","4","2","5","5","1","0","702","763","1","0","3","4","0.55","0.78","0","0",,,"1","50","2024-03-08 16:57:20"
"5865bdf7a3462300010673e3",,"5","27","5","2","5","5","1","0","400","450","1","0","1","2","0.22","0.45","0","0",,,"0","80","2024-03-08 16:57:21"
"5e1371f92b12bd9a96c2d902",,"3","53","6","2","5","5","1","0","749","1016","1","0","2","3","0.37","0.63","0","0",,,"1","165","2024-03-08 16:57:22"
"58935d5d4d77be0001689f14",,"2","12","11","2","5","5","0","1","314","436","0","1","2","4","0.37","0.84","0","0",,,"1","55","2024-03-08 16:57:22"
"5865bdf7a3462300010673e3",,"5","28","9","2","5","5","1","0","383","450","1","0","1","4","0.29","0.71","0","0",,,"1","85","2024-03-08 16:57:24"
"58935d5d4d77be0001689f14",,"2","13","5","2","5","5","1","0","78","648","2","0","1","2","0.22","0.45","0","0",,,"0","55","2024-03-08 16:57:24"
"5865bdf7a3462300010673e3",,"5","29","14","2","5","5","1","0","400","450","1","0","1","4","0.16","0.84","0","0",,,"0","85","2024-03-08 16:57:26"
"58935d5d4d77be0001689f14",,"2","14","9","2","5","5","0","1","181","575","1","1","1","4","0.29","0.71","0","0",,,"0","55","2024-03-08 16:57:27"
"5865bdf7a3462300010673e3",,"5","30","15","2","5","5","0","1","466","500","0","1","1","4","0.12","0.88","0","0",,,"1","90","2024-03-08 16:57:28"
"58935d5d4d77be0001689f14",,"2","15","14","2","5","5","1","0","375","539","1","0","1","4","0.16","0.84","0","0",,,"1","60","2024-03-08 16:57:29"
"5865bdf7a3462300010673e3",,"5","31","2","2","5","5","1","0","450","500","1","0","1","2","0.22","0.37","0","0",,,"0","90","2024-03-08 16:57:31"
"58935d5d4d77be0001689f14",,"2","16","11","2","5","5","0","1","636","757","0","1","2","4","0.37","0.84","0","0",,,"1","65","2024-03-08 16:57:32"
"5865bdf7a3462300010673e3",,"5","32","13","2","5","5","1","0","350","383","1","0","1","4","0.29","0.88","0","0",,,"1","95","2024-03-08 16:57:33"
"5e1371f92b12bd9a96c2d902",,"3","54","4","2","5","5","1","0","1449","1749","1","0","3","4","0.55","0.78","0","0",,,"1","170","2024-03-08 16:57:34"
"58935d5d4d77be0001689f14",,"2","17","12","2","5","5","1","0","660","757","1","0","1","4","0.12","0.71","0","0",,,"1","70","2024-03-08 16:57:34"
"5865bdf7a3462300010673e3",,"5","33","15","2","5","5","1","0","416","467","1","0","1","4","0.12","0.88","0","0",,,"1","100","2024-03-08 16:57:36"
"58935d5d4d77be0001689f14",,"2","18","15","2","5","5","0","1","357","466","0","1","1","4","0.12","0.88","0","0",,,"0","70","2024-03-08 16:57:37"
"5865bdf7a3462300010673e3",,"5","34","0","1","5","5","1","1","467","567","1","0","1","1","0.16","0.29","0","0",,,"0","100","2024-03-08 16:57:38"
"58935d5d4d77be0001689f14",,"2","19","5","2","5","5","1","0","145","587","1","1","1","2","0.22","0.45","0","0",,,"1","75","2024-03-08 16:57:39"
"5865bdf7a3462300010673e3",,"5","35","15","2","5","5","0","1","416","450","0","1","1","4","0.12","0.88","0","0",,,"1","105","2024-03-08 16:57:40"
"58935d5d4d77be0001689f14",,"2","20","10","2","5","5","0","1","399","508","0","1","1","3","0.16","0.63","0","0",,,"1","80","2024-03-08 16:57:41"
"5865bdf7a3462300010673e3",,"5","36","4","2","5","5","1","0","500","551","1","0","3","4","0.55","0.78","0","0",,,"0","105","2024-03-08 16:57:43"
"58935d5d4d77be0001689f14",,"2","21","9","2","5","5","0","1","381","466","0","1","1","4","0.29","0.71","0","0",,,"1","85","2024-03-08 16:57:44"
"5865bdf7a3462300010673e3",,"5","37","0","2","5","5","0","1","533","567","0","1","1","1","0.16","0.29","0","0",,,"1","110","2024-03-08 16:57:45"
"58935d5d4d77be0001689f14",,"2","22","5","2","5","5","0","1","999","1151","0","1","1","2","0.22","0.45","0","0",,,"0","85","2024-03-08 16:57:46"
"5865bdf7a3462300010673e3",,"5","38","3","2","5","5","1","0","517","567","1","0","3","4","0.63","0.78","0","0",,,"1","115","2024-03-08 16:57:48"
"58935d5d4d77be0001689f14",,"2","23","3","2","5","5","0","1","696","1109","1","1","3","4","0.63","0.78","0","0",,,"1","90","2024-03-08 16:57:50"
"5865bdf7a3462300010673e3",,"5","39","1","2","5","5","1","0","583","617","1","0","4","4","0.71","0.84","0","0",,,"1","120","2024-03-08 16:57:50"
"5e1371f92b12bd9a96c2d902",,"3","55","2","1","5","5","0","0","1934","2384","0","1","1","2","0.22","0.37","0","0",,,"1","175","2024-03-08 16:57:50"
"58935d5d4d77be0001689f14",,"2","24","7","2","5","5","0","1","521","660","0","1","3","4","0.55","0.88","0","0",,,"1","95","2024-03-08 16:57:52"
"5865bdf7a3462300010673e3",,"5","40","3","2","5","5","1","0","450","500","1","0","3","4","0.63","0.78","0","0",,,"0","120","2024-03-08 16:57:52"
"58935d5d4d77be0001689f14",,"2","25","10","1","5","5","1","1","424","551","1","0","1","3","0.16","0.63","0","0",,,"0","95","2024-03-08 16:57:54"
"5865bdf7a3462300010673e3",,"5","41","4","2","5","5","0","1","450","500","0","1","3","4","0.55","0.78","0","0",,,"1","125","2024-03-08 16:57:55"
"58935d5d4d77be0001689f14",,"2","26","10","2","5","5","1","0","375","757","1","1","1","3","0.16","0.63","0","0",,,"1","100","2024-03-08 16:57:57"
"5865bdf7a3462300010673e3",,"5","42","14","2","5","5","1","0","517","550","1","0","1","4","0.16","0.84","0","0",,,"1","130","2024-03-08 16:57:57"
"58935d5d4d77be0001689f14",,"2","27","9","2","5","5","1","0","339","721","1","1","1","4","0.29","0.71","0","0",,,"0","100","2024-03-08 16:57:59"
"5865bdf7a3462300010673e3",,"5","43","9","2","5","5","0","1","483","517","0","1","1","4","0.29","0.71","0","0",,,"1","135","2024-03-08 16:57:59"
"5865bdf7a3462300010673e3",,"5","44","8","2","5","5","0","1","517","583","0","1","1","2","0.12","0.45","0","0",,,"1","140","2024-03-08 16:58:02"
"58935d5d4d77be0001689f14",,"2","28","2","2","5","5","0","1","478","575","0","1","1","2","0.22","0.37","0","0",,,"0","100","2024-03-08 16:58:02"
"5865bdf7a3462300010673e3",,"5","45","13","2","5","5","0","1","467","517","0","1","1","4","0.29","0.88","0","0",,,"1","145","2024-03-08 16:58:04"
"58935d5d4d77be0001689f14",,"2","29","6","2","5","5","0","1","296","550","0","1","2","3","0.37","0.63","0","0",,,"1","105","2024-03-08 16:58:04"
"5865bdf7a3462300010673e3",,"5","46","11","2","5","5","1","0","583","634","1","0","2","4","0.37","0.84","0","0",,,"1","150","2024-03-08 16:58:06"
"58935d5d4d77be0001689f14",,"2","30","0","1","5","5","1","1","400","484","1","0","1","1","0.16","0.29","0","0",,,"0","105","2024-03-08 16:58:07"
"5e1371f92b12bd9a96c2d902",,"3","56","7","1","5","5","1","1","899","1133","1","0","3","4","0.55","0.88","0","0",,,"0","175","2024-03-08 16:58:07"
"5865bdf7a3462300010673e3",,"5","47","2","2","5","5","0","1","400","433","0","1","1","2","0.22","0.37","0","0",,,"1","155","2024-03-08 16:58:09"
"58935d5d4d77be0001689f14",,"2","31","4","2","5","5","1","0","17","339","2","0","3","4","0.55","0.78","0","0",,,"1","110","2024-03-08 16:58:09"
"5865bdf7a3462300010673e3",,"5","48","10","2","5","5","0","1","467","533","0","1","1","3","0.16","0.63","0","0",,,"1","160","2024-03-08 16:58:11"
"58935d5d4d77be0001689f14",,"2","32","3","2","5","5","1","0","24","800","1","2","3","4","0.63","0.78","0","0",,,"0","110","2024-03-08 16:58:12"
"5e1371f92b12bd9a96c2d902",,"3","57","13","2","5","5","0","1","651","1217","1","1","1","4","0.29","0.88","0","0",,,"1","180","2024-03-08 16:58:12"
"5865bdf7a3462300010673e3",,"5","49","6","2","5","5","0","1","466","500","0","1","2","3","0.37","0.63","0","0",,,"1","165","2024-03-08 16:58:13"
"58935d5d4d77be0001689f14",,"2","33","14","2","5","5","0","1","460","539","0","1","1","4","0.16","0.84","0","0",,,"1","115","2024-03-08 16:58:14"
"5865bdf7a3462300010673e3",,"5","50","11","2","5","5","1","0","450","500","1","0","2","4","0.37","0.84","0","0",,,"1","170","2024-03-08 16:58:16"
"58935d5d4d77be0001689f14",,"2","34","3","2","5","5","0","1","418","636","0","1","3","4","0.63","0.78","0","0",,,"1","120","2024-03-08 16:58:17"
"5e1371f92b12bd9a96c2d902",,"3","58","13","2","5","5","0","1","500","701","0","1","1","4","0.29","0.88","0","0",,,"0","180","2024-03-08 16:58:17"
"5865bdf7a3462300010673e3",,"5","51","1","2","5","5","0","1","550","584","0","1","4","4","0.71","0.84","0","0",,,"1","175","2024-03-08 16:58:18"
"58935d5d4d77be0001689f14",,"2","35","9","2","5","5","1","0","381","472","1","0","1","4","0.29","0.71","0","0",,,"0","120","2024-03-08 16:58:19"
"5865bdf7a3462300010673e3",,"5","52","9","2","5","5","0","1","400","433","0","1","1","4","0.29","0.71","0","0",,,"0","175","2024-03-08 16:58:20"
"5e1371f92b12bd9a96c2d902",,"3","59","12","2","5","5","0","1","482","683","0","1","1","4","0.12","0.71","0","0",,,"1","185","2024-03-08 16:58:21"
"58935d5d4d77be0001689f14",,"2","36","2","1","5","5","0","0","521","593","0","1","1","2","0.22","0.37","0","0",,,"0","120","2024-03-08 16:58:21"
"5865bdf7a3462300010673e3",,"5","53","12","2","5","5","0","1","383","433","0","1","1","4","0.12","0.71","0","0",,,"1","180","2024-03-08 16:58:23"
"58935d5d4d77be0001689f14",,"2","37","0","2","5","5","0","1","399","491","0","1","1","1","0.16","0.29","0","0",,,"0","120","2024-03-08 16:58:24"
"5865bdf7a3462300010673e3",,"5","54","14","2","5","5","0","1","400","434","0","1","1","4","0.16","0.84","0","0",,,"1","185","2024-03-08 16:58:25"
"58935d5d4d77be0001689f14",,"2","38","12","2","5","5","1","0","442","551","1","0","1","4","0.12","0.71","0","0",,,"1","125","2024-03-08 16:58:26"
"5865bdf7a3462300010673e3",,"5","55","5","2","5","5","0","1","383","433","0","1","1","2","0.22","0.45","0","0",,,"1","190","2024-03-08 16:58:27"
"58935d5d4d77be0001689f14",,"2","39","13","2","5","5","0","1","502","515","0","1","1","4","0.29","0.88","0","0",,,"1","130","2024-03-08 16:58:29"
"5865bdf7a3462300010673e3",,"5","56","15","2","5","5","1","0","467","500","1","0","1","4","0.12","0.88","0","0",,,"1","195","2024-03-08 16:58:29"
"58935d5d4d77be0001689f14",,"2","40","0","1","5","5","1","1","442","533","1","0","1","1","0.16","0.29","0","0",,,"0","130","2024-03-08 16:58:31"
"5865bdf7a3462300010673e3",,"5","57","6","2","5","5","1","0","466","500","1","0","2","3","0.37","0.63","0","0",,,"0","195","2024-03-08 16:58:32"
"58935d5d4d77be0001689f14",,"2","41","2","2","5","5","0","1","60","660","2","1","1","2","0.22","0.37","0","0",,,"0","130","2024-03-08 16:58:34"
"5865bdf7a3462300010673e3",,"5","58","12","2","5","5","1","0","433","483","1","0","1","4","0.12","0.71","0","0",,,"1","200","2024-03-08 16:58:34"
"58935d5d4d77be0001689f14",,"2","42","6","2","5","5","0","1","302","727","1","1","2","3","0.37","0.63","0","0",,,"1","135","2024-03-08 16:58:36"
"5865bdf7a3462300010673e3",,"5","59","7","2","5","5","1","0","500","550","1","0","3","4","0.55","0.88","0","0",,,"1","205","2024-03-08 16:58:37"
"5865bdf7a3462300010673e3",,"5","60","13","2","5","5","1","0","417","450","1","0","1","4","0.29","0.88","0","0",,,"1","210","2024-03-08 16:58:39"
"58935d5d4d77be0001689f14",,"2","43","14","2","5","5","1","0","739","896","1","0","1","4","0.16","0.84","0","0",,,"1","140","2024-03-08 16:58:39"
"5e1371f92b12bd9a96c2d902",,"3","60","15","2","5","5","0","1","433","716","0","1","1","4","0.12","0.88","0","0",,,"1","190","2024-03-08 16:58:40"
"5865bdf7a3462300010673e3",,"5","61","10","2","5","5","1","0","433","483","1","0","1","3","0.16","0.63","0","0",,,"1","215","2024-03-08 16:58:41"
"58935d5d4d77be0001689f14",,"2","44","1","1","5","5","0","0","460","721","1","1","4","4","0.71","0.84","0","0",,,"1","145","2024-03-08 16:58:41"
"5865bdf7a3462300010673e3",,"5","62","0","2","5","5","1","0","550","617","1","0","1","1","0.16","0.29","0","0",,,"1","220","2024-03-08 16:58:43"
"58935d5d4d77be0001689f14",,"2","45","4","2","5","5","1","0","296","394","1","0","3","4","0.55","0.78","0","0",,,"1","150","2024-03-08 16:58:44"
"5865bdf7a3462300010673e3",,"5","63","8","2","5","5","1","0","416","467","1","0","1","2","0.12","0.45","0","0",,,"1","225","2024-03-08 16:58:46"
"58935d5d4d77be0001689f14",,"2","46","8","2","5","5","0","1","399","496","0","1","1","2","0.12","0.45","0","0",,,"1","155","2024-03-08 16:58:46"
"58935d5d4d77be0001689f14",,"2","47","8","2","5","5","1","0","278","672","1","1","1","2","0.12","0.45","0","0",,,"0","155","2024-03-08 16:58:48"
"58935d5d4d77be0001689f14",,"2","48","0","1","5","5","1","1","320","406","1","0","1","1","0.16","0.29","0","0",,,"0","155","2024-03-08 16:58:51"
"58935d5d4d77be0001689f14",,"2","49","8","2","5","5","1","0","339","684","1","1","1","2","0.12","0.45","0","0",,,"1","160","2024-03-08 16:58:53"
"58935d5d4d77be0001689f14",,"2","50","15","2","5","5","0","1","424","484","0","1","1","4","0.12","0.88","0","0",,,"1","165","2024-03-08 16:58:56"
"58935d5d4d77be0001689f14",,"2","51","2","2","5","5","0","1","460","551","0","1","1","2","0.22","0.37","0","0",,,"0","165","2024-03-08 16:58:58"
"5e1371f92b12bd9a96c2d902",,"3","61","2","2","5","5","1","0","615","1349","1","1","1","2","0.22","0.37","0","0",,,"0","190","2024-03-08 16:59:00"
"58935d5d4d77be0001689f14",,"2","52","1","2","5","5","0","1","441","550","0","1","4","4","0.71","0.84","0","0",,,"0","165","2024-03-08 16:59:01"
"58935d5d4d77be0001689f14",,"2","53","12","2","5","5","0","1","399","545","0","1","1","4","0.12","0.71","0","0",,,"1","170","2024-03-08 16:59:03"
"5e1371f92b12bd9a96c2d902",,"3","62","10","2","5","5","0","1","533","766","0","1","1","3","0.16","0.63","0","0",,,"0","190","2024-03-08 16:59:04"
"58935d5d4d77be0001689f14",,"2","54","6","2","5","5","0","1","424","527","0","1","2","3","0.37","0.63","0","0",,,"1","175","2024-03-08 16:59:05"
"58935d5d4d77be0001689f14",,"2","55","12","2","5","5","0","1","460","551","0","1","1","4","0.12","0.71","0","0",,,"1","180","2024-03-08 16:59:08"
"58935d5d4d77be0001689f14",,"2","56","6","2","5","5","0","1","502","557","0","1","2","3","0.37","0.63","0","0",,,"1","185","2024-03-08 16:59:10"
"58935d5d4d77be0001689f14",,"2","57","15","2","5","5","1","0","496","508","1","0","1","4","0.12","0.88","0","0",,,"1","190","2024-03-08 16:59:12"
"58935d5d4d77be0001689f14",,"2","58","13","2","5","5","1","0","375","430","1","0","1","4","0.29","0.88","0","0",,,"0","190","2024-03-08 16:59:14"
"58935d5d4d77be0001689f14",,"2","59","8","2","5","5","0","1","381","460","0","1","1","2","0.12","0.45","0","0",,,"1","195","2024-03-08 16:59:17"
"58935d5d4d77be0001689f14",,"2","60","1","2","5","5","1","0","357","684","1","1","4","4","0.71","0.84","0","0",,,"1","200","2024-03-08 16:59:19"
"5e1371f92b12bd9a96c2d902",,"3","63","3","2","5","5","1","0","583","1250","1","1","3","4","0.63","0.78","0","0",,,"1","195","2024-03-08 16:59:20"
"58935d5d4d77be0001689f14",,"2","61","7","2","5","5","0","1","345","424","0","1","3","4","0.55","0.88","0","0",,,"1","205","2024-03-08 16:59:22"
"58935d5d4d77be0001689f14",,"2","62","11","2","5","5","0","1","502","563","0","1","2","4","0.37","0.84","0","0",,,"1","210","2024-03-08 16:59:24"
"58935d5d4d77be0001689f14",,"2","63","1","1","5","5","1","1","321","394","1","0","4","4","0.71","0.84","0","0",,,"1","215","2024-03-08 16:59:26"
"58935d5d4d77be0001689f14",,"3","0","1","2","5","5","0","1","18","703","1","3","4","4","0.71","0.84","0","0",,,"1","5","2024-03-08 16:59:36"
"58935d5d4d77be0001689f14",,"3","1","10","2","5","5","0","1","399","484","0","1","1","3","0.16","0.63","0","0",,,"1","10","2024-03-08 16:59:38"
"58935d5d4d77be0001689f14",,"3","2","9","2","5","5","1","0","417","496","1","0","1","4","0.29","0.71","0","0",,,"0","10","2024-03-08 16:59:40"
"58935d5d4d77be0001689f14",,"3","3","11","2","5","5","0","1","424","532","0","1","2","4","0.37","0.84","0","0",,,"1","15","2024-03-08 16:59:43"
"58935d5d4d77be0001689f14",,"3","4","5","2","5","5","1","0","321","448","1","0","1","2","0.22","0.45","0","0",,,"0","15","2024-03-08 16:59:45"
"58935d5d4d77be0001689f14",,"3","5","4","1","5","5","0","0","496","593","0","1","3","4","0.55","0.78","0","0",,,"0","15","2024-03-08 16:59:48"
"58935d5d4d77be0001689f14",,"3","6","3","2","5","5","0","1","435","569","0","1","3","4","0.63","0.78","0","0",,,"1","20","2024-03-08 16:59:50"
"58935d5d4d77be0001689f14",,"3","7","15","2","5","5","1","0","563","678","1","0","1","4","0.12","0.88","0","0",,,"1","25","2024-03-08 16:59:53"
"58935d5d4d77be0001689f14",,"3","8","5","2","5","5","1","0","339","775","1","1","1","2","0.22","0.45","0","0",,,"0","25","2024-03-08 16:59:55"
"58935d5d4d77be0001689f14",,"3","9","9","2","5","5","0","1","418","515","0","1","1","4","0.29","0.71","0","0",,,"0","25","2024-03-08 16:59:58"
"58935d5d4d77be0001689f14",,"3","10","3","1","5","5","0","0","321","454","0","1","3","4","0.63","0.78","0","0",,,"1","30","2024-03-08 17:00:00"
"58935d5d4d77be0001689f14",,"3","11","1","2","5","5","1","0","636","715","1","0","4","4","0.71","0.84","0","0",,,"1","35","2024-03-08 17:00:03"
"58935d5d4d77be0001689f14",,"3","12","0","1","5","5","0","0","1024","1085","0","1","1","1","0.16","0.29","0","0",,,"1","40","2024-03-08 17:00:05"
"58935d5d4d77be0001689f14",,"3","13","5","2","5","5","1","0","236","418","1","0","1","2","0.22","0.45","0","0",,,"1","45","2024-03-08 17:00:08"
"58935d5d4d77be0001689f14",,"3","14","6","1","5","5","1","1","199","333","1","0","2","3","0.37","0.63","0","0",,,"0","45","2024-03-08 17:00:10"
"58935d5d4d77be0001689f14",,"3","15","2","1","5","5","0","0","321","411","0","1","1","2","0.22","0.37","0","0",,,"0","45","2024-03-08 17:00:12"
"58935d5d4d77be0001689f14",,"3","16","2","2","5","5","1","0","417","854","1","1","1","2","0.22","0.37","0","0",,,"1","50","2024-03-08 17:00:15"
"58935d5d4d77be0001689f14",,"3","17","14","2","5","5","1","0","442","539","1","0","1","4","0.16","0.84","0","0",,,"1","55","2024-03-08 17:00:17"
"58935d5d4d77be0001689f14",,"3","18","10","1","5","5","0","0","224","412","0","1","1","3","0.16","0.63","0","0",,,"0","55","2024-03-08 17:00:20"
"58935d5d4d77be0001689f14",,"3","19","13","2","5","5","1","0","375","466","1","0","1","4","0.29","0.88","0","0",,,"1","60","2024-03-08 17:00:22"
"58935d5d4d77be0001689f14",,"3","20","12","2","5","5","0","1","344","708","1","1","1","4","0.12","0.71","0","0",,,"1","65","2024-03-08 17:00:24"
"58935d5d4d77be0001689f14",,"3","21","7","2","5","5","1","0","278","370","1","0","3","4","0.55","0.88","0","0",,,"1","70","2024-03-08 17:00:27"
"58935d5d4d77be0001689f14",,"3","22","11","2","5","5","0","1","338","424","0","1","2","4","0.37","0.84","0","0",,,"1","75","2024-03-08 17:00:29"
"58935d5d4d77be0001689f14",,"3","23","14","2","5","5","0","1","284","648","1","1","1","4","0.16","0.84","0","0",,,"1","80","2024-03-08 17:00:31"
"58935d5d4d77be0001689f14",,"3","24","1","2","5","5","1","0","375","491","1","0","4","4","0.71","0.84","0","0",,,"0","80","2024-03-08 17:00:33"
"58935d5d4d77be0001689f14",,"3","25","6","2","5","5","1","0","163","715","2","1","2","3","0.37","0.63","0","0",,,"0","80","2024-03-08 17:00:36"
"58935d5d4d77be0001689f14",,"3","26","11","2","5","5","1","0","363","448","1","0","2","4","0.37","0.84","0","0",,,"1","85","2024-03-08 17:00:39"
"58935d5d4d77be0001689f14",,"3","27","8","2","5","5","1","0","484","782","1","1","1","2","0.12","0.45","0","0",,,"0","85","2024-03-08 17:00:41"
"58935d5d4d77be0001689f14",,"3","28","1","2","5","5","1","0","381","757","1","1","4","4","0.71","0.84","0","0",,,"1","90","2024-03-08 17:00:44"
"58935d5d4d77be0001689f14",,"3","29","13","2","5","5","0","1","418","539","0","1","1","4","0.29","0.88","0","0",,,"1","95","2024-03-08 17:00:46"
"58935d5d4d77be0001689f14",,"3","30","4","2","5","5","1","0","217","478","1","0","3","4","0.55","0.78","0","0",,,"1","100","2024-03-08 17:00:48"
"58935d5d4d77be0001689f14",,"3","31","10","2","5","5","1","0","818","903","1","0","1","3","0.16","0.63","0","0",,,"0","100","2024-03-08 17:00:51"
"58935d5d4d77be0001689f14",,"3","32","2","2","5","5","0","1","96","588","2","1","1","2","0.22","0.37","0","0",,,"1","105","2024-03-08 17:00:54"
"58935d5d4d77be0001689f14",,"3","33","14","2","5","5","1","0","660","757","1","0","1","4","0.16","0.84","0","0",,,"1","110","2024-03-08 17:00:56"
"58935d5d4d77be0001689f14",,"3","34","8","2","5","5","1","0","400","497","1","0","1","2","0.12","0.45","0","0",,,"1","115","2024-03-08 17:00:58"
"58935d5d4d77be0001689f14",,"3","35","12","2","5","5","1","0","436","557","1","0","1","4","0.12","0.71","0","0",,,"1","120","2024-03-08 17:01:01"
"58935d5d4d77be0001689f14",,"3","36","12","2","5","5","1","0","557","655","1","0","1","4","0.12","0.71","0","0",,,"1","125","2024-03-08 17:01:03"
"58935d5d4d77be0001689f14",,"3","37","7","2","5","5","0","1","78","278","0","2","3","4","0.55","0.88","0","0",,,"1","130","2024-03-08 17:01:05"
"58935d5d4d77be0001689f14",,"3","38","3","2","5","5","0","1","357","430","0","1","3","4","0.63","0.78","0","0",,,"0","130","2024-03-08 17:01:07"
"58935d5d4d77be0001689f14",,"3","39","12","2","5","5","1","0","678","721","1","0","1","4","0.12","0.71","0","0",,,"1","135","2024-03-08 17:01:10"
"58935d5d4d77be0001689f14",,"3","40","11","2","5","5","1","0","399","521","1","0","2","4","0.37","0.84","0","0",,,"1","140","2024-03-08 17:01:12"
"58935d5d4d77be0001689f14",,"3","41","15","2","5","5","1","0","417","490","1","0","1","4","0.12","0.88","0","0",,,"1","145","2024-03-08 17:01:15"
"58935d5d4d77be0001689f14",,"3","42","5","2","5","5","1","0","460","545","1","0","1","2","0.22","0.45","0","0",,,"0","145","2024-03-08 17:01:17"
"58935d5d4d77be0001689f14",,"3","43","13","2","5","5","1","0","581","630","1","0","1","4","0.29","0.88","0","0",,,"1","150","2024-03-08 17:01:20"
"58935d5d4d77be0001689f14",,"3","44","6","1","5","5","0","0","363","454","0","1","2","3","0.37","0.63","0","0",,,"1","155","2024-03-08 17:01:22"
"58935d5d4d77be0001689f14",,"3","45","13","2","5","5","0","1","454","496","0","1","1","4","0.29","0.88","0","0",,,"1","160","2024-03-08 17:01:24"
"58935d5d4d77be0001689f14",,"3","46","14","2","5","5","0","1","442","539","0","1","1","4","0.16","0.84","0","0",,,"0","160","2024-03-08 17:01:26"
"58935d5d4d77be0001689f14",,"3","47","15","2","5","5","1","0","357","757","1","0","1","4","0.12","0.88","0","0",,,"1","165","2024-03-08 17:01:29"
"58935d5d4d77be0001689f14",,"3","48","2","2","5","5","0","1","581","636","0","1","1","2","0.22","0.37","0","0",,,"1","170","2024-03-08 17:01:31"
"58935d5d4d77be0001689f14",,"3","49","9","2","5","5","1","0","302","399","1","0","1","4","0.29","0.71","0","0",,,"1","175","2024-03-08 17:01:34"
"58935d5d4d77be0001689f14",,"3","50","8","2","5","5","1","0","417","490","1","0","1","2","0.12","0.45","0","0",,,"0","175","2024-03-08 17:01:36"
"58935d5d4d77be0001689f14",,"3","51","9","2","5","5","0","1","460","521","0","1","1","4","0.29","0.71","0","0",,,"0","175","2024-03-08 17:01:38"
"58935d5d4d77be0001689f14",,"3","52","0","1","5","5","1","1","539","660","1","0","1","1","0.16","0.29","0","0",,,"0","175","2024-03-08 17:01:41"
"58935d5d4d77be0001689f14",,"3","53","0","2","5","5","0","1","478","575","0","1","1","1","0.16","0.29","0","0",,,"1","180","2024-03-08 17:01:44"
"58935d5d4d77be0001689f14",,"3","54","3","2","5","5","1","0","575","642","1","0","3","4","0.63","0.78","0","0",,,"1","185","2024-03-08 17:01:46"
"58935d5d4d77be0001689f14",,"3","55","15","1","5","5","0","0","78","351","0","2","1","4","0.12","0.88","0","0",,,"0","185","2024-03-08 17:01:48"
"58935d5d4d77be0001689f14",,"3","56","10","2","5","5","1","0","503","588","1","0","1","3","0.16","0.63","0","0",,,"0","185","2024-03-08 17:01:51"
"58935d5d4d77be0001689f14",,"3","57","7","2","5","5","1","0","581","672","1","0","3","4","0.55","0.88","0","0",,,"0","185","2024-03-08 17:01:53"
"58935d5d4d77be0001689f14",,"3","58","4","2","5","5","0","1","442","848","1","1","3","4","0.55","0.78","0","0",,,"1","190","2024-03-08 17:01:56"
"58935d5d4d77be0001689f14",,"3","59","6","2","5","5","1","0","442","563","1","0","2","3","0.37","0.63","0","0",,,"1","195","2024-03-08 17:01:59"
"58935d5d4d77be0001689f14",,"3","60","4","2","5","5","1","0","399","515","1","0","3","4","0.55","0.78","0","0",,,"1","200","2024-03-08 17:02:01"
"58935d5d4d77be0001689f14",,"3","61","7","2","5","5","0","1","357","448","0","1","3","4","0.55","0.88","0","0",,,"0","200","2024-03-08 17:02:03"
"58935d5d4d77be0001689f14",,"3","62","0","2","5","5","0","1","424","539","0","1","1","1","0.16","0.29","0","0",,,"1","205","2024-03-08 17:02:06"
"58935d5d4d77be0001689f14",,"3","63","8","2","5","5","1","0","381","514","1","0","1","2","0.12","0.45","0","0",,,"0","205","2024-03-08 17:02:08"
"58935d5d4d77be0001689f14",,"4","0","6","2","5","5","1","0","1181","1472","1","0","2","3","0.37","0.63","0","0",,,"0","0","2024-03-08 17:02:37"
"58935d5d4d77be0001689f14",,"4","1","9","1","5","5","0","0","520","642","0","1","1","4","0.29","0.71","0","0",,,"0","0","2024-03-08 17:02:39"
"58935d5d4d77be0001689f14",,"4","2","1","2","5","5","1","0","563","696","1","0","4","4","0.71","0.84","0","0",,,"0","0","2024-03-08 17:02:42"
"58935d5d4d77be0001689f14",,"4","3","14","1","5","5","1","1","357","539","1","0","1","4","0.16","0.84","0","0",,,"0","0","2024-03-08 17:02:45"
"58935d5d4d77be0001689f14",,"4","4","12","2","5","5","1","0","502","915","1","1","1","4","0.12","0.71","0","0",,,"1","5","2024-03-08 17:02:47"
"58935d5d4d77be0001689f14",,"4","5","2","2","5","5","0","1","442","533","0","1","1","2","0.22","0.37","0","0",,,"0","5","2024-03-08 17:02:50"
"58935d5d4d77be0001689f14",,"4","6","7","2","5","5","0","1","1060","1156","0","1","3","4","0.55","0.88","0","0",,,"1","10","2024-03-08 17:02:53"
"58935d5d4d77be0001689f14",,"4","7","4","2","5","5","1","0","454","551","1","0","3","4","0.55","0.78","0","0",,,"0","10","2024-03-08 17:02:55"
"58935d5d4d77be0001689f14",,"4","8","2","1","5","5","1","1","703","794","1","0","1","2","0.22","0.37","0","0",,,"1","15","2024-03-08 17:02:58"
"58935d5d4d77be0001689f14",,"4","9","13","1","5","5","1","1","715","806","1","0","1","4","0.29","0.88","0","0",,,"1","20","2024-03-08 17:03:00"
"58935d5d4d77be0001689f14",,"4","10","4","1","5","5","0","0","545","648","0","1","3","4","0.55","0.78","0","0",,,"0","20","2024-03-08 17:03:03"
"58935d5d4d77be0001689f14",,"4","11","13","2","5","5","0","1","442","563","0","1","1","4","0.29","0.88","0","0",,,"1","25","2024-03-08 17:03:05"
"58935d5d4d77be0001689f14",,"4","12","10","2","5","5","0","1","478","630","0","1","1","3","0.16","0.63","0","0",,,"0","25","2024-03-08 17:03:08"
"58935d5d4d77be0001689f14",,"4","13","5","2","5","5","1","0","502","606","1","0","1","2","0.22","0.45","0","0",,,"0","25","2024-03-08 17:03:10"
"58935d5d4d77be0001689f14",,"4","14","9","2","5","5","0","1","945","1060","0","1","1","4","0.29","0.71","0","0",,,"1","30","2024-03-08 17:03:13"
"58935d5d4d77be0001689f14",,"4","15","8","2","5","5","1","0","496","575","1","0","1","2","0.12","0.45","0","0",,,"1","35","2024-03-08 17:03:16"
"58935d5d4d77be0001689f14",,"4","16","4","2","5","5","0","1","442","564","0","1","3","4","0.55","0.78","0","0",,,"1","40","2024-03-08 17:03:18"
"58935d5d4d77be0001689f14",,"4","17","5","2","5","5","1","0","521","660","1","0","1","2","0.22","0.45","0","0",,,"0","40","2024-03-08 17:03:20"
"58935d5d4d77be0001689f14",,"4","18","10","2","5","5","1","0","303","460","1","0","1","3","0.16","0.63","0","0",,,"1","45","2024-03-08 17:03:23"
"58935d5d4d77be0001689f14",,"4","19","6","2","5","5","0","1","460","739","0","1","2","3","0.37","0.63","0","0",,,"1","50","2024-03-08 17:03:25"
"58935d5d4d77be0001689f14",,"4","20","14","2","5","5","1","0","157","321","1","0","1","4","0.16","0.84","0","0",,,"1","55","2024-03-08 17:03:27"
"58935d5d4d77be0001689f14",,"4","21","6","1","5","5","1","1","460","551","1","0","2","3","0.37","0.63","0","0",,,"1","60","2024-03-08 17:03:30"
"58935d5d4d77be0001689f14",,"4","22","14","1","5","5","0","0","199","418","0","1","1","4","0.16","0.84","0","0",,,"1","65","2024-03-08 17:03:32"
"58935d5d4d77be0001689f14",,"4","23","5","1","5","5","1","1","460","593","1","0","1","2","0.22","0.45","0","0",,,"1","70","2024-03-08 17:03:34"
"58935d5d4d77be0001689f14",,"4","24","11","1","5","5","1","1","436","569","1","0","2","4","0.37","0.84","0","0",,,"0","70","2024-03-08 17:03:37"
"58935d5d4d77be0001689f14",,"4","25","12","2","5","5","0","1","375","533","0","1","1","4","0.12","0.71","0","0",,,"1","75","2024-03-08 17:03:39"
"58935d5d4d77be0001689f14",,"4","26","6","2","5","5","0","1","563","720","0","1","2","3","0.37","0.63","0","0",,,"0","75","2024-03-08 17:03:42"
"58935d5d4d77be0001689f14",,"4","27","15","1","5","5","1","1","320","460","1","0","1","4","0.12","0.88","0","0",,,"0","75","2024-03-08 17:03:44"
"58935d5d4d77be0001689f14",,"4","28","11","2","5","5","1","0","399","521","1","0","2","4","0.37","0.84","0","0",,,"1","80","2024-03-08 17:03:47"
"58935d5d4d77be0001689f14",,"4","29","0","1","5","5","0","0","515","691","0","1","1","1","0.16","0.29","0","0",,,"0","80","2024-03-08 17:03:49"
"58935d5d4d77be0001689f14",,"4","30","1","1","5","5","1","1","660","800","1","0","4","4","0.71","0.84","0","0",,,"0","80","2024-03-08 17:03:52"
"58935d5d4d77be0001689f14",,"4","31","9","2","5","5","1","0","242","533","1","0","1","4","0.29","0.71","0","0",,,"1","85","2024-03-08 17:03:54"
"58935d5d4d77be0001689f14",,"4","32","7","1","5","5","0","0","381","575","0","1","3","4","0.55","0.88","0","0",,,"0","85","2024-03-08 17:03:57"
"58935d5d4d77be0001689f14",,"4","33","9","2","5","5","0","1","720","890","0","1","1","4","0.29","0.71","0","0",,,"1","90","2024-03-08 17:04:00"
"58935d5d4d77be0001689f14",,"4","34","1","2","5","5","1","0","1078","1163","1","0","4","4","0.71","0.84","0","0",,,"1","95","2024-03-08 17:04:02"
"58935d5d4d77be0001689f14",,"4","35","15","2","5","5","1","0","739","842","1","0","1","4","0.12","0.88","0","0",,,"1","100","2024-03-08 17:04:05"
"58935d5d4d77be0001689f14",,"4","36","8","2","5","5","0","1","418","533","0","1","1","2","0.12","0.45","0","0",,,"0","100","2024-03-08 17:04:07"
"58935d5d4d77be0001689f14",,"4","37","3","2","5","5","1","0","478","612","1","0","3","4","0.63","0.78","0","0",,,"1","105","2024-03-08 17:04:10"
"58935d5d4d77be0001689f14",,"4","38","3","2","5","5","1","0","521","684","1","0","3","4","0.63","0.78","0","0",,,"1","110","2024-03-08 17:04:12"
"58935d5d4d77be0001689f14",,"4","39","7","2","5","5","0","1","424","575","0","1","3","4","0.55","0.88","0","0",,,"1","115","2024-03-08 17:04:15"
"58935d5d4d77be0001689f14",,"4","40","0","2","5","5","0","1","636","800","0","1","1","1","0.16","0.29","0","0",,,"0","115","2024-03-08 17:04:17"
"58935d5d4d77be0001689f14",,"4","41","7","2","5","5","0","1","684","1345","1","2","3","4","0.55","0.88","0","0",,,"1","120","2024-03-08 17:04:20"
"58935d5d4d77be0001689f14",,"4","42","10","2","5","5","1","0","563","714","1","0","1","3","0.16","0.63","0","0",,,"1","125","2024-03-08 17:04:23"
"58935d5d4d77be0001689f14",,"4","43","11","2","5","5","1","0","436","576","1","0","2","4","0.37","0.84","0","0",,,"1","130","2024-03-08 17:04:25"
"58935d5d4d77be0001689f14",,"4","44","0","2","5","5","0","1","478","611","0","1","1","1","0.16","0.29","0","0",,,"0","130","2024-03-08 17:04:27"
"58935d5d4d77be0001689f14",,"4","45","2","1","5","5","1","1","581","842","1","0","1","2","0.22","0.37","0","0",,,"0","130","2024-03-08 17:04:30"
"58935d5d4d77be0001689f14",,"4","46","15","2","5","5","0","1","915","1048","0","1","1","4","0.12","0.88","0","0",,,"1","135","2024-03-08 17:04:33"
"58935d5d4d77be0001689f14",,"4","47","3","2","5","5","0","1","800","1236","1","1","3","4","0.63","0.78","0","0",,,"1","140","2024-03-08 17:04:36"
"58935d5d4d77be0001689f14",,"4","48","12","2","5","5","1","0","503","685","1","0","1","4","0.12","0.71","0","0",,,"1","145","2024-03-08 17:04:38"
"58935d5d4d77be0001689f14",,"4","49","0","1","5","5","0","0","296","703","0","1","1","1","0.16","0.29","0","0",,,"0","145","2024-03-08 17:04:41"
"58935d5d4d77be0001689f14",,"4","50","14","2","5","5","1","0","660","884","1","0","1","4","0.16","0.84","0","0",,,"1","150","2024-03-08 17:04:44"
"58935d5d4d77be0001689f14",,"4","51","1","2","5","5","1","0","514","630","1","0","4","4","0.71","0.84","0","0",,,"0","150","2024-03-08 17:04:46"
"58935d5d4d77be0001689f14",,"4","52","5","2","5","5","0","1","339","484","0","1","1","2","0.22","0.45","0","0",,,"1","155","2024-03-08 17:04:49"
"58935d5d4d77be0001689f14",,"4","53","11","2","5","5","0","1","496","558","0","1","2","4","0.37","0.84","0","0",,,"1","160","2024-03-08 17:04:51"
"58935d5d4d77be0001689f14",,"4","54","4","2","5","5","1","0","418","539","1","0","3","4","0.55","0.78","0","0",,,"1","165","2024-03-08 17:04:53"
"58935d5d4d77be0001689f14",,"4","55","13","2","5","5","1","0","557","672","1","0","1","4","0.29","0.88","0","0",,,"1","170","2024-03-08 17:04:56"
"58935d5d4d77be0001689f14",,"4","56","15","2","5","5","1","0","382","478","1","0","1","4","0.12","0.88","0","0",,,"0","170","2024-03-08 17:04:58"
"58935d5d4d77be0001689f14",,"4","57","8","2","5","5","0","1","157","515","0","1","1","2","0.12","0.45","0","0",,,"0","170","2024-03-08 17:05:00"
"58935d5d4d77be0001689f14",,"4","58","3","2","5","5","0","1","442","587","0","1","3","4","0.63","0.78","0","0",,,"1","175","2024-03-08 17:05:03"
"58935d5d4d77be0001689f14",,"4","59","12","2","5","5","0","1","478","957","1","1","1","4","0.12","0.71","0","0",,,"1","180","2024-03-08 17:05:06"
"58935d5d4d77be0001689f14",,"4","60","13","2","5","5","1","0","357","454","1","0","1","4","0.29","0.88","0","0",,,"1","185","2024-03-08 17:05:08"
"58935d5d4d77be0001689f14",,"4","61","10","2","5","5","1","0","478","545","1","0","1","3","0.16","0.63","0","0",,,"1","190","2024-03-08 17:05:10"
"58935d5d4d77be0001689f14",,"4","62","2","1","5","5","0","0","502","624","0","1","1","2","0.22","0.37","0","0",,,"1","195","2024-03-08 17:05:12"
"58935d5d4d77be0001689f14",,"4","63","8","1","5","5","1","1","398","495","1","0","1","2","0.12","0.45","0","0",,,"0","195","2024-03-08 17:05:15"
"58935d5d4d77be0001689f14",,"5","0","8","2","5","5","0","1","375","497","0","1","1","2","0.12","0.45","0","0",,,"0","0","2024-03-08 17:05:27"
"58935d5d4d77be0001689f14",,"5","1","9","2","5","5","1","0","478","1030","2","1","1","4","0.29","0.71","0","0",,,"0","0","2024-03-08 17:05:30"
"58935d5d4d77be0001689f14",,"5","2","12","1","5","5","0","0","399","551","0","1","1","4","0.12","0.71","0","0",,,"0","0","2024-03-08 17:05:32"
"58935d5d4d77be0001689f14",,"5","3","8","1","5","5","1","1","539","915","1","1","1","2","0.12","0.45","0","0",,,"0","0","2024-03-08 17:05:35"
"58935d5d4d77be0001689f14",,"5","4","15","2","5","5","0","1","436","691","0","1","1","4","0.12","0.88","0","0",,,"1","5","2024-03-08 17:05:38"
"58935d5d4d77be0001689f14",,"5","5","6","2","5","5","1","0","417","557","1","0","2","3","0.37","0.63","0","0",,,"1","10","2024-03-08 17:05:40"
"58935d5d4d77be0001689f14",,"5","6","14","2","5","5","1","0","496","872","1","1","1","4","0.16","0.84","0","0",,,"1","15","2024-03-08 17:05:43"
"58935d5d4d77be0001689f14",,"5","7","6","2","5","5","0","1","660","836","0","1","2","3","0.37","0.63","0","0",,,"0","15","2024-03-08 17:05:45"
"58935d5d4d77be0001689f14",,"5","8","9","2","5","5","0","1","321","612","0","1","1","4","0.29","0.71","0","0",,,"0","15","2024-03-08 17:05:48"
"58935d5d4d77be0001689f14",,"5","9","10","1","5","5","1","1","460","1011","1","1","1","3","0.16","0.63","0","0",,,"0","15","2024-03-08 17:05:51"
"58935d5d4d77be0001689f14",,"5","10","5","1","5","5","1","1","399","672","1","0","1","2","0.22","0.45","0","0",,,"0","15","2024-03-08 17:05:54"
"58935d5d4d77be0001689f14",,"5","11","12","1","5","5","0","0","345","497","0","1","1","4","0.12","0.71","0","0",,,"0","15","2024-03-08 17:05:56"
"58935d5d4d77be0001689f14",,"5","12","7","2","5","5","0","1","618","951","0","1","3","4","0.55","0.88","0","0",,,"1","20","2024-03-08 17:05:59"
"58935d5d4d77be0001689f14",,"5","13","12","1","5","5","1","1","939","1369","1","1","1","4","0.12","0.71","0","0",,,"0","20","2024-03-08 17:06:02"
"58935d5d4d77be0001689f14",,"5","14","15","2","5","5","1","0","1017","1569","1","0","1","4","0.12","0.88","0","0",,,"1","25","2024-03-08 17:06:05"
"58935d5d4d77be0001689f14",,"5","15","5","1","5","5","0","0","660","1278","1","1","1","2","0.22","0.45","0","0",,,"0","25","2024-03-08 17:06:08"
"58935d5d4d77be0001689f14",,"5","16","15","1","5","5","1","1","642","1284","1","1","1","4","0.12","0.88","0","0",,,"0","25","2024-03-08 17:06:12"
"58935d5d4d77be0001689f14",,"5","17","7","2","5","5","0","1","763","1054","0","1","3","4","0.55","0.88","0","0",,,"1","30","2024-03-08 17:06:14"
"58935d5d4d77be0001689f14",,"5","18","0","1","5","5","0","0","878","1193","0","1","1","1","0.16","0.29","0","0",,,"0","30","2024-03-08 17:06:17"
"58935d5d4d77be0001689f14",,"5","19","0","1","5","5","1","1","660","1145","1","1","1","1","0.16","0.29","0","0",,,"0","30","2024-03-08 17:06:20"
"58935d5d4d77be0001689f14",,"5","20","11","2","5","5","1","0","538","1054","1","1","2","4","0.37","0.84","0","0",,,"0","30","2024-03-08 17:06:23"
"58935d5d4d77be0001689f14",,"5","21","5","2","5","5","0","1","539","915","0","1","1","2","0.22","0.45","0","0",,,"0","30","2024-03-08 17:06:26"
"58935d5d4d77be0001689f14",,"5","22","2","1","5","5","1","1","321","557","1","0","1","2","0.22","0.37","0","0",,,"0","30","2024-03-08 17:06:29"
"58935d5d4d77be0001689f14",,"5","23","13","1","5","5","1","1","423","927","1","1","1","4","0.29","0.88","0","0",,,"0","30","2024-03-08 17:06:32"
"58935d5d4d77be0001689f14",,"5","24","10","2","5","5","1","0","775","1248","1","0","1","3","0.16","0.63","0","0",,,"0","30","2024-03-08 17:06:35"
"58935d5d4d77be0001689f14",,"5","25","4","1","5","5","0","0","636","897","0","1","3","4","0.55","0.78","0","0",,,"1","35","2024-03-08 17:06:38"
"58935d5d4d77be0001689f14",,"5","26","8","1","5","5","1","1","539","787","1","0","1","2","0.12","0.45","0","0",,,"0","35","2024-03-08 17:06:40"
"58935d5d4d77be0001689f14",,"5","27","8","1","5","5","0","0","835","1211","0","1","1","2","0.12","0.45","0","0",,,"0","35","2024-03-08 17:06:43"
"58935d5d4d77be0001689f14",,"5","28","13","2","5","5","0","1","756","975","0","1","1","4","0.29","0.88","0","0",,,"1","40","2024-03-08 17:06:46"
"58935d5d4d77be0001689f14",,"5","29","7","2","5","5","0","1","478","872","1","1","3","4","0.55","0.88","0","0",,,"1","45","2024-03-08 17:06:49"
"58935d5d4d77be0001689f14",,"5","30","4","2","5","5","1","0","685","764","1","0","3","4","0.55","0.78","0","0",,,"1","50","2024-03-08 17:06:51"
"58935d5d4d77be0001689f14",,"5","31","14","2","5","5","1","0","460","551","1","0","1","4","0.16","0.84","0","0",,,"1","55","2024-03-08 17:06:53"
"58935d5d4d77be0001689f14",,"5","32","6","2","5","5","0","1","424","630","0","1","2","3","0.37","0.63","0","0",,,"0","55","2024-03-08 17:06:56"
"58935d5d4d77be0001689f14",,"5","33","13","2","5","5","1","0","436","527","1","0","1","4","0.29","0.88","0","0",,,"0","55","2024-03-08 17:06:58"
"58935d5d4d77be0001689f14",,"5","34","3","1","5","5","0","0","279","636","0","1","3","4","0.63","0.78","0","0",,,"0","55","2024-03-08 17:07:01"
"58935d5d4d77be0001689f14",,"5","35","14","2","5","5","0","1","400","563","0","1","1","4","0.16","0.84","0","0",,,"1","60","2024-03-08 17:07:04"
"58935d5d4d77be0001689f14",,"5","36","0","1","5","5","0","0","399","957","1","1","1","1","0.16","0.29","0","0",,,"0","60","2024-03-08 17:07:06"
"58935d5d4d77be0001689f14",,"5","37","9","2","5","5","0","1","418","896","1","1","1","4","0.29","0.71","0","0",,,"1","65","2024-03-08 17:07:09"
"58935d5d4d77be0001689f14",,"5","38","6","2","5","5","1","0","418","648","1","0","2","3","0.37","0.63","0","0",,,"1","70","2024-03-08 17:07:11"
"58935d5d4d77be0001689f14",,"5","39","2","1","5","5","0","0","399","811","1","1","1","2","0.22","0.37","0","0",,,"1","75","2024-03-08 17:07:14"
"58935d5d4d77be0001689f14",,"5","40","15","2","5","5","1","0","539","842","1","1","1","4","0.12","0.88","0","0",,,"1","80","2024-03-08 17:07:16"
"58935d5d4d77be0001689f14",,"5","41","11","1","5","5","0","0","539","981","1","1","2","4","0.37","0.84","0","0",,,"0","80","2024-03-08 17:07:19"
"58935d5d4d77be0001689f14",,"5","42","14","2","5","5","0","1","460","654","0","1","1","4","0.16","0.84","0","0",,,"1","85","2024-03-08 17:07:22"
"58935d5d4d77be0001689f14",,"5","43","1","2","5","5","1","0","563","726","1","0","4","4","0.71","0.84","0","0",,,"1","90","2024-03-08 17:07:24"
"58935d5d4d77be0001689f14",,"5","44","13","2","5","5","0","1","424","648","0","1","1","4","0.29","0.88","0","0",,,"1","95","2024-03-08 17:07:27"
"58935d5d4d77be0001689f14",,"5","45","0","1","5","5","1","1","860","975","1","0","1","1","0.16","0.29","0","0",,,"0","95","2024-03-08 17:07:29"
"58935d5d4d77be0001689f14",,"5","46","10","2","5","5","1","0","363","1139","2","1","1","3","0.16","0.63","0","0",,,"1","100","2024-03-08 17:07:32"
"58935d5d4d77be0001689f14",,"5","47","3","2","5","5","1","0","502","799","1","0","3","4","0.63","0.78","0","0",,,"1","105","2024-03-08 17:07:35"
"58935d5d4d77be0001689f14",,"5","48","9","2","5","5","0","1","460","612","0","1","1","4","0.29","0.71","0","0",,,"1","110","2024-03-08 17:07:37"
"58935d5d4d77be0001689f14",,"5","49","2","2","5","5","1","0","442","1109","1","0","1","2","0.22","0.37","0","0",,,"0","110","2024-03-08 17:07:40"
"58935d5d4d77be0001689f14",,"5","50","5","1","5","5","0","0","975","1121","0","1","1","2","0.22","0.45","0","0",,,"1","115","2024-03-08 17:07:43"
"58935d5d4d77be0001689f14",,"5","51","3","2","5","5","0","1","721","927","0","1","3","4","0.63","0.78","0","0",,,"0","115","2024-03-08 17:07:46"
"58935d5d4d77be0001689f14",,"5","52","1","1","5","5","1","1","503","764","1","0","4","4","0.71","0.84","0","0",,,"1","120","2024-03-08 17:07:49"
"58935d5d4d77be0001689f14",,"5","53","1","2","5","5","0","1","715","824","0","1","4","4","0.71","0.84","0","0",,,"1","125","2024-03-08 17:07:51"
"58935d5d4d77be0001689f14",,"5","54","3","2","5","5","1","0","484","648","1","0","3","4","0.63","0.78","0","0",,,"1","130","2024-03-08 17:07:53"
"58935d5d4d77be0001689f14",,"5","55","4","1","5","5","0","0","320","508","0","1","3","4","0.55","0.78","0","0",,,"1","135","2024-03-08 17:07:56"
"58935d5d4d77be0001689f14",,"5","56","11","2","5","5","1","0","800","1224","1","1","2","4","0.37","0.84","0","0",,,"1","140","2024-03-08 17:07:59"
"58935d5d4d77be0001689f14",,"5","57","12","2","5","5","1","0","660","781","1","0","1","4","0.12","0.71","0","0",,,"1","145","2024-03-08 17:08:01"
"58935d5d4d77be0001689f14",,"5","58","2","2","5","5","0","1","684","903","0","1","1","2","0.22","0.37","0","0",,,"1","150","2024-03-08 17:08:04"
"58935d5d4d77be0001689f14",,"5","59","10","2","5","5","1","0","581","848","1","0","1","3","0.16","0.63","0","0",,,"1","155","2024-03-08 17:08:06"
"58935d5d4d77be0001689f14",,"5","60","7","2","5","5","1","0","442","697","1","0","3","4","0.55","0.88","0","0",,,"1","160","2024-03-08 17:08:09"
"58935d5d4d77be0001689f14",,"5","61","11","2","5","5","0","1","521","642","0","1","2","4","0.37","0.84","0","0",,,"0","160","2024-03-08 17:08:11"
"58935d5d4d77be0001689f14",,"5","62","4","2","5","5","0","1","417","951","1","1","3","4","0.55","0.78","0","0",,,"1","165","2024-03-08 17:08:14"
"58935d5d4d77be0001689f14",,"5","63","1","2","5","5","1","0","538","684","1","0","4","4","0.71","0.84","0","0",,,"1","170","2024-03-08 17:08:16"
"5e1371f92b12bd9a96c2d902",,"4","0","4","1","5","5","1","1","215","1066","1","0","3","4","0.55","0.78","0","0",,,"1","5","2024-03-08 17:16:10"
"5e1371f92b12bd9a96c2d902",,"4","1","0","2","5","5","1","0","1567","1901","1","0","1","1","0.16","0.29","0","0",,,"0","5","2024-03-08 17:16:13"
"5e1371f92b12bd9a96c2d902",,"4","2","11","1","5","5","1","1","1050","1300","1","0","2","4","0.37","0.84","0","0",,,"1","10","2024-03-08 17:16:16"
"5e1371f92b12bd9a96c2d902",,"4","3","0","2","5","5","0","1","899","1049","0","1","1","1","0.16","0.29","0","0",,,"1","15","2024-03-08 17:16:19"
"5e1371f92b12bd9a96c2d902",,"4","4","8","2","5","5","1","0","950","1133","1","0","1","2","0.12","0.45","0","0",,,"0","15","2024-03-08 17:16:22"
"5e1371f92b12bd9a96c2d902",,"4","5","0","1","5","5","1","1","768","950","1","0","1","1","0.16","0.29","0","0",,,"0","15","2024-03-08 17:16:25"
"5e1371f92b12bd9a96c2d902",,"4","6","10","2","5","5","0","1","766","1000","0","1","1","3","0.16","0.63","0","0",,,"1","20","2024-03-08 17:16:28"
"5e1371f92b12bd9a96c2d902",,"4","7","9","2","5","5","1","0","983","1200","1","0","1","4","0.29","0.71","0","0",,,"1","25","2024-03-08 17:16:31"
"5e1371f92b12bd9a96c2d902",,"4","8","7","2","5","5","0","1","666","867","0","1","3","4","0.55","0.88","0","0",,,"1","30","2024-03-08 17:16:34"
"5e1371f92b12bd9a96c2d902",,"4","9","10","1","5","5","1","1","650","966","1","0","1","3","0.16","0.63","0","0",,,"0","30","2024-03-08 17:16:37"
"5e1371f92b12bd9a96c2d902",,"4","10","14","2","5","5","1","0","1300","1584","1","0","1","4","0.16","0.84","0","0",,,"1","35","2024-03-08 17:16:41"
"5e1371f92b12bd9a96c2d902",,"4","11","14","2","5","5","0","1","765","899","0","1","1","4","0.16","0.84","0","0",,,"1","40","2024-03-08 17:16:43"
"5e1371f92b12bd9a96c2d902",,"4","12","3","2","5","5","1","0","983","1184","1","0","3","4","0.63","0.78","0","0",,,"1","45","2024-03-08 17:16:46"
"5e1371f92b12bd9a96c2d902",,"4","13","6","1","5","5","1","1","699","899","1","0","2","3","0.37","0.63","0","0",,,"0","45","2024-03-08 17:16:49"
"5e1371f92b12bd9a96c2d902",,"4","14","8","2","5","5","0","1","418","1033","1","1","1","2","0.12","0.45","0","0",,,"1","50","2024-03-08 17:16:52"
"5e1371f92b12bd9a96c2d902",,"4","15","4","2","5","5","0","1","500","684","0","1","3","4","0.55","0.78","0","0",,,"1","55","2024-03-08 17:16:54"
"5e1371f92b12bd9a96c2d902",,"4","16","1","1","5","5","1","1","495","712","1","0","4","4","0.71","0.84","0","0",,,"1","60","2024-03-08 17:16:57"
"5e1371f92b12bd9a96c2d902",,"4","17","12","2","5","5","1","0","516","767","1","0","1","4","0.12","0.71","0","0",,,"1","65","2024-03-08 17:17:00"
"5e1371f92b12bd9a96c2d902",,"4","18","2","2","5","5","1","0","416","683","1","0","1","2","0.22","0.37","0","0",,,"0","65","2024-03-08 17:17:02"
"5e1371f92b12bd9a96c2d902",,"4","19","12","2","5","5","1","0","599","985","1","0","1","4","0.12","0.71","0","0",,,"0","65","2024-03-08 17:17:05"
"5e1371f92b12bd9a96c2d902",,"4","20","12","2","5","5","1","0","449","733","1","0","1","4","0.12","0.71","0","0",,,"0","65","2024-03-08 17:17:08"
"5e1371f92b12bd9a96c2d902",,"4","21","1","1","5","5","1","1","333","617","1","0","4","4","0.71","0.84","0","0",,,"1","70","2024-03-08 17:17:10"
"5e1371f92b12bd9a96c2d902",,"4","22","13","2","5","5","0","1","382","950","1","1","1","4","0.29","0.88","0","0",,,"1","75","2024-03-08 17:17:13"
"5e1371f92b12bd9a96c2d902",,"4","23","11","2","5","5","1","0","417","633","1","0","2","4","0.37","0.84","0","0",,,"1","80","2024-03-08 17:17:16"
"5e1371f92b12bd9a96c2d902",,"4","24","4","2","5","5","0","1","500","733","0","1","3","4","0.55","0.78","0","0",,,"0","80","2024-03-08 17:17:18"
"5e1371f92b12bd9a96c2d902",,"4","25","15","2","5","5","1","0","366","550","1","0","1","4","0.12","0.88","0","0",,,"1","85","2024-03-08 17:17:21"
"5e1371f92b12bd9a96c2d902",,"4","26","7","1","5","5","1","1","500","684","1","0","3","4","0.55","0.88","0","0",,,"0","85","2024-03-08 17:17:24"
"5e1371f92b12bd9a96c2d902",,"4","27","13","2","5","5","0","1","816","1067","0","1","1","4","0.29","0.88","0","0",,,"1","90","2024-03-08 17:17:27"
"5e1371f92b12bd9a96c2d902",,"4","28","6","2","5","5","0","1","449","600","0","1","2","3","0.37","0.63","0","0",,,"1","95","2024-03-08 17:17:29"
"5e1371f92b12bd9a96c2d902",,"4","29","15","2","5","5","0","1","450","634","0","1","1","4","0.12","0.88","0","0",,,"1","100","2024-03-08 17:17:31"
"5e1371f92b12bd9a96c2d902",,"4","30","13","2","5","5","1","0","300","900","1","1","1","4","0.29","0.88","0","0",,,"1","105","2024-03-08 17:17:34"
"5e1371f92b12bd9a96c2d902",,"4","31","3","2","5","5","0","1","550","700","0","1","3","4","0.63","0.78","0","0",,,"1","110","2024-03-08 17:17:37"
"5e1371f92b12bd9a96c2d902",,"4","32","1","1","5","5","0","0","500","683","0","1","4","4","0.71","0.84","0","0",,,"1","115","2024-03-08 17:17:39"
"5e1371f92b12bd9a96c2d902",,"4","33","10","2","5","5","0","1","450","616","0","1","1","3","0.16","0.63","0","0",,,"1","120","2024-03-08 17:17:42"
"5e1371f92b12bd9a96c2d902",,"4","34","5","2","5","5","1","0","434","603","1","0","1","2","0.22","0.45","0","0",,,"0","120","2024-03-08 17:17:44"
"5e1371f92b12bd9a96c2d902",,"4","35","2","2","5","5","0","1","366","571","0","1","1","2","0.22","0.37","0","0",,,"0","120","2024-03-08 17:17:47"
"5e1371f92b12bd9a96c2d902",,"4","36","3","2","5","5","0","1","767","1050","0","1","3","4","0.63","0.78","0","0",,,"1","125","2024-03-08 17:17:50"
"5e1371f92b12bd9a96c2d902",,"4","37","8","2","5","5","0","1","616","850","0","1","1","2","0.12","0.45","0","0",,,"0","125","2024-03-08 17:17:52"
"5e1371f92b12bd9a96c2d902",,"4","38","7","1","5","5","1","1","466","651","1","0","3","4","0.55","0.88","0","0",,,"1","130","2024-03-08 17:17:55"
"5e1371f92b12bd9a96c2d902",,"4","39","11","2","5","5","1","0","584","785","1","0","2","4","0.37","0.84","0","0",,,"1","135","2024-03-08 17:17:58"
"5e1371f92b12bd9a96c2d902",,"4","40","5","2","5","5","0","1","399","601","0","1","1","2","0.22","0.45","0","0",,,"0","135","2024-03-08 17:18:00"
"5e1371f92b12bd9a96c2d902",,"4","41","0","1","5","5","1","1","383","516","1","0","1","1","0.16","0.29","0","0",,,"0","135","2024-03-08 17:18:03"
"5e1371f92b12bd9a96c2d902",,"4","42","6","1","5","5","0","0","282","550","0","1","2","3","0.37","0.63","0","0",,,"0","135","2024-03-08 17:18:05"
"5e1371f92b12bd9a96c2d902",,"4","43","8","1","5","5","1","1","399","584","1","0","1","2","0.12","0.45","0","0",,,"0","135","2024-03-08 17:18:08"
"5e1371f92b12bd9a96c2d902",,"4","44","14","2","5","5","0","1","183","484","0","1","1","4","0.16","0.84","0","0",,,"1","140","2024-03-08 17:18:11"
"5e1371f92b12bd9a96c2d902",,"4","45","13","2","5","5","0","1","516","734","0","1","1","4","0.29","0.88","0","0",,,"1","145","2024-03-08 17:18:13"
"5e1371f92b12bd9a96c2d902",,"4","46","14","2","5","5","0","1","334","634","0","1","1","4","0.16","0.84","0","0",,,"1","150","2024-03-08 17:18:16"
"5e1371f92b12bd9a96c2d902",,"4","47","4","2","5","5","0","1","283","550","0","1","3","4","0.55","0.78","0","0",,,"1","155","2024-03-08 17:18:18"
"5e1371f92b12bd9a96c2d902",,"4","48","9","2","5","5","0","1","450","617","0","1","1","4","0.29","0.71","0","0",,,"1","160","2024-03-08 17:18:21"
"5e1371f92b12bd9a96c2d902",,"4","49","15","2","5","5","0","1","316","550","0","1","1","4","0.12","0.88","0","0",,,"1","165","2024-03-08 17:18:23"
"5e1371f92b12bd9a96c2d902",,"4","50","9","2","5","5","0","1","350","567","0","1","1","4","0.29","0.71","0","0",,,"1","170","2024-03-08 17:18:26"
"5e1371f92b12bd9a96c2d902",,"4","51","5","1","5","5","0","0","649","832","0","1","1","2","0.22","0.45","0","0",,,"0","170","2024-03-08 17:18:29"
"5e1371f92b12bd9a96c2d902",,"4","52","6","2","5","5","1","0","383","566","1","0","2","3","0.37","0.63","0","0",,,"0","170","2024-03-08 17:18:31"
"5e1371f92b12bd9a96c2d902",,"4","53","10","1","5","5","1","1","418","619","1","0","1","3","0.16","0.63","0","0",,,"0","170","2024-03-08 17:18:34"
"5e1371f92b12bd9a96c2d902",,"4","54","7","1","5","5","0","0","300","482","0","1","3","4","0.55","0.88","0","0",,,"1","175","2024-03-08 17:18:36"
"5e1371f92b12bd9a96c2d902",,"4","55","2","2","5","5","1","0","383","968","1","1","1","2","0.22","0.37","0","0",,,"0","175","2024-03-08 17:18:39"
"5e1371f92b12bd9a96c2d902",,"4","56","1","1","5","5","0","0","133","400","0","1","4","4","0.71","0.84","0","0",,,"1","180","2024-03-08 17:18:42"
"5e1371f92b12bd9a96c2d902",,"4","57","5","2","5","5","1","0","685","967","1","0","1","2","0.22","0.45","0","0",,,"0","180","2024-03-08 17:18:45"
"5e1371f92b12bd9a96c2d902",,"4","58","15","1","5","5","0","0","299","603","0","1","1","4","0.12","0.88","0","0",,,"0","180","2024-03-08 17:18:47"
"5e1371f92b12bd9a96c2d902",,"4","59","3","2","5","5","1","0","500","700","1","0","3","4","0.63","0.78","0","0",,,"0","180","2024-03-08 17:18:50"
"5e1371f92b12bd9a96c2d902",,"4","60","2","2","5","5","0","1","533","833","0","1","1","2","0.22","0.37","0","0",,,"1","185","2024-03-08 17:18:53"
"5e1371f92b12bd9a96c2d902",,"4","61","11","2","5","5","0","1","633","933","0","1","2","4","0.37","0.84","0","0",,,"1","190","2024-03-08 17:18:56"
"5e1371f92b12bd9a96c2d902",,"4","62","9","2","5","5","0","1","500","767","0","1","1","4","0.29","0.71","0","0",,,"1","195","2024-03-08 17:18:58"
"5e1371f92b12bd9a96c2d902",,"4","63","12","2","5","5","0","1","366","549","0","1","1","4","0.12","0.71","0","0",,,"0","195","2024-03-08 17:19:01"
"5e1371f92b12bd9a96c2d902",,"5","0","0","1","5","5","1","1","567","852","1","0","1","1","0.16","0.29","0","0",,,"0","0","2024-03-08 17:21:38"
"5e1371f92b12bd9a96c2d902",,"5","1","7","2","5","5","0","1","467","668","0","1","3","4","0.55","0.88","0","0",,,"1","5","2024-03-08 17:21:41"
"5e1371f92b12bd9a96c2d902",,"5","2","12","2","5","5","0","1","467","702","0","1","1","4","0.12","0.71","0","0",,,"1","10","2024-03-08 17:21:44"
"5e1371f92b12bd9a96c2d902",,"5","3","4","2","5","5","0","1","432","783","0","1","3","4","0.55","0.78","0","0",,,"1","15","2024-03-08 17:21:46"
"5e1371f92b12bd9a96c2d902",,"5","4","8","2","5","5","1","0","566","749","1","0","1","2","0.12","0.45","0","0",,,"0","15","2024-03-08 17:21:49"
"5e1371f92b12bd9a96c2d902",,"5","5","4","2","5","5","0","1","550","767","0","1","3","4","0.55","0.78","0","0",,,"1","20","2024-03-08 17:21:52"
"5e1371f92b12bd9a96c2d902",,"5","6","3","2","5","5","0","1","465","733","0","1","3","4","0.63","0.78","0","0",,,"0","20","2024-03-08 17:21:54"
"5e1371f92b12bd9a96c2d902",,"5","7","10","2","5","5","0","1","367","601","0","1","1","3","0.16","0.63","0","0",,,"1","25","2024-03-08 17:21:57"
"5e1371f92b12bd9a96c2d902",,"5","8","12","2","5","5","0","1","450","633","0","1","1","4","0.12","0.71","0","0",,,"0","25","2024-03-08 17:21:59"
"5e1371f92b12bd9a96c2d902",,"5","9","1","1","5","5","0","0","316","633","0","1","4","4","0.71","0.84","0","0",,,"0","25","2024-03-08 17:22:02"
"5e1371f92b12bd9a96c2d902",,"5","10","6","2","5","5","0","1","216","669","0","1","2","3","0.37","0.63","0","0",,,"1","30","2024-03-08 17:22:05"
"5e1371f92b12bd9a96c2d902",,"5","11","12","2","5","5","0","1","2184","2533","0","1","1","4","0.12","0.71","0","0",,,"1","35","2024-03-08 17:22:11"
"5e1371f92b12bd9a96c2d902",,"5","12","10","2","5","5","1","0","450","1068","1","1","1","3","0.16","0.63","0","0",,,"0","35","2024-03-08 17:22:14"
"5e1371f92b12bd9a96c2d902",,"5","13","14","2","5","5","0","1","633","816","0","1","1","4","0.16","0.84","0","0",,,"1","40","2024-03-08 17:22:16"
"5e1371f92b12bd9a96c2d902",,"5","14","0","2","5","5","1","0","932","1133","1","0","1","1","0.16","0.29","0","0",,,"0","40","2024-03-08 17:22:19"
"5e1371f92b12bd9a96c2d902",,"5","15","9","2","5","5","1","0","584","836","1","0","1","4","0.29","0.71","0","0",,,"1","45","2024-03-08 17:22:22"
"5e1371f92b12bd9a96c2d902",,"5","16","9","2","5","5","0","1","517","684","0","1","1","4","0.29","0.71","0","0",,,"1","50","2024-03-08 17:22:25"
"5e1371f92b12bd9a96c2d902",,"5","17","9","2","5","5","0","1","449","633","0","1","1","4","0.29","0.71","0","0",,,"0","50","2024-03-08 17:22:27"
"5e1371f92b12bd9a96c2d902",,"5","18","7","2","5","5","1","0","416","584","1","0","3","4","0.55","0.88","0","0",,,"1","55","2024-03-08 17:22:30"
"5e1371f92b12bd9a96c2d902",,"5","19","5","2","5","5","1","0","800","951","1","0","1","2","0.22","0.45","0","0",,,"1","60","2024-03-08 17:22:33"
"5e1371f92b12bd9a96c2d902",,"5","20","0","2","5","5","1","0","550","734","1","0","1","1","0.16","0.29","0","0",,,"0","60","2024-03-08 17:22:35"
"5e1371f92b12bd9a96c2d902",,"5","21","9","2","5","5","0","1","499","766","0","1","1","4","0.29","0.71","0","0",,,"0","60","2024-03-08 17:22:38"
"5e1371f92b12bd9a96c2d902",,"5","22","11","1","5","5","1","1","299","615","1","0","2","4","0.37","0.84","0","0",,,"1","65","2024-03-08 17:22:41"
"5e1371f92b12bd9a96c2d902",,"5","23","14","2","5","5","1","0","450","617","1","0","1","4","0.16","0.84","0","0",,,"0","65","2024-03-08 17:22:43"
"5e1371f92b12bd9a96c2d902",,"5","24","1","1","5","5","0","0","200","550","0","1","4","4","0.71","0.84","0","0",,,"0","65","2024-03-08 17:22:46"
"5e1371f92b12bd9a96c2d902",,"5","25","15","2","5","5","0","1","183","547","0","1","1","4","0.12","0.88","0","0",,,"1","70","2024-03-08 17:22:48"
"5e1371f92b12bd9a96c2d902",,"5","26","6","2","5","5","0","1","400","617","0","1","2","3","0.37","0.63","0","0",,,"0","70","2024-03-08 17:22:51"
"5e1371f92b12bd9a96c2d902",,"5","27","3","1","5","5","0","0","116","382","0","1","3","4","0.63","0.78","0","0",,,"1","75","2024-03-08 17:22:53"
"5e1371f92b12bd9a96c2d902",,"5","28","11","2","5","5","0","1","484","683","0","1","2","4","0.37","0.84","0","0",,,"1","80","2024-03-08 17:22:56"
"5e1371f92b12bd9a96c2d902",,"5","29","2","2","5","5","1","0","534","770","1","0","1","2","0.22","0.37","0","0",,,"0","80","2024-03-08 17:22:59"
"5e1371f92b12bd9a96c2d902",,"5","30","4","1","5","5","1","1","83","450","2","0","3","4","0.55","0.78","0","0",,,"0","80","2024-03-08 17:23:01"
"5e1371f92b12bd9a96c2d902",,"5","31","11","2","5","5","0","1","513","712","0","1","2","4","0.37","0.84","0","0",,,"1","85","2024-03-08 17:23:04"
"5e1371f92b12bd9a96c2d902",,"5","32","11","2","5","5","1","0","566","750","1","0","2","4","0.37","0.84","0","0",,,"1","90","2024-03-08 17:23:06"
"5e1371f92b12bd9a96c2d902",,"5","33","10","2","5","5","1","0","483","633","1","0","1","3","0.16","0.63","0","0",,,"0","90","2024-03-08 17:23:09"
"5e1371f92b12bd9a96c2d902",,"5","34","3","2","5","5","1","0","516","766","1","0","3","4","0.63","0.78","0","0",,,"1","95","2024-03-08 17:23:12"
"5e1371f92b12bd9a96c2d902",,"5","35","13","2","5","5","1","0","417","635","1","0","1","4","0.29","0.88","0","0",,,"0","95","2024-03-08 17:23:14"
"5e1371f92b12bd9a96c2d902",,"5","36","13","2","5","5","1","0","449","569","1","0","1","4","0.29","0.88","0","0",,,"1","100","2024-03-08 17:23:17"
"5e1371f92b12bd9a96c2d902",,"5","37","2","2","5","5","1","0","599","783","1","0","1","2","0.22","0.37","0","0",,,"0","100","2024-03-08 17:23:20"
"5e1371f92b12bd9a96c2d902",,"5","38","15","2","5","5","1","0","99","416","2","0","1","4","0.12","0.88","0","0",,,"1","105","2024-03-08 17:23:22"
"5e1371f92b12bd9a96c2d902",,"5","39","1","1","5","5","1","1","399","582","1","0","4","4","0.71","0.84","0","0",,,"1","110","2024-03-08 17:23:25"
"5e1371f92b12bd9a96c2d902",,"5","40","1","2","5","5","1","0","483","700","1","0","4","4","0.71","0.84","0","0",,,"0","110","2024-03-08 17:23:27"
"5e1371f92b12bd9a96c2d902",,"5","41","13","2","5","5","0","1","333","1016","1","1","1","4","0.29","0.88","0","0",,,"1","115","2024-03-08 17:23:30"
"5e1371f92b12bd9a96c2d902",,"5","42","4","2","5","5","1","0","567","800","1","0","3","4","0.55","0.78","0","0",,,"1","120","2024-03-08 17:23:33"
"5e1371f92b12bd9a96c2d902",,"5","43","14","2","5","5","1","0","499","1199","1","0","1","4","0.16","0.84","0","0",,,"1","125","2024-03-08 17:23:36"
"5e1371f92b12bd9a96c2d902",,"5","44","13","2","5","5","0","1","549","766","0","1","1","4","0.29","0.88","0","0",,,"1","130","2024-03-08 17:23:39"
"5e1371f92b12bd9a96c2d902",,"5","45","15","2","5","5","1","0","450","617","1","0","1","4","0.12","0.88","0","0",,,"1","135","2024-03-08 17:23:41"
"5e1371f92b12bd9a96c2d902",,"5","46","2","2","5","5","1","0","465","715","1","0","1","2","0.22","0.37","0","0",,,"1","140","2024-03-08 17:23:44"
"5e1371f92b12bd9a96c2d902",,"5","47","8","2","5","5","1","0","301","534","1","0","1","2","0.12","0.45","0","0",,,"1","145","2024-03-08 17:23:46"
"5e1371f92b12bd9a96c2d902",,"5","48","8","2","5","5","1","0","416","600","1","0","1","2","0.12","0.45","0","0",,,"0","145","2024-03-08 17:23:49"
"5e1371f92b12bd9a96c2d902",,"5","49","10","2","5","5","0","1","350","1018","1","1","1","3","0.16","0.63","0","0",,,"1","150","2024-03-08 17:23:52"
"5e1371f92b12bd9a96c2d902",,"5","50","5","2","5","5","1","0","482","666","1","0","1","2","0.22","0.45","0","0",,,"1","155","2024-03-08 17:23:54"
"5e1371f92b12bd9a96c2d902",,"5","51","5","2","5","5","1","0","449","699","1","0","1","2","0.22","0.45","0","0",,,"1","160","2024-03-08 17:23:57"
"5e1371f92b12bd9a96c2d902",,"5","52","5","2","5","5","1","0","416","634","1","0","1","2","0.22","0.45","0","0",,,"0","160","2024-03-08 17:23:59"
"5e1371f92b12bd9a96c2d902",,"5","53","7","1","5","5","1","1","383","601","1","0","3","4","0.55","0.88","0","0",,,"1","165","2024-03-08 17:24:02"
"5e1371f92b12bd9a96c2d902",,"5","54","8","2","5","5","1","0","483","767","1","0","1","2","0.12","0.45","0","0",,,"0","165","2024-03-08 17:24:05"
"5e1371f92b12bd9a96c2d902",,"5","55","6","2","5","5","1","0","417","668","1","0","2","3","0.37","0.63","0","0",,,"1","170","2024-03-08 17:24:08"
"5e1371f92b12bd9a96c2d902",,"5","56","3","2","5","5","1","0","400","700","1","0","3","4","0.63","0.78","0","0",,,"1","175","2024-03-08 17:24:10"
"5e1371f92b12bd9a96c2d902",,"5","57","2","2","5","5","0","1","300","984","1","1","1","2","0.22","0.37","0","0",,,"0","175","2024-03-08 17:24:13"
"5e1371f92b12bd9a96c2d902",,"5","58","7","2","5","5","1","0","434","651","1","0","3","4","0.55","0.88","0","0",,,"1","180","2024-03-08 17:24:16"
"5e1371f92b12bd9a96c2d902",,"5","59","6","2","5","5","1","0","333","534","1","0","2","3","0.37","0.63","0","0",,,"1","185","2024-03-08 17:24:18"
"5e1371f92b12bd9a96c2d902",,"5","60","12","2","5","5","0","1","317","917","1","1","1","4","0.12","0.71","0","0",,,"0","185","2024-03-08 17:24:21"
"5e1371f92b12bd9a96c2d902",,"5","61","14","2","5","5","1","0","433","651","1","0","1","4","0.16","0.84","0","0",,,"1","190","2024-03-08 17:24:24"
"5e1371f92b12bd9a96c2d902",,"5","62","15","2","5","5","1","0","417","616","1","0","1","4","0.12","0.88","0","0",,,"1","195","2024-03-08 17:24:26"
"5e1371f92b12bd9a96c2d902",,"5","63","0","2","5","5","0","1","500","1032","1","1","1","1","0.16","0.29","0","0",,,"0","195","2024-03-08 17:24:29"
"5d453e8723a5bb0001492546",,"0","0","2","2","5","5","0","1","0","100","0","0","1","2","0.22","0.37","0","0",,,"1","5","2024-03-08 17:32:29"
"5d453e8723a5bb0001492546",,"0","1","7","2","5","5","0","1","517","883","0","1","3","4","0.55","0.88","0","0",,,"1","10","2024-03-08 17:32:31"
"5d453e8723a5bb0001492546",,"0","2","0","2","5","5","1","0","717","1151","1","0","1","1","0.16","0.29","0","0",,,"0","10","2024-03-08 17:32:34"
"5d453e8723a5bb0001492546",,"0","3","7","2","5","5","0","1","483","700","0","1","3","4","0.55","0.88","0","0",,,"1","15","2024-03-08 17:32:37"
"5d453e8723a5bb0001492546",,"0","4","2","2","5","5","1","0","550","866","1","0","1","2","0.22","0.37","0","0",,,"1","20","2024-03-08 17:32:39"
"5d453e8723a5bb0001492546",,"0","5","6","2","5","5","0","1","615","799","0","1","2","3","0.37","0.63","0","0",,,"1","25","2024-03-08 17:32:42"
"5d453e8723a5bb0001492546",,"0","6","15","2","5","5","1","0","532","716","1","0","1","4","0.12","0.88","0","0",,,"1","30","2024-03-08 17:32:44"
"5d453e8723a5bb0001492546",,"0","7","2","2","5","5","1","0","566","783","1","0","1","2","0.22","0.37","0","0",,,"0","30","2024-03-08 17:32:47"
"5d453e8723a5bb0001492546",,"0","8","7","2","5","5","1","0","534","784","1","0","3","4","0.55","0.88","0","0",,,"1","35","2024-03-08 17:32:50"
"5d453e8723a5bb0001492546",,"0","9","10","2","5","5","0","1","451","1017","1","1","1","3","0.16","0.63","0","0",,,"1","40","2024-03-08 17:32:52"
"5d453e8723a5bb0001492546",,"0","10","14","2","5","5","0","1","616","750","0","1","1","4","0.16","0.84","0","0",,,"1","45","2024-03-08 17:32:55"
"5d453e8723a5bb0001492546",,"0","11","4","2","5","5","0","1","600","749","0","1","3","4","0.55","0.78","0","0",,,"1","50","2024-03-08 17:32:58"
"5d453e8723a5bb0001492546",,"0","12","9","2","5","5","1","0","466","599","1","0","1","4","0.29","0.71","0","0",,,"1","55","2024-03-08 17:33:00"
"5d453e8723a5bb0001492546",,"0","13","3","2","5","5","1","0","550","684","1","0","3","4","0.63","0.78","0","0",,,"1","60","2024-03-08 17:33:02"
"5d453e8723a5bb0001492546",,"0","14","8","2","5","5","0","1","467","633","0","1","1","2","0.12","0.45","0","0",,,"1","65","2024-03-08 17:33:05"
"5d453e8723a5bb0001492546",,"0","15","4","2","5","5","1","0","449","583","1","0","3","4","0.55","0.78","0","0",,,"1","70","2024-03-08 17:33:07"
"5d453e8723a5bb0001492546",,"0","16","6","2","5","5","1","0","484","634","1","0","2","3","0.37","0.63","0","0",,,"1","75","2024-03-08 17:33:10"
"5d453e8723a5bb0001492546",,"0","17","13","2","5","5","1","0","399","534","1","0","1","4","0.29","0.88","0","0",,,"1","80","2024-03-08 17:33:12"
"5d453e8723a5bb0001492546",,"0","18","5","2","5","5","1","0","467","684","1","0","1","2","0.22","0.45","0","0",,,"1","85","2024-03-08 17:33:15"
"5d453e8723a5bb0001492546",,"0","19","3","2","5","5","1","0","518","751","1","0","3","4","0.63","0.78","0","0",,,"1","90","2024-03-08 17:33:17"
"5d453e8723a5bb0001492546",,"0","20","0","2","5","5","0","1","667","901","0","1","1","1","0.16","0.29","0","0",,,"0","90","2024-03-08 17:33:20"
"5d453e8723a5bb0001492546",,"0","21","11","2","5","5","0","1","500","650","0","1","2","4","0.37","0.84","0","0",,,"1","95","2024-03-08 17:33:23"
"5d453e8723a5bb0001492546",,"0","22","9","2","5","5","0","1","433","550","0","1","1","4","0.29","0.71","0","0",,,"1","100","2024-03-08 17:33:25"
"5d453e8723a5bb0001492546",,"0","23","12","2","5","5","1","0","401","567","1","0","1","4","0.12","0.71","0","0",,,"0","100","2024-03-08 17:33:27"
"5d453e8723a5bb0001492546",,"0","24","12","2","5","5","0","1","467","1217","1","1","1","4","0.12","0.71","0","0",,,"0","100","2024-03-08 17:33:30"
"5d453e8723a5bb0001492546",,"0","25","15","1","5","5","1","1","832","983","1","0","1","4","0.12","0.88","0","0",,,"0","100","2024-03-08 17:33:33"
"5d453e8723a5bb0001492546",,"0","26","12","2","5","5","1","0","950","1116","1","0","1","4","0.12","0.71","0","0",,,"1","105","2024-03-08 17:33:36"
"5d453e8723a5bb0001492546",,"0","27","15","2","5","5","0","1","482","632","0","1","1","4","0.12","0.88","0","0",,,"1","110","2024-03-08 17:33:39"
"5d453e8723a5bb0001492546",,"0","28","5","2","5","5","1","0","583","700","1","0","1","2","0.22","0.45","0","0",,,"0","110","2024-03-08 17:33:41"
"5d453e8723a5bb0001492546",,"0","29","10","2","5","5","0","1","450","533","0","1","1","3","0.16","0.63","0","0",,,"1","115","2024-03-08 17:33:44"
"5d453e8723a5bb0001492546",,"0","30","1","2","5","5","1","0","566","1033","1","0","4","4","0.71","0.84","0","0",,,"1","120","2024-03-08 17:33:48"
"5d453e8723a5bb0001492546",,"0","31","15","2","5","5","1","0","551","784","1","0","1","4","0.12","0.88","0","0",,,"1","125","2024-03-08 17:33:50"
"5d453e8723a5bb0001492546",,"0","32","14","2","5","5","0","1","384","484","0","1","1","4","0.16","0.84","0","0",,,"1","130","2024-03-08 17:33:53"
"5d453e8723a5bb0001492546",,"0","33","11","2","5","5","1","0","399","501","1","0","2","4","0.37","0.84","0","0",,,"1","135","2024-03-08 17:33:55"
"5d453e8723a5bb0001492546",,"0","34","4","2","5","5","0","1","598","682","0","1","3","4","0.55","0.78","0","0",,,"1","140","2024-03-08 17:33:58"
"5d453e8723a5bb0001492546",,"0","35","3","2","5","5","0","1","433","567","0","1","3","4","0.63","0.78","0","0",,,"1","145","2024-03-08 17:34:00"
"5d453e8723a5bb0001492546",,"0","36","10","2","5","5","1","0","417","501","1","0","1","3","0.16","0.63","0","0",,,"1","150","2024-03-08 17:34:02"
"5d453e8723a5bb0001492546",,"0","37","8","2","5","5","1","0","450","500","1","0","1","2","0.12","0.45","0","0",,,"1","155","2024-03-08 17:34:05"
"5d453e8723a5bb0001492546",,"0","38","7","2","5","5","1","0","451","550","1","0","3","4","0.55","0.88","0","0",,,"1","160","2024-03-08 17:34:07"
"5d453e8723a5bb0001492546",,"0","39","11","2","5","5","1","0","382","466","1","0","2","4","0.37","0.84","0","0",,,"1","165","2024-03-08 17:34:09"
"5d453e8723a5bb0001492546",,"0","40","11","2","5","5","1","0","384","466","1","0","2","4","0.37","0.84","0","0",,,"1","170","2024-03-08 17:34:11"
"5d453e8723a5bb0001492546",,"0","41","6","2","5","5","1","0","365","483","1","0","2","3","0.37","0.63","0","0",,,"1","175","2024-03-08 17:34:14"
"5d453e8723a5bb0001492546",,"0","42","13","2","5","5","1","0","365","449","1","0","1","4","0.29","0.88","0","0",,,"1","180","2024-03-08 17:34:16"
"5d453e8723a5bb0001492546",,"0","43","0","2","5","5","0","1","782","916","0","1","1","1","0.16","0.29","0","0",,,"0","180","2024-03-08 17:34:19"
"5d453e8723a5bb0001492546",,"0","44","6","2","5","5","0","1","482","633","0","1","2","3","0.37","0.63","0","0",,,"1","185","2024-03-08 17:34:21"
"5d453e8723a5bb0001492546",,"0","45","4","2","5","5","1","0","401","500","1","0","3","4","0.55","0.78","0","0",,,"1","190","2024-03-08 17:34:24"
"5d453e8723a5bb0001492546",,"0","46","1","1","5","5","1","1","417","518","1","0","4","4","0.71","0.84","0","0",,,"1","195","2024-03-08 17:34:26"
"5d453e8723a5bb0001492546",,"0","47","8","2","5","5","1","0","383","466","1","0","1","2","0.12","0.45","0","0",,,"0","195","2024-03-08 17:34:28"
"5d453e8723a5bb0001492546",,"0","48","1","2","5","5","1","0","518","584","1","0","4","4","0.71","0.84","0","0",,,"1","200","2024-03-08 17:34:31"
"5d453e8723a5bb0001492546",,"0","49","9","2","5","5","1","0","417","501","1","0","1","4","0.29","0.71","0","0",,,"1","205","2024-03-08 17:34:33"
"5d453e8723a5bb0001492546",,"0","50","1","1","5","5","1","1","534","633","1","0","4","4","0.71","0.84","0","0",,,"1","210","2024-03-08 17:34:36"
"5d453e8723a5bb0001492546",,"0","51","14","2","5","5","0","1","400","466","0","1","1","4","0.16","0.84","0","0",,,"1","215","2024-03-08 17:34:38"
"5d453e8723a5bb0001492546",,"0","52","0","2","5","5","1","0","500","550","1","0","1","1","0.16","0.29","0","0",,,"0","215","2024-03-08 17:34:41"
"5d453e8723a5bb0001492546",,"0","53","14","2","5","5","1","0","451","501","1","0","1","4","0.16","0.84","0","0",,,"1","220","2024-03-08 17:34:43"
"5d453e8723a5bb0001492546",,"0","54","13","2","5","5","0","1","399","450","0","1","1","4","0.29","0.88","0","0",,,"1","225","2024-03-08 17:34:45"
"5d453e8723a5bb0001492546",,"0","55","9","2","5","5","1","0","399","467","1","0","1","4","0.29","0.71","0","0",,,"1","230","2024-03-08 17:34:48"
"5d453e8723a5bb0001492546",,"0","56","2","2","5","5","1","0","466","534","1","0","1","2","0.22","0.37","0","0",,,"1","235","2024-03-08 17:34:50"
"5d453e8723a5bb0001492546",,"0","57","5","2","5","5","1","0","400","467","1","0","1","2","0.22","0.45","0","0",,,"0","235","2024-03-08 17:34:52"
"5d453e8723a5bb0001492546",,"0","58","10","2","5","5","0","1","432","500","0","1","1","3","0.16","0.63","0","0",,,"1","240","2024-03-08 17:34:55"
"5d453e8723a5bb0001492546",,"0","59","3","2","5","5","0","1","517","617","0","1","3","4","0.63","0.78","0","0",,,"1","245","2024-03-08 17:34:57"
"5d453e8723a5bb0001492546",,"0","60","13","2","5","5","1","0","399","450","1","0","1","4","0.29","0.88","0","0",,,"1","250","2024-03-08 17:34:59"
"5d453e8723a5bb0001492546",,"0","61","12","2","5","5","1","0","432","500","1","0","1","4","0.12","0.71","0","0",,,"0","250","2024-03-08 17:35:02"
"5d453e8723a5bb0001492546",,"0","62","8","2","5","5","1","0","500","533","1","0","1","2","0.12","0.45","0","0",,,"1","255","2024-03-08 17:35:05"
"5d453e8723a5bb0001492546",,"0","63","5","2","5","5","0","1","416","500","0","1","1","2","0.22","0.45","0","0",,,"0","255","2024-03-08 17:35:07"
"5d453e8723a5bb0001492546",,"1","0","10","2","5","5","0","1","517","616","0","1","1","3","0.16","0.63","0","0",,,"1","5","2024-03-08 17:37:18"
"5d453e8723a5bb0001492546",,"1","1","13","2","5","5","1","0","516","550","1","0","1","4","0.29","0.88","0","0",,,"1","10","2024-03-08 17:37:21"
"5d453e8723a5bb0001492546",,"1","2","8","2","5","5","0","1","399","450","0","1","1","2","0.12","0.45","0","0",,,"1","15","2024-03-08 17:37:23"
"5d453e8723a5bb0001492546",,"1","3","11","2","5","5","1","0","401","484","1","0","2","4","0.37","0.84","0","0",,,"1","20","2024-03-08 17:37:25"
"5d453e8723a5bb0001492546",,"1","4","9","2","5","5","1","0","384","433","1","0","1","4","0.29","0.71","0","0",,,"1","25","2024-03-08 17:37:28"
"5d453e8723a5bb0001492546",,"1","5","13","2","5","5","1","0","349","416","1","0","1","4","0.29","0.88","0","0",,,"1","30","2024-03-08 17:37:30"
"5d453e8723a5bb0001492546",,"1","6","0","2","5","5","0","1","466","949","1","1","1","1","0.16","0.29","0","0",,,"0","30","2024-03-08 17:37:33"
"5d453e8723a5bb0001492546",,"1","7","9","2","5","5","0","1","450","501","0","1","1","4","0.29","0.71","0","0",,,"0","30","2024-03-08 17:37:35"
"5d453e8723a5bb0001492546",,"1","8","3","2","5","5","0","1","465","516","0","1","3","4","0.63","0.78","0","0",,,"1","35","2024-03-08 17:37:38"
"5d453e8723a5bb0001492546",,"1","9","2","2","5","5","0","1","517","583","0","1","1","2","0.22","0.37","0","0",,,"0","35","2024-03-08 17:37:40"
"5d453e8723a5bb0001492546",,"1","10","7","2","5","5","1","0","483","566","1","0","3","4","0.55","0.88","0","0",,,"1","40","2024-03-08 17:37:43"
"5d453e8723a5bb0001492546",,"1","11","10","2","5","5","0","1","432","467","0","1","1","3","0.16","0.63","0","0",,,"1","45","2024-03-08 17:37:45"
"5d453e8723a5bb0001492546",,"1","12","11","2","5","5","0","1","467","500","0","1","2","4","0.37","0.84","0","0",,,"0","45","2024-03-08 17:37:47"
"5d453e8723a5bb0001492546",,"1","13","11","2","5","5","1","0","400","467","1","0","2","4","0.37","0.84","0","0",,,"1","50","2024-03-08 17:37:50"
"5d453e8723a5bb0001492546",,"1","14","6","2","5","5","0","1","482","549","0","1","2","3","0.37","0.63","0","0",,,"1","55","2024-03-08 17:37:52"
"5d453e8723a5bb0001492546",,"1","15","9","2","5","5","1","0","451","534","1","0","1","4","0.29","0.71","0","0",,,"1","60","2024-03-08 17:37:54"
"5d453e8723a5bb0001492546",,"1","16","4","2","5","5","1","0","450","483","1","0","3","4","0.55","0.78","0","0",,,"1","65","2024-03-08 17:37:57"
"5d453e8723a5bb0001492546",,"1","17","1","2","5","5","1","0","368","451","1","0","4","4","0.71","0.84","0","0",,,"1","70","2024-03-08 17:37:59"
"5d453e8723a5bb0001492546",,"1","18","14","2","5","5","1","0","400","434","1","0","1","4","0.16","0.84","0","0",,,"1","75","2024-03-08 17:38:01"
"5d453e8723a5bb0001492546",,"1","19","8","2","5","5","0","1","400","435","0","1","1","2","0.12","0.45","0","0",,,"1","80","2024-03-08 17:38:04"
"5d453e8723a5bb0001492546",,"1","20","12","2","5","5","0","1","400","434","0","1","1","4","0.12","0.71","0","0",,,"1","85","2024-03-08 17:38:06"
"5d453e8723a5bb0001492546",,"1","21","5","2","5","5","1","0","399","432","1","0","1","2","0.22","0.45","0","0",,,"0","85","2024-03-08 17:38:08"
"5d453e8723a5bb0001492546",,"1","22","7","2","5","5","1","0","467","534","1","0","3","4","0.55","0.88","0","0",,,"1","90","2024-03-08 17:38:11"
"5d453e8723a5bb0001492546",,"1","23","12","2","5","5","1","0","249","649","1","1","1","4","0.12","0.71","0","0",,,"0","90","2024-03-08 17:38:13"
"5d453e8723a5bb0001492546",,"1","24","12","2","5","5","1","0","367","417","1","0","1","4","0.12","0.71","0","0",,,"0","90","2024-03-08 17:38:15"
"5d453e8723a5bb0001492546",,"1","25","15","2","5","5","0","1","465","516","0","1","1","4","0.12","0.88","0","0",,,"1","95","2024-03-08 17:38:18"
"5d453e8723a5bb0001492546",,"1","26","2","2","5","5","1","0","533","585","1","0","1","2","0.22","0.37","0","0",,,"1","100","2024-03-08 17:38:20"
"5d453e8723a5bb0001492546",,"1","27","5","1","5","5","0","0","616","667","0","1","1","2","0.22","0.45","0","0",,,"1","105","2024-03-08 17:38:23"
"5d453e8723a5bb0001492546",,"1","28","7","1","5","5","1","1","566","600","1","0","3","4","0.55","0.88","0","0",,,"1","110","2024-03-08 17:38:25"
"5d453e8723a5bb0001492546",,"1","29","14","1","5","5","0","0","466","550","0","1","1","4","0.16","0.84","0","0",,,"0","110","2024-03-08 17:38:28"
"5d453e8723a5bb0001492546",,"1","30","2","1","5","5","0","0","451","533","0","1","1","2","0.22","0.37","0","0",,,"0","110","2024-03-08 17:38:30"
"5d453e8723a5bb0001492546",,"1","31","14","2","5","5","0","1","449","517","0","1","1","4","0.16","0.84","0","0",,,"0","110","2024-03-08 17:38:33"
"5d453e8723a5bb0001492546",,"1","32","3","2","5","5","0","1","434","518","0","1","3","4","0.63","0.78","0","0",,,"1","115","2024-03-08 17:38:35"
"5d453e8723a5bb0001492546",,"1","33","1","1","5","5","0","0","500","716","0","1","4","4","0.71","0.84","0","0",,,"1","120","2024-03-08 17:38:38"
"5d453e8723a5bb0001492546",,"1","34","0","2","5","5","1","0","500","634","1","0","1","1","0.16","0.29","0","0",,,"0","120","2024-03-08 17:38:40"
"5d453e8723a5bb0001492546",,"1","35","12","1","5","5","0","0","550","601","0","1","1","4","0.12","0.71","0","0",,,"0","120","2024-03-08 17:38:43"
"5d453e8723a5bb0001492546",,"1","36","4","2","5","5","1","0","467","500","1","0","3","4","0.55","0.78","0","0",,,"1","125","2024-03-08 17:38:45"
"5d453e8723a5bb0001492546",,"1","37","15","2","5","5","1","0","450","483","1","0","1","4","0.12","0.88","0","0",,,"1","130","2024-03-08 17:38:48"
"5d453e8723a5bb0001492546",,"1","38","9","2","5","5","1","0","534","566","1","0","1","4","0.29","0.71","0","0",,,"1","135","2024-03-08 17:38:51"
"5d453e8723a5bb0001492546",,"1","39","6","2","5","5","0","1","500","551","0","1","2","3","0.37","0.63","0","0",,,"1","140","2024-03-08 17:38:53"
"5d453e8723a5bb0001492546",,"1","40","5","2","5","5","1","0","483","516","1","0","1","2","0.22","0.45","0","0",,,"0","140","2024-03-08 17:38:55"
"5d453e8723a5bb0001492546",,"1","41","8","2","5","5","1","0","399","432","1","0","1","2","0.12","0.45","0","0",,,"1","145","2024-03-08 17:38:58"
"5d453e8723a5bb0001492546",,"1","42","6","2","5","5","1","0","433","467","1","0","2","3","0.37","0.63","0","0",,,"1","150","2024-03-08 17:39:00"
"5d453e8723a5bb0001492546",,"1","43","3","2","5","5","1","0","383","417","1","0","3","4","0.63","0.78","0","0",,,"0","150","2024-03-08 17:39:02"
"5d453e8723a5bb0001492546",,"1","44","8","2","5","5","1","0","534","567","1","0","1","2","0.12","0.45","0","0",,,"1","155","2024-03-08 17:39:05"
"5d453e8723a5bb0001492546",,"1","45","4","2","5","5","1","0","1016","1049","1","0","3","4","0.55","0.78","0","0",,,"1","160","2024-03-08 17:39:08"
"5d453e8723a5bb0001492546",,"1","46","1","0","5","5","0","1","1566","0","0","1","4","4","0.71","0.84","0","0",,,"0","160","2024-03-08 17:39:12"
"5d453e8723a5bb0001492546",,"1","47","1","2","5","5","0","1","1216","1933","0","2","4","4","0.71","0.84","0","0",,,"1","165","2024-03-08 17:39:16"
"5d453e8723a5bb0001492546",,"1","48","0","2","5","5","1","0","1134","1800","1","0","1","1","0.16","0.29","0","0",,,"0","165","2024-03-08 17:39:19"
"5d453e8723a5bb0001492546",,"1","49","11","2","5","5","1","0","633","1850","1","0","2","4","0.37","0.84","0","0",,,"1","170","2024-03-08 17:39:23"
"5d453e8723a5bb0001492546",,"1","50","10","2","5","5","0","1","532","567","0","1","1","3","0.16","0.63","0","0",,,"0","170","2024-03-08 17:39:25"
"5d453e8723a5bb0001492546",,"1","51","10","2","5","5","1","0","1933","2233","1","0","1","3","0.16","0.63","0","0",,,"1","175","2024-03-08 17:39:29"
"5d453e8723a5bb0001492546",,"1","52","15","1","5","5","0","0","2067","2201","0","1","1","4","0.12","0.88","0","0",,,"0","175","2024-03-08 17:39:33"
"5d453e8723a5bb0001492546",,"1","53","15","2","5","5","1","0","2133","2250","1","0","1","4","0.12","0.88","0","0",,,"1","180","2024-03-08 17:39:37"
"5d453e8723a5bb0001492546",,"1","54","0","2","5","5","0","1","2000","2067","0","1","1","1","0.16","0.29","0","0",,,"0","180","2024-03-08 17:39:41"
"5d453e8723a5bb0001492546",,"1","55","13","2","5","5","1","0","383","433","1","0","1","4","0.29","0.88","0","0",,,"1","185","2024-03-08 17:39:43"
"5d453e8723a5bb0001492546",,"1","56","2","2","5","5","1","0","433","466","1","0","1","2","0.22","0.37","0","0",,,"0","185","2024-03-08 17:39:46"
"5d453e8723a5bb0001492546",,"1","57","7","2","5","5","1","0","416","449","1","0","3","4","0.55","0.88","0","0",,,"1","190","2024-03-08 17:39:48"
"5d453e8723a5bb0001492546",,"1","58","3","1","5","5","1","1","499","533","1","0","3","4","0.63","0.78","0","0",,,"0","190","2024-03-08 17:39:50"
"5d453e8723a5bb0001492546",,"1","59","14","2","5","5","1","0","334","417","1","0","1","4","0.16","0.84","0","0",,,"1","195","2024-03-08 17:39:53"
"5d453e8723a5bb0001492546",,"1","60","4","2","5","5","0","1","365","399","0","1","3","4","0.55","0.78","0","0",,,"1","200","2024-03-08 17:39:55"
"5d453e8723a5bb0001492546",,"1","61","6","2","5","5","1","0","350","383","1","0","2","3","0.37","0.63","0","0",,,"0","200","2024-03-08 17:39:57"
"5d453e8723a5bb0001492546",,"1","62","5","2","5","5","1","0","383","434","1","0","1","2","0.22","0.45","0","0",,,"1","205","2024-03-08 17:40:00"
"5d453e8723a5bb0001492546",,"1","63","13","2","5","5","0","1","433","467","0","1","1","4","0.29","0.88","0","0",,,"1","210","2024-03-08 17:40:02"
"5d453e8723a5bb0001492546",,"2","0","2","2","5","5","1","0","399","449","1","0","1","2","0.22","0.37","0","0",,,"0","0","2024-03-08 17:40:30"
"5d453e8723a5bb0001492546",,"2","1","11","2","5","5","0","1","484","517","0","1","2","4","0.37","0.84","0","0",,,"1","5","2024-03-08 17:40:33"
"5d453e8723a5bb0001492546",,"2","2","14","2","5","5","1","0","367","400","1","0","1","4","0.16","0.84","0","0",,,"1","10","2024-03-08 17:40:35"
"5d453e8723a5bb0001492546",,"2","3","5","2","5","5","0","1","401","434","0","1","1","2","0.22","0.45","0","0",,,"1","15","2024-03-08 17:40:37"
"5d453e8723a5bb0001492546",,"2","4","14","2","5","5","0","1","400","434","0","1","1","4","0.16","0.84","0","0",,,"0","15","2024-03-08 17:40:39"
"5d453e8723a5bb0001492546",,"2","5","12","2","5","5","1","0","483","550","1","0","1","4","0.12","0.71","0","0",,,"1","20","2024-03-08 17:40:42"
"5d453e8723a5bb0001492546",,"2","6","9","2","5","5","0","1","350","383","0","1","1","4","0.29","0.71","0","0",,,"1","25","2024-03-08 17:40:44"
"5d453e8723a5bb0001492546",,"2","7","7","2","5","5","1","0","350","384","1","0","3","4","0.55","0.88","0","0",,,"1","30","2024-03-08 17:40:46"
"5d453e8723a5bb0001492546",,"2","8","7","2","5","5","1","0","399","534","1","0","3","4","0.55","0.88","0","0",,,"1","35","2024-03-08 17:40:49"
"5d453e8723a5bb0001492546",,"2","9","13","2","5","5","1","0","366","399","1","0","1","4","0.29","0.88","0","0",,,"1","40","2024-03-08 17:40:51"
"5d453e8723a5bb0001492546",,"2","10","14","2","5","5","0","1","450","483","0","1","1","4","0.16","0.84","0","0",,,"1","45","2024-03-08 17:40:53"
"5d453e8723a5bb0001492546",,"2","11","4","2","5","5","1","0","418","451","1","0","3","4","0.55","0.78","0","0",,,"1","50","2024-03-08 17:40:56"
"5d453e8723a5bb0001492546",,"2","12","12","2","5","5","0","1","334","384","0","1","1","4","0.12","0.71","0","0",,,"0","50","2024-03-08 17:40:58"
"5d453e8723a5bb0001492546",,"2","13","15","2","5","5","1","0","367","401","1","0","1","4","0.12","0.88","0","0",,,"1","55","2024-03-08 17:41:00"
"5d453e8723a5bb0001492546",,"2","14","15","2","5","5","0","1","333","367","0","1","1","4","0.12","0.88","0","0",,,"1","60","2024-03-08 17:41:02"
"5d453e8723a5bb0001492546",,"2","15","8","2","5","5","1","0","400","434","1","0","1","2","0.12","0.45","0","0",,,"0","60","2024-03-08 17:41:05"
"5d453e8723a5bb0001492546",,"2","16","8","2","5","5","1","0","434","467","1","0","1","2","0.12","0.45","0","0",,,"0","60","2024-03-08 17:41:07"
"5d453e8723a5bb0001492546",,"2","17","5","2","5","5","0","1","518","551","0","1","1","2","0.22","0.45","0","0",,,"0","60","2024-03-08 17:41:10"
"5d453e8723a5bb0001492546",,"2","18","12","2","5","5","1","0","600","633","1","0","1","4","0.12","0.71","0","0",,,"0","60","2024-03-08 17:41:12"
"5d453e8723a5bb0001492546",,"2","19","6","1","5","5","1","1","483","632","1","0","2","3","0.37","0.63","0","0",,,"0","60","2024-03-08 17:41:15"
"5d453e8723a5bb0001492546",,"2","20","6","2","5","5","1","0","599","633","1","0","2","3","0.37","0.63","0","0",,,"1","65","2024-03-08 17:41:19"
"5d453e8723a5bb0001492546",,"2","21","2","2","5","5","1","0","449","484","1","0","1","2","0.22","0.37","0","0",,,"0","65","2024-03-08 17:41:21"
"5d453e8723a5bb0001492546",,"2","22","0","2","5","5","0","1","532","566","0","1","1","1","0.16","0.29","0","0",,,"0","65","2024-03-08 17:41:23"
"5d453e8723a5bb0001492546",,"2","23","7","2","5","5","0","1","400","434","0","1","3","4","0.55","0.88","0","0",,,"1","70","2024-03-08 17:41:26"
"5d453e8723a5bb0001492546",,"2","24","9","2","5","5","1","0","399","449","1","0","1","4","0.29","0.71","0","0",,,"0","70","2024-03-08 17:41:28"
"5d453e8723a5bb0001492546",,"2","25","5","2","5","5","0","1","750","784","0","1","1","2","0.22","0.45","0","0",,,"0","70","2024-03-08 17:41:37"
"5d453e8723a5bb0001492546",,"2","26","0","1","5","5","1","1","450","500","1","0","1","1","0.16","0.29","0","0",,,"1","75","2024-03-08 17:41:40"
"5d453e8723a5bb0001492546",,"2","27","3","1","5","5","1","1","498","533","1","0","3","4","0.63","0.78","0","0",,,"0","75","2024-03-08 17:41:42"
"5d453e8723a5bb0001492546",,"2","28","7","1","5","5","0","0","566","700","0","1","3","4","0.55","0.88","0","0",,,"0","75","2024-03-08 17:41:45"
"5d453e8723a5bb0001492546",,"2","29","8","1","5","5","0","0","916","1049","0","1","1","2","0.12","0.45","0","0",,,"0","75","2024-03-08 17:41:48"
"5d453e8723a5bb0001492546",,"2","30","3","1","5","5","1","1","751","784","1","0","3","4","0.63","0.78","0","0",,,"0","75","2024-03-08 17:41:51"
"5d453e8723a5bb0001492546",,"2","31","11","2","5","5","0","1","499","583","0","1","2","4","0.37","0.84","0","0",,,"1","80","2024-03-08 17:41:53"
"5d453e8723a5bb0001492546",,"2","32","11","2","5","5","0","1","383","433","0","1","2","4","0.37","0.84","0","0",,,"1","85","2024-03-08 17:41:55"
"5d453e8723a5bb0001492546",,"2","33","1","1","5","5","1","1","466","534","1","0","4","4","0.71","0.84","0","0",,,"0","85","2024-03-08 17:41:58"
"5d453e8723a5bb0001492546",,"2","34","10","2","5","5","0","1","401","451","0","1","1","3","0.16","0.63","0","0",,,"1","90","2024-03-08 17:42:00"
"5d453e8723a5bb0001492546",,"2","35","2","2","5","5","1","0","400","434","1","0","1","2","0.22","0.37","0","0",,,"1","95","2024-03-08 17:42:03"
"5d453e8723a5bb0001492546",,"2","36","1","1","5","5","0","0","368","451","0","1","4","4","0.71","0.84","0","0",,,"1","100","2024-03-08 17:42:05"
"5d453e8723a5bb0001492546",,"2","37","13","2","5","5","0","1","384","418","0","1","1","4","0.29","0.88","0","0",,,"1","105","2024-03-08 17:42:07"
"5d453e8723a5bb0001492546",,"2","38","4","2","5","5","0","1","434","467","0","1","3","4","0.55","0.78","0","0",,,"1","110","2024-03-08 17:42:09"
"5d453e8723a5bb0001492546",,"2","39","3","2","5","5","0","1","434","467","0","1","3","4","0.63","0.78","0","0",,,"1","115","2024-03-08 17:42:12"
"5d453e8723a5bb0001492546",,"2","40","11","2","5","5","1","0","283","834","1","1","2","4","0.37","0.84","0","0",,,"1","120","2024-03-08 17:42:14"
"5d453e8723a5bb0001492546",,"2","41","9","2","5","5","1","0","434","467","1","0","1","4","0.29","0.71","0","0",,,"1","125","2024-03-08 17:42:17"
"5d453e8723a5bb0001492546",,"2","42","6","2","5","5","1","0","399","433","1","0","2","3","0.37","0.63","0","0",,,"1","130","2024-03-08 17:42:19"
"5d453e8723a5bb0001492546",,"2","43","15","2","5","5","1","0","382","433","1","0","1","4","0.12","0.88","0","0",,,"1","135","2024-03-08 17:42:21"
"5d453e8723a5bb0001492546",,"2","44","6","2","5","5","1","0","434","485","1","0","2","3","0.37","0.63","0","0",,,"1","140","2024-03-08 17:42:23"
"5d453e8723a5bb0001492546",,"2","45","4","2","5","5","1","0","416","451","1","0","3","4","0.55","0.78","0","0",,,"1","145","2024-03-08 17:42:26"
"5d453e8723a5bb0001492546",,"2","46","10","2","5","5","0","1","449","483","0","1","1","3","0.16","0.63","0","0",,,"1","150","2024-03-08 17:42:28"
"5d453e8723a5bb0001492546",,"2","47","15","2","5","5","1","0","366","399","1","0","1","4","0.12","0.88","0","0",,,"1","155","2024-03-08 17:42:30"
"5d453e8723a5bb0001492546",,"2","48","13","2","5","5","1","0","401","434","1","0","1","4","0.29","0.88","0","0",,,"1","160","2024-03-08 17:42:32"
"5d453e8723a5bb0001492546",,"2","49","0","2","5","5","1","0","399","434","1","0","1","1","0.16","0.29","0","0",,,"0","160","2024-03-08 17:42:35"
"5d453e8723a5bb0001492546",,"2","50","2","2","5","5","1","0","400","451","1","0","1","2","0.22","0.37","0","0",,,"1","165","2024-03-08 17:42:37"
"5d453e8723a5bb0001492546",,"2","51","3","2","5","5","0","1","533","567","0","1","3","4","0.63","0.78","0","0",,,"1","170","2024-03-08 17:42:40"
"5d453e8723a5bb0001492546",,"2","52","5","2","5","5","0","1","567","600","0","1","1","2","0.22","0.45","0","0",,,"0","170","2024-03-08 17:42:42"
"5d453e8723a5bb0001492546",,"2","53","10","2","5","5","1","0","449","483","1","0","1","3","0.16","0.63","0","0",,,"0","170","2024-03-08 17:42:44"
"5d453e8723a5bb0001492546",,"2","54","12","1","5","5","1","1","500","534","1","0","1","4","0.12","0.71","0","0",,,"0","170","2024-03-08 17:42:47"
"5d453e8723a5bb0001492546",,"2","55","0","2","5","5","1","0","533","567","1","0","1","1","0.16","0.29","0","0",,,"0","170","2024-03-08 17:42:50"
"5d453e8723a5bb0001492546",,"2","56","13","2","5","5","0","1","333","368","0","1","1","4","0.29","0.88","0","0",,,"1","175","2024-03-08 17:42:52"
"5d453e8723a5bb0001492546",,"2","57","8","1","5","5","0","0","399","433","0","1","1","2","0.12","0.45","0","0",,,"0","175","2024-03-08 17:42:54"
"5d453e8723a5bb0001492546",,"2","58","9","2","5","5","1","0","382","416","1","0","1","4","0.29","0.71","0","0",,,"1","180","2024-03-08 17:42:57"
"5d453e8723a5bb0001492546",,"2","59","4","2","5","5","1","0","483","517","1","0","3","4","0.55","0.78","0","0",,,"1","185","2024-03-08 17:42:59"
"5d453e8723a5bb0001492546",,"2","60","1","2","5","5","0","1","567","601","0","1","4","4","0.71","0.84","0","0",,,"1","190","2024-03-08 17:43:01"
"5d453e8723a5bb0001492546",,"2","61","14","2","5","5","0","1","450","483","0","1","1","4","0.16","0.84","0","0",,,"1","195","2024-03-08 17:43:04"
"5d453e8723a5bb0001492546",,"2","62","1","2","5","5","1","0","582","616","1","0","4","4","0.71","0.84","0","0",,,"1","200","2024-03-08 17:43:06"
"5d453e8723a5bb0001492546",,"2","63","10","2","5","5","1","0","565","599","1","0","1","3","0.16","0.63","0","0",,,"1","205","2024-03-08 17:43:09"
"5d453e8723a5bb0001492546",,"3","0","6","1","5","5","1","1","383","466","1","0","2","3","0.37","0.63","0","0",,,"1","5","2024-03-08 17:43:31"
"5d453e8723a5bb0001492546",,"3","1","1","2","5","5","0","1","449","518","0","1","4","4","0.71","0.84","0","0",,,"0","5","2024-03-08 17:43:34"
"5d453e8723a5bb0001492546",,"3","2","5","2","5","5","0","1","418","468","0","1","1","2","0.22","0.45","0","0",,,"0","5","2024-03-08 17:43:36"
"5d453e8723a5bb0001492546",,"3","3","14","2","5","5","1","0","499","550","1","0","1","4","0.16","0.84","0","0",,,"1","10","2024-03-08 17:43:39"
"5d453e8723a5bb0001492546",,"3","4","8","2","5","5","0","1","501","535","0","1","1","2","0.12","0.45","0","0",,,"1","15","2024-03-08 17:43:41"
"5d453e8723a5bb0001492546",,"3","5","7","2","5","5","0","1","449","501","0","1","3","4","0.55","0.88","0","0",,,"1","20","2024-03-08 17:43:43"
"5d453e8723a5bb0001492546",,"3","6","2","2","5","5","0","1","483","533","0","1","1","2","0.22","0.37","0","0",,,"0","20","2024-03-08 17:43:46"
"5d453e8723a5bb0001492546",,"3","7","15","2","5","5","1","0","433","466","1","0","1","4","0.12","0.88","0","0",,,"1","25","2024-03-08 17:43:48"
"5d453e8723a5bb0001492546",,"3","8","15","2","5","5","0","1","433","467","0","1","1","4","0.12","0.88","0","0",,,"1","30","2024-03-08 17:43:50"
"5d453e8723a5bb0001492546",,"3","9","9","2","5","5","1","0","417","450","1","0","1","4","0.29","0.71","0","0",,,"1","35","2024-03-08 17:43:53"
"5d453e8723a5bb0001492546",,"3","10","14","2","5","5","1","0","449","500","1","0","1","4","0.16","0.84","0","0",,,"1","40","2024-03-08 17:43:55"
"5d453e8723a5bb0001492546",,"3","11","6","2","5","5","1","0","416","466","1","0","2","3","0.37","0.63","0","0",,,"1","45","2024-03-08 17:43:57"
"5d453e8723a5bb0001492546",,"3","12","12","2","5","5","0","1","432","465","0","1","1","4","0.12","0.71","0","0",,,"0","45","2024-03-08 17:44:00"
"5d453e8723a5bb0001492546",,"3","13","12","2","5","5","1","0","433","517","1","0","1","4","0.12","0.71","0","0",,,"1","50","2024-03-08 17:44:02"
"5d453e8723a5bb0001492546",,"3","14","3","2","5","5","1","0","449","534","1","0","3","4","0.63","0.78","0","0",,,"1","55","2024-03-08 17:44:04"
"5d453e8723a5bb0001492546",,"3","15","0","2","5","5","0","1","550","601","0","1","1","1","0.16","0.29","0","0",,,"0","55","2024-03-08 17:44:07"
"5d453e8723a5bb0001492546",,"3","16","8","1","5","5","1","1","867","900","1","0","1","2","0.12","0.45","0","0",,,"0","55","2024-03-08 17:44:10"
"5d453e8723a5bb0001492546",,"3","17","1","1","5","5","1","1","683","717","1","0","4","4","0.71","0.84","0","0",,,"0","55","2024-03-08 17:44:12"
"5d453e8723a5bb0001492546",,"3","18","4","2","5","5","1","0","466","500","1","0","3","4","0.55","0.78","0","0",,,"1","60","2024-03-08 17:44:15"
"5d453e8723a5bb0001492546",,"3","19","15","2","5","5","0","1","432","466","0","1","1","4","0.12","0.88","0","0",,,"1","65","2024-03-08 17:44:17"
"5d453e8723a5bb0001492546",,"3","20","8","2","5","5","1","0","399","449","1","0","1","2","0.12","0.45","0","0",,,"1","70","2024-03-08 17:44:20"
"5d453e8723a5bb0001492546",,"3","21","12","2","5","5","1","0","384","418","1","0","1","4","0.12","0.71","0","0",,,"1","75","2024-03-08 17:44:22"
"5d453e8723a5bb0001492546",,"3","22","10","2","5","5","1","0","367","401","1","0","1","3","0.16","0.63","0","0",,,"0","75","2024-03-08 17:44:24"
"5d453e8723a5bb0001492546",,"3","23","13","2","5","5","0","1","450","633","0","1","1","4","0.29","0.88","0","0",,,"1","80","2024-03-08 17:44:27"
"5d453e8723a5bb0001492546",,"3","24","7","2","5","5","0","1","567","617","0","1","3","4","0.55","0.88","0","0",,,"1","85","2024-03-08 17:44:29"
"5d453e8723a5bb0001492546",,"3","25","4","2","5","5","0","1","500","549","0","1","3","4","0.55","0.78","0","0",,,"1","90","2024-03-08 17:44:31"
"5d453e8723a5bb0001492546",,"3","26","2","2","5","5","0","1","650","683","0","1","1","2","0.22","0.37","0","0",,,"0","90","2024-03-08 17:44:34"
"5d453e8723a5bb0001492546",,"3","27","9","2","5","5","1","0","401","450","1","0","1","4","0.29","0.71","0","0",,,"1","95","2024-03-08 17:44:36"
"5d453e8723a5bb0001492546",,"3","28","11","2","5","5","1","0","533","566","1","0","2","4","0.37","0.84","0","0",,,"1","100","2024-03-08 17:44:39"
"5d453e8723a5bb0001492546",,"3","29","14","2","5","5","1","0","483","534","1","0","1","4","0.16","0.84","0","0",,,"1","105","2024-03-08 17:44:41"
"5d453e8723a5bb0001492546",,"3","30","1","2","5","5","1","0","668","701","1","0","4","4","0.71","0.84","0","0",,,"1","110","2024-03-08 17:44:44"
"5d453e8723a5bb0001492546",,"3","31","12","2","5","5","0","1","498","599","0","1","1","4","0.12","0.71","0","0",,,"1","115","2024-03-08 17:44:46"
"5d453e8723a5bb0001492546",,"3","32","8","2","5","5","1","0","533","584","1","0","1","2","0.12","0.45","0","0",,,"0","115","2024-03-08 17:44:48"
"5d453e8723a5bb0001492546",,"3","33","2","2","5","5","1","0","884","1934","1","1","1","2","0.22","0.37","0","0",,,"1","120","2024-03-08 17:44:52"
"5d453e8723a5bb0001492546",,"3","34","6","2","5","5","0","1","1667","1900","0","1","2","3","0.37","0.63","0","0",,,"1","125","2024-03-08 17:44:56"
"5d453e8723a5bb0001492546",,"3","35","10","2","5","5","1","0","1133","2183","1","0","1","3","0.16","0.63","0","0",,,"1","130","2024-03-08 17:44:59"
"5d453e8723a5bb0001492546",,"3","36","5","2","5","5","0","1","1017","1850","1","1","1","2","0.22","0.45","0","0",,,"0","130","2024-03-08 17:45:03"
"5d453e8723a5bb0001492546",,"3","37","11","2","5","5","1","0","867","1150","1","0","2","4","0.37","0.84","0","0",,,"1","135","2024-03-08 17:45:06"
"5d453e8723a5bb0001492546",,"3","38","5","2","5","5","1","0","450","533","1","0","1","2","0.22","0.45","0","0",,,"0","135","2024-03-08 17:45:08"
"5d453e8723a5bb0001492546",,"3","39","4","2","5","5","0","1","549","600","0","1","3","4","0.55","0.78","0","0",,,"1","140","2024-03-08 17:45:11"
"5d453e8723a5bb0001492546",,"3","40","6","2","5","5","0","1","1183","2033","0","1","2","3","0.37","0.63","0","0",,,"1","145","2024-03-08 17:45:15"
"5d453e8723a5bb0001492546",,"3","41","14","2","5","5","0","1","916","1400","0","1","1","4","0.16","0.84","0","0",,,"1","150","2024-03-08 17:45:18"
"5d453e8723a5bb0001492546",,"3","42","13","2","5","5","1","0","767","1001","1","0","1","4","0.29","0.88","0","0",,,"1","155","2024-03-08 17:45:20"
"5d453e8723a5bb0001492546",,"3","43","3","2","5","5","0","1","567","634","0","1","3","4","0.63","0.78","0","0",,,"0","155","2024-03-08 17:45:23"
"5d453e8723a5bb0001492546",,"3","44","3","2","5","5","1","0","1433","1934","1","0","3","4","0.63","0.78","0","0",,,"1","160","2024-03-08 17:45:26"
"5d453e8723a5bb0001492546",,"3","45","0","2","5","5","0","1","1466","1866","0","1","1","1","0.16","0.29","0","0",,,"1","165","2024-03-08 17:45:30"
"5d453e8723a5bb0001492546",,"3","46","11","2","5","5","0","1","1468","1567","0","1","2","4","0.37","0.84","0","0",,,"1","170","2024-03-08 17:45:33"
"5d453e8723a5bb0001492546",,"3","47","0","2","5","5","1","0","1634","1734","1","0","1","1","0.16","0.29","0","0",,,"1","175","2024-03-08 17:45:36"
"5d453e8723a5bb0001492546",,"3","48","7","2","5","5","1","0","1567","1634","1","0","3","4","0.55","0.88","0","0",,,"1","180","2024-03-08 17:45:40"
"5d453e8723a5bb0001492546",,"3","49","5","2","5","5","1","0","1767","1851","1","0","1","2","0.22","0.45","0","0",,,"1","185","2024-03-08 17:45:43"
"5d453e8723a5bb0001492546",,"3","50","3","2","5","5","1","0","1733","1800","1","0","3","4","0.63","0.78","0","0",,,"1","190","2024-03-08 17:45:47"
"5d453e8723a5bb0001492546",,"3","51","1","2","5","5","0","1","1683","1718","0","1","4","4","0.71","0.84","0","0",,,"0","190","2024-03-08 17:45:50"
"5d453e8723a5bb0001492546",,"3","52","9","2","5","5","0","1","1866","2016","0","1","1","4","0.29","0.71","0","0",,,"0","190","2024-03-08 17:45:54"
"5d453e8723a5bb0001492546",,"3","53","7","2","5","5","0","1","1600","1650","0","1","3","4","0.55","0.88","0","0",,,"1","195","2024-03-08 17:45:57"
"5d453e8723a5bb0001492546",,"3","54","0","2","5","5","0","1","2051","2134","0","1","1","1","0.16","0.29","0","0",,,"1","200","2024-03-08 17:46:01"
"5d453e8723a5bb0001492546",,"3","55","10","2","5","5","0","1","2149","2183","0","1","1","3","0.16","0.63","0","0",,,"1","205","2024-03-08 17:46:05"
"5d453e8723a5bb0001492546",,"3","56","4","2","5","5","0","1","1782","1933","0","1","3","4","0.55","0.78","0","0",,,"1","210","2024-03-08 17:46:08"
"5d453e8723a5bb0001492546",,"3","57","10","2","5","5","0","1","1917","2000","0","1","1","3","0.16","0.63","0","0",,,"1","215","2024-03-08 17:46:12"
"5d453e8723a5bb0001492546",,"3","58","13","2","5","5","1","0","1683","1750","1","0","1","4","0.29","0.88","0","0",,,"1","220","2024-03-08 17:46:15"
"5d453e8723a5bb0001492546",,"3","59","9","2","5","5","0","1","2050","2100","0","1","1","4","0.29","0.71","0","0",,,"1","225","2024-03-08 17:46:19"
"5d453e8723a5bb0001492546",,"3","60","13","2","5","5","0","1","1983","2032","0","1","1","4","0.29","0.88","0","0",,,"1","230","2024-03-08 17:46:22"
"5d453e8723a5bb0001492546",,"3","61","11","2","5","5","1","0","1767","1800","1","0","2","4","0.37","0.84","0","0",,,"1","235","2024-03-08 17:46:26"
"5d453e8723a5bb0001492546",,"3","62","2","2","5","5","1","0","1566","1600","1","0","1","2","0.22","0.37","0","0",,,"0","235","2024-03-08 17:46:29"
"5d453e8723a5bb0001492546",,"3","63","15","2","5","5","0","1","1700","1750","0","1","1","4","0.12","0.88","0","0",,,"1","240","2024-03-08 17:46:33"
"5d453e8723a5bb0001492546",,"4","0","0","2","5","5","1","0","1666","1850","1","0","1","1","0.16","0.29","0","0",,,"0","0","2024-03-08 17:47:03"
"5d453e8723a5bb0001492546",,"4","1","14","2","5","5","1","0","1600","1649","1","0","1","4","0.16","0.84","0","0",,,"1","5","2024-03-08 17:47:06"
"5d453e8723a5bb0001492546",,"4","2","15","2","5","5","1","0","449","483","1","0","1","4","0.12","0.88","0","0",,,"1","10","2024-03-08 17:47:09"
"5d453e8723a5bb0001492546",,"4","3","11","2","5","5","1","0","350","400","1","0","2","4","0.37","0.84","0","0",,,"1","15","2024-03-08 17:47:11"
"5d453e8723a5bb0001492546",,"4","4","11","2","5","5","0","1","516","550","0","1","2","4","0.37","0.84","0","0",,,"0","15","2024-03-08 17:47:13"
"5d453e8723a5bb0001492546",,"4","5","2","2","5","5","0","1","1999","2033","0","1","1","2","0.22","0.37","0","0",,,"1","20","2024-03-08 17:47:17"
"5d453e8723a5bb0001492546",,"4","6","6","2","5","5","0","1","1867","1900","0","1","2","3","0.37","0.63","0","0",,,"1","25","2024-03-08 17:47:21"
"5d453e8723a5bb0001492546",,"4","7","12","2","5","5","1","0","1317","1351","1","0","1","4","0.12","0.71","0","0",,,"1","30","2024-03-08 17:47:24"
"5d453e8723a5bb0001492546",,"4","8","8","2","5","5","1","0","1783","1817","1","0","1","2","0.12","0.45","0","0",,,"0","30","2024-03-08 17:47:27"
"5d453e8723a5bb0001492546",,"4","9","3","2","5","5","1","0","1950","1983","1","0","3","4","0.63","0.78","0","0",,,"1","35","2024-03-08 17:47:31"
"5d453e8723a5bb0001492546",,"4","10","9","2","5","5","1","0","1699","1750","1","0","1","4","0.29","0.71","0","0",,,"0","35","2024-03-08 17:47:34"
"5d453e8723a5bb0001492546",,"4","11","9","2","5","5","0","1","1000","1034","0","1","1","4","0.29","0.71","0","0",,,"1","40","2024-03-08 17:47:37"
"5d453e8723a5bb0001492546",,"4","12","8","2","5","5","0","1","699","734","0","1","1","2","0.12","0.45","0","0",,,"1","45","2024-03-08 17:47:40"
"5d453e8723a5bb0001492546",,"4","13","1","2","5","5","1","0","616","650","1","0","4","4","0.71","0.84","0","0",,,"0","45","2024-03-08 17:47:42"
"5d453e8723a5bb0001492546",,"4","14","12","2","5","5","0","1","1766","1800","0","1","1","4","0.12","0.71","0","0",,,"0","45","2024-03-08 17:47:46"
"5d453e8723a5bb0001492546",,"4","15","2","2","5","5","0","1","583","617","0","1","1","2","0.22","0.37","0","0",,,"0","45","2024-03-08 17:47:48"
"5d453e8723a5bb0001492546",,"4","16","8","2","5","5","0","1","733","767","0","1","1","2","0.12","0.45","0","0",,,"1","50","2024-03-08 17:47:51"
"5d453e8723a5bb0001492546",,"4","17","4","2","5","5","1","0","1499","1533","1","0","3","4","0.55","0.78","0","0",,,"1","55","2024-03-08 17:47:54"
"5d453e8723a5bb0001492546",,"4","18","0","2","5","5","0","1","667","799","0","1","1","1","0.16","0.29","0","0",,,"0","55","2024-03-08 17:47:57"
"5d453e8723a5bb0001492546",,"4","19","12","2","5","5","1","0","699","733","1","0","1","4","0.12","0.71","0","0",,,"1","60","2024-03-08 17:48:00"
"5d453e8723a5bb0001492546",,"4","20","1","2","5","5","0","1","684","768","0","1","4","4","0.71","0.84","0","0",,,"1","65","2024-03-08 17:48:02"
"5d453e8723a5bb0001492546",,"4","21","8","2","5","5","1","0","500","566","1","0","1","2","0.12","0.45","0","0",,,"0","65","2024-03-08 17:48:05"
"5d453e8723a5bb0001492546",,"4","22","14","2","5","5","0","1","783","850","0","1","1","4","0.16","0.84","0","0",,,"1","70","2024-03-08 17:48:07"
"5d453e8723a5bb0001492546",,"4","23","15","2","5","5","0","1","483","517","0","1","1","4","0.12","0.88","0","0",,,"0","70","2024-03-08 17:48:10"
"5d453e8723a5bb0001492546",,"4","24","6","2","5","5","0","1","499","533","0","1","2","3","0.37","0.63","0","0",,,"1","75","2024-03-08 17:48:12"
"5d453e8723a5bb0001492546",,"4","25","9","2","5","5","0","1","500","533","0","1","1","4","0.29","0.71","0","0",,,"0","75","2024-03-08 17:48:15"
"5d453e8723a5bb0001492546",,"4","26","14","2","5","5","0","1","516","567","0","1","1","4","0.16","0.84","0","0",,,"1","80","2024-03-08 17:48:17"
"5d453e8723a5bb0001492546",,"4","27","6","2","5","5","1","0","533","566","1","0","2","3","0.37","0.63","0","0",,,"1","85","2024-03-08 17:48:20"
"5d453e8723a5bb0001492546",,"4","28","5","2","5","5","0","1","500","534","0","1","1","2","0.22","0.45","0","0",,,"1","90","2024-03-08 17:48:22"
"5d453e8723a5bb0001492546",,"4","29","7","2","5","5","1","0","517","550","1","0","3","4","0.55","0.88","0","0",,,"1","95","2024-03-08 17:48:24"
"5d453e8723a5bb0001492546",,"4","30","14","2","5","5","0","1","549","582","0","1","1","4","0.16","0.84","0","0",,,"1","100","2024-03-08 17:48:27"
"5d453e8723a5bb0001492546",,"4","31","6","2","5","5","1","0","1016","1049","1","0","2","3","0.37","0.63","0","0",,,"1","105","2024-03-08 17:48:30"
"5d453e8723a5bb0001492546",,"4","32","10","2","5","5","1","0","633","683","1","0","1","3","0.16","0.63","0","0",,,"1","110","2024-03-08 17:48:32"
"5d453e8723a5bb0001492546",,"4","33","13","2","5","5","1","0","517","567","1","0","1","4","0.29","0.88","0","0",,,"1","115","2024-03-08 17:48:34"
"5d453e8723a5bb0001492546",,"4","34","10","2","5","5","0","1","499","534","0","1","1","3","0.16","0.63","0","0",,,"1","120","2024-03-08 17:48:37"
"5d453e8723a5bb0001492546",,"4","35","4","1","5","5","1","1","483","534","1","0","3","4","0.55","0.78","0","0",,,"0","120","2024-03-08 17:48:39"
"5d453e8723a5bb0001492546",,"4","36","15","2","5","5","1","0","515","583","1","0","1","4","0.12","0.88","0","0",,,"1","125","2024-03-08 17:48:42"
"5d453e8723a5bb0001492546",,"4","37","2","2","5","5","0","1","734","783","0","1","1","2","0.22","0.37","0","0",,,"0","125","2024-03-08 17:48:44"
"5d453e8723a5bb0001492546",,"4","38","13","2","5","5","1","0","716","766","1","0","1","4","0.29","0.88","0","0",,,"1","130","2024-03-08 17:48:47"
"5d453e8723a5bb0001492546",,"4","39","4","2","5","5","0","1","600","634","0","1","3","4","0.55","0.78","0","0",,,"1","135","2024-03-08 17:48:49"
"5d453e8723a5bb0001492546",,"4","40","11","2","5","5","0","1","566","600","0","1","2","4","0.37","0.84","0","0",,,"1","140","2024-03-08 17:48:52"
"5d453e8723a5bb0001492546",,"4","41","0","2","5","5","0","1","616","650","0","1","1","1","0.16","0.29","0","0",,,"0","140","2024-03-08 17:48:54"
"5d453e8723a5bb0001492546",,"4","42","1","2","5","5","0","1","1801","1883","0","1","4","4","0.71","0.84","0","0",,,"1","145","2024-03-08 17:48:58"
"5d453e8723a5bb0001492546",,"4","43","5","2","5","5","0","1","2501","2534","0","1","1","2","0.22","0.45","0","0",,,"1","150","2024-03-08 17:49:02"
"5d453e8723a5bb0001492546",,"4","44","7","2","5","5","0","1","2332","2383","0","1","3","4","0.55","0.88","0","0",,,"1","155","2024-03-08 17:49:06"
"5d453e8723a5bb0001492546",,"4","45","3","2","5","5","0","1","2567","2618","0","1","3","4","0.63","0.78","0","0",,,"1","160","2024-03-08 17:49:10"
"5d453e8723a5bb0001492546",,"4","46","1","2","5","5","0","1","2333","2400","0","1","4","4","0.71","0.84","0","0",,,"1","165","2024-03-08 17:49:14"
"5d453e8723a5bb0001492546",,"4","47","13","2","5","5","1","0","2717","2750","1","0","1","4","0.29","0.88","0","0",,,"1","170","2024-03-08 17:49:18"
"5d453e8723a5bb0001492546",,"4","48","5","2","5","5","0","1","2384","2435","0","1","1","2","0.22","0.45","0","0",,,"1","175","2024-03-08 17:49:22"
"5d453e8723a5bb0001492546",,"4","49","15","2","5","5","0","1","2649","2699","0","1","1","4","0.12","0.88","0","0",,,"1","180","2024-03-08 17:49:26"
"5d453e8723a5bb0001492546",,"4","50","2","2","5","5","1","0","2617","2784","1","0","1","2","0.22","0.37","0","0",,,"1","185","2024-03-08 17:49:30"
"5d453e8723a5bb0001492546",,"4","51","12","2","5","5","1","0","2601","2667","1","0","1","4","0.12","0.71","0","0",,,"1","190","2024-03-08 17:49:34"
"5d453e8723a5bb0001492546",,"4","52","4","2","5","5","0","1","2750","2784","0","1","3","4","0.55","0.78","0","0",,,"1","195","2024-03-08 17:49:39"
"5d453e8723a5bb0001492546",,"4","53","3","2","5","5","1","0","2283","2349","1","0","3","4","0.63","0.78","0","0",,,"0","195","2024-03-08 17:49:42"
"5d453e8723a5bb0001492546",,"4","54","11","2","5","5","0","1","2549","2583","0","1","2","4","0.37","0.84","0","0",,,"1","200","2024-03-08 17:49:47"
"5d453e8723a5bb0001492546",,"4","55","13","2","5","5","0","1","2501","2585","0","1","1","4","0.29","0.88","0","0",,,"1","205","2024-03-08 17:49:51"
"5d453e8723a5bb0001492546",,"4","56","3","2","5","5","1","0","2549","2616","1","0","3","4","0.63","0.78","0","0",,,"1","210","2024-03-08 17:49:55"
"5d453e8723a5bb0001492546",,"4","57","0","2","5","5","0","1","2317","2401","0","1","1","1","0.16","0.29","0","0",,,"1","215","2024-03-08 17:49:59"
"5d453e8723a5bb0001492546",,"0","0","6","2","5","5","0","1","466","550","0","1","2","3","0.37","0.63","0","0",,,"0","0","2024-03-08 18:04:59"
"5d453e8723a5bb0001492546",,"0","1","6","2","5","5","0","1","616","1184","0","1","2","3","0.37","0.63","0","0",,,"0","0","2024-03-08 18:05:02"
"5d453e8723a5bb0001492546",,"0","2","7","1","5","5","1","1","1252","1434","1","0","3","4","0.55","0.88","0","0",,,"1","5","2024-03-08 18:05:05"
"5d453e8723a5bb0001492546",,"0","3","15","1","5","5","1","1","400","467","1","0","1","4","0.12","0.88","0","0",,,"0","5","2024-03-08 18:05:08"
"5d453e8723a5bb0001492546",,"0","4","2","2","5","5","1","0","599","634","1","0","1","2","0.22","0.37","0","0",,,"0","5","2024-03-08 18:05:10"
"5d453e8723a5bb0001492546",,"0","5","10","2","5","5","1","0","1968","2002","1","0","1","3","0.16","0.63","0","0",,,"0","5","2024-03-08 18:05:14"
"5d453e8723a5bb0001492546",,"0","6","10","1","5","5","0","0","1601","1702","0","1","1","3","0.16","0.63","0","0",,,"0","5","2024-03-08 18:05:18"
"5d453e8723a5bb0001492546",,"0","7","9","1","5","5","1","1","616","649","1","0","1","4","0.29","0.71","0","0",,,"1","10","2024-03-08 18:05:20"
"5d453e8723a5bb0001492546",,"0","8","5","1","5","5","1","1","417","450","1","0","1","2","0.22","0.45","0","0",,,"1","15","2024-03-08 18:05:23"
"5d453e8723a5bb0001492546",,"0","9","13","1","5","5","1","1","500","533","1","0","1","4","0.29","0.88","0","0",,,"0","15","2024-03-08 18:05:25"
"5d453e8723a5bb0001492546",,"0","10","15","2","5","5","1","0","550","583","1","0","1","4","0.12","0.88","0","0",,,"1","20","2024-03-08 18:05:27"
"5d453e8723a5bb0001492546",,"0","11","15","2","5","5","0","1","450","500","0","1","1","4","0.12","0.88","0","0",,,"1","25","2024-03-08 18:05:30"
"5d453e8723a5bb0001492546",,"0","12","13","2","5","5","1","0","499","532","1","0","1","4","0.29","0.88","0","0",,,"1","30","2024-03-08 18:05:32"
"5d453e8723a5bb0001492546",,"0","13","6","2","5","5","0","1","800","1034","0","1","2","3","0.37","0.63","0","0",,,"0","30","2024-03-08 18:05:35"
"5d453e8723a5bb0001492546",,"0","14","7","1","5","5","1","1","734","1168","1","0","3","4","0.55","0.88","0","0",,,"0","30","2024-03-08 18:05:38"
"5d453e8723a5bb0001492546",,"0","15","1","1","5","5","1","1","1918","2019","1","0","4","4","0.71","0.84","0","0",,,"1","35","2024-03-08 18:05:42"
"5d453e8723a5bb0001492546",,"0","16","2","1","5","5","1","1","2352","2419","1","0","1","2","0.22","0.37","0","0",,,"1","40","2024-03-08 18:05:46"
"5d453e8723a5bb0001492546",,"0","17","5","1","5","5","1","1","2219","2353","1","0","1","2","0.22","0.45","0","0",,,"0","40","2024-03-08 18:05:50"
"5d453e8723a5bb0001492546",,"0","18","2","1","5","5","1","1","1634","1786","1","0","1","2","0.22","0.37","0","0",,,"0","40","2024-03-08 18:05:53"
"5d453e8723a5bb0001492546",,"0","19","10","1","5","5","1","1","784","817","1","0","1","3","0.16","0.63","0","0",,,"0","40","2024-03-08 18:05:57"
"5d453e8723a5bb0001492546",,"0","20","5","2","5","5","0","1","2618","2653","0","1","1","2","0.22","0.45","0","0",,,"1","45","2024-03-08 18:06:01"
"5d453e8723a5bb0001492546",,"0","0","11","2","5","5","0","1","884","985","0","1","2","4","0.37","0.84","0","0",,,"1","5","2024-03-08 18:08:04"
"5d453e8723a5bb0001492546",,"0","1","10","2","5","5","1","0","600","818","1","0","1","3","0.16","0.63","0","0",,,"1","10","2024-03-08 18:08:06"
"5d453e8723a5bb0001492546",,"0","2","6","2","5","5","0","1","667","767","0","1","2","3","0.37","0.63","0","0",,,"1","15","2024-03-08 18:08:09"
"5d453e8723a5bb0001492546",,"0","3","4","2","5","5","0","1","867","1001","0","1","3","4","0.55","0.78","0","0",,,"0","15","2024-03-08 18:08:11"
"5d453e8723a5bb0001492546",,"0","4","11","2","5","5","0","1","1584","1752","0","1","2","4","0.37","0.84","0","0",,,"1","20","2024-03-08 18:08:15"
"5d453e8723a5bb0001492546",,"0","5","10","2","5","5","0","1","800","918","0","1","1","3","0.16","0.63","0","0",,,"1","25","2024-03-08 18:08:18"
"5d453e8723a5bb0001492546",,"0","6","15","2","5","5","0","1","1217","1350","0","1","1","4","0.12","0.88","0","0",,,"1","30","2024-03-08 18:08:21"
"5d453e8723a5bb0001492546",,"0","7","2","2","5","5","1","0","1533","1735","1","0","1","2","0.22","0.37","0","0",,,"1","35","2024-03-08 18:08:24"
"5d453e8723a5bb0001492546",,"0","8","1","1","5","5","1","1","1802","1919","1","0","4","4","0.71","0.84","0","0",,,"0","35","2024-03-08 18:08:27"
"5d453e8723a5bb0001492546",,"0","9","1","2","5","5","1","0","500","618","1","0","4","4","0.71","0.84","0","0",,,"0","35","2024-03-08 18:08:30"
"5d453e8723a5bb0001492546",,"0","10","14","2","5","5","0","1","800","1302","0","1","1","4","0.16","0.84","0","0",,,"0","35","2024-03-08 18:08:33"
"5d453e8723a5bb0001492546",,"0","11","2","2","5","5","0","1","1718","1919","0","1","1","2","0.22","0.37","0","0",,,"0","35","2024-03-08 18:08:37"
"5d453e8723a5bb0001492546",,"0","12","9","2","5","5","0","1","1217","1368","0","1","1","4","0.29","0.71","0","0",,,"0","35","2024-03-08 18:08:40"
"5d453e8723a5bb0001492546",,"0","13","15","2","5","5","1","0","601","734","1","0","1","4","0.12","0.88","0","0",,,"1","40","2024-03-08 18:08:43"
"5d453e8723a5bb0001492546",,"0","14","3","2","5","5","1","0","1800","2169","1","0","3","4","0.63","0.78","0","0",,,"1","45","2024-03-08 18:08:47"
"5d453e8723a5bb0001492546",,"0","15","12","2","5","5","1","0","1752","1835","1","0","1","4","0.12","0.71","0","0",,,"1","50","2024-03-08 18:08:50"
"5d453e8723a5bb0001492546",,"0","16","12","2","5","5","0","1","1017","1084","0","1","1","4","0.12","0.71","0","0",,,"0","50","2024-03-08 18:08:53"
"5d453e8723a5bb0001492546",,"0","17","9","2","5","5","1","0","583","632","1","0","1","4","0.29","0.71","0","0",,,"0","50","2024-03-08 18:08:57"
"5d453e8723a5bb0001492546",,"0","18","4","2","5","5","1","0","767","834","1","0","3","4","0.55","0.78","0","0",,,"0","50","2024-03-08 18:09:01"
"5d453e8723a5bb0001492546",,"0","19","14","2","5","5","1","0","1151","1268","1","0","1","4","0.16","0.84","0","0",,,"1","55","2024-03-08 18:09:04"
"5d453e8723a5bb0001492546",,"0","20","9","2","5","5","0","1","2319","2370","0","1","1","4","0.29","0.71","0","0",,,"1","60","2024-03-08 18:09:08"
"5d453e8723a5bb0001492546",,"0","21","15","2","5","5","1","0","1217","1269","1","0","1","4","0.12","0.88","0","0",,,"1","65","2024-03-08 18:09:11"
"5d453e8723a5bb0001492546",,"0","22","5","2","5","5","0","1","634","685","0","1","1","2","0.22","0.45","0","0",,,"1","70","2024-03-08 18:09:14"
"5d453e8723a5bb0001492546",,"0","23","6","2","5","5","0","1","433","500","0","1","2","3","0.37","0.63","0","0",,,"0","70","2024-03-08 18:09:16"
"5d453e8723a5bb0001492546",,"0","24","3","2","5","5","0","1","516","583","0","1","3","4","0.63","0.78","0","0",,,"1","75","2024-03-08 18:09:19"
"5d453e8723a5bb0001492546",,"0","25","7","2","5","5","1","0","567","618","1","0","3","4","0.55","0.88","0","0",,,"1","80","2024-03-08 18:09:21"
"5d453e8723a5bb0001492546",,"0","26","3","2","5","5","0","1","1100","1168","0","1","3","4","0.63","0.78","0","0",,,"1","85","2024-03-08 18:09:24"
"5d453e8723a5bb0001492546",,"0","27","1","2","5","5","0","1","1034","1418","1","1","4","4","0.71","0.84","0","0",,,"1","90","2024-03-08 18:09:27"
"5d453e8723a5bb0001492546",,"0","28","5","2","5","5","0","1","517","584","0","1","1","2","0.22","0.45","0","0",,,"0","90","2024-03-08 18:09:29"
"5d453e8723a5bb0001492546",,"0","29","13","2","5","5","0","1","1251","1351","0","1","1","4","0.29","0.88","0","0",,,"1","95","2024-03-08 18:09:33"
"5d453e8723a5bb0001492546",,"0","30","13","2","5","5","0","1","1468","1502","0","1","1","4","0.29","0.88","0","0",,,"1","100","2024-03-08 18:09:36"
"5d453e8723a5bb0001492546",,"0","31","6","2","5","5","1","0","500","566","1","0","2","3","0.37","0.63","0","0",,,"0","100","2024-03-08 18:09:39"
"5d453e8723a5bb0001492546",,"0","32","2","2","5","5","1","0","1218","1317","1","0","1","2","0.22","0.37","0","0",,,"0","100","2024-03-08 18:09:42"
"5d453e8723a5bb0001492546",,"0","33","8","2","5","5","1","0","600","701","1","0","1","2","0.12","0.45","0","0",,,"1","105","2024-03-08 18:09:45"
"5d453e8723a5bb0001492546",,"0","34","5","0","5","5","0","0","3036","0","1","0","1","2","0.22","0.45","0","0",,,"0","105","2024-03-08 18:09:49"
"5d453e8723a5bb0001492546",,"0","35","13","2","5","5","0","1","284","751","0","1","1","4","0.29","0.88","0","0",,,"1","110","2024-03-08 18:09:52"
"5d453e8723a5bb0001492546",,"0","36","8","2","5","5","0","1","650","733","0","1","1","2","0.12","0.45","0","0",,,"1","115","2024-03-08 18:09:54"
"5d453e8723a5bb0001492546",,"0","37","11","2","5","5","0","1","600","667","0","1","2","4","0.37","0.84","0","0",,,"1","120","2024-03-08 18:09:56"
"5d453e8723a5bb0001492546",,"0","38","13","2","5","5","0","1","383","434","0","1","1","4","0.29","0.88","0","0",,,"1","125","2024-03-08 18:09:59"
"5d453e8723a5bb0001492546",,"0","39","11","2","5","5","0","1","434","735","0","1","2","4","0.37","0.84","0","0",,,"1","130","2024-03-08 18:10:01"
"5d453e8723a5bb0001492546",,"0","40","3","2","5","5","1","0","468","518","1","0","3","4","0.63","0.78","0","0",,,"1","135","2024-03-08 18:10:03"
"5d453e8723a5bb0001492546",,"0","41","7","2","5","5","0","1","466","500","0","1","3","4","0.55","0.88","0","0",,,"1","140","2024-03-08 18:10:06"
"5d453e8723a5bb0001492546",,"0","42","8","2","5","5","0","1","667","717","0","1","1","2","0.12","0.45","0","0",,,"0","140","2024-03-08 18:10:09"
"5d453e8723a5bb0001492546",,"0","43","0","2","5","5","0","1","1016","1217","1","1","1","1","0.16","0.29","0","0",,,"1","145","2024-03-08 18:10:12"
"5d453e8723a5bb0001492546",,"0","44","15","2","5","5","0","1","565","617","0","1","1","4","0.12","0.88","0","0",,,"1","150","2024-03-08 18:10:14"
"5d453e8723a5bb0001492546",,"0","45","2","2","5","5","0","1","483","551","0","1","1","2","0.22","0.37","0","0",,,"0","150","2024-03-08 18:10:16"
"5d453e8723a5bb0001492546",,"0","46","14","2","5","5","0","1","1266","1351","0","1","1","4","0.16","0.84","0","0",,,"1","155","2024-03-08 18:10:20"
"5d453e8723a5bb0001492546",,"0","47","7","2","5","5","0","1","500","584","0","1","3","4","0.55","0.88","0","0",,,"0","155","2024-03-08 18:10:22"
"5d453e8723a5bb0001492546",,"0","48","0","1","5","5","1","1","349","382","1","0","1","1","0.16","0.29","0","0",,,"0","155","2024-03-08 18:10:24"
"5d453e8723a5bb0001492546",,"0","49","1","1","5","5","1","1","633","667","1","0","4","4","0.71","0.84","0","0",,,"1","160","2024-03-08 18:10:27"
"5d453e8723a5bb0001492546",,"0","50","5","2","5","5","1","0","567","601","1","0","1","2","0.22","0.45","0","0",,,"0","160","2024-03-08 18:10:30"
"5d453e8723a5bb0001492546",,"0","51","10","2","5","5","0","1","850","885","0","1","1","3","0.16","0.63","0","0",,,"0","160","2024-03-08 18:10:32"
"5d453e8723a5bb0001492546",,"0","52","10","2","5","5","1","0","516","582","1","0","1","3","0.16","0.63","0","0",,,"1","165","2024-03-08 18:10:35"
"5d453e8723a5bb0001492546",,"0","53","14","2","5","5","0","1","415","467","0","1","1","4","0.16","0.84","0","0",,,"1","170","2024-03-08 18:10:37"
"5d453e8723a5bb0001492546",,"0","54","4","2","5","5","1","0","501","583","1","0","3","4","0.55","0.78","0","0",,,"0","170","2024-03-08 18:10:40"
"5d453e8723a5bb0001492546",,"0","55","9","2","5","5","1","0","1302","1451","1","1","1","4","0.29","0.71","0","0",,,"0","170","2024-03-08 18:10:43"
"5d453e8723a5bb0001492546",,"0","56","0","2","5","5","1","0","600","666","1","0","1","1","0.16","0.29","0","0",,,"0","170","2024-03-08 18:10:46"
"5d453e8723a5bb0001492546",,"0","57","8","2","5","5","0","1","1183","1217","0","1","1","2","0.12","0.45","0","0",,,"1","175","2024-03-08 18:10:49"
"5d453e8723a5bb0001492546",,"0","58","7","2","5","5","1","0","818","850","1","0","3","4","0.55","0.88","0","0",,,"1","180","2024-03-08 18:10:52"
"5d453e8723a5bb0001492546",,"0","59","0","2","5","5","1","0","849","883","1","0","1","1","0.16","0.29","0","0",,,"0","180","2024-03-08 18:10:54"
"5d453e8723a5bb0001492546",,"0","60","6","2","5","5","1","0","1118","1169","1","0","2","3","0.37","0.63","0","0",,,"0","180","2024-03-08 18:10:58"
"5d453e8723a5bb0001492546",,"0","61","12","1","5","5","1","1","1051","1135","1","0","1","4","0.12","0.71","0","0",,,"0","180","2024-03-08 18:11:01"
"5d453e8723a5bb0001492546",,"0","62","12","1","5","5","0","0","516","567","0","1","1","4","0.12","0.71","0","0",,,"0","180","2024-03-08 18:11:03"
"5d453e8723a5bb0001492546",,"0","63","4","2","5","5","1","0","1584","1668","1","0","3","4","0.55","0.78","0","0",,,"0","180","2024-03-08 18:11:07"
"5d453e8723a5bb0001492546",,"1","0","11","2","5","5","1","0","299","433","1","0","2","4","0.37","0.84","0","0",,,"1","5","2024-03-08 18:11:59"
"5d453e8723a5bb0001492546",,"1","1","4","2","5","5","1","0","567","601","1","0","3","4","0.55","0.78","0","0",,,"0","5","2024-03-08 18:12:02"
"5d453e8723a5bb0001492546",,"1","2","1","1","5","5","1","1","483","683","1","0","4","4","0.71","0.84","0","0",,,"1","10","2024-03-08 18:12:04"
"5d453e8723a5bb0001492546",,"1","3","8","2","5","5","0","1","616","650","0","1","1","2","0.12","0.45","0","0",,,"0","10","2024-03-08 18:12:07"
"5d453e8723a5bb0001492546",,"1","4","3","1","5","5","1","1","1501","1634","1","0","3","4","0.63","0.78","0","0",,,"1","15","2024-03-08 18:12:10"
"5d453e8723a5bb0001492546",,"1","5","9","2","5","5","0","1","800","832","0","1","1","4","0.29","0.71","0","0",,,"1","20","2024-03-08 18:12:13"
"5d453e8723a5bb0001492546",,"1","6","10","0","5","5","0","1","2920","0","0","1","1","3","0.16","0.63","0","0",,,"0","20","2024-03-08 18:12:17"
"5d453e8723a5bb0001492546",,"1","7","9","2","5","5","0","1","818","868","0","1","1","4","0.29","0.71","0","0",,,"0","20","2024-03-08 18:12:20"
"5d453e8723a5bb0001492546",,"1","8","7","2","5","5","1","0","466","1235","1","1","3","4","0.55","0.88","0","0",,,"1","25","2024-03-08 18:12:23"
"5d453e8723a5bb0001492546",,"1","9","11","2","5","5","0","1","499","600","0","1","2","4","0.37","0.84","0","0",,,"1","30","2024-03-08 18:12:26"
"5d453e8723a5bb0001492546",,"1","10","3","2","5","5","1","0","1835","1869","1","0","3","4","0.63","0.78","0","0",,,"1","35","2024-03-08 18:12:29"
"5d453e8723a5bb0001492546",,"1","11","6","2","5","5","1","0","1084","1317","1","0","2","3","0.37","0.63","0","0",,,"1","40","2024-03-08 18:12:32"
"5d453e8723a5bb0001492546",,"1","12","7","2","5","5","1","0","499","616","1","0","3","4","0.55","0.88","0","0",,,"1","45","2024-03-08 18:12:34"
"5d453e8723a5bb0001492546",,"1","13","8","2","5","5","1","0","634","734","1","0","1","2","0.12","0.45","0","0",,,"1","50","2024-03-08 18:12:37"
"5d453e8723a5bb0001492546",,"1","14","6","1","5","5","1","1","1568","1702","1","0","2","3","0.37","0.63","0","0",,,"1","55","2024-03-08 18:12:40"
"5d453e8723a5bb0001492546",,"1","15","12","2","5","5","0","1","817","852","0","1","1","4","0.12","0.71","0","0",,,"0","55","2024-03-08 18:12:43"
"5d453e8723a5bb0001492546",,"1","16","1","1","5","5","1","1","533","666","1","0","4","4","0.71","0.84","0","0",,,"1","60","2024-03-08 18:12:46"
"5d453e8723a5bb0001492546",,"1","17","1","1","5","5","0","0","1417","1568","0","1","4","4","0.71","0.84","0","0",,,"0","60","2024-03-08 18:12:49"
"5d453e8723a5bb0001492546",,"1","18","0","2","5","5","1","0","867","968","1","0","1","1","0.16","0.29","0","0",,,"0","60","2024-03-08 18:12:52"
"5d453e8723a5bb0001492546",,"1","19","15","2","5","5","1","0","983","1016","1","0","1","4","0.12","0.88","0","0",,,"1","65","2024-03-08 18:12:55"
"5d453e8723a5bb0001492546",,"1","20","9","2","5","5","1","0","1218","1352","1","0","1","4","0.29","0.71","0","0",,,"1","70","2024-03-08 18:12:58"
"5d453e8723a5bb0001492546",,"1","21","7","1","5","5","1","1","750","1385","1","0","3","4","0.55","0.88","0","0",,,"1","75","2024-03-08 18:13:01"
"5d453e8723a5bb0001492546",,"1","22","10","2","5","5","0","1","733","934","0","1","1","3","0.16","0.63","0","0",,,"1","80","2024-03-08 18:13:03"
"5d453e8723a5bb0001492546",,"1","23","2","1","5","5","1","1","2336","2437","1","0","1","2","0.22","0.37","0","0",,,"0","80","2024-03-08 18:13:07"
"5d453e8723a5bb0001492546",,"1","24","8","2","5","5","1","0","566","650","1","0","1","2","0.12","0.45","0","0",,,"1","85","2024-03-08 18:13:10"
"5d453e8723a5bb0001492546",,"1","25","11","2","5","5","0","1","634","784","0","1","2","4","0.37","0.84","0","0",,,"1","90","2024-03-08 18:13:13"
"5d453e8723a5bb0001492546",,"1","26","3","1","5","5","1","1","1601","1634","1","0","3","4","0.63","0.78","0","0",,,"1","95","2024-03-08 18:13:16"
"5d453e8723a5bb0001492546",,"1","27","4","2","5","5","0","1","1067","1168","0","1","3","4","0.55","0.78","0","0",,,"0","95","2024-03-08 18:13:19"
"5d453e8723a5bb0001492546",,"1","28","5","2","5","5","1","0","750","785","1","0","1","2","0.22","0.45","0","0",,,"0","95","2024-03-08 18:13:21"
"5d453e8723a5bb0001492546",,"1","29","2","2","5","5","0","1","733","767","0","1","1","2","0.22","0.37","0","0",,,"0","95","2024-03-08 18:13:24"
"5d453e8723a5bb0001492546",,"1","30","2","2","5","5","0","1","600","634","0","1","1","2","0.22","0.37","0","0",,,"1","100","2024-03-08 18:13:27"
"5d453e8723a5bb0001492546",,"1","31","14","2","5","5","1","0","1384","1417","1","0","1","4","0.16","0.84","0","0",,,"1","105","2024-03-08 18:13:30"
"5d453e8723a5bb0001492546",,"1","32","13","2","5","5","1","0","1267","1302","1","0","1","4","0.29","0.88","0","0",,,"1","110","2024-03-08 18:13:33"
"5d453e8723a5bb0001492546",,"1","33","4","1","5","5","1","1","1918","1951","1","0","3","4","0.55","0.78","0","0",,,"1","115","2024-03-08 18:13:37"
"5d453e8723a5bb0001492546",,"1","34","13","2","5","5","1","0","1619","1652","1","0","1","4","0.29","0.88","0","0",,,"1","120","2024-03-08 18:13:40"
"5d453e8723a5bb0001492546",,"1","35","0","2","5","5","0","1","2118","2218","0","1","1","1","0.16","0.29","0","0",,,"0","120","2024-03-08 18:13:43"
"5d453e8723a5bb0001492546",,"1","36","11","2","5","5","0","1","1018","1152","0","1","2","4","0.37","0.84","0","0",,,"1","125","2024-03-08 18:13:47"
"5d453e8723a5bb0001492546",,"1","37","5","0","5","5","0","0","2768","0","1","0","1","2","0.22","0.45","0","0",,,"0","125","2024-03-08 18:13:51"
"5d453e8723a5bb0001492546",,"1","38","9","2","5","5","1","0","734","800","1","0","1","4","0.29","0.71","0","0",,,"0","125","2024-03-08 18:13:54"
"5d453e8723a5bb0001492546",,"1","39","2","2","5","5","1","0","1085","1402","1","0","1","2","0.22","0.37","0","0",,,"1","130","2024-03-08 18:13:57"
"5d453e8723a5bb0001492546",,"1","40","7","0","5","5","0","1","0","0","0","0","3","4","0.55","0.88","0","0",,,"0","130","2024-03-08 18:14:01"
"5d453e8723a5bb0001492546",,"1","41","13","2","5","5","1","0","599","1101","1","0","1","4","0.29","0.88","0","0",,,"1","135","2024-03-08 18:14:04"
"5d453e8723a5bb0001492546",,"1","42","15","2","5","5","0","1","483","535","0","1","1","4","0.12","0.88","0","0",,,"1","140","2024-03-08 18:14:07"
"5d453e8723a5bb0001492546",,"1","43","0","2","5","5","1","0","416","466","1","0","1","1","0.16","0.29","0","0",,,"1","145","2024-03-08 18:14:09"
"5d453e8723a5bb0001492546",,"1","44","5","2","5","5","1","0","516","550","1","0","1","2","0.22","0.45","0","0",,,"0","145","2024-03-08 18:14:11"
"5d453e8723a5bb0001492546",,"1","45","4","2","5","5","0","1","551","617","0","1","3","4","0.55","0.78","0","0",,,"0","145","2024-03-08 18:14:14"
"5d453e8723a5bb0001492546",,"1","46","15","2","5","5","0","1","1233","1350","0","1","1","4","0.12","0.88","0","0",,,"1","150","2024-03-08 18:14:17"
"5d453e8723a5bb0001492546",,"1","47","10","2","5","5","1","0","817","884","1","0","1","3","0.16","0.63","0","0",,,"1","155","2024-03-08 18:14:20"
"5d453e8723a5bb0001492546",,"1","48","12","2","5","5","0","1","416","534","0","1","1","4","0.12","0.71","0","0",,,"1","160","2024-03-08 18:14:22"
"5d453e8723a5bb0001492546",,"1","49","14","1","5","5","0","0","700","784","0","1","1","4","0.16","0.84","0","0",,,"1","165","2024-03-08 18:14:24"
"5d453e8723a5bb0001492546",,"1","50","6","2","5","5","1","0","500","600","1","0","2","3","0.37","0.63","0","0",,,"0","165","2024-03-08 18:14:27"
"5d453e8723a5bb0001492546",,"1","51","10","2","5","5","0","1","750","784","0","1","1","3","0.16","0.63","0","0",,,"1","170","2024-03-08 18:14:30"
"5d453e8723a5bb0001492546",,"1","52","0","2","5","5","0","1","1367","1568","1","1","1","1","0.16","0.29","0","0",,,"1","175","2024-03-08 18:14:33"
"5d453e8723a5bb0001492546",,"1","53","3","0","5","5","0","0","2887","0","1","0","3","4","0.63","0.78","0","0",,,"0","175","2024-03-08 18:14:37"
"5d453e8723a5bb0001492546",,"1","54","8","2","5","5","1","0","1000","1118","1","0","1","2","0.12","0.45","0","0",,,"0","175","2024-03-08 18:14:40"
"5d453e8723a5bb0001492546",,"1","55","5","2","5","5","1","0","666","732","1","0","1","2","0.22","0.45","0","0",,,"1","180","2024-03-08 18:14:43"
"5d453e8723a5bb0001492546",,"1","56","6","2","5","5","1","0","500","600","1","0","2","3","0.37","0.63","0","0",,,"1","185","2024-03-08 18:14:45"
"5d453e8723a5bb0001492546",,"1","57","15","2","5","5","0","1","466","567","0","1","1","4","0.12","0.88","0","0",,,"1","190","2024-03-08 18:14:48"
"5d453e8723a5bb0001492546",,"1","58","13","2","5","5","0","1","1184","1285","0","1","1","4","0.29","0.88","0","0",,,"1","195","2024-03-08 18:14:51"
"5d453e8723a5bb0001492546",,"1","59","12","2","5","5","0","1","499","567","0","1","1","4","0.12","0.71","0","0",,,"0","195","2024-03-08 18:14:53"
"5d453e8723a5bb0001492546",,"1","60","1","1","5","5","0","0","2118","2234","1","1","4","4","0.71","0.84","0","0",,,"0","195","2024-03-08 18:14:57"
"5d453e8723a5bb0001492546",,"1","61","14","2","5","5","0","1","1166","1216","0","1","1","4","0.16","0.84","0","0",,,"1","200","2024-03-08 18:15:01"
"5d453e8723a5bb0001492546",,"1","62","12","2","5","5","0","1","717","850","1","1","1","4","0.12","0.71","0","0",,,"1","205","2024-03-08 18:15:03"
"5d453e8723a5bb0001492546",,"1","63","14","1","5","5","1","1","1068","1385","1","0","1","4","0.16","0.84","0","0",,,"0","205","2024-03-08 18:15:06"
"5d453e8723a5bb0001492546",,"2","0","5","2","5","5","0","1","651","685","0","1","1","2","0.22","0.45","0","0",,,"0","0","2024-03-08 18:16:40"
"5d453e8723a5bb0001492546",,"2","1","14","2","5","5","1","0","616","649","1","0","1","4","0.16","0.84","0","0",,,"0","0","2024-03-08 18:16:42"
"5d453e8723a5bb0001492546",,"2","2","15","2","5","5","0","1","550","583","0","1","1","4","0.12","0.88","0","0",,,"1","5","2024-03-08 18:16:45"
"5d453e8723a5bb0001492546",,"2","3","9","1","5","5","1","1","517","600","1","0","1","4","0.29","0.71","0","0",,,"1","10","2024-03-08 18:16:47"
"5d453e8723a5bb0001492546",,"2","4","1","1","5","5","1","1","1801","1835","1","0","4","4","0.71","0.84","0","0",,,"1","15","2024-03-08 18:16:51"
"5d453e8723a5bb0001492546",,"2","5","14","2","5","5","0","1","1551","1635","0","1","1","4","0.16","0.84","0","0",,,"0","15","2024-03-08 18:16:54"
"5d453e8723a5bb0001492546",,"2","6","12","2","5","5","1","0","2385","2535","1","1","1","4","0.12","0.71","0","0",,,"1","20","2024-03-08 18:16:58"
"5d453e8723a5bb0001492546",,"2","7","2","2","5","5","1","0","633","666","1","0","1","2","0.22","0.37","0","0",,,"0","20","2024-03-08 18:17:01"
"5d453e8723a5bb0001492546",,"2","8","11","2","5","5","1","0","583","649","1","0","2","4","0.37","0.84","0","0",,,"1","25","2024-03-08 18:17:03"
"5d453e8723a5bb0001492546",,"2","9","1","2","5","5","0","1","1116","1184","0","1","4","4","0.71","0.84","0","0",,,"1","30","2024-03-08 18:17:06"
"5d453e8723a5bb0001492546",,"2","10","12","2","5","5","0","1","784","834","0","1","1","4","0.12","0.71","0","0",,,"1","35","2024-03-08 18:17:09"
"5d453e8723a5bb0001492546",,"2","11","9","2","5","5","0","1","466","500","0","1","1","4","0.29","0.71","0","0",,,"1","40","2024-03-08 18:17:11"
"5d453e8723a5bb0001492546",,"2","12","8","2","5","5","1","0","1818","1935","1","0","1","2","0.12","0.45","0","0",,,"0","40","2024-03-08 18:17:15"
"5d453e8723a5bb0001492546",,"2","13","7","2","5","5","0","1","1285","1334","0","1","3","4","0.55","0.88","0","0",,,"1","45","2024-03-08 18:17:18"
"5d453e8723a5bb0001492546",,"2","14","13","1","5","5","1","1","2653","2702","1","0","1","4","0.29","0.88","0","0",,,"0","45","2024-03-08 18:17:22"
"5d453e8723a5bb0001492546",,"2","15","14","2","5","5","1","0","583","650","1","0","1","4","0.16","0.84","0","0",,,"1","50","2024-03-08 18:17:25"
"5d453e8723a5bb0001492546",,"2","16","15","2","5","5","0","1","1317","1368","0","1","1","4","0.12","0.88","0","0",,,"1","55","2024-03-08 18:17:28"
"5d453e8723a5bb0001492546",,"2","17","8","0","5","5","0","0","3103","0","1","0","1","2","0.12","0.45","0","0",,,"0","55","2024-03-08 18:17:32"
"5d453e8723a5bb0001492546",,"2","18","7","2","5","5","0","1","1669","1752","0","1","3","4","0.55","0.88","0","0",,,"1","60","2024-03-08 18:17:36"
"5d453e8723a5bb0001492546",,"2","19","6","0","5","5","0","0","0","0","0","0","2","3","0.37","0.63","0","0",,,"0","60","2024-03-08 18:17:40"
"5d453e8723a5bb0001492546",,"2","20","14","2","5","5","0","1","1151","1184","0","1","1","4","0.16","0.84","0","0",,,"1","65","2024-03-08 18:17:43"
"5d453e8723a5bb0001492546",,"2","21","9","2","5","5","1","0","901","952","1","0","1","4","0.29","0.71","0","0",,,"1","70","2024-03-08 18:17:46"
"5d453e8723a5bb0001492546",,"2","22","4","0","5","5","0","1","0","0","0","0","3","4","0.55","0.78","0","0",,,"0","70","2024-03-08 18:17:50"
"5d453e8723a5bb0001492546",,"2","23","6","2","5","5","1","0","968","1068","1","0","2","3","0.37","0.63","0","0",,,"1","75","2024-03-08 18:17:53"
"5d453e8723a5bb0001492546",,"2","24","3","2","5","5","1","0","467","518","1","0","3","4","0.63","0.78","0","0",,,"1","80","2024-03-08 18:17:57"
"5d453e8723a5bb0001492546",,"2","25","10","2","5","5","0","1","1318","1435","0","1","1","3","0.16","0.63","0","0",,,"0","80","2024-03-08 18:18:00"
"5d453e8723a5bb0001492546",,"2","26","10","2","5","5","1","0","1751","1785","1","0","1","3","0.16","0.63","0","0",,,"1","85","2024-03-08 18:18:03"
"5d453e8723a5bb0001492546",,"2","27","13","2","5","5","1","0","1318","1436","1","0","1","4","0.29","0.88","0","0",,,"1","90","2024-03-08 18:18:06"
"5d453e8723a5bb0001492546",,"2","28","7","2","5","5","0","1","1684","1801","0","1","3","4","0.55","0.88","0","0",,,"1","95","2024-03-08 18:18:10"
"5d453e8723a5bb0001492546",,"2","29","6","2","5","5","1","0","1184","1318","1","0","2","3","0.37","0.63","0","0",,,"1","100","2024-03-08 18:18:13"
"5d453e8723a5bb0001492546",,"2","30","5","1","5","5","0","0","2568","2703","0","1","1","2","0.22","0.45","0","0",,,"0","100","2024-03-08 18:18:17"
"5d453e8723a5bb0001492546",,"2","31","9","2","5","5","0","1","1417","1451","0","1","1","4","0.29","0.71","0","0",,,"0","100","2024-03-08 18:18:21"
"5d453e8723a5bb0001492546",,"2","32","4","0","5","5","0","1","0","0","0","0","3","4","0.55","0.78","0","0",,,"0","100","2024-03-08 18:18:25"
"5d453e8723a5bb0001492546",,"2","33","1","1","5","5","1","1","751","817","1","0","4","4","0.71","0.84","0","0",,,"1","105","2024-03-08 18:18:28"
"5d453e8723a5bb0001492546",,"2","34","5","2","5","5","1","0","850","901","1","0","1","2","0.22","0.45","0","0",,,"1","110","2024-03-08 18:18:30"
"5d453e8723a5bb0001492546",,"2","35","7","0","5","5","0","1","0","0","0","0","3","4","0.55","0.88","0","0",,,"0","110","2024-03-08 18:18:35"
"5d453e8723a5bb0001492546",,"2","36","1","0","5","5","0","0","0","0","0","0","4","4","0.71","0.84","0","0",,,"0","110","2024-03-08 18:18:40"
"5d453e8723a5bb0001492546",,"2","37","5","0","5","5","0","1","0","0","0","0","1","2","0.22","0.45","0","0",,,"0","110","2024-03-08 18:18:44"
"5d453e8723a5bb0001492546",,"2","38","2","0","5","5","0","1","0","0","0","0","1","2","0.22","0.37","0","0",,,"0","110","2024-03-08 18:18:49"
"5d453e8723a5bb0001492546",,"2","39","4","0","5","5","0","1","0","0","0","0","3","4","0.55","0.78","0","0",,,"0","110","2024-03-08 18:18:53"
"5d453e8723a5bb0001492546",,"2","40","0","0","5","5","0","1","0","0","0","0","1","1","0.16","0.29","0","0",,,"0","110","2024-03-08 18:18:58"
"5d453e8723a5bb0001492546",,"2","41","11","0","5","5","0","1","0","0","0","0","2","4","0.37","0.84","0","0",,,"0","110","2024-03-08 18:19:02"
"5d453e8723a5bb0001492546",,"2","42","3","0","5","5","0","0","0","0","0","0","3","4","0.63","0.78","0","0",,,"0","110","2024-03-08 18:19:07"
"5d453e8723a5bb0001492546",,"2","43","0","0","5","5","0","1","0","0","0","0","1","1","0.16","0.29","0","0",,,"0","110","2024-03-08 18:19:11"
"5d453e8723a5bb0001492546",,"2","44","12","0","5","5","0","1","0","0","0","0","1","4","0.12","0.71","0","0",,,"0","110","2024-03-08 18:19:16"
"5d453e8723a5bb0001492546",,"2","45","0","0","5","5","0","0","0","0","0","0","1","1","0.16","0.29","0","0",,,"0","110","2024-03-08 18:19:20"
"5d453e8723a5bb0001492546",,"2","46","8","0","5","5","0","0","0","0","0","0","1","2","0.12","0.45","0","0",,,"0","110","2024-03-08 18:19:25"
"5d453e8723a5bb0001492546",,"2","47","12","1","5","5","1","1","2151","2186","1","0","1","4","0.12","0.71","0","0",,,"0","110","2024-03-08 18:19:28"
"5d453e8723a5bb0001492546",,"2","48","10","2","5","5","0","1","616","650","0","1","1","3","0.16","0.63","0","0",,,"0","110","2024-03-08 18:19:31"
"5d453e8723a5bb0001492546",,"2","49","3","2","5","5","1","0","466","500","1","0","3","4","0.63","0.78","0","0",,,"1","115","2024-03-08 18:19:34"
"5d453e8723a5bb0001492546",,"2","50","15","2","5","5","1","0","449","482","1","0","1","4","0.12","0.88","0","0",,,"0","115","2024-03-08 18:19:36"
"5d453e8723a5bb0001492546",,"2","51","3","2","5","5","1","0","466","500","1","0","3","4","0.63","0.78","0","0",,,"1","120","2024-03-08 18:19:38"
"5d453e8723a5bb0001492546",,"2","52","15","2","5","5","0","1","433","501","0","1","1","4","0.12","0.88","0","0",,,"1","125","2024-03-08 18:19:41"
"5d453e8723a5bb0001492546",,"2","53","13","2","5","5","0","1","467","499","0","1","1","4","0.29","0.88","0","0",,,"1","130","2024-03-08 18:19:43"
"5d453e8723a5bb0001492546",,"2","54","11","2","5","5","0","1","516","550","0","1","2","4","0.37","0.84","0","0",,,"1","135","2024-03-08 18:19:45"
"5d453e8723a5bb0001492546",,"2","55","2","1","5","5","1","1","834","867","1","0","1","2","0.22","0.37","0","0",,,"0","135","2024-03-08 18:19:48"
"5d453e8723a5bb0001492546",,"2","56","10","2","5","5","1","0","499","533","1","0","1","3","0.16","0.63","0","0",,,"1","140","2024-03-08 18:19:51"
"5d453e8723a5bb0001492546",,"2","57","4","1","5","5","0","0","883","966","0","1","3","4","0.55","0.78","0","0",,,"0","140","2024-03-08 18:19:53"
"5d453e8723a5bb0001492546",,"2","58","2","2","5","5","1","0","750","784","1","0","1","2","0.22","0.37","0","0",,,"0","140","2024-03-08 18:19:58"
"5d453e8723a5bb0001492546",,"2","59","11","2","5","5","1","0","2518","2568","1","0","2","4","0.37","0.84","0","0",,,"1","145","2024-03-08 18:20:02"
"5d453e8723a5bb0001492546",,"2","60","8","2","5","5","1","0","634","701","1","0","1","2","0.12","0.45","0","0",,,"1","150","2024-03-08 18:20:05"
"5d453e8723a5bb0001492546",,"2","61","13","2","5","5","0","1","516","550","0","1","1","4","0.29","0.88","0","0",,,"1","155","2024-03-08 18:20:07"
"5d453e8723a5bb0001492546",,"4","0","11","2","5","5","1","0","666","799","1","0","2","4","0.37","0.84","0","0",,,"0","0","2024-03-08 18:22:49"
"5d453e8723a5bb0001492546",,"4","1","4","1","5","5","1","1","499","549","1","0","3","4","0.55","0.78","0","0",,,"0","0","2024-03-08 18:22:52"
"5d453e8723a5bb0001492546",,"4","2","5","2","5","5","0","1","567","601","0","1","1","2","0.22","0.45","0","0",,,"0","0","2024-03-08 18:22:55"
"5d453e8723a5bb0001492546",,"4","3","5","2","5","5","0","1","900","1051","0","1","1","2","0.22","0.45","0","0",,,"0","0","2024-03-08 18:22:58"
"5d453e8723a5bb0001492546",,"4","4","11","1","5","5","1","1","483","533","1","0","2","4","0.37","0.84","0","0",,,"0","0","2024-03-08 18:23:00"
"5d453e8723a5bb0001492546",,"4","5","3","2","5","5","1","0","800","849","1","0","3","4","0.63","0.78","0","0",,,"0","0","2024-03-08 18:23:03"
"5d453e8723a5bb0001492546",,"4","6","7","2","5","5","0","1","584","701","0","1","3","4","0.55","0.88","0","0",,,"1","5","2024-03-08 18:23:06"
"5d453e8723a5bb0001492546",,"4","7","4","2","5","5","0","1","2017","2134","0","1","3","4","0.55","0.78","0","0",,,"0","5","2024-03-08 18:23:09"
"5d453e8723a5bb0001492546",,"4","8","13","2","5","5","1","0","1632","1883","1","0","1","4","0.29","0.88","0","0",,,"1","10","2024-03-08 18:23:13"
"5d453e8723a5bb0001492546",,"4","9","13","2","5","5","0","1","1450","1817","0","1","1","4","0.29","0.88","0","0",,,"1","15","2024-03-08 18:23:17"
"5d453e8723a5bb0001492546",,"4","10","15","2","5","5","1","0","1883","1916","1","0","1","4","0.12","0.88","0","0",,,"1","20","2024-03-08 18:23:20"
"5d453e8723a5bb0001492546",,"4","11","1","1","5","5","1","1","716","934","1","0","4","4","0.71","0.84","0","0",,,"1","25","2024-03-08 18:23:23"
"5d453e8723a5bb0001492546",,"4","12","1","2","5","5","1","0","1149","1500","1","0","4","4","0.71","0.84","0","0",,,"1","30","2024-03-08 18:23:26"
"5d453e8723a5bb0001492546",,"4","13","14","2","5","5","0","1","1168","2152","0","1","1","4","0.16","0.84","0","0",,,"1","35","2024-03-08 18:23:30"
"5d453e8723a5bb0001492546",,"4","14","15","2","5","5","0","1","665","850","0","1","1","4","0.12","0.88","0","0",,,"1","40","2024-03-08 18:23:32"
"5d453e8723a5bb0001492546",,"4","15","0","2","5","5","0","1","749","898","0","1","1","1","0.16","0.29","0","0",,,"0","40","2024-03-08 18:23:35"
"5d453e8723a5bb0001492546",,"4","16","1","2","5","5","0","1","1016","1066","0","1","4","4","0.71","0.84","0","0",,,"1","45","2024-03-08 18:23:38"
"5d453e8723a5bb0001492546",,"4","17","10","2","5","5","0","1","1216","1333","0","1","1","3","0.16","0.63","0","0",,,"0","45","2024-03-08 18:23:41"
"5d453e8723a5bb0001492546",,"4","18","10","2","5","5","0","1","2132","2216","0","1","1","3","0.16","0.63","0","0",,,"0","45","2024-03-08 18:23:45"
"5d453e8723a5bb0001492546",,"4","19","0","2","5","5","0","1","1083","1733","0","1","1","1","0.16","0.29","0","0",,,"0","45","2024-03-08 18:23:48"
"5d453e8723a5bb0001492546",,"4","20","3","1","5","5","0","0","1866","2032","0","1","3","4","0.63","0.78","0","0",,,"0","45","2024-03-08 18:23:52"
"5d453e8723a5bb0001492546",,"4","21","8","2","5","5","0","1","1401","1601","0","1","1","2","0.12","0.45","0","0",,,"0","45","2024-03-08 18:23:56"
"5d453e8723a5bb0001492546",,"4","22","3","2","5","5","1","0","1333","1833","1","0","3","4","0.63","0.78","0","0",,,"1","50","2024-03-08 18:23:59"
"5d453e8723a5bb0001492546",,"4","23","6","2","5","5","0","1","1217","1416","0","1","2","3","0.37","0.63","0","0",,,"0","50","2024-03-08 18:24:02"
"5d453e8723a5bb0001492546",,"4","24","10","2","5","5","0","1","16","833","0","2","1","3","0.16","0.63","0","0",,,"1","55","2024-03-08 18:24:06"
"5d453e8723a5bb0001492546",,"4","25","11","2","5","5","1","0","2315","2549","1","0","2","4","0.37","0.84","0","0",,,"1","60","2024-03-08 18:24:10"
"5d453e8723a5bb0001492546",,"4","26","7","2","5","5","0","1","751","835","0","1","3","4","0.55","0.88","0","0",,,"1","65","2024-03-08 18:24:12"
"5d453e8723a5bb0001492546",,"4","27","11","1","5","5","1","1","433","2300","1","1","2","4","0.37","0.84","0","0",,,"0","65","2024-03-08 18:24:16"
"5d453e8723a5bb0001492546",,"4","28","14","2","5","5","0","1","633","834","0","1","1","4","0.16","0.84","0","0",,,"1","70","2024-03-08 18:24:19"
"5d453e8723a5bb0001492546",,"4","29","8","2","5","5","1","0","1132","1249","1","0","1","2","0.12","0.45","0","0",,,"1","75","2024-03-08 18:24:22"
"5d453e8723a5bb0001492546",,"4","30","1","2","5","5","0","1","1817","2233","0","1","4","4","0.71","0.84","0","0",,,"1","80","2024-03-08 18:24:25"
"5d453e8723a5bb0001492546",,"4","31","6","2","5","5","0","1","1115","1349","0","1","2","3","0.37","0.63","0","0",,,"0","80","2024-03-08 18:24:28"
"5d453e8723a5bb0001492546",,"4","32","8","2","5","5","1","0","550","2366","1","1","1","2","0.12","0.45","0","0",,,"0","80","2024-03-08 18:24:33"
"5d453e8723a5bb0001492546",,"4","33","13","2","5","5","0","1","2399","2433","0","1","1","4","0.29","0.88","0","0",,,"1","85","2024-03-08 18:24:37"
"5d453e8723a5bb0001492546",,"4","34","5","0","5","5","0","1","2950","0","1","1","1","2","0.22","0.45","0","0",,,"0","85","2024-03-08 18:24:41"
"5d453e8723a5bb0001492546",,"4","35","15","2","5","5","0","1","0","50","0","1","1","4","0.12","0.88","0","0",,,"1","90","2024-03-08 18:24:43"
"5d453e8723a5bb0001492546",,"4","36","2","2","5","5","1","0","467","600","1","0","1","2","0.22","0.37","0","0",,,"0","90","2024-03-08 18:24:46"
"5d453e8723a5bb0001492546",,"4","37","14","2","5","5","1","0","533","616","1","0","1","4","0.16","0.84","0","0",,,"1","95","2024-03-08 18:24:48"
"5d453e8723a5bb0001492546",,"4","38","6","1","5","5","1","1","1683","1717","1","0","2","3","0.37","0.63","0","0",,,"1","100","2024-03-08 18:24:52"
"5d453e8723a5bb0001492546",,"4","39","4","2","5","5","0","1","1466","1617","0","1","3","4","0.55","0.78","0","0",,,"1","105","2024-03-08 18:24:55"
"5d453e8723a5bb0001492546",,"4","40","5","1","5","5","1","1","715","883","1","0","1","2","0.22","0.45","0","0",,,"1","110","2024-03-08 18:24:58"
"5d453e8723a5bb0001492546",,"4","41","15","2","5","5","0","1","449","516","0","1","1","4","0.12","0.88","0","0",,,"1","115","2024-03-08 18:25:00"
"5d453e8723a5bb0001492546",,"4","42","2","1","5","5","1","1","500","1150","1","1","1","2","0.22","0.37","0","0",,,"0","115","2024-03-08 18:25:03"
"5d453e8723a5bb0001492546",,"4","43","9","2","5","5","0","1","582","734","0","1","1","4","0.29","0.71","0","0",,,"1","120","2024-03-08 18:25:06"
"5d453e8723a5bb0001492546",,"4","44","9","2","5","5","0","1","1000","1051","0","1","1","4","0.29","0.71","0","0",,,"1","125","2024-03-08 18:25:09"
"5d453e8723a5bb0001492546",,"4","45","7","2","5","5","0","1","549","600","0","1","3","4","0.55","0.88","0","0",,,"1","130","2024-03-08 18:25:11"
"5d453e8723a5bb0001492546",,"4","46","12","2","5","5","1","0","1366","1400","1","0","1","4","0.12","0.71","0","0",,,"1","135","2024-03-08 18:25:14"
"5d453e8723a5bb0001492546",,"4","47","12","2","5","5","1","0","1899","2033","1","0","1","4","0.12","0.71","0","0",,,"0","135","2024-03-08 18:25:18"
"5d453e8723a5bb0001492546",,"4","48","12","2","5","5","1","0","1334","1367","1","0","1","4","0.12","0.71","0","0",,,"1","140","2024-03-08 18:25:21"
"5d453e8723a5bb0001492546",,"4","49","8","2","5","5","0","1","1183","1283","0","1","1","2","0.12","0.45","0","0",,,"0","140","2024-03-08 18:25:24"
"5d453e8723a5bb0001492546",,"4","50","3","2","5","5","1","0","2150","2432","1","0","3","4","0.63","0.78","0","0",,,"1","145","2024-03-08 18:25:28"
"5d453e8723a5bb0001492546",,"4","51","14","2","5","5","0","1","684","732","0","1","1","4","0.16","0.84","0","0",,,"1","150","2024-03-08 18:25:30"
"5d453e8723a5bb0001492546",,"4","52","9","0","5","5","0","0","0","0","0","0","1","4","0.29","0.71","0","0",,,"0","150","2024-03-08 18:25:35"
"5d453e8723a5bb0001492546",,"4","53","6","2","5","5","0","1","501","667","0","1","2","3","0.37","0.63","0","0",,,"1","155","2024-03-08 18:25:38"
"5d453e8723a5bb0001492546",,"4","54","12","2","5","5","0","1","483","516","0","1","1","4","0.12","0.71","0","0",,,"1","160","2024-03-08 18:25:40"
"5d453e8723a5bb0001492546",,"4","55","2","2","5","5","1","0","633","667","1","0","1","2","0.22","0.37","0","0",,,"1","165","2024-03-08 18:25:42"
"5d453e8723a5bb0001492546",,"4","56","7","2","5","5","1","0","716","766","1","0","3","4","0.55","0.88","0","0",,,"1","170","2024-03-08 18:25:45"
"5d453e8723a5bb0001492546",,"4","57","10","0","5","5","0","1","3000","0","1","0","1","3","0.16","0.63","0","0",,,"0","170","2024-03-08 18:25:50"
"5d453e8723a5bb0001492546",,"4","58","4","2","5","5","0","1","434","484","0","1","3","4","0.55","0.78","0","0",,,"1","175","2024-03-08 18:25:52"
"5d453e8723a5bb0001492546",,"4","59","2","1","5","5","1","1","616","932","1","0","1","2","0.22","0.37","0","0",,,"0","175","2024-03-08 18:25:55"
"5d453e8723a5bb0001492546",,"4","60","0","1","5","5","1","1","1083","1116","1","0","1","1","0.16","0.29","0","0",,,"0","175","2024-03-08 18:25:58"
"5d453e8723a5bb0001492546",,"4","61","9","2","5","5","0","1","950","983","0","1","1","4","0.29","0.71","0","0",,,"1","180","2024-03-08 18:26:01"
"5d453e8723a5bb0001492546",,"4","62","0","0","5","5","0","0","2816","0","1","0","1","1","0.16","0.29","0","0",,,"0","180","2024-03-08 18:26:05"
"5d453e8723a5bb0001492546",,"4","63","13","2","5","5","1","0","685","768","1","0","1","4","0.29","0.88","0","0",,,"1","185","2024-03-08 18:26:08"
"5d453e8723a5bb0001492546",,"5","0","9","2","5","5","0","1","500","683","1","1","1","4","0.29","0.71","0","0",,,"1","5","2024-03-08 18:26:26"
"5d453e8723a5bb0001492546",,"5","1","9","2","5","5","1","0","433","465","1","0","1","4","0.29","0.71","0","0",,,"1","10","2024-03-08 18:26:29"
"5d453e8723a5bb0001492546",,"5","2","13","2","5","5","1","0","467","501","1","0","1","4","0.29","0.88","0","0",,,"1","15","2024-03-08 18:26:31"
"5d453e8723a5bb0001492546",,"5","3","11","2","5","5","1","0","467","500","1","0","2","4","0.37","0.84","0","0",,,"1","20","2024-03-08 18:26:33"
"5d453e8723a5bb0001492546",,"5","4","10","2","5","5","0","1","581","616","0","1","1","3","0.16","0.63","0","0",,,"1","25","2024-03-08 18:26:36"
"5d453e8723a5bb0001492546",,"5","5","14","2","5","5","1","0","550","767","1","0","1","4","0.16","0.84","0","0",,,"0","25","2024-03-08 18:26:38"
"5d453e8723a5bb0001492546",,"5","6","13","2","5","5","0","1","483","516","0","1","1","4","0.29","0.88","0","0",,,"1","30","2024-03-08 18:26:41"
"5d453e8723a5bb0001492546",,"5","7","0","2","5","5","1","0","550","583","1","0","1","1","0.16","0.29","0","0",,,"0","30","2024-03-08 18:26:43"
"5d453e8723a5bb0001492546",,"5","8","9","2","5","5","0","1","449","483","0","1","1","4","0.29","0.71","0","0",,,"0","30","2024-03-08 18:26:45"
"5d453e8723a5bb0001492546",,"5","9","8","1","5","5","1","1","350","383","1","0","1","2","0.12","0.45","0","0",,,"0","30","2024-03-08 18:26:48"
"5d453e8723a5bb0001492546",,"5","10","12","1","5","5","1","1","383","416","1","0","1","4","0.12","0.71","0","0",,,"0","30","2024-03-08 18:26:50"
"5d453e8723a5bb0001492546",,"5","11","0","2","5","5","1","0","583","616","1","0","1","1","0.16","0.29","0","0",,,"0","30","2024-03-08 18:26:53"
"5d453e8723a5bb0001492546",,"5","12","9","1","5","5","1","1","317","384","1","0","1","4","0.29","0.71","0","0",,,"0","30","2024-03-08 18:26:55"
"5d453e8723a5bb0001492546",,"5","13","14","2","5","5","0","1","934","1000","0","1","1","4","0.16","0.84","0","0",,,"1","35","2024-03-08 18:26:58"
"5d453e8723a5bb0001492546",,"5","14","15","1","5","5","1","1","851","900","1","0","1","4","0.12","0.88","0","0",,,"0","35","2024-03-08 18:27:01"
"5d453e8723a5bb0001492546",,"5","15","7","1","5","5","0","0","850","900","0","1","3","4","0.55","0.88","0","0",,,"1","40","2024-03-08 18:27:04"
"5d453e8723a5bb0001492546",,"5","16","12","2","5","5","0","1","567","667","0","1","1","4","0.12","0.71","0","0",,,"0","40","2024-03-08 18:27:06"
"5d453e8723a5bb0001492546",,"5","17","2","2","5","5","1","0","1683","1716","1","0","1","2","0.22","0.37","0","0",,,"0","40","2024-03-08 18:27:10"
"5d453e8723a5bb0001492546",,"5","18","8","2","5","5","1","0","950","1016","1","0","1","2","0.12","0.45","0","0",,,"1","45","2024-03-08 18:27:13"
"5d453e8723a5bb0001492546",,"5","19","15","2","5","5","1","0","666","817","1","0","1","4","0.12","0.88","0","0",,,"1","50","2024-03-08 18:27:15"
"5d453e8723a5bb0001492546",,"5","20","10","1","5","5","0","0","918","1018","0","1","1","3","0.16","0.63","0","0",,,"0","50","2024-03-08 18:27:18"
"5d453e8723a5bb0001492546",,"5","21","11","2","5","5","0","1","16","734","2","1","2","4","0.37","0.84","0","0",,,"0","50","2024-03-08 18:27:21"
"5d453e8723a5bb0001492546",,"5","22","7","2","5","5","1","0","1916","2066","1","0","3","4","0.55","0.88","0","0",,,"1","55","2024-03-08 18:27:25"
"5d453e8723a5bb0001492546",,"5","23","6","1","5","5","1","1","1351","1401","1","0","2","3","0.37","0.63","0","0",,,"0","55","2024-03-08 18:27:28"
"5d453e8723a5bb0001492546",,"5","24","1","1","5","5","1","1","1666","1700","1","0","4","4","0.71","0.84","0","0",,,"0","55","2024-03-08 18:27:32"
"5d453e8723a5bb0001492546",,"5","25","15","2","5","5","0","1","1050","1116","0","1","1","4","0.12","0.88","0","0",,,"1","60","2024-03-08 18:27:35"
"5d453e8723a5bb0001492546",,"5","26","12","2","5","5","1","0","534","567","1","0","1","4","0.12","0.71","0","0",,,"1","65","2024-03-08 18:27:37"
"5d453e8723a5bb0001492546",,"5","27","15","0","5","5","0","0","0","0","0","0","1","4","0.12","0.88","0","0",,,"0","65","2024-03-08 18:27:42"
"5d453e8723a5bb0001492546",,"5","28","0","2","5","5","1","0","1466","1533","1","0","1","1","0.16","0.29","0","0",,,"0","65","2024-03-08 18:27:45"
"5d453e8723a5bb0001492546",,"5","29","5","2","5","5","1","0","2050","2150","1","0","1","2","0.22","0.45","0","0",,,"1","70","2024-03-08 18:27:49"
"5d453e8723a5bb0001492546",,"5","30","13","2","5","5","0","1","2166","2249","0","1","1","4","0.29","0.88","0","0",,,"1","75","2024-03-08 18:27:52"
"5d453e8723a5bb0001492546",,"5","31","8","2","5","5","0","1","2517","2567","0","1","1","2","0.12","0.45","0","0",,,"0","75","2024-03-08 18:27:57"
"5d453e8723a5bb0001492546",,"5","32","4","2","5","5","0","1","2165","2198","0","1","3","4","0.55","0.78","0","0",,,"1","80","2024-03-08 18:28:00"
"5d453e8723a5bb0001492546",,"5","33","6","0","5","5","0","0","0","0","0","0","2","3","0.37","0.63","0","0",,,"0","80","2024-03-08 18:28:05"
"5d453e8723a5bb0001492546",,"5","34","6","2","5","5","0","1","2067","2118","0","1","2","3","0.37","0.63","0","0",,,"1","85","2024-03-08 18:28:09"
"5d453e8723a5bb0001492546",,"5","35","14","2","5","5","0","1","2300","2335","0","1","1","4","0.16","0.84","0","0",,,"1","90","2024-03-08 18:28:12"
"5d453e8723a5bb0001492546",,"5","36","2","2","5","5","1","0","2502","2535","1","0","1","2","0.22","0.37","0","0",,,"1","95","2024-03-08 18:28:17"
"5d453e8723a5bb0001492546",,"5","37","4","2","5","5","1","0","1217","1250","1","0","3","4","0.55","0.78","0","0",,,"1","100","2024-03-08 18:28:20"
"5d453e8723a5bb0001492546",,"5","38","10","2","5","5","1","0","1616","1650","1","0","1","3","0.16","0.63","0","0",,,"1","105","2024-03-08 18:28:23"
"5d453e8723a5bb0001492546",,"5","39","7","2","5","5","1","0","1283","1384","1","0","3","4","0.55","0.88","0","0",,,"0","105","2024-03-08 18:28:26"
"5d453e8723a5bb0001492546",,"5","40","1","2","5","5","1","0","1500","1551","1","0","4","4","0.71","0.84","0","0",,,"1","110","2024-03-08 18:28:29"
"5d453e8723a5bb0001492546",,"5","41","10","1","5","5","1","1","1682","1716","1","0","1","3","0.16","0.63","0","0",,,"0","110","2024-03-08 18:28:33"
"5d453e8723a5bb0001492546",,"5","42","6","2","5","5","1","0","1334","1418","1","0","2","3","0.37","0.63","0","0",,,"1","115","2024-03-08 18:28:36"
"5d453e8723a5bb0001492546",,"5","43","3","1","5","5","1","1","2566","2600","1","0","3","4","0.63","0.78","0","0",,,"0","115","2024-03-08 18:28:40"
"5d453e8723a5bb0001492546",,"5","44","5","2","5","5","1","0","2148","2199","1","0","1","2","0.22","0.45","0","0",,,"0","115","2024-03-08 18:28:44"
"5d453e8723a5bb0001492546",,"5","45","7","2","5","5","1","0","2633","2700","1","0","3","4","0.55","0.88","0","0",,,"1","120","2024-03-08 18:28:48"
"5d453e8723a5bb0001492546",,"5","46","4","2","5","5","0","1","1849","1883","0","1","3","4","0.55","0.78","0","0",,,"1","125","2024-03-08 18:28:52"
"5d453e8723a5bb0001492546",,"5","47","8","1","5","5","1","1","1834","1901","1","0","1","2","0.12","0.45","0","0",,,"0","125","2024-03-08 18:28:55"
"5d453e8723a5bb0001492546",,"5","48","5","2","5","5","1","0","2334","2384","1","0","1","2","0.22","0.45","0","0",,,"0","125","2024-03-08 18:28:59"
"5d453e8723a5bb0001492546",,"5","49","1","1","5","5","1","1","2168","2235","1","0","4","4","0.71","0.84","0","0",,,"1","130","2024-03-08 18:29:03"
"5d453e8723a5bb0001492546",,"5","50","1","2","5","5","1","0","2366","2399","1","0","4","4","0.71","0.84","0","0",,,"1","135","2024-03-08 18:29:07"
"5d453e8723a5bb0001492546",,"5","51","12","2","5","5","1","0","2149","2182","1","0","1","4","0.12","0.71","0","0",,,"1","140","2024-03-08 18:29:11"
"5d453e8723a5bb0001492546",,"5","52","2","2","5","5","1","0","2383","2451","1","0","1","2","0.22","0.37","0","0",,,"1","145","2024-03-08 18:29:15"
"5d453e8723a5bb0001492546",,"5","53","3","1","5","5","0","0","749","817","0","1","3","4","0.63","0.78","0","0",,,"1","150","2024-03-08 18:29:18"
"5d453e8723a5bb0001492546",,"5","54","11","1","5","5","1","1","2483","2516","1","0","2","4","0.37","0.84","0","0",,,"0","150","2024-03-08 18:29:22"
"5d453e8723a5bb0001492546",,"5","55","13","2","5","5","1","0","516","600","1","0","1","4","0.29","0.88","0","0",,,"1","155","2024-03-08 18:29:24"
"5d453e8723a5bb0001492546",,"5","56","3","1","5","5","1","1","916","967","1","0","3","4","0.63","0.78","0","0",,,"1","160","2024-03-08 18:29:27"
"5d453e8723a5bb0001492546",,"5","57","2","2","5","5","0","1","1385","1418","0","1","1","2","0.22","0.37","0","0",,,"0","160","2024-03-08 18:29:30"
"5d453e8723a5bb0001492546",,"5","0","2","2","5","5","1","0","650","718","1","0","1","2","0.22","0.37","0","0",,,"0","0","2024-03-08 18:30:17"
"5d453e8723a5bb0001492546",,"5","1","4","2","5","5","1","0","666","700","1","0","3","4","0.55","0.78","0","0",,,"1","5","2024-03-08 18:30:19"
"5d453e8723a5bb0001492546",,"5","2","15","2","5","5","0","1","449","566","0","1","1","4","0.12","0.88","0","0",,,"1","10","2024-03-08 18:30:22"
"5d453e8723a5bb0001492546",,"5","3","10","2","5","5","0","1","583","650","0","1","1","3","0.16","0.63","0","0",,,"0","10","2024-03-08 18:30:24"
"5d453e8723a5bb0001492546",,"5","4","7","1","5","5","1","1","366","550","1","0","3","4","0.55","0.88","0","0",,,"1","15","2024-03-08 18:30:27"
"5d453e8723a5bb0001492546",,"5","5","1","1","5","5","0","0","632","715","0","1","4","4","0.71","0.84","0","0",,,"0","15","2024-03-08 18:30:29"
"5d453e8723a5bb0001492546",,"5","6","0","1","5","5","1","1","1267","1783","1","0","1","1","0.16","0.29","0","0",,,"0","15","2024-03-08 18:30:33"
"5d453e8723a5bb0001492546",,"5","7","7","1","5","5","0","0","733","834","0","1","3","4","0.55","0.88","0","0",,,"0","15","2024-03-08 18:30:35"
"5d453e8723a5bb0001492546",,"5","8","13","2","5","5","1","0","834","901","1","0","1","4","0.29","0.88","0","0",,,"1","20","2024-03-08 18:30:38"
"5d453e8723a5bb0001492546",,"5","9","8","2","5","5","1","0","599","1066","1","1","1","2","0.12","0.45","0","0",,,"1","25","2024-03-08 18:30:41"
"5d453e8723a5bb0001492546",,"5","10","6","1","5","5","1","1","2182","2299","1","0","2","3","0.37","0.63","0","0",,,"0","25","2024-03-08 18:30:45"
"5d453e8723a5bb0001492546",,"5","11","12","2","5","5","1","0","1200","1333","1","0","1","4","0.12","0.71","0","0",,,"0","25","2024-03-08 18:30:48"
"5d453e8723a5bb0001492546",,"5","12","6","2","5","5","0","1","700","734","0","1","2","3","0.37","0.63","0","0",,,"1","30","2024-03-08 18:30:51"
"5d453e8723a5bb0001492546",,"5","13","10","0","5","5","0","0","2783","0","0","1","1","3","0.16","0.63","0","0",,,"0","30","2024-03-08 18:30:55"
"5d453e8723a5bb0001492546",,"5","14","11","2","5","5","0","1","2302","2419","0","1","2","4","0.37","0.84","0","0",,,"1","35","2024-03-08 18:30:59"
"5d453e8723a5bb0001492546",,"5","15","12","2","5","5","0","1","2399","2499","0","1","1","4","0.12","0.71","0","0",,,"1","40","2024-03-08 18:31:03"
"5d453e8723a5bb0001492546",,"5","16","9","0","5","5","0","0","3015","0","0","1","1","4","0.29","0.71","0","0",,,"0","40","2024-03-08 18:31:08"
"5d453e8723a5bb0001492546",,"5","17","2","2","5","5","0","1","2067","2151","0","1","1","2","0.22","0.37","0","0",,,"0","40","2024-03-08 18:31:12"
"5d453e8723a5bb0001492546",,"5","18","9","0","5","5","0","0","0","0","0","0","1","4","0.29","0.71","0","0",,,"0","40","2024-03-08 18:31:16"
"5d453e8723a5bb0001492546",,"5","19","5","2","5","5","1","0","1533","1617","1","0","1","2","0.22","0.45","0","0",,,"1","45","2024-03-08 18:31:19"
"5d453e8723a5bb0001492546",,"5","20","12","2","5","5","1","0","1099","1166","1","0","1","4","0.12","0.71","0","0",,,"1","50","2024-03-08 18:31:22"
"5d453e8723a5bb0001492546",,"5","21","0","1","5","5","1","1","2317","2417","1","0","1","1","0.16","0.29","0","0",,,"0","50","2024-03-08 18:31:26"
"5d453e8723a5bb0001492546",,"5","22","7","0","5","5","0","0","3101","0","0","1","3","4","0.55","0.88","0","0",,,"0","50","2024-03-08 18:31:31"
"5d453e8723a5bb0001492546",,"5","23","11","2","5","5","0","1","1500","1550","0","1","2","4","0.37","0.84","0","0",,,"1","55","2024-03-08 18:31:34"
"5d453e8723a5bb0001492546",,"5","24","3","1","5","5","0","0","1299","1333","0","1","3","4","0.63","0.78","0","0",,,"1","60","2024-03-08 18:31:37"
"5d453e8723a5bb0001492546",,"5","25","3","2","5","5","1","0","1015","1082","1","0","3","4","0.63","0.78","0","0",,,"1","65","2024-03-08 18:31:40"
"5d453e8723a5bb0001492546",,"5","26","4","1","5","5","0","0","1250","1316","0","1","3","4","0.55","0.78","0","0",,,"0","65","2024-03-08 18:31:43"
"5d453e8723a5bb0001492546",,"5","27","0","2","5","5","1","0","1683","1733","1","0","1","1","0.16","0.29","0","0",,,"0","65","2024-03-08 18:31:47"
"5d453e8723a5bb0001492546",,"5","28","10","2","5","5","0","1","1016","1149","0","1","1","3","0.16","0.63","0","0",,,"0","65","2024-03-08 18:31:50"
"5d453e8723a5bb0001492546",,"5","29","9","2","5","5","1","0","1351","1467","1","0","1","4","0.29","0.71","0","0",,,"1","70","2024-03-08 18:31:53"
"5d453e8723a5bb0001492546",,"5","30","11","2","5","5","0","1","1382","1449","0","1","2","4","0.37","0.84","0","0",,,"0","70","2024-03-08 18:31:56"
"5d453e8723a5bb0001492546",,"5","31","11","0","5","5","0","1","0","0","0","0","2","4","0.37","0.84","0","0",,,"0","70","2024-03-08 18:32:01"
"5d453e8723a5bb0001492546",,"5","32","12","2","5","5","1","0","549","615","1","0","1","4","0.12","0.71","0","0",,,"1","75","2024-03-08 18:32:04"
"5d453e8723a5bb0001492546",,"5","33","15","2","5","5","1","0","617","684","1","0","1","4","0.12","0.88","0","0",,,"1","80","2024-03-08 18:32:06"
"5d453e8723a5bb0001492546",,"5","34","0","2","5","5","0","1","566","599","0","1","1","1","0.16","0.29","0","0",,,"0","80","2024-03-08 18:32:08"
"5d453e8723a5bb0001492546",,"5","35","5","2","5","5","0","1","1548","1599","0","1","1","2","0.22","0.45","0","0",,,"0","80","2024-03-08 18:32:12"
"5d453e8723a5bb0001492546",,"5","36","3","2","5","5","0","1","1949","1983","0","1","3","4","0.63","0.78","0","0",,,"0","80","2024-03-08 18:32:16"
"5d453e8723a5bb0001492546",,"5","37","8","2","5","5","0","1","1751","1852","0","1","1","2","0.12","0.45","0","0",,,"1","85","2024-03-08 18:32:19"
"5d453e8723a5bb0001492546",,"5","38","13","2","5","5","0","1","1449","1550","0","1","1","4","0.29","0.88","0","0",,,"1","90","2024-03-08 18:32:23"
"5d453e8723a5bb0001492546",,"5","39","8","0","5","5","0","1","0","0","0","0","1","2","0.12","0.45","0","0",,,"0","90","2024-03-08 18:32:27"
"5d453e8723a5bb0001492546",,"5","40","13","2","5","5","1","0","650","683","1","0","1","4","0.29","0.88","0","0",,,"1","95","2024-03-08 18:32:30"
"5d453e8723a5bb0001492546",,"5","41","14","2","5","5","0","1","1083","1117","0","1","1","4","0.16","0.84","0","0",,,"1","100","2024-03-08 18:32:32"
"5d453e8723a5bb0001492546",,"5","42","9","2","5","5","0","1","550","617","0","1","1","4","0.29","0.71","0","0",,,"0","100","2024-03-08 18:32:35"
"5d453e8723a5bb0001492546",,"5","43","5","2","5","5","1","0","833","866","1","0","1","2","0.22","0.45","0","0",,,"1","105","2024-03-08 18:32:38"
"5d453e8723a5bb0001492546",,"5","44","6","2","5","5","1","0","2000","2117","1","0","2","3","0.37","0.63","0","0",,,"1","110","2024-03-08 18:32:46"
"5d453e8723a5bb0001492546",,"5","45","4","2","5","5","1","0","616","667","1","0","3","4","0.55","0.78","0","0",,,"1","115","2024-03-08 18:32:48"
"5d453e8723a5bb0001492546",,"5","46","5","1","5","5","1","1","1283","1333","1","0","1","2","0.22","0.45","0","0",,,"0","115","2024-03-08 18:32:51"
"5d453e8723a5bb0001492546",,"5","47","14","2","5","5","1","0","1250","1417","1","0","1","4","0.16","0.84","0","0",,,"1","120","2024-03-08 18:32:55"
"5d453e8723a5bb0001492546",,"5","48","14","1","5","5","1","1","816","933","1","0","1","4","0.16","0.84","0","0",,,"0","120","2024-03-08 18:32:57"
"5d453e8723a5bb0001492546",,"5","49","6","2","5","5","1","0","1100","1216","1","0","2","3","0.37","0.63","0","0",,,"1","125","2024-03-08 18:33:00"
"5d453e8723a5bb0001492546",,"5","50","8","2","5","5","0","1","1083","1118","0","1","1","2","0.12","0.45","0","0",,,"1","130","2024-03-08 18:33:03"
"5d453e8723a5bb0001492546",,"5","51","10","2","5","5","1","0","2149","2265","1","0","1","3","0.16","0.63","0","0",,,"0","130","2024-03-08 18:33:07"
"5d453e8723a5bb0001492546",,"5","52","4","0","5","5","0","1","0","0","0","0","3","4","0.55","0.78","0","0",,,"0","130","2024-03-08 18:33:12"
"5d453e8723a5bb0001492546",,"5","53","15","2","5","5","0","1","750","818","0","1","1","4","0.12","0.88","0","0",,,"1","135","2024-03-08 18:33:15"
"5d453e8723a5bb0001492546",,"5","54","1","2","5","5","1","0","566","649","1","0","4","4","0.71","0.84","0","0",,,"1","140","2024-03-08 18:33:17"
"5d453e8723a5bb0001492546",,"5","55","13","2","5","5","0","1","501","701","1","1","1","4","0.29","0.88","0","0",,,"1","145","2024-03-08 18:33:20"
"5d453e8723a5bb0001492546",,"5","56","3","2","5","5","1","0","716","816","1","0","3","4","0.63","0.78","0","0",,,"1","150","2024-03-08 18:33:22"
"5d453e8723a5bb0001492546",,"5","57","2","2","5","5","1","0","749","817","1","0","1","2","0.22","0.37","0","0",,,"0","150","2024-03-08 18:33:25"
"5d453e8723a5bb0001492546",,"5","58","2","2","5","5","1","0","1383","1500","1","0","1","2","0.22","0.37","0","0",,,"0","150","2024-03-08 18:33:28"
"5d453e8723a5bb0001492546",,"5","59","14","1","5","5","1","1","1966","2199","1","0","1","4","0.16","0.84","0","0",,,"0","150","2024-03-08 18:33:32"
"5d453e8723a5bb0001492546",,"5","60","7","1","5","5","0","0","1833","1866","0","1","3","4","0.55","0.88","0","0",,,"1","155","2024-03-08 18:33:36"
"5d453e8723a5bb0001492546",,"5","61","15","2","5","5","0","1","1216","1699","0","1","1","4","0.12","0.88","0","0",,,"1","160","2024-03-08 18:33:39"
"5d453e8723a5bb0001492546",,"5","62","1","2","5","5","1","0","1333","1483","1","0","4","4","0.71","0.84","0","0",,,"1","165","2024-03-08 18:33:42"
"5d453e8723a5bb0001492546",,"5","63","1","2","5","5","0","1","1450","1601","0","1","4","4","0.71","0.84","0","0",,,"1","170","2024-03-08 18:33:46"
"random-4890233055",,"0","0","1","2","5","5","0","1","66","1049","1","3","4","4","0.71","0.84","0","0",,,"1","5","2024-03-08 22:10:09"
"random-4890233055",,"0","1","3","2","5","5","0","1","633","1867","1","1","3","4","0.63","0.78","0","0",,,"1","10","2024-03-08 22:10:13"
"random-4890233055",,"0","2","15","2","5","5","0","1","649","1266","0","1","1","4","0.12","0.88","0","0",,,"1","15","2024-03-08 22:10:16"
"random-4890233055",,"0","3","2","2","5","5","0","1","6232","6616","0","1","1","2","0.22","0.37","0","0",,,"0","15","2024-03-08 22:10:24"
"random-4890233055",,"0","4","0","1","5","5","1","1","34065","34215","1","0","1","1","0.16","0.29","0","0",,,"0","15","2024-03-08 22:11:01"
"random-4890233055",,"0","5","3","2","5","5","1","0","966","1149","1","0","3","4","0.63","0.78","0","0",,,"0","15","2024-03-08 22:11:03"
"random-4890233055",,"0","6","12","1","5","5","1","1","1099","1250","1","0","1","4","0.12","0.71","0","0",,,"1","20","2024-03-08 22:11:07"
"random-4890233055",,"0","7","11","0","5","5","0","1","0","0","0","0","2","4","0.37","0.84","0","0",,,"0","20","2024-03-08 22:11:11"
"random-4890233055",,"0","8","8","1","5","5","1","1","197294","197494","1","0","1","2","0.12","0.45","0","0",,,"0","20","2024-03-08 22:14:31"
"random-4890233055",,"0","9","3","2","5","5","1","0","216","367","1","0","3","4","0.63","0.78","0","0",,,"1","25","2024-03-08 22:14:33"
"random-4890233055",,"0","10","3","2","5","5","1","0","33","316","2","0","3","4","0.63","0.78","0","0",,,"1","30","2024-03-08 22:14:35"
"random-4890233055",,"0","11","0","1","5","5","1","1","282","566","1","0","1","1","0.16","0.29","0","0",,,"0","30","2024-03-08 22:14:37"
"random-9867252755",,"0","0","15","1","5","5","1","1","49","1649","4","4","1","4","0.12","0.88","0","0",,,"0","0","2024-03-09 16:03:04"
"random-9867252755",,"0","1","1","2","5","5","0","1","765","1133","0","1","4","4","0.71","0.84","0","0",,,"1","5","2024-03-09 16:03:07"
"random-9867252755",,"0","2","15","2","5","5","1","0","549","633","1","0","1","4","0.12","0.88","0","0",,,"1","10","2024-03-09 16:03:10"
"random-9867252755",,"0","3","12","2","5","5","0","1","499","700","0","1","1","4","0.12","0.71","0","0",,,"1","15","2024-03-09 16:03:12"
"random-9867252755",,"0","4","2","1","5","5","1","1","783","901","1","0","1","2","0.22","0.37","0","0",,,"0","15","2024-03-09 16:03:46"
"random-9867252755",,"0","5","0","1","5","5","1","1","699","816","1","0","1","1","0.16","0.29","0","0",,,"0","15","2024-03-09 16:03:49"
"test",,"3","0","0","1","5","5","0","0","704350","704479","0","1","1","4","0.29","0.71","0","0",,,"0","0","2024-03-11 11:06:10"
"test",,"3","1","0","2","5","5","0","1","1719","1813","0","2","3","4","0.55","0.88","0","0",,,"1","5","2024-03-11 11:06:14"
"test",,"3","2","1","1","5","5","0","0","1900","2385","0","3","2","4","0.37","0.84","0","0",,,"1","10","2024-03-11 11:06:24"
"test",,"3","3","0","2","5","5","1","0","559","1867","1","4","1","4","0.12","0.71","0","0",,,"1","15","2024-03-11 11:06:28"
"test",,"3","0","1","2","5","5","1","0","33570","84799","1","0","1","4","0.16","0.84","0","0",,,"1","5","2024-03-11 12:07:04"
"test",,"3","1","0","2","5","5","0","1","33570","84799","1","0","3","4","0.63","0.78","0","0",,,"1","5","2024-03-11 12:07:08"
"test",,"3","2","0","2","5","5","1","0","33570","84799","1","0","2","3","0.37","0.63","0","0",,,"1","5","2024-03-11 12:07:13"
"test",,"3","3","0","2","5","5","1","0","33570","84799","1","0","1","4","0.12","0.71","0","0",,,"1","5","2024-03-11 12:07:17"
"test",,"3","4","1","2","5","5","1","0","33570","84799","1","0","1","2","0.12","0.45","0","0",,,"1","5","2024-03-11 12:13:21"
"test",,"3","5","1","2","5","5","1","0","33570","84799","1","0","1","2","0.12","0.45","0","0",,,"1","5","2024-03-11 12:13:26"
"test",,"0","0","4","2","5","5","1","0","1582","1883","1","0","3","4","0.55","0.78","0","0",,,"0","0","2024-03-11 16:41:31"
"test",,"0","1","1","1","5","5","0","0","850","933","0","1","4","4","0.71","0.84","0","0",,,"1","5","2024-03-11 16:41:34"
"test",,"0","2","9","1","5","5","0","0","682","983","0","1","1","4","0.29","0.71","0","0",,,"0","5","2024-03-11 16:41:37"
"test",,"0","0","14","1","5","5","1","1","1100","1851","1","0","1","4","0.16","0.84","0","0",,,"0","0","2024-03-15 14:59:13"
"test",,"0","1","13","1","5","5","1","1","500","1052","1","1","1","4","0.29","0.88","0","0",,,"0","0","2024-03-15 14:59:16"
"test",,"0","2","5","1","5","5","0","0","899","1164","1","1","1","2","0.22","0.45","0","0",,,"1","5","2024-03-15 14:59:19"
"test",,"0","3","13","1","5","5","0","0","1299","1400","0","1","1","4","0.29","0.88","0","0",,,"1","10","2024-03-15 14:59:22"
"test",,"0","4","9","1","5","5","0","0","2159","2223","0","1","1","4","0.29","0.71","0","0",,,"0","10","2024-03-15 14:59:26"
"test",,"0","0","3","2","5","5","0","1","100","1784","1","3","3","4","0.63","0.78","0","0",,,"1","5","2024-03-15 15:00:15"
"test",,"0","1","14","1","5","5","1","1","339","1256","1","1","1","4","0.16","0.84","0","0",,,"1","10","2024-03-15 15:00:18"
"test",,"0","2","9","1","5","5","1","1","1040","1428","1","1","1","4","0.29","0.71","0","0",,,"0","10","2024-03-15 15:00:21"
"test",,"0","3","8","1","5","5","0","0","1559","1662","0","1","1","2","0.12","0.45","0","0",,,"0","10","2024-03-15 15:00:25"
"test",,"0","0","11","1","5","5","1","1","919","1377","1","1","2","4","0.37","0.84","0","0",,,"0","0","2024-03-15 15:01:08"
"test",,"0","1","12","1","5","5","1","1","279","1983","1","0","1","4","0.12","0.71","0","0",,,"0","0","2024-03-15 15:01:11"
"test",,"0","2","0","1","5","5","1","1","39","1910","3","4","1","1","0.16","0.29","0","0",,,"1","5","2024-03-15 15:01:15"
"test",,"0","3","10","0","5","5","0","1","0","0","0","0","1","3","0.16","0.63","0","0",,,"0","5","2024-03-15 15:01:19"
"test",,"0","4","8","0","5","5","0","0","2679","0","0","1","1","2","0.12","0.45","0","0",,,"0","5","2024-03-15 15:01:24"
"test",,"0","5","2","1","5","5","0","0","859","942","0","1","1","2","0.22","0.37","0","0",,,"0","5","2024-03-15 15:01:27"
"test",,"0","6","2","1","5","5","1","1","2119","2682","1","0","1","2","0.22","0.37","0","0",,,"0","5","2024-03-15 15:01:31"
"test",,"0","7","5","0","5","5","0","0","2979","0","0","1","1","2","0.22","0.45","0","0",,,"0","5","2024-03-15 15:01:36"
"test",,"0","8","2","1","5","5","0","0","1239","1461","0","1","1","2","0.22","0.37","0","0",,,"0","5","2024-03-15 15:01:39"
"test",,"0","9","6","0","5","5","0","0","43214","0","0","1","2","3","0.37","0.63","0","0",,,"0","5","2024-03-15 15:02:24"
"test",,"0","10","0","2","5","5","1","0","139","2409","2","0","1","1","0.16","0.29","0","0",,,"0","5","2024-03-15 15:02:28"
"test",,"0","11","4","1","5","5","1","1","239","1092","1","1","3","4","0.55","0.78","0","0",,,"0","5","2024-03-15 15:02:31"
"test",,"0","12","3","1","5","5","0","0","1279","1368","0","1","3","4","0.63","0.78","0","0",,,"0","5","2024-03-15 15:02:35"
"test",,"0","0","6","1","5","5","0","0","880","1017","0","1","2","3","0.37","0.63","0","0",,,"0","0","2024-03-15 15:02:50"
"test",,"0","0","5","1","5","5","1","1","920","1114","1","0","1","2","0.22","0.45","0","0",,,"0","0","2024-03-15 15:04:28"
"test",,"0","1","4","2","5","5","0","1","1340","1476","0","1","3","4","0.55","0.78","0","0",,,"0","0","2024-03-15 15:04:31"
"test",,"0","2","0","1","5","5","1","1","19","895","3","1","1","1","0.16","0.29","0","0",,,"0","0","2024-03-15 15:04:34"
"test",,"0","3","12","1","5","5","0","0","1040","1255","0","1","1","4","0.12","0.71","0","0",,,"0","0","2024-03-15 15:04:37"
"test",,"0","0","4","1","5","5","0","0","680","973","1","1","3","4","0.55","0.78","0","0",,,"1","5","2024-03-15 15:05:06"
"test",,"0","1","0","1","5","5","0","0","779","896","0","1","1","1","0.16","0.29","0","0",,,"0","5","2024-03-15 15:05:09"
"test",,"0","2","5","2","5","5","0","1","560","1019","1","1","1","2","0.22","0.45","0","0",,,"0","5","2024-03-15 15:05:12"
"test",,"0","0","3","1","5","5","0","0","1859","2338","1","2","3","4","0.63","0.78","0","0",,,"1","5","2024-03-15 15:08:11"
"test",,"0","1","14","2","5","5","0","1","1959","2158","0","1","1","4","0.16","0.84","0","0",,,"1","10","2024-03-15 15:08:15"
"test",,"0","2","0","1","5","5","1","1","759","874","1","0","1","1","0.16","0.29","0","0",,,"0","10","2024-03-15 15:08:17"
"test",,"0","0","6","1","5","5","1","1","76956","77111","1","0","2","3","0.37","0.63","0","0",,,"1","5","2024-03-15 15:11:52"
"test",,"0","1","15","1","5","5","1","1","1460","1615","1","0","1","4","0.12","0.88","0","0",,,"0","5","2024-03-15 15:11:55"
"test",,"0","2","9","2","5","5","0","1","1399","1905","1","1","1","4","0.29","0.71","0","0",,,"0","5","2024-03-15 15:11:59"
"test",,"0","0","14","2","5","5","0","1","1459","1689","0","1","1","4","0.16","0.84","0","0",,,"1","5","2024-03-15 15:12:38"
"test",,"0","0","12","2","5","5","1","0","1559","1738","1","0","1","4","0.12","0.71","0","0",,,"0","0","2024-03-15 15:13:05"
"test",,"0","1","8","1","5","5","1","1","1060","1295","1","0","1","2","0.12","0.45","0","0",,,"0","0","2024-03-15 15:13:08"
"test",,"0","2","14","2","5","5","1","0","719","998","1","1","1","4","0.16","0.84","0","0",,,"1","5","2024-03-15 15:13:11"
"test",,"0","0","10","1","5","5","0","0","1282","1440","0","1","1","3","0.16","0.63","0","0",,,"0","0","2024-03-15 15:13:44"
"test",,"0","1","3","1","5","5","0","0","1220","1378","0","1","3","4","0.63","0.78","0","0",,,"1","5","2024-03-15 15:13:47"
"test",,"0","2","2","2","5","5","0","1","482","614","0","1","1","2","0.22","0.37","0","0",,,"0","5","2024-03-15 15:13:49"
"test",,"0","3","12","2","5","5","0","1","739","900","0","1","1","4","0.12","0.71","0","0",,,"0","5","2024-03-15 15:13:52"
"test",,"0","0","11","1","5","5","1","1","1138","1643","1","1","2","4","0.37","0.84","0","0",,,"0","0","2024-03-15 15:14:12"
"test",,"0","1","6","2","5","5","0","1","919","1178","0","1","2","3","0.37","0.63","0","0",,,"0","0","2024-03-15 15:14:15"
"test",,"0","2","3","2","5","5","1","0","1018","1227","1","0","3","4","0.63","0.78","0","0",,,"0","0","2024-03-15 15:14:19"
"test",,"0","3","10","2","5","5","0","1","558","650","0","1","1","3","0.16","0.63","0","0",,,"1","5","2024-03-15 15:14:21"
"test",,"0","4","6","2","5","5","0","1","759","948","0","1","2","3","0.37","0.63","0","0",,,"1","10","2024-03-15 15:14:24"
"test",,"0","5","7","2","5","5","1","0","758","1530","1","1","3","4","0.55","0.88","0","0",,,"1","15","2024-03-15 15:14:27"
"test",,"0","6","10","2","5","5","1","0","956","1329","1","1","1","3","0.16","0.63","0","0",,,"1","20","2024-03-15 15:14:30"
"test",,"0","7","1","2","5","5","1","0","542","996","1","1","4","4","0.71","0.84","0","0",,,"1","25","2024-03-15 15:14:33"
"test",,"0","8","9","2","5","5","1","0","800","1039","1","0","1","4","0.29","0.71","0","0",,,"0","25","2024-03-15 15:14:35"
"test",,"0","9","5","2","5","5","1","0","1022","1497","1","1","1","2","0.22","0.45","0","0",,,"1","30","2024-03-15 15:14:39"
"test",,"0","10","13","1","5","5","0","0","540","703","0","1","1","4","0.29","0.88","0","0",,,"1","35","2024-03-15 15:14:41"
"test",,"0","11","14","2","5","5","1","0","798","1698","2","2","1","4","0.16","0.84","0","0",,,"0","35","2024-03-15 15:14:44"
"test",,"0","12","4","2","5","5","0","1","1259","1337","0","1","3","4","0.55","0.78","0","0",,,"1","40","2024-03-15 15:14:48"
"test",,"0","0","11","1","5","5","0","0","959","1506","1","2","2","4","0.37","0.84","0","0",,,"0","0","2024-03-15 15:17:17"
"test",,"0","0","12","1","5","5","1","1","1060","1406","1","0","1","4","0.12","0.71","0","0",,,"0","0","2024-03-15 15:17:37"
"test",,"0","1","0","1","5","5","0","0","820","1221","1","2","1","1","0.16","0.29","0","0",,,"0","0","2024-03-15 15:17:40"
"test",,"0","0","10","2","5","5","1","0","1219","1591","1","1","1","3","0.16","0.63","0","0",,,"1","5","2024-03-15 15:17:55"
"test",,"0","1","11","2","5","5","0","1","719","831","0","1","2","4","0.37","0.84","0","0",,,"1","10","2024-03-15 15:17:58"
"test",,"0","0","10","1","5","5","0","0","1640","2236","1","1","1","3","0.16","0.63","0","0",,,"0","0","2024-03-15 15:18:17"
"test",,"0","1","4","1","5","5","0","0","880","1045","0","1","3","4","0.55","0.78","0","0",,,"0","0","2024-03-15 15:18:19"
"test",,"0","2","13","2","5","5","0","1","420","813","1","1","1","4","0.29","0.88","0","0",,,"1","5","2024-03-15 15:18:22"
"test",,"0","3","8","2","5","5","0","1","1020","1129","0","1","1","2","0.12","0.45","0","0",,,"0","5","2024-03-15 15:18:25"
"test",,"0","4","11","2","5","5","0","1","500","821","1","1","2","4","0.37","0.84","0","0",,,"1","10","2024-03-15 15:18:28"
"test",,"0","0","1","2","5","5","1","0","1359","1526","1","0","4","4","0.71","0.84","0","0",,,"1","5","2024-03-15 15:19:29"
"test",,"0","0","11","2","5","5","0","1","1279","1427","0","1","2","4","0.37","0.84","0","0",,,"0","0","2024-03-15 15:25:44"
"test",,"0","1","10","2","5","5","0","1","339","451","0","1","1","3","0.16","0.63","0","0",,,"1","5","2024-03-15 15:25:46"
"test",,"0","2","9","2","5","5","1","0","1520","1611","1","0","1","4","0.29","0.71","0","0",,,"0","5","2024-03-15 15:25:49"
"test",,"0","3","12","2","5","5","1","0","480","559","1","0","1","4","0.12","0.71","0","0",,,"0","5","2024-03-15 15:25:52"
"test",,"0","4","0","2","5","5","1","0","880","1193","1","0","1","1","0.16","0.29","0","0",,,"1","10","2024-03-15 15:25:55"
"test",,"0","0","3","2","5","5","1","0","719","843","1","0","3","4","0.63","0.78","0","0",,,"0","0","2024-03-15 15:26:10"
"test",,"0","1","13","1","5","5","1","1","1279","1434","1","0","1","4","0.29","0.88","0","0",,,"0","0","2024-03-15 15:26:13"
"test",,"0","2","10","2","5","5","1","0","520","645","1","0","1","3","0.16","0.63","0","0",,,"1","5","2024-03-15 15:26:16"
"test",,"0","0","4","1","5","5","0","0","380","1830","1","2","3","4","0.55","0.78","0","0",,,"0","0","2024-03-15 15:30:32"
"test",,"0","1","5","2","5","5","0","1","519","899","1","1","1","2","0.22","0.45","0","0",,,"0","0","2024-03-15 15:30:35"
"test",,"0","2","10","0","5","5","0","0","0","0","0","0","1","3","0.16","0.63","0","0",,,"0","0","2024-03-15 15:30:40"
"test",,"0","3","6","1","5","5","1","1","1460","1618","1","0","2","3","0.37","0.63","0","0",,,"0","0","2024-03-15 15:30:43"
"test",,"0","4","10","1","5","5","0","0","1040","1150","0","1","1","3","0.16","0.63","0","0",,,"0","0","2024-03-15 15:30:46"
"test",,"0","5","2","1","5","5","1","1","1199","1317","1","0","1","2","0.22","0.37","0","0",,,"0","0","2024-03-15 15:30:49"
"test",,"0","0","0","1","5","5","0","0","1819","2015","0","1","1","1","0.16","0.29","0","0",,,"0","0","2024-03-15 15:32:40"
"test",,"0","0","10","1","5","5","0","0","740","1025","1","1","1","3","0.16","0.63","0","0",,,"0","0","2024-03-15 15:33:02"
"test",,"0","1","15","1","5","5","1","1","700","924","1","0","1","4","0.12","0.88","0","0",,,"0","0","2024-03-15 15:33:05"
"test",,"0","2","15","1","5","5","0","0","19","777","0","2","1","4","0.12","0.88","0","0",,,"0","0","2024-03-15 15:33:07"
"test",,"0","0","12","2","5","5","0","1","1839","2252","1","1","1","4","0.12","0.71","0","0",,,"0","0","2024-03-15 15:35:36"
"test",,"0","1","7","2","5","5","0","1","779","875","0","1","3","4","0.55","0.88","0","0",,,"1","5","2024-03-15 15:35:39"
"test",,"0","2","5","1","5","5","0","0","1919","2031","0","1","1","2","0.22","0.45","0","0",,,"0","5","2024-03-15 15:35:43"
"test",,"0","3","2","2","5","5","0","1","960","1486","1","1","1","2","0.22","0.37","0","0",,,"0","5","2024-03-15 15:35:46"
"test",,"0","4","11","2","5","5","0","1","779","949","0","1","2","4","0.37","0.84","0","0",,,"1","10","2024-03-15 15:35:49"
"test",,"0","5","3","2","5","5","0","1","919","1077","0","1","3","4","0.63","0.78","0","0",,,"1","15","2024-03-15 15:35:52"
"test",,"0","6","10","2","5","5","1","0","900","1009","1","0","1","3","0.16","0.63","0","0",,,"1","20","2024-03-15 15:35:54"
"test",,"0","7","14","2","5","5","0","1","1019","1129","0","1","1","4","0.16","0.84","0","0",,,"1","25","2024-03-15 15:35:57"
"test",,"0","0","12","1","5","5","1","1","940","1148","1","0","1","4","0.12","0.71","0","0",,,"0","0","2024-03-15 15:40:36"
"test",,"0","1","2","1","5","5","0","0","720","846","0","1","1","2","0.22","0.37","0","0",,,"1","5","2024-03-15 15:40:39"
"test",,"0","2","5","1","5","5","1","1","799","898","1","0","1","2","0.22","0.45","0","0",,,"0","5","2024-03-15 15:40:42"
"test",,"0","3","2","1","5","5","0","0","640","710","0","1","1","2","0.22","0.37","0","0",,,"0","5","2024-03-15 15:40:44"
"test",,"0","4","6","2","5","5","1","0","499","601","1","0","2","3","0.37","0.63","0","0",,,"1","10","2024-03-15 15:40:47"
"test",,"0","5","10","0","5","5","0","0","0","0","0","0","1","3","0.16","0.63","0","0",,,"0","10","2024-03-15 15:40:51"
"test",,"0","6","12","2","5","5","0","1","2360","2506","0","1","1","4","0.12","0.71","0","0",,,"1","15","2024-03-15 15:40:55"
"test",,"0","7","1","2","5","5","0","1","740","841","0","1","4","4","0.71","0.84","0","0",,,"0","15","2024-03-15 15:40:58"
"test",,"0","8","4","2","5","5","0","1","519","623","0","1","3","4","0.55","0.78","0","0",,,"1","20","2024-03-15 15:41:01"
"test",,"0","9","4","2","5","5","1","0","2019","2108","1","0","3","4","0.55","0.78","0","0",,,"1","25","2024-03-15 15:41:04"
"test",,"0","10","14","2","5","5","1","0","679","868","1","0","1","4","0.16","0.84","0","0",,,"1","30","2024-03-15 15:41:07"
"test",,"0","11","7","2","5","5","1","0","560","736","1","0","3","4","0.55","0.88","0","0",,,"1","35","2024-03-15 15:41:09"
"test",,"0","12","14","2","5","5","1","0","540","744","1","0","1","4","0.16","0.84","0","0",,,"1","40","2024-03-15 15:41:12"
"test",,"0","13","2","1","5","5","0","0","759","1104","1","1","1","2","0.22","0.37","0","0",,,"0","40","2024-03-15 15:41:15"
"test",,"0","14","1","2","5","5","1","0","580","891","1","0","4","4","0.71","0.84","0","0",,,"1","45","2024-03-15 15:41:18"
"test",,"0","15","15","1","5","5","0","0","379","503","0","1","1","4","0.12","0.88","0","0",,,"0","45","2024-03-15 15:41:20"
"test",,"0","16","0","1","5","5","0","0","599","706","0","1","1","1","0.16","0.29","0","0",,,"0","45","2024-03-15 15:41:23"
"test",,"0","17","9","1","5","5","0","0","399","485","0","1","1","4","0.29","0.71","0","0",,,"0","45","2024-03-15 15:41:25"
"test",,"0","18","8","2","5","5","1","0","640","777","1","0","1","2","0.12","0.45","0","0",,,"0","45","2024-03-15 15:41:28"
"test",,"0","19","8","2","5","5","0","1","459","544","0","1","1","2","0.12","0.45","0","0",,,"0","45","2024-03-15 15:41:30"
"test",,"0","20","7","2","5","5","0","1","700","803","0","1","3","4","0.55","0.88","0","0",,,"1","50","2024-03-15 15:41:33"
"test",,"0","0","2","1","5","5","0","0","940","1330","0","1","1","2","0.22","0.37","0","0",,,"0","0","2024-03-15 15:54:02"
"test",,"0","1","4","2","5","5","1","0","879","1024","1","0","3","4","0.55","0.78","0","0",,,"0","0","2024-03-15 15:54:05"
"test",,"0","0","1","2","5","5","0","1","1240","1295","0","1","4","4","0.71","0.84","0","0",,,"1","5","2024-03-15 15:55:38"
"test",,"0","1","9","2","5","5","1","0","1039","1161","1","0","1","4","0.29","0.71","0","0",,,"1","10","2024-03-15 15:55:41"
"test",,"0","2","8","1","5","5","1","1","1179","1521","1","0","1","2","0.12","0.45","0","0",,,"1","15","2024-03-15 15:55:44"
"test",,"0","0","11","1","5","5","1","1","1559","1703","1","0","2","4","0.37","0.84","0","0",,,"0","0","2024-03-15 15:56:28"
"test",,"0","1","0","1","5","5","1","1","839","945","1","0","1","1","0.16","0.29","0","0",,,"1","5","2024-03-15 15:56:30"
"test",,"0","2","1","2","5","5","0","1","1159","1577","0","1","4","4","0.71","0.84","0","0",,,"1","10","2024-03-15 15:56:34"
"test",,"0","3","14","1","5","5","1","1","700","829","1","0","1","4","0.16","0.84","0","0",,,"0","10","2024-03-15 15:56:36"
"test",,"0","4","10","1","5","5","1","1","619","732","1","0","1","3","0.16","0.63","0","0",,,"0","10","2024-03-15 15:56:39"
"test",,"0","5","11","2","5","5","1","0","879","1032","1","0","2","4","0.37","0.84","0","0",,,"1","15","2024-03-15 15:56:42"
"test",,"0","6","10","2","5","5","0","1","779","1147","1","1","1","3","0.16","0.63","0","0",,,"1","20","2024-03-15 15:56:45"
"test",,"0","7","7","2","5","5","0","1","819","951","0","1","3","4","0.55","0.88","0","0",,,"1","25","2024-03-15 15:56:47"
"test",,"0","8","9","2","5","5","0","1","819","935","0","1","1","4","0.29","0.71","0","0",,,"0","25","2024-03-15 15:56:50"
"test",,"0","0","0","1","5","5","0","0","1000","1225","0","1","1","1","0.16","0.29","0","0",,,"0","0","2024-03-15 17:18:46"
"test",,"0","0","3","2","5","5","0","1","860","1170","1","1","3","4","0.63","0.78","0","0",,,"1","5","2024-03-28 14:10:22"
"test",,"0","1","8","2","5","5","0","1","953","1064","0","1","1","2","0.12","0.45","0","0",,,"1","10","2024-03-28 14:10:24"
"test",,"0","0","42","1","5","5","1","1","1040","2006","2","1","3","1","0.62","0.27","0","0",,,"1","5","2024-03-28 14:13:00"
"test",,"0","1","64","1","5","5","1","1","440","633","1","0","4","1","0.88","0.12","0","0",,,"1","10","2024-03-28 14:13:03"
"test",,"0","2","8","1","5","5","0","0","959","1117","0","1","1","1","0.18","0.12","0","0",,,"0","10","2024-03-28 14:13:06"
"test",,"0","3","13","2","5","5","1","0","582","697","1","0","1","4","0.18","0.73","0","0",,,"1","15","2024-03-28 14:13:08"
"test",,"0","4","27","2","5","5","0","1","541","650","0","1","2","3","0.38","0.5","0","0",,,"0","15","2024-03-28 14:13:11"
"test",,"0","5","32","1","5","5","1","1","479","613","1","0","3","1","0.5","0.12","0","0",,,"0","15","2024-03-28 14:13:13"
"test",,"0","6","34","1","5","5","1","1","440","578","1","0","3","1","0.5","0.27","0","0",,,"1","20","2024-03-28 14:13:16"
"test",,"0","7","24","1","5","5","1","1","580","729","1","0","2","1","0.38","0.12","0","0",,,"1","25","2024-03-28 14:13:18"
"test",,"0","8","39","2","5","5","0","1","399","513","0","1","3","4","0.5","0.88","0","0",,,"1","30","2024-03-28 14:13:21"
"test",,"0","9","32","1","5","5","1","1","543","685","1","0","3","1","0.5","0.12","0","0",,,"1","35","2024-03-28 14:13:23"
"test",,"0","10","56","1","5","5","1","1","439","570","1","0","4","1","0.82","0.12","0","0",,,"1","40","2024-03-28 14:13:25"
"test",,"0","11","39","2","5","5","1","0","921","1150","1","0","3","4","0.5","0.88","0","0",,,"0","40","2024-03-28 14:13:28"
"test",,"0","12","40","1","5","5","0","0","418","540","0","1","3","1","0.62","0.12","0","0",,,"1","45","2024-03-28 14:13:31"
"test",,"0","13","54","1","5","5","1","1","400","580","1","0","4","4","0.73","0.82","0","0",,,"1","50","2024-03-28 14:13:33"
"test",,"0","14","52","1","5","5","0","0","519","692","0","1","4","3","0.73","0.5","0","0",,,"1","55","2024-03-28 14:13:36"
"test",,"0","15","10","2","5","5","1","0","1060","1176","1","0","1","2","0.18","0.38","0","0",,,"1","60","2024-03-28 14:13:38"
"test",,"0","16","12","2","5","5","1","0","378","462","1","0","1","3","0.18","0.62","0","0",,,"1","65","2024-03-28 14:13:41"
"test",,"0","17","45","2","5","5","0","1","340","444","0","1","3","4","0.62","0.73","0","0",,,"0","65","2024-03-28 14:13:43"
"test",,"0","18","29","2","5","5","1","0","440","575","1","0","2","4","0.38","0.73","0","0",,,"0","65","2024-03-28 14:13:46"
"test",,"0","19","44","1","5","5","1","1","519","641","1","0","3","3","0.62","0.5","0","0",,,"1","70","2024-03-28 14:13:48"
"test",,"0","0","65","1","5","5","1","1","679","965","1","0","4","1","0.88","0.18","0","0",,,"1","5","2024-03-28 14:14:45"
"test",,"0","1","56","1","5","5","1","1","1318","1758","1","0","4","1","0.82","0.12","0","0",,,"1","10","2024-03-28 14:14:48"
"test",,"0","2","1","2","5","5","1","0","758","870","1","0","1","1","0.12","0.27","0","0",,,"0","10","2024-03-28 14:14:51"
"test",,"0","3","63","2","5","5","0","1","519","982","1","1","4","4","0.82","0.88","0","0",,,"1","15","2024-03-28 14:14:54"
"test",,"0","4","19","2","5","5","1","0","517","608","1","0","1","3","0.27","0.5","0","0",,,"1","20","2024-03-28 14:14:56"
"test",,"0","5","38","2","5","5","1","0","540","689","1","0","3","4","0.5","0.82","0","0",,,"1","25","2024-03-28 14:14:59"
"test",,"0","6","15","2","5","5","1","0","380","517","1","0","1","4","0.18","0.88","0","0",,,"1","30","2024-03-28 14:15:01"
"test",,"0","7","21","2","5","5","0","1","341","468","0","1","1","4","0.27","0.73","0","0",,,"1","35","2024-03-28 14:15:03"
"test",,"0","8","60","1","5","5","1","1","399","484","1","0","4","3","0.82","0.5","0","0",,,"1","40","2024-03-28 14:15:06"
"test",,"0","9","32","1","5","5","1","1","578","714","1","0","3","1","0.5","0.12","0","0",,,"1","45","2024-03-28 14:15:08"
"test",,"0","10","65","1","5","5","0","0","420","539","0","1","4","1","0.88","0.18","0","0",,,"1","50","2024-03-28 14:15:10"
"test",,"0","11","68","1","5","5","1","1","400","543","1","0","4","3","0.88","0.5","0","0",,,"1","55","2024-03-28 14:15:13"
"test",,"0","12","4","2","5","5","0","1","420","813","0","1","1","3","0.12","0.62","0","0",,,"1","60","2024-03-28 14:15:15"
"test",,"0","13","41","1","5","5","0","0","581","708","0","1","3","1","0.62","0.18","0","0",,,"1","65","2024-03-28 14:15:18"
"test",,"0","14","51","1","5","5","1","1","561","625","1","0","4","2","0.73","0.38","0","0",,,"0","65","2024-03-28 14:15:20"
"test",,"0","15","28","2","5","5","0","1","720","901","0","1","2","3","0.38","0.62","0","0",,,"0","65","2024-03-28 14:15:23"
"test",,"0","16","2","2","5","5","1","0","481","623","1","0","1","2","0.12","0.38","0","0",,,"0","65","2024-03-28 14:15:26"
"test",,"0","0","23","2","5","5","0","1","860","1267","1","1","1","4","0.27","0.88","0","0",,,"1","5","2024-03-28 14:23:53"
"test",,"0","1","57","1","5","5","0","0","520","614","0","1","4","1","0.82","0.18","0","0",,,"1","10","2024-03-28 14:23:55"
"test",,"0","2","47","2","5","5","0","1","400","486","0","1","3","4","0.62","0.88","0","0",,,"1","15","2024-03-28 14:23:57"
"test",,"0","3","8","2","5","5","0","1","640","1534","2","3","1","1","0.18","0.12","0","0",,,"0","15","2024-03-28 14:24:00"
"test",,"0","4","71","1","5","5","1","1","681","808","1","0","4","4","0.88","0.82","0","0",,,"1","20","2024-03-28 14:24:03"
"test",,"0","5","36","2","5","5","1","0","841","989","1","0","3","3","0.5","0.62","0","0",,,"1","25","2024-03-28 14:24:06"
"test",,"0","6","69","1","5","5","1","1","499","637","1","0","4","3","0.88","0.62","0","0",,,"1","30","2024-03-28 14:24:08"
"testbw",,"0","0","59","1","5","5","1","1","149","966","2","1","4","2","0.82","0.38","0","0",,,"1","5","2024-03-28 14:54:32"
"testbw",,"0","1","65","1","5","5","0","0","716","834","0","1","4","1","0.88","0.18","0","0",,,"1","10","2024-03-28 14:54:35"
"testbw",,"0","2","66","1","5","5","0","0","650","785","0","1","4","1","0.88","0.27","0","0",,,"1","15","2024-03-28 14:54:37"
"testbw",,"0","3","38","2","5","5","1","0","633","851","1","0","3","4","0.5","0.82","0","0",,,"1","20","2024-03-28 14:54:40"
"testbw",,"0","4","7","2","5","5","1","0","1049","1216","1","0","1","4","0.12","0.88","0","0",,,"1","25","2024-03-28 14:54:43"
"testbw",,"0","0","49","1","5","5","0","0","750","883","0","1","4","1","0.73","0.18","0","0",,,"1","5","2024-03-28 14:55:56"
"testbw",,"0","1","46","2","5","5","1","0","633","834","1","0","3","4","0.62","0.82","0","0",,,"1","10","2024-03-28 14:55:59"
"testbw",,"0","2","18","2","5","5","1","0","750","967","1","0","1","2","0.27","0.38","0","0",,,"1","15","2024-03-28 14:56:02"
"testbw",,"0","3","42","0","5","5","0","1","0","0","0","0","3","1","0.62","0.27","0","0",,,"0","15","2024-03-28 14:56:06"
"testbw",,"0","4","65","0","5","5","0","1","2764","0","1","0","4","1","0.88","0.18","0","0",,,"0","15","2024-03-28 14:56:11"
"testbw",,"0","5","33","1","5","5","0","0","399","533","0","1","3","1","0.5","0.18","0","0",,,"1","20","2024-03-28 14:56:13"
"testbw",,"0","6","5","2","5","5","0","1","732","916","1","1","1","4","0.12","0.73","0","0",,,"1","25","2024-03-28 14:56:16"
"testbw",,"0","7","65","1","5","5","1","1","567","767","1","0","4","1","0.88","0.18","0","0",,,"1","30","2024-03-28 14:56:18"
"testbw",,"0","0","34","1","5","5","1","1","799","1034","1","0","3","1","0.5","0.27","0","0",,,"0","0","2024-03-28 14:59:52"
"testbw",,"0","1","9","2","5","5","1","0","750","1017","1","0","1","1","0.18","0.27","0","0",,,"0","0","2024-03-28 14:59:55"
"testbw",,"0","2","51","1","5","5","1","1","483","566","1","0","4","2","0.73","0.38","0","0",,,"1","5","2024-03-28 14:59:58"
"testbw",,"0","3","38","2","5","5","0","1","600","718","0","1","3","4","0.5","0.82","0","0",,,"1","10","2024-03-28 15:00:00"
"testbw",,"0","4","61","1","5","5","0","0","565","666","0","1","4","3","0.82","0.62","0","0",,,"1","15","2024-03-28 15:00:03"
"testbw",,"0","5","15","2","5","5","0","1","483","617","0","1","1","4","0.18","0.88","0","0",,,"1","20","2024-03-28 15:00:05"
"testbw",,"0","0","19","1","5","5","0","0","2143","2527","0","1","1","3","0.27","0.5","0","0",,,"1","5","2024-03-28 17:53:43"
"testbw",,"0","1","33","2","5","5","1","0","2335","2787","1","0","3","1","0.5","0.18","0","0",,,"1","10","2024-03-28 17:53:48"
"testbw",,"0","2","12","2","5","5","1","0","2134","2518","1","0","1","3","0.18","0.62","0","0",,,"0","10","2024-03-28 17:53:52"
"testbw",,"0","3","66","2","5","5","0","1","1767","2102","0","1","4","1","0.88","0.27","0","0",,,"0","10","2024-03-28 17:53:56"
"testbw",,"0","4","49","2","5","5","1","0","1536","1935","1","0","4","1","0.73","0.18","0","0",,,"1","15","2024-03-28 17:53:59"
"testbw",,"0","5","32","2","5","5","1","0","2102","2519","1","0","3","1","0.5","0.12","0","0",,,"0","15","2024-03-28 17:54:03"
"testbw",,"0","6","18","1","5","5","1","1","1766","2256","1","0","1","2","0.27","0.38","0","0",,,"0","15","2024-03-28 17:54:07"
"testbw",,"0","7","44","2","5","5","0","1","1826","2197","0","1","3","3","0.62","0.5","0","0",,,"1","20","2024-03-28 17:54:11"
"testbw",,"0","8","25","2","5","5","0","1","2300","2649","0","1","2","1","0.38","0.18","0","0",,,"0","20","2024-03-28 17:54:16"
"testbw",,"0","9","22","1","5","5","1","1","1549","2111","1","0","1","4","0.27","0.82","0","0",,,"0","20","2024-03-28 17:54:20"
"testbw",,"0","10","4","1","5","5","0","0","184","1500","0","1","1","3","0.12","0.62","0","0",,,"1","25","2024-03-28 17:54:23"
"testbw",,"0","11","66","1","5","5","1","1","1555","1967","1","0","4","1","0.88","0.27","0","0",,,"0","25","2024-03-28 17:54:26"
"testbw",,"0","12","23","1","5","5","1","1","1901","2204","1","0","1","4","0.27","0.88","0","0",,,"0","25","2024-03-28 17:54:30"
"testbw",,"0","13","56","2","5","5","0","1","1535","1853","0","1","4","1","0.82","0.12","0","0",,,"0","25","2024-03-28 17:54:34"
"testbw",,"0","14","38","1","5","5","0","0","1640","1839","0","1","3","4","0.5","0.82","0","0",,,"0","25","2024-03-28 17:54:38"
"testbw",,"0","15","35","1","5","5","0","0","2053","2231","0","1","3","2","0.5","0.38","0","0",,,"0","25","2024-03-28 17:54:42"
"testbw",,"0","16","0","1","5","5","0","0","2433","2798","0","1","1","1","0.12","0.18","0","0",,,"0","25","2024-03-28 17:54:46"
"testbw",,"0","17","11","1","5","5","0","0","1561","1845","0","1","1","3","0.18","0.5","0","0",,,"0","25","2024-03-28 17:54:50"
"testbw",,"0","18","52","2","5","5","1","0","1767","2118","1","0","4","3","0.73","0.5","0","0",,,"1","30","2024-03-28 17:54:54"
"test",,"0","0","18","2","5","5","0","1","1283","1449","0","1","1","2","0.27","0.38","0","0",,,"0","0","2024-04-03 10:40:51"
"random-5885122979",,"0","0","33","1","5","5","1","1","949","1083","1","0","3","1","0.5","0.18","0","0",,,"0","0","2024-04-03 11:05:12"
"random-5885122979",,"0","1","43","1","5","5","0","0","516","583","0","1","3","2","0.62","0.38","0","0",,,"1","5","2024-04-03 11:05:15"
"random-5885122979",,"0","2","71","1","5","5","1","1","1049","1283","1","0","4","4","0.88","0.82","0","0",,,"1","10","2024-04-03 11:05:18"
"random-5885122979",,"0","3","68","1","5","5","0","0","499","733","0","1","4","3","0.88","0.5","0","0",,,"1","15","2024-04-03 11:05:20"
"5727d93522e522000e7a0a3c",,"0","0","52","2","5","5","1","0","432","1499","2","1","4","3","0.73","0.5","0","0",,,"0","0","2024-04-03 11:24:01"
"5727d93522e522000e7a0a3c",,"0","1","59","2","5","5","0","1","466","899","0","1","4","2","0.82","0.38","0","0",,,"1","5","2024-04-03 11:24:04"
"5727d93522e522000e7a0a3c",,"0","2","33","2","5","5","0","1","667","966","0","1","3","1","0.5","0.18","0","0",,,"0","5","2024-04-03 11:24:07"
"5727d93522e522000e7a0a3c",,"0","3","0","1","5","5","1","1","766","1150","1","0","1","1","0.12","0.18","0","0",,,"0","5","2024-04-03 11:24:10"
"5727d93522e522000e7a0a3c",,"0","4","25","2","5","5","0","1","483","833","0","1","2","1","0.38","0.18","0","0",,,"0","5","2024-04-03 11:24:13"
"5727d93522e522000e7a0a3c",,"0","5","38","2","5","5","1","0","949","1283","1","0","3","4","0.5","0.82","0","0",,,"1","10","2024-04-03 11:24:16"
"5727d93522e522000e7a0a3c",,"0","6","51","1","5","5","0","0","532","883","0","1","4","2","0.73","0.38","0","0",,,"1","15","2024-04-03 11:24:18"
"5727d93522e522000e7a0a3c",,"0","7","55","2","5","5","0","1","566","1016","0","1","4","4","0.73","0.88","0","0",,,"1","20","2024-04-03 11:24:21"
"5727d93522e522000e7a0a3c",,"0","8","65","1","5","5","0","0","467","833","0","1","4","1","0.88","0.18","0","0",,,"1","25","2024-04-03 11:24:24"
"5727d93522e522000e7a0a3c",,"0","9","42","1","5","5","1","1","549","1033","1","0","3","1","0.62","0.27","0","0",,,"0","25","2024-04-03 11:24:26"
"5727d93522e522000e7a0a3c",,"0","10","12","2","5","5","1","0","500","867","1","0","1","3","0.18","0.62","0","0",,,"0","25","2024-04-03 11:24:29"
"5727d93522e522000e7a0a3c",,"0","11","68","1","5","5","1","1","382","1316","1","1","4","3","0.88","0.5","0","0",,,"1","30","2024-04-03 11:24:32"
"5727d93522e522000e7a0a3c",,"0","12","11","2","5","5","0","1","765","1283","0","1","1","3","0.18","0.5","0","0",,,"0","30","2024-04-03 11:24:35"
"5727d93522e522000e7a0a3c",,"0","13","41","1","5","5","0","0","449","783","0","1","3","1","0.62","0.18","0","0",,,"0","30","2024-04-03 11:24:38"
"5727d93522e522000e7a0a3c",,"0","14","4","1","5","5","1","1","483","932","1","0","1","3","0.12","0.62","0","0",,,"0","30","2024-04-03 11:24:41"
"5727d93522e522000e7a0a3c",,"0","15","34","2","5","5","1","0","599","1300","1","1","3","1","0.5","0.27","0","0",,,"0","30","2024-04-03 11:24:44"
"5727d93522e522000e7a0a3c",,"0","16","66","1","5","5","0","0","349","682","0","1","4","1","0.88","0.27","0","0",,,"1","35","2024-04-03 11:24:47"
"5727d93522e522000e7a0a3c",,"0","17","2","2","5","5","0","1","466","800","0","1","1","2","0.12","0.38","0","0",,,"1","40","2024-04-03 11:24:49"
"5727d93522e522000e7a0a3c",,"0","18","27","1","5","5","0","0","766","1099","0","1","2","3","0.38","0.5","0","0",,,"0","40","2024-04-03 11:24:52"
"5727d93522e522000e7a0a3c",,"0","19","13","2","5","5","1","0","16","1433","1","1","1","4","0.18","0.73","0","0",,,"1","45","2024-04-03 11:24:56"
"5727d93522e522000e7a0a3c",,"0","20","63","2","5","5","0","1","500","1033","0","1","4","4","0.82","0.88","0","0",,,"1","50","2024-04-03 11:24:58"
"5727d93522e522000e7a0a3c",,"0","21","32","1","5","5","1","1","516","900","1","0","3","1","0.5","0.12","0","0",,,"1","55","2024-04-03 11:25:01"
"5727d93522e522000e7a0a3c",,"0","22","14","2","5","5","1","0","449","799","1","0","1","4","0.18","0.82","0","0",,,"1","60","2024-04-03 11:25:03"
"5727d93522e522000e7a0a3c",,"0","23","58","1","5","5","0","0","416","816","0","1","4","1","0.82","0.27","0","0",,,"0","60","2024-04-03 11:25:06"
"5727d93522e522000e7a0a3c",,"0","24","7","2","5","5","0","1","366","700","0","1","1","4","0.12","0.88","0","0",,,"1","65","2024-04-03 11:25:09"
"5727d93522e522000e7a0a3c",,"0","25","29","2","5","5","1","0","500","800","1","0","2","4","0.38","0.73","0","0",,,"1","70","2024-04-03 11:25:11"
"5727d93522e522000e7a0a3c",,"0","26","67","1","5","5","0","0","433","799","0","1","4","2","0.88","0.38","0","0",,,"1","75","2024-04-03 11:25:14"
"5727d93522e522000e7a0a3c",,"0","27","8","1","5","5","0","0","965","1782","1","1","1","1","0.18","0.12","0","0",,,"1","80","2024-04-03 11:25:17"
"5727d93522e522000e7a0a3c",,"0","28","10","2","5","5","0","1","782","1149","0","1","1","2","0.18","0.38","0","0",,,"0","80","2024-04-03 11:25:20"
"5727d93522e522000e7a0a3c",,"0","29","35","1","5","5","1","1","583","950","1","0","3","2","0.5","0.38","0","0",,,"0","80","2024-04-03 11:25:23"
"5727d93522e522000e7a0a3c",,"0","30","62","1","5","5","0","0","466","1100","0","1","4","4","0.82","0.73","0","0",,,"0","80","2024-04-03 11:25:26"
"5727d93522e522000e7a0a3c",,"0","31","28","2","5","5","1","0","483","833","1","0","2","3","0.38","0.62","0","0",,,"1","85","2024-04-03 11:25:29"
"5727d93522e522000e7a0a3c",,"0","32","30","2","5","5","1","0","432","749","1","0","2","4","0.38","0.82","0","0",,,"0","85","2024-04-03 11:25:31"
"5727d93522e522000e7a0a3c",,"0","33","23","2","5","5","0","1","367","683","0","1","1","4","0.27","0.88","0","0",,,"1","90","2024-04-03 11:25:34"
"5727d93522e522000e7a0a3c",,"0","34","16","1","5","5","0","0","782","1066","0","1","1","1","0.27","0.12","0","0",,,"0","90","2024-04-03 11:25:37"
"5727d93522e522000e7a0a3c",,"0","35","54","2","5","5","0","1","316","682","0","1","4","4","0.73","0.82","0","0",,,"0","90","2024-04-03 11:25:40"
"5727d93522e522000e7a0a3c",,"0","36","61","1","5","5","1","1","499","849","1","0","4","3","0.82","0.62","0","0",,,"0","90","2024-04-03 11:25:42"
"5727d93522e522000e7a0a3c",,"0","37","18","2","5","5","0","1","900","1266","0","1","1","2","0.27","0.38","0","0",,,"0","90","2024-04-03 11:25:46"
"5727d93522e522000e7a0a3c",,"0","38","3","1","5","5","0","0","183","583","0","1","1","3","0.12","0.5","0","0",,,"0","90","2024-04-03 11:25:48"
"5727d93522e522000e7a0a3c",,"0","39","70","1","5","5","0","0","666","1000","0","1","4","4","0.88","0.73","0","0",,,"0","90","2024-04-03 11:25:51"
"5727d93522e522000e7a0a3c",,"0","40","43","1","5","5","1","1","700","1000","1","0","3","2","0.62","0.38","0","0",,,"1","95","2024-04-03 11:25:54"
"5727d93522e522000e7a0a3c",,"0","41","37","2","5","5","1","0","449","798","1","0","3","4","0.5","0.73","0","0",,,"1","100","2024-04-03 11:25:57"
"5727d93522e522000e7a0a3c",,"0","42","46","2","5","5","1","0","766","1116","1","0","3","4","0.62","0.82","0","0",,,"1","105","2024-04-03 11:25:59"
"5727d93522e522000e7a0a3c",,"0","43","60","1","5","5","0","0","516","816","0","1","4","3","0.82","0.5","0","0",,,"1","110","2024-04-03 11:26:02"
"5727d93522e522000e7a0a3c",,"0","44","22","2","5","5","1","0","482","816","1","0","1","4","0.27","0.82","0","0",,,"1","115","2024-04-03 11:26:05"
"5727d93522e522000e7a0a3c",,"0","45","6","2","5","5","1","0","366","716","1","0","1","4","0.12","0.82","0","0",,,"1","120","2024-04-03 11:26:07"
"5727d93522e522000e7a0a3c",,"0","46","47","2","5","5","0","1","466","699","0","1","3","4","0.62","0.88","0","0",,,"1","125","2024-04-03 11:26:10"
"5727d93522e522000e7a0a3c",,"0","47","57","1","5","5","1","1","433","732","1","0","4","1","0.82","0.18","0","0",,,"1","130","2024-04-03 11:26:12"
"5727d93522e522000e7a0a3c",,"0","48","48","1","5","5","0","0","301","616","0","1","4","1","0.73","0.12","0","0",,,"1","135","2024-04-03 11:26:14"
"5727d93522e522000e7a0a3c",,"0","49","69","1","5","5","1","1","433","717","1","0","4","3","0.88","0.62","0","0",,,"1","140","2024-04-03 11:26:17"
"628e0063fa56e316da2a71cb",,"0","0","67","2","5","5","0","1","958","1376","0","1","4","2","0.88","0.38","0","0",,,"1","5","2024-04-03 11:26:17"
"5727d93522e522000e7a0a3c",,"0","50","20","2","5","5","1","0","416","716","1","0","1","3","0.27","0.62","0","0",,,"1","145","2024-04-03 11:26:19"
"628e0063fa56e316da2a71cb",,"0","1","55","1","5","5","0","0","874","1332","0","1","4","4","0.73","0.88","0","0",,,"1","10","2024-04-03 11:26:20"
"5727d93522e522000e7a0a3c",,"0","51","64","1","5","5","0","0","450","749","0","1","4","1","0.88","0.12","0","0",,,"1","150","2024-04-03 11:26:22"
"628e0063fa56e316da2a71cb",,"0","2","10","1","5","5","1","1","876","1292","1","0","1","2","0.18","0.38","0","0",,,"0","10","2024-04-03 11:26:23"
"5727d93522e522000e7a0a3c",,"0","52","44","1","5","5","0","0","683","1067","0","1","3","3","0.62","0.5","0","0",,,"1","155","2024-04-03 11:26:25"
"628e0063fa56e316da2a71cb",,"0","3","8","1","5","5","0","0","791","1292","0","1","1","1","0.18","0.12","0","0",,,"0","10","2024-04-03 11:26:27"
"5727d93522e522000e7a0a3c",,"0","53","36","2","5","5","1","0","765","1082","1","0","3","3","0.5","0.62","0","0",,,"1","160","2024-04-03 11:26:28"
"628e0063fa56e316da2a71cb",,"0","4","26","1","5","5","1","1","1000","1459","1","0","2","1","0.38","0.27","0","0",,,"0","10","2024-04-03 11:26:30"
"5727d93522e522000e7a0a3c",,"0","54","45","2","5","5","0","1","499","866","0","1","3","4","0.62","0.73","0","0",,,"0","160","2024-04-03 11:26:30"
"5727d93522e522000e7a0a3c",,"0","55","39","2","5","5","0","1","400","716","0","1","3","4","0.5","0.88","0","0",,,"1","165","2024-04-03 11:26:33"
"628e0063fa56e316da2a71cb",,"0","5","2","2","5","5","0","1","1126","1542","0","1","1","2","0.12","0.38","0","0",,,"1","15","2024-04-03 11:26:34"
"5727d93522e522000e7a0a3c",,"0","56","15","2","5","5","0","1","400","700","0","1","1","4","0.18","0.88","0","0",,,"1","170","2024-04-03 11:26:35"
"628e0063fa56e316da2a71cb",,"0","6","48","2","5","5","0","1","833","2083","1","1","4","1","0.73","0.12","0","0",,,"0","15","2024-04-03 11:26:37"
"5727d93522e522000e7a0a3c",,"0","57","26","1","5","5","0","0","532","816","0","1","2","1","0.38","0.27","0","0",,,"0","170","2024-04-03 11:26:38"
"5727d93522e522000e7a0a3c",,"0","58","49","1","5","5","1","1","333","1049","1","1","4","1","0.73","0.18","0","0",,,"1","175","2024-04-03 11:26:41"
"628e0063fa56e316da2a71cb",,"0","7","70","2","5","5","1","0","1374","2249","1","1","4","4","0.88","0.73","0","0",,,"0","15","2024-04-03 11:26:41"
"5727d93522e522000e7a0a3c",,"0","59","21","2","5","5","1","0","332","616","1","0","1","4","0.27","0.73","0","0",,,"1","180","2024-04-03 11:26:43"
"628e0063fa56e316da2a71cb",,"0","8","60","1","5","5","0","0","667","1125","0","1","4","3","0.82","0.5","0","0",,,"1","20","2024-04-03 11:26:44"
"5727d93522e522000e7a0a3c",,"0","60","17","1","5","5","0","0","715","1099","0","1","1","1","0.27","0.18","0","0",,,"0","180","2024-04-03 11:26:46"
"628e0063fa56e316da2a71cb",,"0","9","32","1","5","5","1","1","625","1083","1","0","3","1","0.5","0.12","0","0",,,"0","20","2024-04-03 11:26:47"
"5727d93522e522000e7a0a3c",,"0","61","1","2","5","5","0","1","949","1199","0","1","1","1","0.12","0.27","0","0",,,"0","180","2024-04-03 11:26:49"
"628e0063fa56e316da2a71cb",,"0","10","27","2","5","5","1","0","626","1001","1","0","2","3","0.38","0.5","0","0",,,"0","20","2024-04-03 11:26:50"
"5727d93522e522000e7a0a3c",,"0","62","9","2","5","5","0","1","498","983","0","1","1","1","0.18","0.27","0","0",,,"0","180","2024-04-03 11:26:52"
"628e0063fa56e316da2a71cb",,"0","11","34","1","5","5","0","0","749","1166","0","1","3","1","0.5","0.27","0","0",,,"1","25","2024-04-03 11:26:53"
"5727d93522e522000e7a0a3c",,"0","63","53","1","5","5","0","0","698","999","0","1","4","3","0.73","0.62","0","0",,,"0","180","2024-04-03 11:26:55"
"628e0063fa56e316da2a71cb",,"0","12","40","1","5","5","1","1","1126","1500","1","0","3","1","0.62","0.12","0","0",,,"1","30","2024-04-03 11:26:57"
"5727d93522e522000e7a0a3c",,"0","64","31","2","5","5","1","0","449","749","1","0","2","4","0.38","0.88","0","0",,,"1","185","2024-04-03 11:26:58"
"628e0063fa56e316da2a71cb",,"0","13","29","2","5","5","0","1","1001","1417","0","1","2","4","0.38","0.73","0","0",,,"0","30","2024-04-03 11:27:00"
"5727d93522e522000e7a0a3c",,"0","65","56","1","5","5","0","0","416","683","0","1","4","1","0.82","0.12","0","0",,,"1","190","2024-04-03 11:27:00"
"5727d93522e522000e7a0a3c",,"0","66","71","1","5","5","0","0","398","865","0","1","4","4","0.88","0.82","0","0",,,"0","190","2024-04-03 11:27:03"
"628e0063fa56e316da2a71cb",,"0","14","47","1","5","5","0","0","916","1250","0","1","3","4","0.62","0.88","0","0",,,"1","35","2024-04-03 11:27:03"
"5727d93522e522000e7a0a3c",,"0","67","50","1","5","5","1","1","532","799","1","0","4","1","0.73","0.27","0","0",,,"1","195","2024-04-03 11:27:06"
"628e0063fa56e316da2a71cb",,"0","15","15","1","5","5","0","0","749","2250","1","2","1","4","0.18","0.88","0","0",,,"0","35","2024-04-03 11:27:07"
"5727d93522e522000e7a0a3c",,"0","68","5","2","5","5","1","0","415","698","1","0","1","4","0.12","0.73","0","0",,,"1","200","2024-04-03 11:27:08"
"628e0063fa56e316da2a71cb",,"0","16","30","2","5","5","0","1","875","1292","0","1","2","4","0.38","0.82","0","0",,,"1","40","2024-04-03 11:27:10"
"5727d93522e522000e7a0a3c",,"0","69","19","2","5","5","1","0","549","883","1","0","1","3","0.27","0.5","0","0",,,"1","205","2024-04-03 11:27:11"
"5727d93522e522000e7a0a3c",,"0","70","40","1","5","5","0","0","449","733","0","1","3","1","0.62","0.12","0","0",,,"1","210","2024-04-03 11:27:13"
"628e0063fa56e316da2a71cb",,"0","17","25","2","5","5","1","0","1124","1542","1","0","2","1","0.38","0.18","0","0",,,"1","45","2024-04-03 11:27:13"
"5727d93522e522000e7a0a3c",,"0","71","24","1","5","5","1","1","966","1216","1","0","2","1","0.38","0.12","0","0",,,"1","215","2024-04-03 11:27:16"
"628e0063fa56e316da2a71cb",,"0","18","53","1","5","5","0","0","958","1417","0","1","4","3","0.73","0.62","0","0",,,"1","50","2024-04-03 11:27:16"
"628e0063fa56e316da2a71cb",,"0","19","23","2","5","5","1","0","1000","2292","2","1","1","4","0.27","0.88","0","0",,,"1","55","2024-04-03 11:27:20"
"628e0063fa56e316da2a71cb",,"0","20","36","2","5","5","1","0","1167","1584","1","0","3","3","0.5","0.62","0","0",,,"1","60","2024-04-03 11:27:24"
"628e0063fa56e316da2a71cb",,"0","21","46","1","5","5","0","0","1249","1625","0","1","3","4","0.62","0.82","0","0",,,"1","65","2024-04-03 11:27:27"
"628e0063fa56e316da2a71cb",,"0","22","44","1","5","5","1","1","958","1293","1","0","3","3","0.62","0.5","0","0",,,"1","70","2024-04-03 11:27:30"
"628e0063fa56e316da2a71cb",,"0","23","52","1","5","5","0","0","1250","1626","0","1","4","3","0.73","0.5","0","0",,,"0","70","2024-04-03 11:27:33"
"628e0063fa56e316da2a71cb",,"0","24","28","2","5","5","1","0","917","1250","1","0","2","3","0.38","0.62","0","0",,,"0","70","2024-04-03 11:27:36"
"628e0063fa56e316da2a71cb",,"0","25","22","1","5","5","0","0","751","1126","0","1","1","4","0.27","0.82","0","0",,,"1","75","2024-04-03 11:27:40"
"628e0063fa56e316da2a71cb",,"0","26","16","1","5","5","1","1","1166","1417","1","0","1","1","0.27","0.12","0","0",,,"0","75","2024-04-03 11:27:43"
"628e0063fa56e316da2a71cb",,"0","27","13","2","5","5","0","1","1128","1501","0","1","1","4","0.18","0.73","0","0",,,"1","80","2024-04-03 11:27:46"
"628e0063fa56e316da2a71cb",,"0","28","18","2","5","5","0","1","666","1083","0","1","1","2","0.27","0.38","0","0",,,"0","80","2024-04-03 11:27:49"
"628e0063fa56e316da2a71cb",,"0","29","63","1","5","5","0","0","792","1125","0","1","4","4","0.82","0.88","0","0",,,"1","85","2024-04-03 11:27:52"
"628e0063fa56e316da2a71cb",,"0","30","45","1","5","5","1","1","875","1292","1","0","3","4","0.62","0.73","0","0",,,"1","90","2024-04-03 11:27:55"
"628e0063fa56e316da2a71cb",,"0","31","66","1","5","5","0","0","1374","1750","0","1","4","1","0.88","0.27","0","0",,,"1","95","2024-04-03 11:27:59"
"628e0063fa56e316da2a71cb",,"0","32","33","1","5","5","0","0","1041","1416","0","1","3","1","0.5","0.18","0","0",,,"0","95","2024-04-03 11:28:02"
"628e0063fa56e316da2a71cb",,"0","33","58","1","5","5","0","0","1333","1750","0","1","4","1","0.82","0.27","0","0",,,"1","100","2024-04-03 11:28:05"
"628e0063fa56e316da2a71cb",,"0","34","56","1","5","5","1","1","625","1042","1","0","4","1","0.82","0.12","0","0",,,"1","105","2024-04-03 11:28:08"
"628e0063fa56e316da2a71cb",,"0","35","42","1","5","5","1","1","625","1166","1","0","3","1","0.62","0.27","0","0",,,"1","110","2024-04-03 11:28:11"
"628e0063fa56e316da2a71cb",,"0","36","35","2","5","5","1","0","874","1291","1","0","3","2","0.5","0.38","0","0",,,"0","110","2024-04-03 11:28:14"
"628e0063fa56e316da2a71cb",,"0","37","11","2","5","5","0","1","619","994","0","1","1","3","0.18","0.5","0","0",,,"1","115","2024-04-03 11:28:17"
"628e0063fa56e316da2a71cb",,"0","38","50","1","5","5","0","0","1046","1458","0","1","4","1","0.73","0.27","0","0",,,"0","115","2024-04-03 11:28:20"
"628e0063fa56e316da2a71cb",,"0","39","68","1","5","5","1","1","917","1209","1","0","4","3","0.88","0.5","0","0",,,"1","120","2024-04-03 11:28:24"
"628e0063fa56e316da2a71cb",,"0","40","57","1","5","5","1","1","624","1042","1","0","4","1","0.82","0.18","0","0",,,"1","125","2024-04-03 11:28:26"
"628e0063fa56e316da2a71cb",,"0","41","71","2","5","5","0","1","915","1374","0","1","4","4","0.88","0.82","0","0",,,"0","125","2024-04-03 11:28:30"
"628e0063fa56e316da2a71cb",,"0","42","17","1","5","5","1","1","1000","1292","1","0","1","1","0.27","0.18","0","0",,,"0","125","2024-04-03 11:28:33"
"628e0063fa56e316da2a71cb",,"0","43","4","2","5","5","0","1","667","1042","0","1","1","3","0.12","0.62","0","0",,,"1","130","2024-04-03 11:28:36"
"628e0063fa56e316da2a71cb",,"0","44","20","2","5","5","0","1","624","1000","0","1","1","3","0.27","0.62","0","0",,,"1","135","2024-04-03 11:28:39"
"628e0063fa56e316da2a71cb",,"0","45","65","1","5","5","0","0","584","1043","0","1","4","1","0.88","0.18","0","0",,,"1","140","2024-04-03 11:28:42"
"628e0063fa56e316da2a71cb",,"0","46","14","2","5","5","0","1","667","1084","0","1","1","4","0.18","0.82","0","0",,,"0","140","2024-04-03 11:28:44"
"628e0063fa56e316da2a71cb",,"0","47","19","2","5","5","1","0","583","917","1","0","1","3","0.27","0.5","0","0",,,"0","140","2024-04-03 11:28:47"
"628e0063fa56e316da2a71cb",,"0","48","0","2","5","5","0","1","667","1000","0","1","1","1","0.12","0.18","0","0",,,"0","140","2024-04-03 11:28:50"
"628e0063fa56e316da2a71cb",,"0","49","24","1","5","5","0","0","501","874","0","1","2","1","0.38","0.12","0","0",,,"0","140","2024-04-03 11:28:53"
"628e0063fa56e316da2a71cb",,"0","50","43","1","5","5","1","1","625","917","1","0","3","2","0.62","0.38","0","0",,,"1","145","2024-04-03 11:28:56"
"628e0063fa56e316da2a71cb",,"0","51","31","2","5","5","1","0","708","1000","1","0","2","4","0.38","0.88","0","0",,,"1","150","2024-04-03 11:28:59"
"628e0063fa56e316da2a71cb",,"0","52","49","1","5","5","1","1","708","1001","1","0","4","1","0.73","0.18","0","0",,,"1","155","2024-04-03 11:29:02"
"628e0063fa56e316da2a71cb",,"0","53","51","1","5","5","1","1","584","1000","1","0","4","2","0.73","0.38","0","0",,,"0","155","2024-04-03 11:29:05"
"628e0063fa56e316da2a71cb",,"0","54","5","1","5","5","1","1","708","1000","1","0","1","4","0.12","0.73","0","0",,,"0","155","2024-04-03 11:29:08"
"628e0063fa56e316da2a71cb",,"0","55","6","2","5","5","1","0","542","833","1","0","1","4","0.12","0.82","0","0",,,"1","160","2024-04-03 11:29:11"
"628e0063fa56e316da2a71cb",,"0","56","62","2","5","5","0","1","583","916","0","1","4","4","0.82","0.73","0","0",,,"1","165","2024-04-03 11:29:13"
"628e0063fa56e316da2a71cb",,"0","57","1","1","5","5","0","0","1291","1625","0","1","1","1","0.12","0.27","0","0",,,"0","165","2024-04-03 11:29:17"
"628e0063fa56e316da2a71cb",,"0","58","59","1","5","5","0","0","832","1166","0","1","4","2","0.82","0.38","0","0",,,"1","170","2024-04-03 11:29:20"
"5727d93522e522000e7a0a3c",,"1","0","1","2","5","5","1","0","16","1516","2","0","1","1","0.12","0.27","0","0",,,"0","0","2024-04-03 11:29:21"
"628e0063fa56e316da2a71cb",,"0","59","38","2","5","5","1","0","668","1042","1","0","3","4","0.5","0.82","0","0",,,"1","175","2024-04-03 11:29:23"
"5727d93522e522000e7a0a3c",,"1","1","45","2","5","5","0","1","450","717","0","1","3","4","0.62","0.73","0","0",,,"1","5","2024-04-03 11:29:24"
"628e0063fa56e316da2a71cb",,"0","60","39","2","5","5","1","0","791","1084","1","0","3","4","0.5","0.88","0","0",,,"1","180","2024-04-03 11:29:25"
"5727d93522e522000e7a0a3c",,"1","2","19","2","5","5","1","0","482","715","1","0","1","3","0.27","0.5","0","0",,,"1","10","2024-04-03 11:29:26"
"628e0063fa56e316da2a71cb",,"0","61","64","1","5","5","0","0","667","1000","0","1","4","1","0.88","0.12","0","0",,,"1","185","2024-04-03 11:29:28"
"5727d93522e522000e7a0a3c",,"1","3","6","2","5","5","1","0","383","616","1","0","1","4","0.12","0.82","0","0",,,"1","15","2024-04-03 11:29:29"
"628e0063fa56e316da2a71cb",,"0","62","54","2","5","5","1","0","624","958","1","0","4","4","0.73","0.82","0","0",,,"1","190","2024-04-03 11:29:31"
"5727d93522e522000e7a0a3c",,"1","4","42","1","5","5","0","0","349","599","0","1","3","1","0.62","0.27","0","0",,,"1","20","2024-04-03 11:29:31"
"628e0063fa56e316da2a71cb",,"0","63","61","1","5","5","1","1","708","1042","1","0","4","3","0.82","0.62","0","0",,,"1","195","2024-04-03 11:29:34"
"5727d93522e522000e7a0a3c",,"1","5","39","2","5","5","1","0","1050","1316","1","0","3","4","0.5","0.88","0","0",,,"1","25","2024-04-03 11:29:34"
"5727d93522e522000e7a0a3c",,"1","6","48","1","5","5","0","0","333","633","0","1","4","1","0.73","0.12","0","0",,,"1","30","2024-04-03 11:29:37"
"628e0063fa56e316da2a71cb",,"0","64","37","2","5","5","0","1","584","917","0","1","3","4","0.5","0.73","0","0",,,"1","200","2024-04-03 11:29:37"
"5727d93522e522000e7a0a3c",,"1","7","18","2","5","5","1","0","733","1150","1","0","1","2","0.27","0.38","0","0",,,"0","30","2024-04-03 11:29:39"
"628e0063fa56e316da2a71cb",,"0","65","9","2","5","5","0","1","751","1084","0","1","1","1","0.18","0.27","0","0",,,"0","200","2024-04-03 11:29:40"
"628e0063fa56e316da2a71cb",,"0","66","21","2","5","5","1","0","542","876","1","0","1","4","0.27","0.73","0","0",,,"0","200","2024-04-03 11:29:42"
"5727d93522e522000e7a0a3c",,"1","8","9","1","5","5","0","0","1498","1699","0","1","1","1","0.18","0.27","0","0",,,"0","30","2024-04-03 11:29:43"
"628e0063fa56e316da2a71cb",,"0","67","69","2","5","5","1","0","415","792","1","0","4","3","0.88","0.62","0","0",,,"0","200","2024-04-03 11:29:45"
"5727d93522e522000e7a0a3c",,"1","9","4","2","5","5","1","0","966","1216","1","0","1","3","0.12","0.62","0","0",,,"0","30","2024-04-03 11:29:46"
"628e0063fa56e316da2a71cb",,"0","68","41","1","5","5","1","1","500","792","1","0","3","1","0.62","0.18","0","0",,,"1","205","2024-04-03 11:29:48"
"5727d93522e522000e7a0a3c",,"1","10","34","1","5","5","1","1","882","1100","1","0","3","1","0.5","0.27","0","0",,,"0","30","2024-04-03 11:29:49"
"628e0063fa56e316da2a71cb",,"0","69","3","2","5","5","0","1","666","1041","0","1","1","3","0.12","0.5","0","0",,,"1","210","2024-04-03 11:29:51"
"5727d93522e522000e7a0a3c",,"1","11","51","2","5","5","0","1","1800","2000","0","1","4","2","0.73","0.38","0","0",,,"0","30","2024-04-03 11:29:53"
"628e0063fa56e316da2a71cb",,"0","70","7","2","5","5","1","0","500","793","1","0","1","4","0.12","0.88","0","0",,,"1","215","2024-04-03 11:29:54"
"5727d93522e522000e7a0a3c",,"1","12","68","1","5","5","1","1","416","667","1","0","4","3","0.88","0.5","0","0",,,"1","35","2024-04-03 11:29:56"
"628e0063fa56e316da2a71cb",,"0","71","12","2","5","5","0","1","583","958","0","1","1","3","0.18","0.62","0","0",,,"0","215","2024-04-03 11:29:56"
"5727d93522e522000e7a0a3c",,"1","13","20","2","5","5","1","0","483","783","1","0","1","3","0.27","0.62","0","0",,,"0","35","2024-04-03 11:29:58"
"5727d93522e522000e7a0a3c",,"1","14","52","1","5","5","0","0","533","1016","0","1","4","3","0.73","0.5","0","0",,,"1","40","2024-04-03 11:30:01"
"5727d93522e522000e7a0a3c",,"1","15","3","2","5","5","0","1","448","682","0","1","1","3","0.12","0.5","0","0",,,"1","45","2024-04-03 11:30:03"
"5727d93522e522000e7a0a3c",,"1","16","50","1","5","5","0","0","533","901","0","1","4","1","0.73","0.27","0","0",,,"0","45","2024-04-03 11:30:06"
"5727d93522e522000e7a0a3c",,"1","17","36","1","5","5","0","0","1133","1449","0","1","3","3","0.5","0.62","0","0",,,"0","45","2024-04-03 11:30:09"
"5727d93522e522000e7a0a3c",,"1","18","10","2","5","5","1","0","582","866","1","0","1","2","0.18","0.38","0","0",,,"1","50","2024-04-03 11:30:12"
"5727d93522e522000e7a0a3c",,"1","19","2","2","5","5","1","0","999","1332","1","0","1","2","0.12","0.38","0","0",,,"0","50","2024-04-03 11:30:15"
"5727d93522e522000e7a0a3c",,"1","20","35","2","5","5","0","1","1483","1733","0","1","3","2","0.5","0.38","0","0",,,"1","55","2024-04-03 11:30:19"
"5727d93522e522000e7a0a3c",,"1","21","53","2","5","5","0","1","1466","2467","1","1","4","3","0.73","0.62","0","0",,,"0","55","2024-04-03 11:30:23"
"628e0063fa56e316da2a71cb",,"1","0","42","1","5","5","1","1","750","1042","1","0","3","1","0.62","0.27","0","0",,,"1","5","2024-04-03 11:30:25"
"5727d93522e522000e7a0a3c",,"1","22","47","2","5","5","0","1","733","1049","0","1","3","4","0.62","0.88","0","0",,,"1","60","2024-04-03 11:30:26"
"628e0063fa56e316da2a71cb",,"1","1","41","1","5","5","0","0","586","917","0","1","3","1","0.62","0.18","0","0",,,"0","5","2024-04-03 11:30:28"
"5727d93522e522000e7a0a3c",,"1","23","40","1","5","5","0","0","499","866","0","1","3","1","0.62","0.12","0","0",,,"0","60","2024-04-03 11:30:28"
"628e0063fa56e316da2a71cb",,"1","2","60","2","5","5","1","0","834","1001","1","0","4","3","0.82","0.5","0","0",,,"1","10","2024-04-03 11:30:31"
"5727d93522e522000e7a0a3c",,"1","24","28","2","5","5","1","0","1615","1899","1","0","2","3","0.38","0.62","0","0",,,"1","65","2024-04-03 11:30:32"
"628e0063fa56e316da2a71cb",,"1","3","39","2","5","5","1","0","541","791","1","0","3","4","0.5","0.88","0","0",,,"1","15","2024-04-03 11:30:33"
"5727d93522e522000e7a0a3c",,"1","25","57","1","5","5","0","0","433","966","0","1","4","1","0.82","0.18","0","0",,,"1","70","2024-04-03 11:30:35"
"628e0063fa56e316da2a71cb",,"1","4","54","1","5","5","0","0","584","876","0","1","4","4","0.73","0.82","0","0",,,"1","20","2024-04-03 11:30:36"
"5727d93522e522000e7a0a3c",,"1","26","30","2","5","5","0","1","783","1183","0","1","2","4","0.38","0.82","0","0",,,"1","75","2024-04-03 11:30:38"
"628e0063fa56e316da2a71cb",,"1","5","43","1","5","5","0","0","582","958","0","1","3","2","0.62","0.38","0","0",,,"1","25","2024-04-03 11:30:39"
"5727d93522e522000e7a0a3c",,"1","27","67","1","5","5","0","0","382","749","0","1","4","2","0.88","0.38","0","0",,,"1","80","2024-04-03 11:30:40"
"628e0063fa56e316da2a71cb",,"1","6","19","2","5","5","1","0","583","875","1","0","1","3","0.27","0.5","0","0",,,"1","30","2024-04-03 11:30:42"
"5727d93522e522000e7a0a3c",,"1","28","65","1","5","5","0","0","383","716","0","1","4","1","0.88","0.18","0","0",,,"1","85","2024-04-03 11:30:43"
"628e0063fa56e316da2a71cb",,"1","7","33","1","5","5","1","1","625","918","1","0","3","1","0.5","0.18","0","0",,,"1","35","2024-04-03 11:30:44"
"5727d93522e522000e7a0a3c",,"1","29","58","1","5","5","1","1","483","850","1","0","4","1","0.82","0.27","0","0",,,"1","90","2024-04-03 11:30:45"
"628e0063fa56e316da2a71cb",,"1","8","36","2","5","5","1","0","708","1000","1","0","3","3","0.5","0.62","0","0",,,"0","35","2024-04-03 11:30:47"
"5727d93522e522000e7a0a3c",,"1","30","61","1","5","5","1","1","433","1100","1","1","4","3","0.82","0.62","0","0",,,"1","95","2024-04-03 11:30:48"
"628e0063fa56e316da2a71cb",,"1","9","21","2","5","5","1","0","542","834","1","0","1","4","0.27","0.73","0","0",,,"1","40","2024-04-03 11:30:50"
"5727d93522e522000e7a0a3c",,"1","31","46","2","5","5","0","1","466","866","0","1","3","4","0.62","0.82","0","0",,,"1","100","2024-04-03 11:30:51"
"628e0063fa56e316da2a71cb",,"1","10","30","2","5","5","0","1","583","875","0","1","2","4","0.38","0.82","0","0",,,"1","45","2024-04-03 11:30:53"
"5727d93522e522000e7a0a3c",,"1","32","17","2","5","5","0","1","1784","2050","0","1","1","1","0.27","0.18","0","0",,,"0","100","2024-04-03 11:30:54"
"628e0063fa56e316da2a71cb",,"1","11","5","2","5","5","0","1","583","916","0","1","1","4","0.12","0.73","0","0",,,"1","50","2024-04-03 11:30:55"
"5727d93522e522000e7a0a3c",,"1","33","71","1","5","5","1","1","1283","1566","1","0","4","4","0.88","0.82","0","0",,,"1","105","2024-04-03 11:30:58"
"628e0063fa56e316da2a71cb",,"1","12","26","1","5","5","0","0","916","1250","0","1","2","1","0.38","0.27","0","0",,,"0","50","2024-04-03 11:30:58"
"5727d93522e522000e7a0a3c",,"1","34","33","2","5","5","1","0","1433","2067","1","1","3","1","0.5","0.18","0","0",,,"0","105","2024-04-03 11:31:01"
"628e0063fa56e316da2a71cb",,"1","13","1","1","5","5","1","1","1041","1291","1","0","1","1","0.12","0.27","0","0",,,"0","50","2024-04-03 11:31:02"
"5727d93522e522000e7a0a3c",,"1","35","21","2","5","5","1","0","666","966","1","0","1","4","0.27","0.73","0","0",,,"0","105","2024-04-03 11:31:04"
"628e0063fa56e316da2a71cb",,"1","14","2","2","5","5","1","0","917","1167","1","0","1","2","0.12","0.38","0","0",,,"0","50","2024-04-03 11:31:05"
"5727d93522e522000e7a0a3c",,"1","36","59","1","5","5","0","0","399","699","0","1","4","2","0.82","0.38","0","0",,,"1","110","2024-04-03 11:31:07"
"628e0063fa56e316da2a71cb",,"1","15","32","1","5","5","0","0","916","1250","0","1","3","1","0.5","0.12","0","0",,,"0","50","2024-04-03 11:31:08"
"5727d93522e522000e7a0a3c",,"1","37","69","1","5","5","1","1","566","783","1","0","4","3","0.88","0.62","0","0",,,"1","115","2024-04-03 11:31:10"
"628e0063fa56e316da2a71cb",,"1","16","52","1","5","5","1","1","542","793","1","0","4","3","0.73","0.5","0","0",,,"0","50","2024-04-03 11:31:11"
"5727d93522e522000e7a0a3c",,"1","38","29","2","5","5","0","1","333","767","0","1","2","4","0.38","0.73","0","0",,,"1","120","2024-04-03 11:31:12"
"628e0063fa56e316da2a71cb",,"1","17","0","2","5","5","1","0","125","542","1","0","1","1","0.12","0.18","0","0",,,"0","50","2024-04-03 11:31:14"
"5727d93522e522000e7a0a3c",,"1","39","12","2","5","5","1","0","517","933","1","0","1","3","0.18","0.62","0","0",,,"1","125","2024-04-03 11:31:15"
"628e0063fa56e316da2a71cb",,"1","18","44","1","5","5","1","1","458","750","1","0","3","3","0.62","0.5","0","0",,,"1","55","2024-04-03 11:31:16"
"5727d93522e522000e7a0a3c",,"1","40","66","1","5","5","1","1","533","833","1","0","4","1","0.88","0.27","0","0",,,"1","130","2024-04-03 11:31:17"
"628e0063fa56e316da2a71cb",,"1","19","23","2","5","5","0","1","583","833","0","1","1","4","0.27","0.88","0","0",,,"1","60","2024-04-03 11:31:19"
"5727d93522e522000e7a0a3c",,"1","41","54","2","5","5","1","0","350","1750","1","1","4","4","0.73","0.82","0","0",,,"1","135","2024-04-03 11:31:21"
"628e0063fa56e316da2a71cb",,"1","20","64","1","5","5","1","1","541","834","1","0","4","1","0.88","0.12","0","0",,,"1","65","2024-04-03 11:31:22"
"5727d93522e522000e7a0a3c",,"1","42","70","1","5","5","0","0","584","900","0","1","4","4","0.88","0.73","0","0",,,"1","140","2024-04-03 11:31:23"
"628e0063fa56e316da2a71cb",,"1","21","31","2","5","5","1","0","666","958","1","0","2","4","0.38","0.88","0","0",,,"1","70","2024-04-03 11:31:25"
"5727d93522e522000e7a0a3c",,"1","43","8","1","5","5","1","1","1982","2166","1","0","1","1","0.18","0.12","0","0",,,"0","140","2024-04-03 11:31:27"
"628e0063fa56e316da2a71cb",,"1","22","37","2","5","5","1","0","624","916","1","0","3","4","0.5","0.73","0","0",,,"1","75","2024-04-03 11:31:27"
"628e0063fa56e316da2a71cb",,"1","23","66","1","5","5","0","0","625","916","0","1","4","1","0.88","0.27","0","0",,,"1","80","2024-04-03 11:31:30"
"5727d93522e522000e7a0a3c",,"1","44","25","1","5","5","1","1","1049","1332","1","0","2","1","0.38","0.18","0","0",,,"0","140","2024-04-03 11:31:30"
"5727d93522e522000e7a0a3c",,"1","45","60","1","5","5","1","1","1099","1299","1","0","4","3","0.82","0.5","0","0",,,"1","145","2024-04-03 11:31:33"
"628e0063fa56e316da2a71cb",,"1","24","4","1","5","5","1","1","541","1584","1","1","1","3","0.12","0.62","0","0",,,"0","80","2024-04-03 11:31:33"
"5727d93522e522000e7a0a3c",,"1","46","15","2","5","5","1","0","399","683","1","0","1","4","0.18","0.88","0","0",,,"1","150","2024-04-03 11:31:36"
"628e0063fa56e316da2a71cb",,"1","25","18","1","5","5","0","0","911","1203","0","1","1","2","0.27","0.38","0","0",,,"0","80","2024-04-03 11:31:37"
"5727d93522e522000e7a0a3c",,"1","47","27","2","5","5","1","0","950","1200","1","0","2","3","0.38","0.5","0","0",,,"1","155","2024-04-03 11:31:39"
"628e0063fa56e316da2a71cb",,"1","26","62","1","5","5","1","1","708","1001","1","0","4","4","0.82","0.73","0","0",,,"1","85","2024-04-03 11:31:40"
"5727d93522e522000e7a0a3c",,"1","48","55","1","5","5","1","1","933","1150","1","0","4","4","0.73","0.88","0","0",,,"1","160","2024-04-03 11:31:41"
"628e0063fa56e316da2a71cb",,"1","27","22","2","5","5","1","0","624","875","1","0","1","4","0.27","0.82","0","0",,,"1","90","2024-04-03 11:31:42"
"5727d93522e522000e7a0a3c",,"1","49","24","1","5","5","1","1","667","916","1","0","2","1","0.38","0.12","0","0",,,"1","165","2024-04-03 11:31:44"
"628e0063fa56e316da2a71cb",,"1","28","59","1","5","5","1","1","708","916","1","0","4","2","0.82","0.38","0","0",,,"1","95","2024-04-03 11:31:45"
"5727d93522e522000e7a0a3c",,"1","50","14","1","5","5","1","1","1200","1650","1","0","1","4","0.18","0.82","0","0",,,"0","165","2024-04-03 11:31:48"
"628e0063fa56e316da2a71cb",,"1","29","57","1","5","5","1","1","542","834","1","0","4","1","0.82","0.18","0","0",,,"1","100","2024-04-03 11:31:48"
"5727d93522e522000e7a0a3c",,"1","51","11","2","5","5","1","0","615","982","1","0","1","3","0.18","0.5","0","0",,,"0","165","2024-04-03 11:31:50"
"628e0063fa56e316da2a71cb",,"1","30","63","2","5","5","0","1","791","1041","0","1","4","4","0.82","0.88","0","0",,,"1","105","2024-04-03 11:31:51"
"5727d93522e522000e7a0a3c",,"1","52","7","2","5","5","0","1","716","983","0","1","1","4","0.12","0.88","0","0",,,"1","170","2024-04-03 11:31:53"
"628e0063fa56e316da2a71cb",,"1","31","16","2","5","5","0","1","1625","1917","0","1","1","1","0.27","0.12","0","0",,,"0","105","2024-04-03 11:31:54"
"5727d93522e522000e7a0a3c",,"1","53","64","1","5","5","1","1","383","600","1","0","4","1","0.88","0.12","0","0",,,"1","175","2024-04-03 11:31:56"
"628e0063fa56e316da2a71cb",,"1","32","14","2","5","5","1","0","833","1042","1","0","1","4","0.18","0.82","0","0",,,"1","110","2024-04-03 11:31:57"
"5727d93522e522000e7a0a3c",,"1","54","26","1","5","5","1","1","499","982","1","0","2","1","0.38","0.27","0","0",,,"0","175","2024-04-03 11:31:59"
"628e0063fa56e316da2a71cb",,"1","33","20","2","5","5","0","1","750","1000","0","1","1","3","0.27","0.62","0","0",,,"1","115","2024-04-03 11:32:00"
"5727d93522e522000e7a0a3c",,"1","55","63","2","5","5","1","0","699","950","1","0","4","4","0.82","0.88","0","0",,,"1","180","2024-04-03 11:32:01"
"628e0063fa56e316da2a71cb",,"1","34","17","2","5","5","0","1","1292","1584","0","1","1","1","0.27","0.18","0","0",,,"1","120","2024-04-03 11:32:03"
"5727d93522e522000e7a0a3c",,"1","56","37","2","5","5","0","1","432","749","0","1","3","4","0.5","0.73","0","0",,,"0","180","2024-04-03 11:32:04"
"628e0063fa56e316da2a71cb",,"1","35","68","1","5","5","0","0","750","1084","0","1","4","3","0.88","0.5","0","0",,,"1","125","2024-04-03 11:32:06"
"5727d93522e522000e7a0a3c",,"1","57","49","1","5","5","1","1","782","1083","1","0","4","1","0.73","0.18","0","0",,,"0","180","2024-04-03 11:32:07"
"628e0063fa56e316da2a71cb",,"1","36","51","1","5","5","0","0","666","1083","0","1","4","2","0.73","0.38","0","0",,,"1","130","2024-04-03 11:32:09"
"5727d93522e522000e7a0a3c",,"1","58","22","2","5","5","0","1","482","1749","1","2","1","4","0.27","0.82","0","0",,,"1","185","2024-04-03 11:32:10"
"628e0063fa56e316da2a71cb",,"1","37","7","2","5","5","1","0","667","916","1","0","1","4","0.12","0.88","0","0",,,"1","135","2024-04-03 11:32:12"
"5727d93522e522000e7a0a3c",,"1","59","43","1","5","5","1","1","466","782","1","0","3","2","0.62","0.38","0","0",,,"0","185","2024-04-03 11:32:13"
"628e0063fa56e316da2a71cb",,"1","38","28","2","5","5","1","0","583","917","1","0","2","3","0.38","0.62","0","0",,,"0","135","2024-04-03 11:32:15"
"5727d93522e522000e7a0a3c",,"1","60","31","2","5","5","1","0","432","683","1","0","2","4","0.38","0.88","0","0",,,"1","190","2024-04-03 11:32:16"
"628e0063fa56e316da2a71cb",,"1","39","9","2","5","5","1","0","1582","1791","1","0","1","1","0.18","0.27","0","0",,,"1","140","2024-04-03 11:32:18"
"5727d93522e522000e7a0a3c",,"1","61","44","1","5","5","0","0","316","1100","0","1","3","3","0.62","0.5","0","0",,,"1","195","2024-04-03 11:32:18"
"5727d93522e522000e7a0a3c",,"1","62","13","2","5","5","1","0","466","749","1","0","1","4","0.18","0.73","0","0",,,"1","200","2024-04-03 11:32:21"
"628e0063fa56e316da2a71cb",,"1","40","6","2","5","5","1","0","750","1000","1","0","1","4","0.12","0.82","0","0",,,"1","145","2024-04-03 11:32:21"
"5727d93522e522000e7a0a3c",,"1","63","38","2","5","5","0","1","416","683","0","1","3","4","0.5","0.82","0","0",,,"1","205","2024-04-03 11:32:23"
"628e0063fa56e316da2a71cb",,"1","41","46","2","5","5","0","1","625","917","0","1","3","4","0.62","0.82","0","0",,,"1","150","2024-04-03 11:32:24"
"5727d93522e522000e7a0a3c",,"1","64","5","2","5","5","0","1","416","683","0","1","1","4","0.12","0.73","0","0",,,"1","210","2024-04-03 11:32:26"
"628e0063fa56e316da2a71cb",,"1","42","8","2","5","5","1","0","959","1959","1","1","1","1","0.18","0.12","0","0",,,"0","150","2024-04-03 11:32:27"
"5727d93522e522000e7a0a3c",,"1","65","16","1","5","5","1","1","566","866","1","0","1","1","0.27","0.12","0","0",,,"1","215","2024-04-03 11:32:28"
"628e0063fa56e316da2a71cb",,"1","43","29","2","5","5","1","0","666","833","1","0","2","4","0.38","0.73","0","0",,,"1","155","2024-04-03 11:32:30"
"5727d93522e522000e7a0a3c",,"1","66","56","1","5","5","1","1","499","767","1","0","4","1","0.82","0.12","0","0",,,"1","220","2024-04-03 11:32:31"
"628e0063fa56e316da2a71cb",,"1","44","38","2","5","5","1","0","626","792","1","0","3","4","0.5","0.82","0","0",,,"1","160","2024-04-03 11:32:33"
"5727d93522e522000e7a0a3c",,"1","67","0","2","5","5","0","1","783","2050","1","2","1","1","0.12","0.18","0","0",,,"0","220","2024-04-03 11:32:35"
"628e0063fa56e316da2a71cb",,"1","45","55","2","5","5","1","0","786","1079","1","0","4","4","0.73","0.88","0","0",,,"1","165","2024-04-03 11:32:36"
"5727d93522e522000e7a0a3c",,"1","68","32","1","5","5","1","1","499","750","1","0","3","1","0.5","0.12","0","0",,,"0","220","2024-04-03 11:32:37"
"628e0063fa56e316da2a71cb",,"1","46","40","1","5","5","0","0","666","958","0","1","3","1","0.62","0.12","0","0",,,"1","170","2024-04-03 11:32:39"
"5727d93522e522000e7a0a3c",,"1","69","41","1","5","5","0","0","449","716","0","1","3","1","0.62","0.18","0","0",,,"0","220","2024-04-03 11:32:40"
"628e0063fa56e316da2a71cb",,"1","47","58","1","5","5","1","1","583","834","1","0","4","1","0.82","0.27","0","0",,,"0","170","2024-04-03 11:32:41"
"5727d93522e522000e7a0a3c",,"1","70","62","1","5","5","0","0","1016","1300","0","1","4","4","0.82","0.73","0","0",,,"1","225","2024-04-03 11:32:43"
"628e0063fa56e316da2a71cb",,"1","48","70","1","5","5","0","0","750","1042","0","1","4","4","0.88","0.73","0","0",,,"1","175","2024-04-03 11:32:45"
"5727d93522e522000e7a0a3c",,"1","71","23","2","5","5","1","0","465","849","1","0","1","4","0.27","0.88","0","0",,,"1","230","2024-04-03 11:32:46"
"628e0063fa56e316da2a71cb",,"1","49","15","2","5","5","0","1","625","917","0","1","1","4","0.18","0.88","0","0",,,"1","180","2024-04-03 11:32:47"
"628e0063fa56e316da2a71cb",,"1","50","49","1","5","5","0","0","584","1003","0","1","4","1","0.73","0.18","0","0",,,"1","185","2024-04-03 11:32:50"
"628e0063fa56e316da2a71cb",,"1","51","69","1","5","5","0","0","666","959","0","1","4","3","0.88","0.62","0","0",,,"1","190","2024-04-03 11:32:53"
"628e0063fa56e316da2a71cb",,"1","52","34","1","5","5","1","1","666","917","1","0","3","1","0.5","0.27","0","0",,,"1","195","2024-04-03 11:32:56"
"628e0063fa56e316da2a71cb",,"1","53","45","2","5","5","0","1","582","833","0","1","3","4","0.62","0.73","0","0",,,"1","200","2024-04-03 11:32:58"
"628e0063fa56e316da2a71cb",,"1","54","12","2","5","5","0","1","624","875","0","1","1","3","0.18","0.62","0","0",,,"0","200","2024-04-03 11:33:01"
"628e0063fa56e316da2a71cb",,"1","55","71","1","5","5","0","0","666","958","0","1","4","4","0.88","0.82","0","0",,,"1","205","2024-04-03 11:33:04"
"628e0063fa56e316da2a71cb",,"1","56","27","1","5","5","0","0","582","1958","1","1","2","3","0.38","0.5","0","0",,,"0","205","2024-04-03 11:33:08"
"628e0063fa56e316da2a71cb",,"1","57","10","2","5","5","1","0","875","1125","1","0","1","2","0.18","0.38","0","0",,,"1","210","2024-04-03 11:33:11"
"628e0063fa56e316da2a71cb",,"1","58","24","1","5","5","1","1","665","957","1","0","2","1","0.38","0.12","0","0",,,"0","210","2024-04-03 11:33:14"
"628e0063fa56e316da2a71cb",,"1","59","65","1","5","5","0","0","666","1042","0","1","4","1","0.88","0.18","0","0",,,"1","215","2024-04-03 11:33:17"
"628e0063fa56e316da2a71cb",,"1","60","47","2","5","5","1","0","666","916","1","0","3","4","0.62","0.88","0","0",,,"0","215","2024-04-03 11:33:19"
"628e0063fa56e316da2a71cb",,"1","61","35","1","5","5","0","0","750","1084","0","1","3","2","0.5","0.38","0","0",,,"0","215","2024-04-03 11:33:22"
"628e0063fa56e316da2a71cb",,"1","62","11","2","5","5","1","0","624","875","1","0","1","3","0.18","0.5","0","0",,,"0","215","2024-04-03 11:33:25"
"5727d93522e522000e7a0a3c",,"2","0","18","2","5","5","0","1","316","1550","1","1","1","2","0.27","0.38","0","0",,,"0","0","2024-04-03 11:33:26"
"628e0063fa56e316da2a71cb",,"1","63","3","2","5","5","1","0","541","833","1","0","1","3","0.12","0.5","0","0",,,"1","220","2024-04-03 11:33:28"
"5727d93522e522000e7a0a3c",,"2","1","28","2","5","5","1","0","799","1049","1","0","2","3","0.38","0.62","0","0",,,"1","5","2024-04-03 11:33:29"
"628e0063fa56e316da2a71cb",,"1","64","25","1","5","5","1","1","625","959","1","0","2","1","0.38","0.18","0","0",,,"0","220","2024-04-03 11:33:31"
"5727d93522e522000e7a0a3c",,"2","2","19","2","5","5","1","0","733","933","1","0","1","3","0.27","0.5","0","0",,,"1","10","2024-04-03 11:33:32"
"628e0063fa56e316da2a71cb",,"1","65","13","2","5","5","0","1","749","1083","0","1","1","4","0.18","0.73","0","0",,,"0","220","2024-04-03 11:33:34"
"5727d93522e522000e7a0a3c",,"2","3","24","1","5","5","1","1","449","800","1","0","2","1","0.38","0.12","0","0",,,"0","10","2024-04-03 11:33:35"
"628e0063fa56e316da2a71cb",,"1","66","61","1","5","5","0","0","583","916","0","1","4","3","0.82","0.62","0","0",,,"1","225","2024-04-03 11:33:37"
"5727d93522e522000e7a0a3c",,"2","4","56","1","5","5","0","0","383","633","0","1","4","1","0.82","0.12","0","0",,,"1","15","2024-04-03 11:33:37"
"628e0063fa56e316da2a71cb",,"1","67","50","1","5","5","0","0","583","1042","0","1","4","1","0.73","0.27","0","0",,,"1","230","2024-04-03 11:33:40"
"5727d93522e522000e7a0a3c",,"2","5","44","1","5","5","0","0","483","1150","0","1","3","3","0.62","0.5","0","0",,,"1","20","2024-04-03 11:33:40"
"628e0063fa56e316da2a71cb",,"1","68","56","1","5","5","0","0","542","917","0","1","4","1","0.82","0.12","0","0",,,"1","235","2024-04-03 11:33:43"
"5727d93522e522000e7a0a3c",,"2","6","63","2","5","5","0","1","883","1183","0","1","4","4","0.82","0.88","0","0",,,"1","25","2024-04-03 11:33:43"
"628e0063fa56e316da2a71cb",,"1","69","53","1","5","5","0","0","541","919","0","1","4","3","0.73","0.62","0","0",,,"1","240","2024-04-03 11:33:45"
"5727d93522e522000e7a0a3c",,"2","7","38","2","5","5","0","1","716","1000","0","1","3","4","0.5","0.82","0","0",,,"0","25","2024-04-03 11:33:46"
"628e0063fa56e316da2a71cb",,"1","70","48","1","5","5","1","1","541","792","1","0","4","1","0.73","0.12","0","0",,,"1","245","2024-04-03 11:33:48"
"5727d93522e522000e7a0a3c",,"2","8","1","2","5","5","1","0","1281","1498","1","0","1","1","0.12","0.27","0","0",,,"0","25","2024-04-03 11:33:49"
"628e0063fa56e316da2a71cb",,"1","71","67","1","5","5","1","1","542","750","1","0","4","2","0.88","0.38","0","0",,,"1","250","2024-04-03 11:33:51"
"5727d93522e522000e7a0a3c",,"2","9","7","2","5","5","1","0","433","733","1","0","1","4","0.12","0.88","0","0",,,"1","30","2024-04-03 11:33:52"
"5727d93522e522000e7a0a3c",,"2","10","3","2","5","5","0","1","350","733","0","1","1","3","0.12","0.5","0","0",,,"0","30","2024-04-03 11:33:54"
"5727d93522e522000e7a0a3c",,"2","11","11","2","5","5","0","1","550","833","0","1","1","3","0.18","0.5","0","0",,,"0","30","2024-04-03 11:33:57"
"5727d93522e522000e7a0a3c",,"2","12","67","1","5","5","0","0","382","666","0","1","4","2","0.88","0.38","0","0",,,"1","35","2024-04-03 11:34:00"
"5727d93522e522000e7a0a3c",,"2","13","70","1","5","5","1","1","616","867","1","0","4","4","0.88","0.73","0","0",,,"1","40","2024-04-03 11:34:02"
"5727d93522e522000e7a0a3c",,"2","14","55","2","5","5","0","1","399","749","0","1","4","4","0.73","0.88","0","0",,,"1","45","2024-04-03 11:34:05"
"5727d93522e522000e7a0a3c",,"2","15","14","2","5","5","1","0","466","649","1","0","1","4","0.18","0.82","0","0",,,"1","50","2024-04-03 11:34:07"
"5727d93522e522000e7a0a3c",,"2","16","20","2","5","5","0","1","333","617","0","1","1","3","0.27","0.62","0","0",,,"1","55","2024-04-03 11:34:10"
"628e0063fa56e316da2a71cb",,"2","0","33","1","5","5","1","1","749","1041","1","0","3","1","0.5","0.18","0","0",,,"0","0","2024-04-03 11:34:11"
"5727d93522e522000e7a0a3c",,"2","17","2","2","5","5","1","0","633","883","1","0","1","2","0.12","0.38","0","0",,,"0","55","2024-04-03 11:34:12"
"628e0063fa56e316da2a71cb",,"2","1","42","1","5","5","0","0","832","1127","0","1","3","1","0.62","0.27","0","0",,,"0","0","2024-04-03 11:34:14"
"5727d93522e522000e7a0a3c",,"2","18","23","2","5","5","0","1","417","733","0","1","1","4","0.27","0.88","0","0",,,"0","55","2024-04-03 11:34:15"
"628e0063fa56e316da2a71cb",,"2","2","60","1","5","5","1","1","583","834","1","0","4","3","0.82","0.5","0","0",,,"0","0","2024-04-03 11:34:17"
"5727d93522e522000e7a0a3c",,"2","19","68","1","5","5","1","1","400","633","1","0","4","3","0.88","0.5","0","0",,,"1","60","2024-04-03 11:34:18"
"628e0063fa56e316da2a71cb",,"2","3","55","2","5","5","1","0","666","917","1","0","4","4","0.73","0.88","0","0",,,"1","5","2024-04-03 11:34:20"
"5727d93522e522000e7a0a3c",,"2","20","15","2","5","5","1","0","616","816","1","0","1","4","0.18","0.88","0","0",,,"1","65","2024-04-03 11:34:20"
"5727d93522e522000e7a0a3c",,"2","21","59","1","5","5","0","0","399","650","0","1","4","2","0.82","0.38","0","0",,,"0","65","2024-04-03 11:34:23"
"628e0063fa56e316da2a71cb",,"2","4","18","2","5","5","0","1","666","1084","0","1","1","2","0.27","0.38","0","0",,,"0","5","2024-04-03 11:34:23"
"5727d93522e522000e7a0a3c",,"2","22","32","1","5","5","1","1","399","666","1","0","3","1","0.5","0.12","0","0",,,"1","70","2024-04-03 11:34:25"
"628e0063fa56e316da2a71cb",,"2","5","14","2","5","5","1","0","624","918","1","0","1","4","0.18","0.82","0","0",,,"1","10","2024-04-03 11:34:26"
"5727d93522e522000e7a0a3c",,"2","23","12","2","5","5","1","0","432","716","1","0","1","3","0.18","0.62","0","0",,,"1","75","2024-04-03 11:34:28"
"628e0063fa56e316da2a71cb",,"2","6","68","1","5","5","1","1","708","1041","1","0","4","3","0.88","0.5","0","0",,,"0","10","2024-04-03 11:34:29"
"5727d93522e522000e7a0a3c",,"2","24","52","1","5","5","1","1","599","966","1","0","4","3","0.73","0.5","0","0",,,"1","80","2024-04-03 11:34:31"
"628e0063fa56e316da2a71cb",,"2","7","0","1","5","5","0","0","1333","1583","0","1","1","1","0.12","0.18","0","0",,,"0","10","2024-04-03 11:34:32"
"5727d93522e522000e7a0a3c",,"2","25","57","1","5","5","1","1","448","832","1","0","4","1","0.82","0.18","0","0",,,"1","85","2024-04-03 11:34:33"
"628e0063fa56e316da2a71cb",,"2","8","38","1","5","5","0","0","500","833","0","1","3","4","0.5","0.82","0","0",,,"0","10","2024-04-03 11:34:35"
"5727d93522e522000e7a0a3c",,"2","26","64","1","5","5","0","0","500","917","0","1","4","1","0.88","0.12","0","0",,,"1","90","2024-04-03 11:34:36"
"5727d93522e522000e7a0a3c",,"2","27","22","2","5","5","0","1","383","733","0","1","1","4","0.27","0.82","0","0",,,"1","95","2024-04-03 11:34:38"
"628e0063fa56e316da2a71cb",,"2","9","26","1","5","5","0","0","666","999","0","1","2","1","0.38","0.27","0","0",,,"0","10","2024-04-03 11:34:38"
"5727d93522e522000e7a0a3c",,"2","28","69","1","5","5","0","0","400","650","0","1","4","3","0.88","0.62","0","0",,,"1","100","2024-04-03 11:34:41"
"628e0063fa56e316da2a71cb",,"2","10","6","2","5","5","0","1","541","958","0","1","1","4","0.12","0.82","0","0",,,"1","15","2024-04-03 11:34:41"
"5727d93522e522000e7a0a3c",,"2","29","51","1","5","5","1","1","499","733","1","0","4","2","0.73","0.38","0","0",,,"1","105","2024-04-03 11:34:43"
"628e0063fa56e316da2a71cb",,"2","11","8","1","5","5","1","1","875","1125","1","0","1","1","0.18","0.12","0","0",,,"0","15","2024-04-03 11:34:44"
"5727d93522e522000e7a0a3c",,"2","30","29","2","5","5","0","1","433","633","0","1","2","4","0.38","0.73","0","0",,,"1","110","2024-04-03 11:34:46"
"628e0063fa56e316da2a71cb",,"2","12","24","2","5","5","1","0","1124","1375","1","0","2","1","0.38","0.12","0","0",,,"0","15","2024-04-03 11:34:48"
"5727d93522e522000e7a0a3c",,"2","31","46","2","5","5","0","1","300","983","1","1","3","4","0.62","0.82","0","0",,,"0","110","2024-04-03 11:34:48"
"628e0063fa56e316da2a71cb",,"2","13","9","1","5","5","1","1","1123","1333","1","0","1","1","0.18","0.27","0","0",,,"0","15","2024-04-03 11:34:51"
"5727d93522e522000e7a0a3c",,"2","32","4","2","5","5","0","1","400","633","0","1","1","3","0.12","0.62","0","0",,,"1","115","2024-04-03 11:34:51"
"628e0063fa56e316da2a71cb",,"2","14","71","1","5","5","1","1","709","960","1","0","4","4","0.88","0.82","0","0",,,"1","20","2024-04-03 11:34:54"
"5727d93522e522000e7a0a3c",,"2","33","8","1","5","5","0","0","2383","2584","0","1","1","1","0.18","0.12","0","0",,,"0","115","2024-04-03 11:34:55"
"628e0063fa56e316da2a71cb",,"2","15","35","2","5","5","1","0","666","1666","1","1","3","2","0.5","0.38","0","0",,,"1","25","2024-04-03 11:34:57"
"5727d93522e522000e7a0a3c",,"2","34","53","1","5","5","1","1","833","1316","1","0","4","3","0.73","0.62","0","0",,,"1","120","2024-04-03 11:34:58"
"628e0063fa56e316da2a71cb",,"2","16","59","1","5","5","1","1","833","1167","1","0","4","2","0.82","0.38","0","0",,,"1","30","2024-04-03 11:35:00"
"5727d93522e522000e7a0a3c",,"2","35","61","1","5","5","1","1","998","1348","1","0","4","3","0.82","0.62","0","0",,,"1","125","2024-04-03 11:35:01"
"628e0063fa56e316da2a71cb",,"2","17","61","1","5","5","1","1","625","917","1","0","4","3","0.82","0.62","0","0",,,"0","30","2024-04-03 11:35:03"
"5727d93522e522000e7a0a3c",,"2","36","25","2","5","5","1","0","1066","1383","1","0","2","1","0.38","0.18","0","0",,,"1","130","2024-04-03 11:35:04"
"628e0063fa56e316da2a71cb",,"2","18","54","1","5","5","0","0","1167","1416","0","1","4","4","0.73","0.82","0","0",,,"1","35","2024-04-03 11:35:06"
"5727d93522e522000e7a0a3c",,"2","37","49","1","5","5","0","0","1415","1716","0","1","4","1","0.73","0.18","0","0",,,"1","135","2024-04-03 11:35:08"
"628e0063fa56e316da2a71cb",,"2","19","48","1","5","5","1","1","623","915","1","0","4","1","0.73","0.12","0","0",,,"1","40","2024-04-03 11:35:09"
"5727d93522e522000e7a0a3c",,"2","38","17","2","5","5","1","0","882","1299","1","0","1","1","0.27","0.18","0","0",,,"0","135","2024-04-03 11:35:10"
"628e0063fa56e316da2a71cb",,"2","20","11","1","5","5","0","0","1292","1584","0","1","1","3","0.18","0.5","0","0",,,"0","40","2024-04-03 11:35:13"
"5727d93522e522000e7a0a3c",,"2","39","39","2","5","5","0","1","515","782","0","1","3","4","0.5","0.88","0","0",,,"1","140","2024-04-03 11:35:13"
"628e0063fa56e316da2a71cb",,"2","21","7","2","5","5","1","0","541","834","1","0","1","4","0.12","0.88","0","0",,,"0","40","2024-04-03 11:35:15"
"5727d93522e522000e7a0a3c",,"2","40","47","2","5","5","1","0","566","833","1","0","3","4","0.62","0.88","0","0",,,"1","145","2024-04-03 11:35:16"
"628e0063fa56e316da2a71cb",,"2","22","23","2","5","5","0","1","1166","1416","0","1","1","4","0.27","0.88","0","0",,,"1","45","2024-04-03 11:35:19"
"5727d93522e522000e7a0a3c",,"2","41","54","1","5","5","0","0","300","1583","0","1","4","4","0.73","0.82","0","0",,,"1","150","2024-04-03 11:35:19"
"628e0063fa56e316da2a71cb",,"2","23","10","1","5","5","0","0","1000","1334","0","1","1","2","0.18","0.38","0","0",,,"0","45","2024-04-03 11:35:22"
"5727d93522e522000e7a0a3c",,"2","42","5","1","5","5","0","0","1066","1282","0","1","1","4","0.12","0.73","0","0",,,"0","150","2024-04-03 11:35:22"
"5727d93522e522000e7a0a3c",,"2","43","21","2","5","5","1","0","466","683","1","0","1","4","0.27","0.73","0","0",,,"1","155","2024-04-03 11:35:25"
"628e0063fa56e316da2a71cb",,"2","24","51","2","5","5","0","1","792","1125","0","1","4","2","0.73","0.38","0","0",,,"0","45","2024-04-03 11:35:25"
"5727d93522e522000e7a0a3c",,"2","44","30","2","5","5","1","0","466","1082","1","0","2","4","0.38","0.82","0","0",,,"1","160","2024-04-03 11:35:27"
"628e0063fa56e316da2a71cb",,"2","25","45","2","5","5","0","1","1041","1417","0","1","3","4","0.62","0.73","0","0",,,"1","50","2024-04-03 11:35:28"
"5727d93522e522000e7a0a3c",,"2","45","45","2","5","5","0","1","1382","1800","0","1","3","4","0.62","0.73","0","0",,,"1","165","2024-04-03 11:35:31"
"628e0063fa56e316da2a71cb",,"2","26","69","1","5","5","1","1","875","1125","1","0","4","3","0.88","0.62","0","0",,,"1","55","2024-04-03 11:35:31"
"5727d93522e522000e7a0a3c",,"2","46","9","2","5","5","1","0","1333","1616","1","0","1","1","0.18","0.27","0","0",,,"0","165","2024-04-03 11:35:34"
"628e0063fa56e316da2a71cb",,"2","27","34","1","5","5","0","0","794","1125","0","1","3","1","0.5","0.27","0","0",,,"1","60","2024-04-03 11:35:34"
"5727d93522e522000e7a0a3c",,"2","47","27","2","5","5","1","0","583","783","1","0","2","3","0.38","0.5","0","0",,,"1","170","2024-04-03 11:35:37"
"628e0063fa56e316da2a71cb",,"2","28","58","1","5","5","0","0","666","1083","0","1","4","1","0.82","0.27","0","0",,,"0","60","2024-04-03 11:35:37"
"5727d93522e522000e7a0a3c",,"2","48","13","2","5","5","0","1","534","800","0","1","1","4","0.18","0.73","0","0",,,"1","175","2024-04-03 11:35:39"
"628e0063fa56e316da2a71cb",,"2","29","2","2","5","5","0","1","750","1001","0","1","1","2","0.12","0.38","0","0",,,"0","60","2024-04-03 11:35:40"
"5727d93522e522000e7a0a3c",,"2","49","37","2","5","5","0","1","466","683","0","1","3","4","0.5","0.73","0","0",,,"1","180","2024-04-03 11:35:42"
"628e0063fa56e316da2a71cb",,"2","30","4","2","5","5","1","0","541","833","1","0","1","3","0.12","0.62","0","0",,,"0","60","2024-04-03 11:35:43"
"5727d93522e522000e7a0a3c",,"2","50","58","1","5","5","0","0","383","867","0","1","4","1","0.82","0.27","0","0",,,"1","185","2024-04-03 11:35:44"
"628e0063fa56e316da2a71cb",,"2","31","30","2","5","5","1","0","375","625","1","0","2","4","0.38","0.82","0","0",,,"1","65","2024-04-03 11:35:46"
"5727d93522e522000e7a0a3c",,"2","51","60","1","5","5","1","1","600","850","1","0","4","3","0.82","0.5","0","0",,,"1","190","2024-04-03 11:35:47"
"628e0063fa56e316da2a71cb",,"2","32","64","1","5","5","0","0","541","916","0","1","4","1","0.88","0.12","0","0",,,"1","70","2024-04-03 11:35:48"
"5727d93522e522000e7a0a3c",,"2","52","31","2","5","5","0","1","466","716","0","1","2","4","0.38","0.88","0","0",,,"1","195","2024-04-03 11:35:49"
"628e0063fa56e316da2a71cb",,"2","33","20","2","5","5","1","0","542","875","1","0","1","3","0.27","0.62","0","0",,,"0","70","2024-04-03 11:35:51"
"5727d93522e522000e7a0a3c",,"2","53","40","1","5","5","1","1","449","700","1","0","3","1","0.62","0.12","0","0",,,"1","200","2024-04-03 11:35:52"
"5727d93522e522000e7a0a3c",,"2","54","41","1","5","5","0","0","316","633","0","1","3","1","0.62","0.18","0","0",,,"1","205","2024-04-03 11:35:54"
"628e0063fa56e316da2a71cb",,"2","34","29","2","5","5","0","1","918","1209","0","1","2","4","0.38","0.73","0","0",,,"1","75","2024-04-03 11:35:54"
"5727d93522e522000e7a0a3c",,"2","55","65","1","5","5","1","1","315","598","1","0","4","1","0.88","0.18","0","0",,,"1","210","2024-04-03 11:35:57"
"628e0063fa56e316da2a71cb",,"2","35","49","1","5","5","0","0","708","1042","0","1","4","1","0.73","0.18","0","0",,,"1","80","2024-04-03 11:35:57"
"5727d93522e522000e7a0a3c",,"2","56","66","1","5","5","1","1","366","699","1","0","4","1","0.88","0.27","0","0",,,"1","215","2024-04-03 11:35:59"
"628e0063fa56e316da2a71cb",,"2","36","27","2","5","5","1","0","662","913","1","0","2","3","0.38","0.5","0","0",,,"0","80","2024-04-03 11:36:00"
"5727d93522e522000e7a0a3c",,"2","57","71","1","5","5","0","0","398","1032","0","1","4","4","0.88","0.82","0","0",,,"1","220","2024-04-03 11:36:02"
"628e0063fa56e316da2a71cb",,"2","37","62","1","5","5","0","0","666","917","0","1","4","4","0.82","0.73","0","0",,,"1","85","2024-04-03 11:36:03"
"5727d93522e522000e7a0a3c",,"2","58","50","1","5","5","1","1","416","683","1","0","4","1","0.73","0.27","0","0",,,"0","220","2024-04-03 11:36:04"
"628e0063fa56e316da2a71cb",,"2","38","28","2","5","5","0","1","705","997","0","1","2","3","0.38","0.62","0","0",,,"1","90","2024-04-03 11:36:06"
"5727d93522e522000e7a0a3c",,"2","59","10","2","5","5","0","1","733","1166","0","1","1","2","0.18","0.38","0","0",,,"0","220","2024-04-03 11:36:07"
"628e0063fa56e316da2a71cb",,"2","39","32","1","5","5","1","1","583","833","1","0","3","1","0.5","0.12","0","0",,,"1","95","2024-04-03 11:36:08"
"5727d93522e522000e7a0a3c",,"2","60","6","2","5","5","0","1","466","749","0","1","1","4","0.12","0.82","0","0",,,"1","225","2024-04-03 11:36:10"
"628e0063fa56e316da2a71cb",,"2","40","46","2","5","5","0","1","875","1167","0","1","3","4","0.62","0.82","0","0",,,"1","100","2024-04-03 11:36:11"
"5727d93522e522000e7a0a3c",,"2","61","48","1","5","5","1","1","383","616","1","0","4","1","0.73","0.12","0","0",,,"0","225","2024-04-03 11:36:12"
"628e0063fa56e316da2a71cb",,"2","41","63","2","5","5","1","0","750","1000","1","0","4","4","0.82","0.88","0","0",,,"1","105","2024-04-03 11:36:14"
"5727d93522e522000e7a0a3c",,"2","62","26","1","5","5","0","0","866","1266","0","1","2","1","0.38","0.27","0","0",,,"0","225","2024-04-03 11:36:16"
"628e0063fa56e316da2a71cb",,"2","42","15","2","5","5","0","1","666","1000","0","1","1","4","0.18","0.88","0","0",,,"1","110","2024-04-03 11:36:17"
"5727d93522e522000e7a0a3c",,"2","63","62","1","5","5","1","1","1115","1465","1","0","4","4","0.82","0.73","0","0",,,"1","230","2024-04-03 11:36:19"
"628e0063fa56e316da2a71cb",,"2","43","65","1","5","5","1","1","658","916","1","0","4","1","0.88","0.18","0","0",,,"1","115","2024-04-03 11:36:20"
"5727d93522e522000e7a0a3c",,"2","64","43","1","5","5","1","1","983","1250","1","0","3","2","0.62","0.38","0","0",,,"1","235","2024-04-03 11:36:22"
"628e0063fa56e316da2a71cb",,"2","44","21","1","5","5","1","1","625","1587","1","1","1","4","0.27","0.73","0","0",,,"0","115","2024-04-03 11:36:23"
"5727d93522e522000e7a0a3c",,"2","65","42","1","5","5","0","0","582","1165","0","1","3","1","0.62","0.27","0","0",,,"1","240","2024-04-03 11:36:25"
"628e0063fa56e316da2a71cb",,"2","45","56","1","5","5","1","1","375","708","1","0","4","1","0.82","0.12","0","0",,,"1","120","2024-04-03 11:36:26"
"5727d93522e522000e7a0a3c",,"2","66","36","2","5","5","0","1","516","900","0","1","3","3","0.5","0.62","0","0",,,"1","245","2024-04-03 11:36:27"
"628e0063fa56e316da2a71cb",,"2","46","43","1","5","5","0","0","666","958","0","1","3","2","0.62","0.38","0","0",,,"0","120","2024-04-03 11:36:29"
"5727d93522e522000e7a0a3c",,"2","67","0","2","5","5","0","1","1082","1366","0","1","1","1","0.12","0.18","0","0",,,"0","245","2024-04-03 11:36:30"
"628e0063fa56e316da2a71cb",,"2","47","52","1","5","5","1","1","584","834","1","0","4","3","0.73","0.5","0","0",,,"1","125","2024-04-03 11:36:32"
"5727d93522e522000e7a0a3c",,"2","68","16","1","5","5","0","0","1483","2266","1","1","1","1","0.27","0.12","0","0",,,"1","250","2024-04-03 11:36:34"
"628e0063fa56e316da2a71cb",,"2","48","70","1","5","5","1","1","667","876","1","0","4","4","0.88","0.73","0","0",,,"1","130","2024-04-03 11:36:34"
"5727d93522e522000e7a0a3c",,"2","69","33","1","5","5","1","1","633","899","1","0","3","1","0.5","0.18","0","0",,,"1","255","2024-04-03 11:36:37"
"628e0063fa56e316da2a71cb",,"2","49","53","1","5","5","1","1","667","917","1","0","4","3","0.73","0.62","0","0",,,"1","135","2024-04-03 11:36:37"
"5727d93522e522000e7a0a3c",,"2","70","35","1","5","5","0","0","499","1100","0","1","3","2","0.5","0.38","0","0",,,"1","260","2024-04-03 11:36:40"
"628e0063fa56e316da2a71cb",,"2","50","50","1","5","5","0","0","875","1167","0","1","4","1","0.73","0.27","0","0",,,"0","135","2024-04-03 11:36:40"
"5727d93522e522000e7a0a3c",,"2","71","34","1","5","5","0","0","900","1133","0","1","3","1","0.5","0.27","0","0",,,"1","265","2024-04-03 11:36:43"
"628e0063fa56e316da2a71cb",,"2","51","41","1","5","5","0","0","541","792","0","1","3","1","0.62","0.18","0","0",,,"1","140","2024-04-03 11:36:43"
"628e0063fa56e316da2a71cb",,"2","52","37","2","5","5","1","0","583","833","1","0","3","4","0.5","0.73","0","0",,,"1","145","2024-04-03 11:36:45"
"628e0063fa56e316da2a71cb",,"2","53","17","1","5","5","0","0","791","1083","0","1","1","1","0.27","0.18","0","0",,,"0","145","2024-04-03 11:36:48"
"628e0063fa56e316da2a71cb",,"2","54","13","2","5","5","0","1","624","958","0","1","1","4","0.18","0.73","0","0",,,"0","145","2024-04-03 11:36:51"
"628e0063fa56e316da2a71cb",,"2","55","44","1","5","5","1","1","874","1166","1","0","3","3","0.62","0.5","0","0",,,"1","150","2024-04-03 11:36:54"
"628e0063fa56e316da2a71cb",,"2","56","66","1","5","5","1","1","542","750","1","0","4","1","0.88","0.27","0","0",,,"1","155","2024-04-03 11:36:57"
"628e0063fa56e316da2a71cb",,"2","57","40","1","5","5","1","1","667","959","1","0","3","1","0.62","0.12","0","0",,,"1","160","2024-04-03 11:37:00"
"5727d93522e522000e7a0a3c",,"3","0","49","1","5","5","1","1","499","732","1","0","4","1","0.73","0.18","0","0",,,"1","5","2024-04-03 11:37:02"
"628e0063fa56e316da2a71cb",,"2","58","25","2","5","5","0","1","790","1082","0","1","2","1","0.38","0.18","0","0",,,"0","160","2024-04-03 11:37:03"
"5727d93522e522000e7a0a3c",,"3","1","69","1","5","5","1","1","566","833","1","0","4","3","0.88","0.62","0","0",,,"1","10","2024-04-03 11:37:05"
"628e0063fa56e316da2a71cb",,"2","59","16","2","5","5","0","1","833","1083","0","1","1","1","0.27","0.12","0","0",,,"0","160","2024-04-03 11:37:06"
"5727d93522e522000e7a0a3c",,"3","2","34","1","5","5","1","1","633","1150","1","0","3","1","0.5","0.27","0","0",,,"1","15","2024-04-03 11:37:08"
"628e0063fa56e316da2a71cb",,"2","60","67","1","5","5","1","1","501","793","1","0","4","2","0.88","0.38","0","0",,,"1","165","2024-04-03 11:37:09"
"5727d93522e522000e7a0a3c",,"3","3","50","1","5","5","0","0","416","949","0","1","4","1","0.73","0.27","0","0",,,"1","20","2024-04-03 11:37:10"
"628e0063fa56e316da2a71cb",,"2","61","39","2","5","5","0","1","583","916","0","1","3","4","0.5","0.88","0","0",,,"1","170","2024-04-03 11:37:11"
"5727d93522e522000e7a0a3c",,"3","4","32","1","5","5","1","1","500","916","1","0","3","1","0.5","0.12","0","0",,,"0","20","2024-04-03 11:37:13"
"628e0063fa56e316da2a71cb",,"2","62","47","2","5","5","0","1","583","958","0","1","3","4","0.62","0.88","0","0",,,"1","175","2024-04-03 11:37:14"
"5727d93522e522000e7a0a3c",,"3","5","20","2","5","5","1","0","383","782","1","0","1","3","0.27","0.62","0","0",,,"0","20","2024-04-03 11:37:16"
"628e0063fa56e316da2a71cb",,"2","63","57","1","5","5","1","1","582","791","1","0","4","1","0.82","0.18","0","0",,,"1","180","2024-04-03 11:37:17"
"5727d93522e522000e7a0a3c",,"3","6","18","2","5","5","0","1","550","1000","0","1","1","2","0.27","0.38","0","0",,,"0","20","2024-04-03 11:37:19"
"628e0063fa56e316da2a71cb",,"2","64","5","2","5","5","1","0","625","918","1","0","1","4","0.12","0.73","0","0",,,"1","185","2024-04-03 11:37:19"
"5727d93522e522000e7a0a3c",,"3","7","13","2","5","5","0","1","333","667","0","1","1","4","0.18","0.73","0","0",,,"0","20","2024-04-03 11:37:21"
"628e0063fa56e316da2a71cb",,"2","65","3","2","5","5","1","0","625","834","1","0","1","3","0.12","0.5","0","0",,,"1","190","2024-04-03 11:37:22"
"5727d93522e522000e7a0a3c",,"3","8","36","2","5","5","1","0","365","1233","1","1","3","3","0.5","0.62","0","0",,,"1","25","2024-04-03 11:37:25"
"628e0063fa56e316da2a71cb",,"2","66","31","2","5","5","0","1","708","1041","0","1","2","4","0.38","0.88","0","0",,,"1","195","2024-04-03 11:37:25"
"5727d93522e522000e7a0a3c",,"3","9","62","1","5","5","0","0","399","1000","1","1","4","4","0.82","0.73","0","0",,,"0","25","2024-04-03 11:37:27"
"628e0063fa56e316da2a71cb",,"2","67","12","2","5","5","1","0","625","792","1","0","1","3","0.18","0.62","0","0",,,"0","195","2024-04-03 11:37:28"
"5727d93522e522000e7a0a3c",,"3","10","59","1","5","5","0","0","449","633","0","1","4","2","0.82","0.38","0","0",,,"1","30","2024-04-03 11:37:30"
"628e0063fa56e316da2a71cb",,"2","68","1","2","5","5","1","0","458","667","1","0","1","1","0.12","0.27","0","0",,,"1","200","2024-04-03 11:37:30"
"5727d93522e522000e7a0a3c",,"3","11","53","1","5","5","1","1","283","1000","1","1","4","3","0.73","0.62","0","0",,,"1","35","2024-04-03 11:37:33"
"628e0063fa56e316da2a71cb",,"2","69","22","2","5","5","1","0","708","875","1","0","1","4","0.27","0.82","0","0",,,"1","205","2024-04-03 11:37:33"
"5727d93522e522000e7a0a3c",,"3","12","25","1","5","5","0","0","433","750","0","1","2","1","0.38","0.18","0","0",,,"0","35","2024-04-03 11:37:35"
"628e0063fa56e316da2a71cb",,"2","70","19","2","5","5","1","0","583","875","1","0","1","3","0.27","0.5","0","0",,,"0","205","2024-04-03 11:37:36"
"5727d93522e522000e7a0a3c",,"3","13","11","2","5","5","0","1","366","583","0","1","1","3","0.18","0.5","0","0",,,"1","40","2024-04-03 11:37:38"
"628e0063fa56e316da2a71cb",,"2","71","36","1","5","5","0","0","541","793","0","1","3","3","0.5","0.62","0","0",,,"1","210","2024-04-03 11:37:39"
"5727d93522e522000e7a0a3c",,"3","14","0","2","5","5","0","1","316","1049","0","1","1","1","0.12","0.18","0","0",,,"0","40","2024-04-03 11:37:41"
"5727d93522e522000e7a0a3c",,"3","15","61","1","5","5","1","1","1100","1350","1","0","4","3","0.82","0.62","0","0",,,"1","45","2024-04-03 11:37:44"
"5727d93522e522000e7a0a3c",,"3","16","44","1","5","5","0","0","1132","1515","0","1","3","3","0.62","0.5","0","0",,,"1","50","2024-04-03 11:37:47"
"5727d93522e522000e7a0a3c",,"3","17","67","1","5","5","1","1","498","732","1","0","4","2","0.88","0.38","0","0",,,"1","55","2024-04-03 11:37:49"
"5727d93522e522000e7a0a3c",,"3","18","6","2","5","5","1","0","482","682","1","0","1","4","0.12","0.82","0","0",,,"1","60","2024-04-03 11:37:52"
"5727d93522e522000e7a0a3c",,"3","19","64","1","5","5","1","1","400","616","1","0","4","1","0.88","0.12","0","0",,,"1","65","2024-04-03 11:37:54"
"628e0063fa56e316da2a71cb",,"3","0","4","2","5","5","1","0","708","958","1","0","1","3","0.12","0.62","0","0",,,"1","5","2024-04-03 11:37:56"
"5727d93522e522000e7a0a3c",,"3","20","41","1","5","5","0","0","399","616","0","1","3","1","0.62","0.18","0","0",,,"1","70","2024-04-03 11:37:57"
"628e0063fa56e316da2a71cb",,"3","1","15","2","5","5","1","0","583","833","1","0","1","4","0.18","0.88","0","0",,,"1","10","2024-04-03 11:37:59"
"5727d93522e522000e7a0a3c",,"3","21","39","2","5","5","1","0","366","766","1","0","3","4","0.5","0.88","0","0",,,"0","70","2024-04-03 11:37:59"
"628e0063fa56e316da2a71cb",,"3","2","3","2","5","5","0","1","708","1125","0","1","1","3","0.12","0.5","0","0",,,"1","15","2024-04-03 11:38:02"
"5727d93522e522000e7a0a3c",,"3","22","19","2","5","5","1","0","1032","1249","1","0","1","3","0.27","0.5","0","0",,,"0","70","2024-04-03 11:38:02"
"628e0063fa56e316da2a71cb",,"3","3","47","2","5","5","0","1","542","876","0","1","3","4","0.62","0.88","0","0",,,"1","20","2024-04-03 11:38:05"
"5727d93522e522000e7a0a3c",,"3","23","7","2","5","5","0","1","416","666","0","1","1","4","0.12","0.88","0","0",,,"1","75","2024-04-03 11:38:05"
"628e0063fa56e316da2a71cb",,"3","4","37","2","5","5","0","1","541","920","0","1","3","4","0.5","0.73","0","0",,,"1","25","2024-04-03 11:38:07"
"5727d93522e522000e7a0a3c",,"3","24","17","0","5","5","0","0","2050","0","1","1","1","1","0.27","0.18","0","0",,,"0","75","2024-04-03 11:38:10"
"628e0063fa56e316da2a71cb",,"3","5","21","2","5","5","1","0","542","797","1","0","1","4","0.27","0.73","0","0",,,"0","25","2024-04-03 11:38:10"
"5727d93522e522000e7a0a3c",,"3","25","71","1","5","5","0","0","667","917","0","1","4","4","0.88","0.82","0","0",,,"1","80","2024-04-03 11:38:12"
"628e0063fa56e316da2a71cb",,"3","6","70","1","5","5","0","0","540","874","0","1","4","4","0.88","0.73","0","0",,,"0","25","2024-04-03 11:38:13"
"5727d93522e522000e7a0a3c",,"3","26","10","2","5","5","0","1","550","783","0","1","1","2","0.18","0.38","0","0",,,"1","85","2024-04-03 11:38:15"
"628e0063fa56e316da2a71cb",,"3","7","9","2","5","5","0","1","416","709","0","1","1","1","0.18","0.27","0","0",,,"1","30","2024-04-03 11:38:16"
"5727d93522e522000e7a0a3c",,"3","27","48","1","5","5","1","1","399","600","1","0","4","1","0.73","0.12","0","0",,,"0","85","2024-04-03 11:38:17"
"628e0063fa56e316da2a71cb",,"3","8","49","1","5","5","1","1","583","791","1","0","4","1","0.73","0.18","0","0",,,"0","30","2024-04-03 11:38:18"
"5727d93522e522000e7a0a3c",,"3","28","52","1","5","5","1","1","333","533","1","0","4","3","0.73","0.5","0","0",,,"0","85","2024-04-03 11:38:20"
"628e0063fa56e316da2a71cb",,"3","9","5","2","5","5","0","1","582","875","0","1","1","4","0.12","0.73","0","0",,,"1","35","2024-04-03 11:38:21"
"5727d93522e522000e7a0a3c",,"3","29","23","2","5","5","1","0","316","582","1","0","1","4","0.27","0.88","0","0",,,"1","90","2024-04-03 11:38:22"
"628e0063fa56e316da2a71cb",,"3","10","62","1","5","5","0","0","583","917","0","1","4","4","0.82","0.73","0","0",,,"1","40","2024-04-03 11:38:24"
"5727d93522e522000e7a0a3c",,"3","30","3","2","5","5","1","0","266","517","1","0","1","3","0.12","0.5","0","0",,,"1","95","2024-04-03 11:38:25"
"628e0063fa56e316da2a71cb",,"3","11","50","1","5","5","0","0","625","959","0","1","4","1","0.73","0.27","0","0",,,"0","40","2024-04-03 11:38:27"
"5727d93522e522000e7a0a3c",,"3","31","65","1","5","5","1","1","382","649","1","0","4","1","0.88","0.18","0","0",,,"0","95","2024-04-03 11:38:27"
"5727d93522e522000e7a0a3c",,"3","32","47","2","5","5","0","1","500","716","0","1","3","4","0.62","0.88","0","0",,,"0","95","2024-04-03 11:38:30"
"628e0063fa56e316da2a71cb",,"3","12","17","1","5","5","0","0","579","871","0","1","1","1","0.27","0.18","0","0",,,"1","45","2024-04-03 11:38:30"
"628e0063fa56e316da2a71cb",,"3","13","34","1","5","5","1","1","541","791","1","0","3","1","0.5","0.27","0","0",,,"1","50","2024-04-03 11:38:32"
"5727d93522e522000e7a0a3c",,"3","33","63","2","5","5","1","0","249","950","1","0","4","4","0.82","0.88","0","0",,,"0","95","2024-04-03 11:38:33"
"5727d93522e522000e7a0a3c",,"3","34","57","1","5","5","1","1","432","632","1","0","4","1","0.82","0.18","0","0",,,"1","100","2024-04-03 11:38:35"
"628e0063fa56e316da2a71cb",,"3","14","8","2","5","5","1","0","833","1041","1","0","1","1","0.18","0.12","0","0",,,"0","50","2024-04-03 11:38:35"
"5727d93522e522000e7a0a3c",,"3","35","29","2","5","5","1","0","616","833","1","0","2","4","0.38","0.73","0","0",,,"1","105","2024-04-03 11:38:38"
"628e0063fa56e316da2a71cb",,"3","15","31","2","5","5","0","1","458","708","0","1","2","4","0.38","0.88","0","0",,,"1","55","2024-04-03 11:38:38"
"628e0063fa56e316da2a71cb",,"3","16","56","1","5","5","0","0","542","875","0","1","4","1","0.82","0.12","0","0",,,"0","55","2024-04-03 11:38:41"
"5727d93522e522000e7a0a3c",,"3","36","38","1","5","5","1","1","766","1351","1","0","3","4","0.5","0.82","0","0",,,"0","105","2024-04-03 11:38:41"
"628e0063fa56e316da2a71cb",,"3","17","52","1","5","5","1","1","583","708","1","0","4","3","0.73","0.5","0","0",,,"1","60","2024-04-03 11:38:44"
"5727d93522e522000e7a0a3c",,"3","37","16","1","5","5","1","1","666","1833","1","0","1","1","0.27","0.12","0","0",,,"0","105","2024-04-03 11:38:44"
"628e0063fa56e316da2a71cb",,"3","18","71","1","5","5","0","0","541","791","0","1","4","4","0.88","0.82","0","0",,,"0","60","2024-04-03 11:38:46"
"5727d93522e522000e7a0a3c",,"3","38","1","2","5","5","1","0","1099","1483","1","0","1","1","0.12","0.27","0","0",,,"0","105","2024-04-03 11:38:48"
"628e0063fa56e316da2a71cb",,"3","19","54","2","5","5","0","1","666","1291","0","1","4","4","0.73","0.82","0","0",,,"1","65","2024-04-03 11:38:50"
"5727d93522e522000e7a0a3c",,"3","39","42","1","5","5","0","0","1249","1451","0","1","3","1","0.62","0.27","0","0",,,"1","110","2024-04-03 11:38:51"
"628e0063fa56e316da2a71cb",,"3","20","57","1","5","5","1","1","750","958","1","0","4","1","0.82","0.18","0","0",,,"1","70","2024-04-03 11:38:52"
"5727d93522e522000e7a0a3c",,"3","40","26","1","5","5","0","0","733","916","0","1","2","1","0.38","0.27","0","0",,,"1","115","2024-04-03 11:38:54"
"628e0063fa56e316da2a71cb",,"3","21","10","2","5","5","0","1","833","1042","0","1","1","2","0.18","0.38","0","0",,,"1","75","2024-04-03 11:38:55"
"5727d93522e522000e7a0a3c",,"3","41","35","1","5","5","1","1","1249","1466","1","0","3","2","0.5","0.38","0","0",,,"1","120","2024-04-03 11:38:57"
"628e0063fa56e316da2a71cb",,"3","22","41","1","5","5","0","0","625","875","0","1","3","1","0.62","0.18","0","0",,,"1","80","2024-04-03 11:38:58"
"5727d93522e522000e7a0a3c",,"3","42","51","1","5","5","1","1","749","932","1","0","4","2","0.73","0.38","0","0",,,"1","125","2024-04-03 11:39:00"
"628e0063fa56e316da2a71cb",,"3","23","42","1","5","5","0","0","583","874","0","1","3","1","0.62","0.27","0","0",,,"1","85","2024-04-03 11:39:01"
"5727d93522e522000e7a0a3c",,"3","43","33","1","5","5","1","1","366","866","1","0","3","1","0.5","0.18","0","0",,,"1","130","2024-04-03 11:39:02"
"628e0063fa56e316da2a71cb",,"3","24","68","1","5","5","1","1","666","958","1","0","4","3","0.88","0.5","0","0",,,"1","90","2024-04-03 11:39:04"
"5727d93522e522000e7a0a3c",,"3","44","27","2","5","5","1","0","499","816","1","0","2","3","0.38","0.5","0","0",,,"0","130","2024-04-03 11:39:05"
"628e0063fa56e316da2a71cb",,"3","25","26","1","5","5","0","0","624","875","0","1","2","1","0.38","0.27","0","0",,,"0","90","2024-04-03 11:39:06"
"5727d93522e522000e7a0a3c",,"3","45","66","1","5","5","1","1","533","766","1","0","4","1","0.88","0.27","0","0",,,"0","130","2024-04-03 11:39:08"
"628e0063fa56e316da2a71cb",,"3","26","12","2","5","5","0","1","499","792","0","1","1","3","0.18","0.62","0","0",,,"1","95","2024-04-03 11:39:09"
"5727d93522e522000e7a0a3c",,"3","46","68","1","5","5","1","1","366","616","1","0","4","3","0.88","0.5","0","0",,,"1","135","2024-04-03 11:39:10"
"628e0063fa56e316da2a71cb",,"3","27","2","2","5","5","0","1","624","917","0","1","1","2","0.12","0.38","0","0",,,"0","95","2024-04-03 11:39:12"
"5727d93522e522000e7a0a3c",,"3","47","21","2","5","5","0","1","483","783","0","1","1","4","0.27","0.73","0","0",,,"1","140","2024-04-03 11:39:13"
"628e0063fa56e316da2a71cb",,"3","28","7","2","5","5","0","1","541","791","0","1","1","4","0.12","0.88","0","0",,,"1","100","2024-04-03 11:39:15"
"5727d93522e522000e7a0a3c",,"3","48","28","2","5","5","0","1","615","782","0","1","2","3","0.38","0.62","0","0",,,"1","145","2024-04-03 11:39:15"
"628e0063fa56e316da2a71cb",,"3","29","64","1","5","5","0","0","543","874","0","1","4","1","0.88","0.12","0","0",,,"1","105","2024-04-03 11:39:17"
"5727d93522e522000e7a0a3c",,"3","49","14","2","5","5","0","1","483","783","0","1","1","4","0.18","0.82","0","0",,,"1","150","2024-04-03 11:39:18"
"628e0063fa56e316da2a71cb",,"3","30","23","2","5","5","1","0","500","667","1","0","1","4","0.27","0.88","0","0",,,"0","105","2024-04-03 11:39:20"
"5727d93522e522000e7a0a3c",,"3","50","24","1","5","5","1","1","549","799","1","0","2","1","0.38","0.12","0","0",,,"0","150","2024-04-03 11:39:20"
"628e0063fa56e316da2a71cb",,"3","31","1","2","5","5","1","0","583","750","1","0","1","1","0.12","0.27","0","0",,,"0","105","2024-04-03 11:39:23"
"5727d93522e522000e7a0a3c",,"3","51","22","2","5","5","1","0","566","699","1","0","1","4","0.27","0.82","0","0",,,"1","155","2024-04-03 11:39:23"
"5727d93522e522000e7a0a3c",,"3","52","43","1","5","5","0","0","533","750","0","1","3","2","0.62","0.38","0","0",,,"1","160","2024-04-03 11:39:26"
"628e0063fa56e316da2a71cb",,"3","32","27","1","5","5","1","1","1000","1250","1","0","2","3","0.38","0.5","0","0",,,"1","110","2024-04-03 11:39:26"
"5727d93522e522000e7a0a3c",,"3","53","58","1","5","5","0","0","433","633","0","1","4","1","0.82","0.27","0","0",,,"1","165","2024-04-03 11:39:28"
"628e0063fa56e316da2a71cb",,"3","33","53","1","5","5","1","1","583","792","1","0","4","3","0.73","0.62","0","0",,,"1","115","2024-04-03 11:39:29"
"5727d93522e522000e7a0a3c",,"3","54","8","2","5","5","0","1","1267","1416","0","1","1","1","0.18","0.12","0","0",,,"0","165","2024-04-03 11:39:31"
"628e0063fa56e316da2a71cb",,"3","34","28","2","5","5","1","0","666","874","1","0","2","3","0.38","0.62","0","0",,,"0","115","2024-04-03 11:39:31"
"5727d93522e522000e7a0a3c",,"3","55","54","2","5","5","1","0","1166","1366","1","0","4","4","0.73","0.82","0","0",,,"1","170","2024-04-03 11:39:34"
"628e0063fa56e316da2a71cb",,"3","35","25","1","5","5","1","1","666","793","1","0","2","1","0.38","0.18","0","0",,,"0","115","2024-04-03 11:39:34"
"5727d93522e522000e7a0a3c",,"3","56","31","2","5","5","0","1","366","599","0","1","2","4","0.38","0.88","0","0",,,"1","175","2024-04-03 11:39:37"
"628e0063fa56e316da2a71cb",,"3","36","24","1","5","5","0","0","625","833","0","1","2","1","0.38","0.12","0","0",,,"0","115","2024-04-03 11:39:37"
"5727d93522e522000e7a0a3c",,"3","57","56","1","5","5","1","1","316","533","1","0","4","1","0.82","0.12","0","0",,,"1","180","2024-04-03 11:39:39"
"628e0063fa56e316da2a71cb",,"3","37","38","2","5","5","1","0","583","832","1","0","3","4","0.5","0.82","0","0",,,"1","120","2024-04-03 11:39:40"
"5727d93522e522000e7a0a3c",,"3","58","55","2","5","5","1","0","1016","1283","1","0","4","4","0.73","0.88","0","0",,,"1","185","2024-04-03 11:39:42"
"628e0063fa56e316da2a71cb",,"3","38","6","2","5","5","0","1","500","792","0","1","1","4","0.12","0.82","0","0",,,"1","125","2024-04-03 11:39:43"
"5727d93522e522000e7a0a3c",,"3","59","46","2","5","5","1","0","1083","1450","1","0","3","4","0.62","0.82","0","0",,,"0","185","2024-04-03 11:39:45"
"628e0063fa56e316da2a71cb",,"3","39","48","1","5","5","0","0","541","917","0","1","4","1","0.73","0.12","0","0",,,"1","130","2024-04-03 11:39:45"
"628e0063fa56e316da2a71cb",,"3","40","13","2","5","5","1","0","624","1042","1","0","1","4","0.18","0.73","0","0",,,"0","130","2024-04-03 11:39:48"
"5727d93522e522000e7a0a3c",,"3","60","9","2","5","5","1","0","2000","2183","1","0","1","1","0.18","0.27","0","0",,,"0","185","2024-04-03 11:39:49"
"628e0063fa56e316da2a71cb",,"3","41","66","1","5","5","1","1","500","791","1","0","4","1","0.88","0.27","0","0",,,"1","135","2024-04-03 11:39:51"
"5727d93522e522000e7a0a3c",,"3","61","15","2","5","5","0","1","583","751","0","1","1","4","0.18","0.88","0","0",,,"1","190","2024-04-03 11:39:52"
"628e0063fa56e316da2a71cb",,"3","42","55","2","5","5","1","0","626","918","1","0","4","4","0.73","0.88","0","0",,,"1","140","2024-04-03 11:39:54"
"5727d93522e522000e7a0a3c",,"3","62","30","2","5","5","0","1","400","600","0","1","2","4","0.38","0.82","0","0",,,"1","195","2024-04-03 11:39:54"
"5727d93522e522000e7a0a3c",,"3","63","5","2","5","5","0","1","398","632","0","1","1","4","0.12","0.73","0","0",,,"1","200","2024-04-03 11:39:57"
"628e0063fa56e316da2a71cb",,"3","43","43","1","5","5","0","0","625","917","0","1","3","2","0.62","0.38","0","0",,,"0","140","2024-04-03 11:39:57"
"5727d93522e522000e7a0a3c",,"3","64","37","2","5","5","1","0","499","966","1","0","3","4","0.5","0.73","0","0",,,"1","205","2024-04-03 11:39:59"
"628e0063fa56e316da2a71cb",,"3","44","45","2","5","5","0","1","291","625","0","1","3","4","0.62","0.73","0","0",,,"1","145","2024-04-03 11:39:59"
"5727d93522e522000e7a0a3c",,"3","65","60","1","5","5","1","1","565","832","1","0","4","3","0.82","0.5","0","0",,,"1","210","2024-04-03 11:40:02"
"628e0063fa56e316da2a71cb",,"3","45","36","2","5","5","0","1","624","1000","0","1","3","3","0.5","0.62","0","0",,,"1","150","2024-04-03 11:40:02"
"5727d93522e522000e7a0a3c",,"3","66","2","2","5","5","1","0","466","850","1","0","1","2","0.12","0.38","0","0",,,"0","210","2024-04-03 11:40:04"
"628e0063fa56e316da2a71cb",,"3","46","60","1","5","5","0","0","542","876","0","1","4","3","0.82","0.5","0","0",,,"1","155","2024-04-03 11:40:05"
"5727d93522e522000e7a0a3c",,"3","67","40","1","5","5","0","0","449","633","0","1","3","1","0.62","0.12","0","0",,,"1","215","2024-04-03 11:40:07"
"628e0063fa56e316da2a71cb",,"3","47","32","1","5","5","1","1","583","833","1","0","3","1","0.5","0.12","0","0",,,"1","160","2024-04-03 11:40:08"
"5727d93522e522000e7a0a3c",,"3","68","70","1","5","5","1","1","399","1383","1","1","4","4","0.88","0.73","0","0",,,"1","220","2024-04-03 11:40:10"
"628e0063fa56e316da2a71cb",,"3","48","0","1","5","5","1","1","666","1583","1","1","1","1","0.12","0.18","0","0",,,"0","160","2024-04-03 11:40:11"
"5727d93522e522000e7a0a3c",,"3","69","12","2","5","5","0","1","383","582","0","1","1","3","0.18","0.62","0","0",,,"1","225","2024-04-03 11:40:12"
"628e0063fa56e316da2a71cb",,"3","49","40","1","5","5","1","1","667","917","1","0","3","1","0.62","0.12","0","0",,,"1","165","2024-04-03 11:40:14"
"5727d93522e522000e7a0a3c",,"3","70","4","2","5","5","1","0","383","600","1","0","1","3","0.12","0.62","0","0",,,"1","230","2024-04-03 11:40:15"
"628e0063fa56e316da2a71cb",,"3","50","33","1","5","5","1","1","542","835","1","0","3","1","0.5","0.18","0","0",,,"0","165","2024-04-03 11:40:16"
"5727d93522e522000e7a0a3c",,"3","71","45","2","5","5","0","1","249","833","0","1","3","4","0.62","0.73","0","0",,,"1","235","2024-04-03 11:40:17"
"628e0063fa56e316da2a71cb",,"3","51","65","1","5","5","1","1","499","749","1","0","4","1","0.88","0.18","0","0",,,"0","165","2024-04-03 11:40:19"
"628e0063fa56e316da2a71cb",,"3","52","58","1","5","5","0","0","499","792","0","1","4","1","0.82","0.27","0","0",,,"1","170","2024-04-03 11:40:22"
"628e0063fa56e316da2a71cb",,"3","53","14","2","5","5","0","1","500","875","0","1","1","4","0.18","0.82","0","0",,,"1","175","2024-04-03 11:40:25"
"628e0063fa56e316da2a71cb",,"3","54","16","1","5","5","1","1","792","1042","1","0","1","1","0.27","0.12","0","0",,,"0","175","2024-04-03 11:40:28"
"628e0063fa56e316da2a71cb",,"3","55","11","2","5","5","0","1","625","916","0","1","1","3","0.18","0.5","0","0",,,"1","180","2024-04-03 11:40:31"
"628e0063fa56e316da2a71cb",,"3","56","59","1","5","5","0","0","500","834","0","1","4","2","0.82","0.38","0","0",,,"1","185","2024-04-03 11:40:33"
"628e0063fa56e316da2a71cb",,"3","57","18","1","5","5","1","1","1166","1375","1","0","1","2","0.27","0.38","0","0",,,"0","185","2024-04-03 11:40:36"
"628e0063fa56e316da2a71cb",,"3","58","39","2","5","5","1","0","499","708","1","0","3","4","0.5","0.88","0","0",,,"1","190","2024-04-03 11:40:39"
"5727d93522e522000e7a0a3c",,"4","0","36","2","5","5","1","0","499","816","1","0","3","3","0.5","0.62","0","0",,,"1","5","2024-04-03 11:40:40"
"628e0063fa56e316da2a71cb",,"3","59","51","1","5","5","0","0","583","917","0","1","4","2","0.73","0.38","0","0",,,"1","195","2024-04-03 11:40:42"
"5727d93522e522000e7a0a3c",,"4","1","50","1","5","5","0","0","382","565","0","1","4","1","0.73","0.27","0","0",,,"1","10","2024-04-03 11:40:42"
"628e0063fa56e316da2a71cb",,"3","60","29","2","5","5","1","0","458","708","1","0","2","4","0.38","0.73","0","0",,,"1","200","2024-04-03 11:40:45"
"5727d93522e522000e7a0a3c",,"4","2","52","1","5","5","0","0","366","550","0","1","4","3","0.73","0.5","0","0",,,"0","10","2024-04-03 11:40:45"
"628e0063fa56e316da2a71cb",,"3","61","69","1","5","5","1","1","667","959","1","0","4","3","0.88","0.62","0","0",,,"1","205","2024-04-03 11:40:47"
"5727d93522e522000e7a0a3c",,"4","3","58","1","5","5","0","0","348","532","0","1","4","1","0.82","0.27","0","0",,,"1","15","2024-04-03 11:40:47"
"628e0063fa56e316da2a71cb",,"3","62","46","2","5","5","0","1","623","874","0","1","3","4","0.62","0.82","0","0",,,"1","210","2024-04-03 11:40:50"
"5727d93522e522000e7a0a3c",,"4","4","1","2","5","5","0","1","749","1233","0","1","1","1","0.12","0.27","0","0",,,"0","15","2024-04-03 11:40:50"
"628e0063fa56e316da2a71cb",,"3","63","61","1","5","5","1","1","626","835","1","0","4","3","0.82","0.62","0","0",,,"0","210","2024-04-03 11:40:53"
"5727d93522e522000e7a0a3c",,"4","5","24","1","5","5","0","0","982","1399","0","1","2","1","0.38","0.12","0","0",,,"0","15","2024-04-03 11:40:53"
"628e0063fa56e316da2a71cb",,"3","64","22","2","5","5","1","0","459","668","1","0","1","4","0.27","0.82","0","0",,,"0","210","2024-04-03 11:40:55"
"5727d93522e522000e7a0a3c",,"4","6","13","2","5","5","0","1","349","1249","0","1","1","4","0.18","0.73","0","0",,,"0","15","2024-04-03 11:40:57"
"628e0063fa56e316da2a71cb",,"3","65","20","2","5","5","0","1","542","834","0","1","1","3","0.27","0.62","0","0",,,"1","215","2024-04-03 11:40:58"
"5727d93522e522000e7a0a3c",,"4","7","46","2","5","5","1","0","683","883","1","0","3","4","0.62","0.82","0","0",,,"1","20","2024-04-03 11:40:59"
"628e0063fa56e316da2a71cb",,"3","66","35","1","5","5","0","0","583","958","0","1","3","2","0.5","0.38","0","0",,,"0","215","2024-04-03 11:41:01"
"5727d93522e522000e7a0a3c",,"4","8","59","1","5","5","1","1","766","933","1","0","4","2","0.82","0.38","0","0",,,"1","25","2024-04-03 11:41:02"
"628e0063fa56e316da2a71cb",,"3","67","19","2","5","5","0","1","540","833","0","1","1","3","0.27","0.5","0","0",,,"1","220","2024-04-03 11:41:04"
"5727d93522e522000e7a0a3c",,"4","9","26","1","5","5","1","1","1149","1383","1","0","2","1","0.38","0.27","0","0",,,"0","25","2024-04-03 11:41:05"
"628e0063fa56e316da2a71cb",,"3","68","44","1","5","5","0","0","500","792","0","1","3","3","0.62","0.5","0","0",,,"1","225","2024-04-03 11:41:07"
"5727d93522e522000e7a0a3c",,"4","10","9","1","5","5","1","1","1200","1383","1","0","1","1","0.18","0.27","0","0",,,"0","25","2024-04-03 11:41:08"
"628e0063fa56e316da2a71cb",,"3","69","67","1","5","5","0","0","541","792","0","1","4","2","0.88","0.38","0","0",,,"1","230","2024-04-03 11:41:09"
"5727d93522e522000e7a0a3c",,"4","11","55","2","5","5","0","1","382","682","0","1","4","4","0.73","0.88","0","0",,,"1","30","2024-04-03 11:41:11"
"628e0063fa56e316da2a71cb",,"3","70","30","2","5","5","0","1","542","834","0","1","2","4","0.38","0.82","0","0",,,"1","235","2024-04-03 11:41:12"
"5727d93522e522000e7a0a3c",,"4","12","69","1","5","5","1","1","449","632","1","0","4","3","0.88","0.62","0","0",,,"1","35","2024-04-03 11:41:13"
"628e0063fa56e316da2a71cb",,"3","71","63","2","5","5","1","0","583","792","1","0","4","4","0.82","0.88","0","0",,,"1","240","2024-04-03 11:41:15"
"5727d93522e522000e7a0a3c",,"4","13","63","2","5","5","1","0","650","850","1","0","4","4","0.82","0.88","0","0",,,"1","40","2024-04-03 11:41:16"
"5727d93522e522000e7a0a3c",,"4","14","35","1","5","5","0","0","951","1218","0","1","3","2","0.5","0.38","0","0",,,"1","45","2024-04-03 11:41:19"
"5727d93522e522000e7a0a3c",,"4","15","0","2","5","5","0","1","882","1765","1","2","1","1","0.12","0.18","0","0",,,"1","50","2024-04-03 11:41:22"
"5727d93522e522000e7a0a3c",,"4","16","70","1","5","5","0","0","666","966","0","1","4","4","0.88","0.73","0","0",,,"1","55","2024-04-03 11:41:25"
"5727d93522e522000e7a0a3c",,"4","17","23","2","5","5","0","1","449","766","0","1","1","4","0.27","0.88","0","0",,,"1","60","2024-04-03 11:41:27"
"5727d93522e522000e7a0a3c",,"4","18","29","2","5","5","1","0","416","666","1","0","2","4","0.38","0.73","0","0",,,"0","60","2024-04-03 11:41:30"
"5727d93522e522000e7a0a3c",,"4","19","10","2","5","5","1","0","566","817","1","0","1","2","0.18","0.38","0","0",,,"1","65","2024-04-03 11:41:33"
"5727d93522e522000e7a0a3c",,"4","20","48","1","5","5","0","0","333","600","0","1","4","1","0.73","0.12","0","0",,,"1","70","2024-04-03 11:41:35"
"628e0063fa56e316da2a71cb",,"4","0","4","2","5","5","0","1","792","1126","0","1","1","3","0.12","0.62","0","0",,,"0","0","2024-04-03 11:41:36"
"5727d93522e522000e7a0a3c",,"4","21","20","2","5","5","0","1","400","666","0","1","1","3","0.27","0.62","0","0",,,"1","75","2024-04-03 11:41:38"
"628e0063fa56e316da2a71cb",,"4","1","63","2","5","5","1","0","583","833","1","0","4","4","0.82","0.88","0","0",,,"1","5","2024-04-03 11:41:39"
"5727d93522e522000e7a0a3c",,"4","22","57","1","5","5","1","1","416","633","1","0","4","1","0.82","0.18","0","0",,,"1","80","2024-04-03 11:41:40"
"628e0063fa56e316da2a71cb",,"4","2","49","1","5","5","1","1","499","749","1","0","4","1","0.73","0.18","0","0",,,"1","10","2024-04-03 11:41:41"
"5727d93522e522000e7a0a3c",,"4","23","54","2","5","5","1","0","966","1249","1","0","4","4","0.73","0.82","0","0",,,"1","85","2024-04-03 11:41:43"
"628e0063fa56e316da2a71cb",,"4","3","46","2","5","5","0","1","666","958","0","1","3","4","0.62","0.82","0","0",,,"0","10","2024-04-03 11:41:44"
"5727d93522e522000e7a0a3c",,"4","24","14","2","5","5","0","1","465","1049","0","1","1","4","0.18","0.82","0","0",,,"1","90","2024-04-03 11:41:46"
"628e0063fa56e316da2a71cb",,"4","4","26","1","5","5","1","1","542","751","1","0","2","1","0.38","0.27","0","0",,,"0","10","2024-04-03 11:41:47"
"5727d93522e522000e7a0a3c",,"4","25","43","1","5","5","0","0","416","933","0","1","3","2","0.62","0.38","0","0",,,"1","95","2024-04-03 11:41:48"
"628e0063fa56e316da2a71cb",,"4","5","32","1","5","5","0","0","625","958","0","1","3","1","0.5","0.12","0","0",,,"1","15","2024-04-03 11:41:50"
"5727d93522e522000e7a0a3c",,"4","26","27","2","5","5","0","1","1099","1333","0","1","2","3","0.38","0.5","0","0",,,"0","95","2024-04-03 11:41:51"
"628e0063fa56e316da2a71cb",,"4","6","42","1","5","5","1","1","542","750","1","0","3","1","0.62","0.27","0","0",,,"1","20","2024-04-03 11:41:53"
"5727d93522e522000e7a0a3c",,"4","27","41","1","5","5","1","1","433","599","1","0","3","1","0.62","0.18","0","0",,,"0","95","2024-04-03 11:41:54"
"628e0063fa56e316da2a71cb",,"4","7","53","1","5","5","0","0","749","1042","0","1","4","3","0.73","0.62","0","0",,,"1","25","2024-04-03 11:41:55"
"5727d93522e522000e7a0a3c",,"4","28","42","1","5","5","1","1","617","866","1","0","3","1","0.62","0.27","0","0",,,"1","100","2024-04-03 11:41:57"
"628e0063fa56e316da2a71cb",,"4","8","9","2","5","5","1","0","708","958","1","0","1","1","0.18","0.27","0","0",,,"0","25","2024-04-03 11:41:58"
"5727d93522e522000e7a0a3c",,"4","29","61","1","5","5","1","1","366","666","1","0","4","3","0.82","0.62","0","0",,,"1","105","2024-04-03 11:41:59"
"628e0063fa56e316da2a71cb",,"4","9","36","2","5","5","0","1","584","875","0","1","3","3","0.5","0.62","0","0",,,"1","30","2024-04-03 11:42:01"
"5727d93522e522000e7a0a3c",,"4","30","32","1","5","5","0","0","483","1033","0","1","3","1","0.5","0.12","0","0",,,"1","110","2024-04-03 11:42:02"
"628e0063fa56e316da2a71cb",,"4","10","28","2","5","5","0","1","751","1125","0","1","2","3","0.38","0.62","0","0",,,"0","30","2024-04-03 11:42:04"
"5727d93522e522000e7a0a3c",,"4","31","66","1","5","5","1","1","516","733","1","0","4","1","0.88","0.27","0","0",,,"0","110","2024-04-03 11:42:04"
"628e0063fa56e316da2a71cb",,"4","11","65","1","5","5","0","0","458","750","0","1","4","1","0.88","0.18","0","0",,,"1","35","2024-04-03 11:42:07"
"5727d93522e522000e7a0a3c",,"4","32","7","2","5","5","0","1","382","582","0","1","1","4","0.12","0.88","0","0",,,"1","115","2024-04-03 11:42:07"
"5727d93522e522000e7a0a3c",,"4","33","21","2","5","5","1","0","349","700","1","0","1","4","0.27","0.73","0","0",,,"0","115","2024-04-03 11:42:09"
"628e0063fa56e316da2a71cb",,"4","12","5","2","5","5","1","0","500","751","1","0","1","4","0.12","0.73","0","0",,,"1","40","2024-04-03 11:42:10"
"5727d93522e522000e7a0a3c",,"4","34","40","1","5","5","0","0","349","566","0","1","3","1","0.62","0.12","0","0",,,"1","120","2024-04-03 11:42:12"
"628e0063fa56e316da2a71cb",,"4","13","12","2","5","5","0","1","500","791","0","1","1","3","0.18","0.62","0","0",,,"0","40","2024-04-03 11:42:12"
"5727d93522e522000e7a0a3c",,"4","35","44","1","5","5","0","0","499","683","0","1","3","3","0.62","0.5","0","0",,,"1","125","2024-04-03 11:42:15"
"628e0063fa56e316da2a71cb",,"4","14","14","2","5","5","1","0","541","753","1","0","1","4","0.18","0.82","0","0",,,"1","45","2024-04-03 11:42:15"
"5727d93522e522000e7a0a3c",,"4","36","30","2","5","5","1","0","399","549","1","0","2","4","0.38","0.82","0","0",,,"1","130","2024-04-03 11:42:17"
"628e0063fa56e316da2a71cb",,"4","15","59","1","5","5","0","0","542","834","0","1","4","2","0.82","0.38","0","0",,,"1","50","2024-04-03 11:42:18"
"5727d93522e522000e7a0a3c",,"4","37","45","2","5","5","1","0","449","666","1","0","3","4","0.62","0.73","0","0",,,"0","130","2024-04-03 11:42:19"
"628e0063fa56e316da2a71cb",,"4","16","54","2","5","5","0","1","626","917","0","1","4","4","0.73","0.82","0","0",,,"1","55","2024-04-03 11:42:20"
"5727d93522e522000e7a0a3c",,"4","38","4","2","5","5","1","0","316","516","1","0","1","3","0.12","0.62","0","0",,,"0","130","2024-04-03 11:42:22"
"628e0063fa56e316da2a71cb",,"4","17","25","1","5","5","1","1","625","834","1","0","2","1","0.38","0.18","0","0",,,"1","60","2024-04-03 11:42:23"
"5727d93522e522000e7a0a3c",,"4","39","64","1","5","5","1","1","349","550","1","0","4","1","0.88","0.12","0","0",,,"1","135","2024-04-03 11:42:24"
"628e0063fa56e316da2a71cb",,"4","18","69","1","5","5","0","0","500","792","0","1","4","3","0.88","0.62","0","0",,,"1","65","2024-04-03 11:42:26"
"5727d93522e522000e7a0a3c",,"4","40","5","2","5","5","0","1","266","483","0","1","1","4","0.12","0.73","0","0",,,"0","135","2024-04-03 11:42:27"
"628e0063fa56e316da2a71cb",,"4","19","61","1","5","5","0","0","583","834","0","1","4","3","0.82","0.62","0","0",,,"1","70","2024-04-03 11:42:29"
"5727d93522e522000e7a0a3c",,"4","41","18","2","5","5","1","0","749","1050","1","0","1","2","0.27","0.38","0","0",,,"1","140","2024-04-03 11:42:30"
"628e0063fa56e316da2a71cb",,"4","20","29","2","5","5","0","1","500","792","0","1","2","4","0.38","0.73","0","0",,,"0","70","2024-04-03 11:42:31"
"5727d93522e522000e7a0a3c",,"4","42","17","2","5","5","1","0","699","900","1","0","1","1","0.27","0.18","0","0",,,"0","140","2024-04-03 11:42:32"
"628e0063fa56e316da2a71cb",,"4","21","55","2","5","5","0","1","250","583","0","1","4","4","0.73","0.88","0","0",,,"1","75","2024-04-03 11:42:34"
"5727d93522e522000e7a0a3c",,"4","43","6","2","5","5","1","0","550","833","1","0","1","4","0.12","0.82","0","0",,,"1","145","2024-04-03 11:42:35"
"628e0063fa56e316da2a71cb",,"4","22","33","1","5","5","0","0","585","834","0","1","3","1","0.5","0.18","0","0",,,"0","75","2024-04-03 11:42:37"
"5727d93522e522000e7a0a3c",,"4","44","51","1","5","5","0","0","349","583","0","1","4","2","0.73","0.38","0","0",,,"1","150","2024-04-03 11:42:38"
"628e0063fa56e316da2a71cb",,"4","23","13","2","5","5","1","0","541","749","1","0","1","4","0.18","0.73","0","0",,,"1","80","2024-04-03 11:42:39"
"5727d93522e522000e7a0a3c",,"4","45","49","1","5","5","0","0","366","633","0","1","4","1","0.73","0.18","0","0",,,"1","155","2024-04-03 11:42:40"
"628e0063fa56e316da2a71cb",,"4","24","66","1","5","5","1","1","541","750","1","0","4","1","0.88","0.27","0","0",,,"1","85","2024-04-03 11:42:42"
"5727d93522e522000e7a0a3c",,"4","46","65","1","5","5","0","0","365","565","0","1","4","1","0.88","0.18","0","0",,,"1","160","2024-04-03 11:42:42"
"628e0063fa56e316da2a71cb",,"4","25","51","1","5","5","1","1","584","835","1","0","4","2","0.73","0.38","0","0",,,"1","90","2024-04-03 11:42:45"
"5727d93522e522000e7a0a3c",,"4","47","67","1","5","5","1","1","449","699","1","0","4","2","0.88","0.38","0","0",,,"1","165","2024-04-03 11:42:45"
"5727d93522e522000e7a0a3c",,"4","48","25","1","5","5","1","1","649","833","1","0","2","1","0.38","0.18","0","0",,,"1","170","2024-04-03 11:42:47"
"628e0063fa56e316da2a71cb",,"4","26","2","2","5","5","0","1","583","916","0","1","1","2","0.12","0.38","0","0",,,"0","90","2024-04-03 11:42:47"
"5727d93522e522000e7a0a3c",,"4","49","28","2","5","5","1","0","316","600","1","0","2","3","0.38","0.62","0","0",,,"1","175","2024-04-03 11:42:50"
"628e0063fa56e316da2a71cb",,"4","27","17","1","5","5","0","0","710","1001","0","1","1","1","0.27","0.18","0","0",,,"0","90","2024-04-03 11:42:50"
"5727d93522e522000e7a0a3c",,"4","50","68","1","5","5","0","0","416","632","0","1","4","3","0.88","0.5","0","0",,,"1","180","2024-04-03 11:42:52"
"628e0063fa56e316da2a71cb",,"4","28","57","1","5","5","0","0","416","750","0","1","4","1","0.82","0.18","0","0",,,"1","95","2024-04-03 11:42:53"
"5727d93522e522000e7a0a3c",,"4","51","11","2","5","5","0","1","448","615","0","1","1","3","0.18","0.5","0","0",,,"0","180","2024-04-03 11:42:55"
"628e0063fa56e316da2a71cb",,"4","29","27","2","5","5","0","1","583","875","0","1","2","3","0.38","0.5","0","0",,,"1","100","2024-04-03 11:42:56"
"5727d93522e522000e7a0a3c",,"4","52","60","1","5","5","0","0","383","583","0","1","4","3","0.82","0.5","0","0",,,"1","185","2024-04-03 11:42:57"
"628e0063fa56e316da2a71cb",,"4","30","1","2","5","5","1","0","708","1000","1","0","1","1","0.12","0.27","0","0",,,"0","100","2024-04-03 11:42:59"
"5727d93522e522000e7a0a3c",,"4","53","12","2","5","5","0","1","317","516","0","1","1","3","0.18","0.62","0","0",,,"1","190","2024-04-03 11:42:59"
"628e0063fa56e316da2a71cb",,"4","31","24","1","5","5","1","1","374","583","1","0","2","1","0.38","0.12","0","0",,,"0","100","2024-04-03 11:43:01"
"5727d93522e522000e7a0a3c",,"4","54","37","2","5","5","1","0","749","1082","1","0","3","4","0.5","0.73","0","0",,,"1","195","2024-04-03 11:43:02"
"628e0063fa56e316da2a71cb",,"4","32","19","2","5","5","1","0","583","833","1","0","1","3","0.27","0.5","0","0",,,"0","100","2024-04-03 11:43:04"
"5727d93522e522000e7a0a3c",,"4","55","38","2","5","5","1","0","299","899","1","1","3","4","0.5","0.82","0","0",,,"1","200","2024-04-03 11:43:05"
"628e0063fa56e316da2a71cb",,"4","33","48","1","5","5","1","1","500","792","1","0","4","1","0.73","0.12","0","0",,,"1","105","2024-04-03 11:43:07"
"5727d93522e522000e7a0a3c",,"4","56","62","1","5","5","0","0","566","1066","0","1","4","4","0.82","0.73","0","0",,,"1","205","2024-04-03 11:43:08"
"628e0063fa56e316da2a71cb",,"4","34","30","2","5","5","1","0","501","793","1","0","2","4","0.38","0.82","0","0",,,"1","110","2024-04-03 11:43:10"
"5727d93522e522000e7a0a3c",,"4","57","16","1","5","5","0","0","732","1033","0","1","1","1","0.27","0.12","0","0",,,"0","205","2024-04-03 11:43:10"
"628e0063fa56e316da2a71cb",,"4","35","45","2","5","5","0","1","583","875","0","1","3","4","0.62","0.73","0","0",,,"1","115","2024-04-03 11:43:12"
"5727d93522e522000e7a0a3c",,"4","58","15","2","5","5","0","1","349","533","0","1","1","4","0.18","0.88","0","0",,,"1","210","2024-04-03 11:43:13"
"628e0063fa56e316da2a71cb",,"4","36","22","2","5","5","0","1","500","834","0","1","1","4","0.27","0.82","0","0",,,"1","120","2024-04-03 11:43:15"
"5727d93522e522000e7a0a3c",,"4","59","34","1","5","5","1","1","383","549","1","0","3","1","0.5","0.27","0","0",,,"1","215","2024-04-03 11:43:15"
"628e0063fa56e316da2a71cb",,"4","37","38","2","5","5","1","0","541","791","1","0","3","4","0.5","0.82","0","0",,,"0","120","2024-04-03 11:43:18"
"5727d93522e522000e7a0a3c",,"4","60","71","1","5","5","0","0","399","966","0","1","4","4","0.88","0.82","0","0",,,"1","220","2024-04-03 11:43:18"
"5727d93522e522000e7a0a3c",,"4","61","19","2","5","5","0","1","482","649","0","1","1","3","0.27","0.5","0","0",,,"1","225","2024-04-03 11:43:20"
"628e0063fa56e316da2a71cb",,"4","38","18","2","5","5","1","0","583","833","1","0","1","2","0.27","0.38","0","0",,,"0","120","2024-04-03 11:43:21"
"5727d93522e522000e7a0a3c",,"4","62","2","2","5","5","1","0","483","649","1","0","1","2","0.12","0.38","0","0",,,"0","225","2024-04-03 11:43:23"
"628e0063fa56e316da2a71cb",,"4","39","37","2","5","5","0","1","667","959","0","1","3","4","0.5","0.73","0","0",,,"1","125","2024-04-03 11:43:24"
"5727d93522e522000e7a0a3c",,"4","63","22","2","5","5","0","1","383","567","0","1","1","4","0.27","0.82","0","0",,,"1","230","2024-04-03 11:43:25"
"628e0063fa56e316da2a71cb",,"4","40","43","1","5","5","0","0","542","791","0","1","3","2","0.62","0.38","0","0",,,"1","130","2024-04-03 11:43:26"
"5727d93522e522000e7a0a3c",,"4","64","53","1","5","5","1","1","466","784","1","0","4","3","0.73","0.62","0","0",,,"1","235","2024-04-03 11:43:28"
"628e0063fa56e316da2a71cb",,"4","41","8","2","5","5","1","0","582","833","1","0","1","1","0.18","0.12","0","0",,,"0","130","2024-04-03 11:43:29"
"5727d93522e522000e7a0a3c",,"4","65","39","2","5","5","1","0","533","749","1","0","3","4","0.5","0.88","0","0",,,"1","240","2024-04-03 11:43:30"
"628e0063fa56e316da2a71cb",,"4","42","39","2","5","5","0","1","541","875","0","1","3","4","0.5","0.88","0","0",,,"1","135","2024-04-03 11:43:32"
"5727d93522e522000e7a0a3c",,"4","66","33","1","5","5","0","0","282","598","0","1","3","1","0.5","0.18","0","0",,,"0","240","2024-04-03 11:43:33"
"628e0063fa56e316da2a71cb",,"4","43","60","1","5","5","0","0","583","834","0","1","4","3","0.82","0.5","0","0",,,"1","140","2024-04-03 11:43:34"
"5727d93522e522000e7a0a3c",,"4","67","8","1","5","5","0","0","583","1316","0","1","1","1","0.18","0.12","0","0",,,"0","240","2024-04-03 11:43:36"
"628e0063fa56e316da2a71cb",,"4","44","64","1","5","5","0","0","499","791","0","1","4","1","0.88","0.12","0","0",,,"1","145","2024-04-03 11:43:37"
"5727d93522e522000e7a0a3c",,"4","68","47","2","5","5","1","0","498","715","1","0","3","4","0.62","0.88","0","0",,,"1","245","2024-04-03 11:43:39"
"628e0063fa56e316da2a71cb",,"4","45","21","2","5","5","0","1","583","833","0","1","1","4","0.27","0.73","0","0",,,"0","145","2024-04-03 11:43:40"
"5727d93522e522000e7a0a3c",,"4","69","31","2","5","5","1","0","399","632","1","0","2","4","0.38","0.88","0","0",,,"0","245","2024-04-03 11:43:41"
"628e0063fa56e316da2a71cb",,"4","46","35","1","5","5","1","1","541","750","1","0","3","2","0.5","0.38","0","0",,,"1","150","2024-04-03 11:43:43"
"5727d93522e522000e7a0a3c",,"4","70","56","1","5","5","1","1","382","633","1","0","4","1","0.82","0.12","0","0",,,"1","250","2024-04-03 11:43:44"
"628e0063fa56e316da2a71cb",,"4","47","34","1","5","5","1","1","583","834","1","0","3","1","0.5","0.27","0","0",,,"1","155","2024-04-03 11:43:45"
"5727d93522e522000e7a0a3c",,"4","71","3","2","5","5","0","1","366","633","0","1","1","3","0.12","0.5","0","0",,,"1","255","2024-04-03 11:43:46"
"628e0063fa56e316da2a71cb",,"4","48","40","1","5","5","1","1","625","792","1","0","3","1","0.62","0.12","0","0",,,"0","155","2024-04-03 11:43:48"
"628e0063fa56e316da2a71cb",,"4","49","71","1","5","5","0","0","458","667","0","1","4","4","0.88","0.82","0","0",,,"1","160","2024-04-03 11:43:51"
"628e0063fa56e316da2a71cb",,"4","50","41","1","5","5","0","0","542","792","0","1","3","1","0.62","0.18","0","0",,,"1","165","2024-04-03 11:43:53"
"628e0063fa56e316da2a71cb",,"4","51","10","2","5","5","1","0","542","751","1","0","1","2","0.18","0.38","0","0",,,"0","165","2024-04-03 11:43:56"
"628e0063fa56e316da2a71cb",,"4","52","7","2","5","5","0","1","457","750","0","1","1","4","0.12","0.88","0","0",,,"1","170","2024-04-03 11:43:59"
"5727d93522e522000e7a0a3c",,"5","0","69","1","5","5","1","1","466","766","1","0","4","3","0.88","0.62","0","0",,,"1","5","2024-04-03 11:44:01"
"628e0063fa56e316da2a71cb",,"4","53","52","1","5","5","1","1","625","875","1","0","4","3","0.73","0.5","0","0",,,"1","175","2024-04-03 11:44:01"
"5727d93522e522000e7a0a3c",,"5","1","53","1","5","5","0","0","483","666","0","1","4","3","0.73","0.62","0","0",,,"0","5","2024-04-03 11:44:04"
"628e0063fa56e316da2a71cb",,"4","54","31","2","5","5","1","0","583","792","1","0","2","4","0.38","0.88","0","0",,,"0","175","2024-04-03 11:44:04"
"5727d93522e522000e7a0a3c",,"5","2","44","1","5","5","0","0","482","683","0","1","3","3","0.62","0.5","0","0",,,"0","5","2024-04-03 11:44:06"
"628e0063fa56e316da2a71cb",,"4","55","62","2","5","5","0","1","457","708","0","1","4","4","0.82","0.73","0","0",,,"0","175","2024-04-03 11:44:07"
"5727d93522e522000e7a0a3c",,"5","3","12","2","5","5","1","0","598","799","1","0","1","3","0.18","0.62","0","0",,,"0","5","2024-04-03 11:44:09"
"628e0063fa56e316da2a71cb",,"4","56","58","1","5","5","0","0","457","707","0","1","4","1","0.82","0.27","0","0",,,"1","180","2024-04-03 11:44:10"
"628e0063fa56e316da2a71cb",,"4","57","47","2","5","5","0","1","499","708","0","1","3","4","0.62","0.88","0","0",,,"0","180","2024-04-03 11:44:12"
"5727d93522e522000e7a0a3c",,"5","4","54","2","5","5","1","0","733","1733","1","1","4","4","0.73","0.82","0","0",,,"1","10","2024-04-03 11:44:13"
"628e0063fa56e316da2a71cb",,"4","58","44","1","5","5","0","0","500","751","0","1","3","3","0.62","0.5","0","0",,,"0","180","2024-04-03 11:44:15"
"5727d93522e522000e7a0a3c",,"5","5","11","2","5","5","0","1","483","766","0","1","1","3","0.18","0.5","0","0",,,"1","15","2024-04-03 11:44:15"
"5727d93522e522000e7a0a3c",,"5","6","5","2","5","5","1","0","415","632","1","0","1","4","0.12","0.73","0","0",,,"1","20","2024-04-03 11:44:18"
"628e0063fa56e316da2a71cb",,"4","59","3","2","5","5","1","0","542","709","1","0","1","3","0.12","0.5","0","0",,,"0","180","2024-04-03 11:44:18"
"5727d93522e522000e7a0a3c",,"5","7","59","1","5","5","1","1","382","616","1","0","4","2","0.82","0.38","0","0",,,"1","25","2024-04-03 11:44:20"
"628e0063fa56e316da2a71cb",,"4","60","68","2","5","5","1","0","333","584","1","0","4","3","0.88","0.5","0","0",,,"0","180","2024-04-03 11:44:20"
"5727d93522e522000e7a0a3c",,"5","8","57","1","5","5","1","1","416","599","1","0","4","1","0.82","0.18","0","0",,,"0","25","2024-04-03 11:44:23"
"628e0063fa56e316da2a71cb",,"4","61","11","2","5","5","1","0","542","792","1","0","1","3","0.18","0.5","0","0",,,"1","185","2024-04-03 11:44:23"
"5727d93522e522000e7a0a3c",,"5","9","7","2","5","5","0","1","500","650","0","1","1","4","0.12","0.88","0","0",,,"1","30","2024-04-03 11:44:25"
"628e0063fa56e316da2a71cb",,"4","62","6","2","5","5","0","1","501","754","0","1","1","4","0.12","0.82","0","0",,,"0","185","2024-04-03 11:44:26"
"5727d93522e522000e7a0a3c",,"5","10","1","2","5","5","1","0","883","1050","1","0","1","1","0.12","0.27","0","0",,,"0","30","2024-04-03 11:44:28"
"628e0063fa56e316da2a71cb",,"4","63","0","2","5","5","1","0","542","668","1","0","1","1","0.12","0.18","0","0",,,"1","190","2024-04-03 11:44:29"
"5727d93522e522000e7a0a3c",,"5","11","68","1","5","5","0","0","449","633","0","1","4","3","0.88","0.5","0","0",,,"1","35","2024-04-03 11:44:31"
"628e0063fa56e316da2a71cb",,"4","64","56","1","5","5","1","1","542","750","1","0","4","1","0.82","0.12","0","0",,,"0","190","2024-04-03 11:44:31"
"5727d93522e522000e7a0a3c",,"5","12","0","2","5","5","0","1","817","1050","0","1","1","1","0.12","0.18","0","0",,,"0","35","2024-04-03 11:44:33"
"628e0063fa56e316da2a71cb",,"4","65","70","2","5","5","1","0","542","668","1","0","4","4","0.88","0.73","0","0",,,"0","190","2024-04-03 11:44:34"
"5727d93522e522000e7a0a3c",,"5","13","19","2","5","5","1","0","582","799","1","0","1","3","0.27","0.5","0","0",,,"1","40","2024-04-03 11:44:36"
"628e0063fa56e316da2a71cb",,"4","66","15","2","5","5","0","1","499","791","0","1","1","4","0.18","0.88","0","0",,,"1","195","2024-04-03 11:44:37"
"5727d93522e522000e7a0a3c",,"5","14","46","2","5","5","0","1","783","1083","0","1","3","4","0.62","0.82","0","0",,,"1","45","2024-04-03 11:44:39"
"628e0063fa56e316da2a71cb",,"4","67","50","1","5","5","0","0","500","792","0","1","4","1","0.73","0.27","0","0",,,"1","200","2024-04-03 11:44:40"
"5727d93522e522000e7a0a3c",,"5","15","22","2","5","5","1","0","467","700","1","0","1","4","0.27","0.82","0","0",,,"1","50","2024-04-03 11:44:41"
"628e0063fa56e316da2a71cb",,"4","68","16","2","5","5","1","0","624","791","1","0","1","1","0.27","0.12","0","0",,,"0","200","2024-04-03 11:44:42"
"5727d93522e522000e7a0a3c",,"5","16","21","2","5","5","0","1","417","666","0","1","1","4","0.27","0.73","0","0",,,"1","55","2024-04-03 11:44:44"
"628e0063fa56e316da2a71cb",,"4","69","20","2","5","5","0","1","500","792","0","1","1","3","0.27","0.62","0","0",,,"0","200","2024-04-03 11:44:45"
"5727d93522e522000e7a0a3c",,"5","17","35","1","5","5","1","1","366","916","1","0","3","2","0.5","0.38","0","0",,,"1","60","2024-04-03 11:44:46"
"628e0063fa56e316da2a71cb",,"4","70","23","2","5","5","0","1","458","750","0","1","1","4","0.27","0.88","0","0",,,"1","205","2024-04-03 11:44:48"
"5727d93522e522000e7a0a3c",,"5","18","27","2","5","5","1","0","899","1066","1","0","2","3","0.38","0.5","0","0",,,"1","65","2024-04-03 11:44:49"
"628e0063fa56e316da2a71cb",,"4","71","67","1","5","5","1","1","499","666","1","0","4","2","0.88","0.38","0","0",,,"1","210","2024-04-03 11:44:50"
"5727d93522e522000e7a0a3c",,"5","19","49","1","5","5","0","0","616","1350","0","1","4","1","0.73","0.18","0","0",,,"0","65","2024-04-03 11:44:52"
"5727d93522e522000e7a0a3c",,"5","20","62","2","5","5","1","0","799","1683","1","1","4","4","0.82","0.73","0","0",,,"1","70","2024-04-03 11:44:56"
"5727d93522e522000e7a0a3c",,"5","21","26","1","5","5","1","1","1183","1433","1","0","2","1","0.38","0.27","0","0",,,"1","75","2024-04-03 11:44:59"
"5727d93522e522000e7a0a3c",,"5","22","43","2","5","5","1","0","1149","1583","1","0","3","2","0.62","0.38","0","0",,,"0","75","2024-04-03 11:45:02"
"628e0063fa56e316da2a71cb",,"5","0","24","1","5","5","0","0","666","1042","0","1","2","1","0.38","0.12","0","0",,,"1","5","2024-04-03 11:45:05"
"5727d93522e522000e7a0a3c",,"5","23","47","2","5","5","1","0","833","1066","1","0","3","4","0.62","0.88","0","0",,,"1","80","2024-04-03 11:45:05"
"5727d93522e522000e7a0a3c",,"5","24","61","1","5","5","0","0","515","665","0","1","4","3","0.82","0.62","0","0",,,"1","85","2024-04-03 11:45:08"
"628e0063fa56e316da2a71cb",,"5","1","32","1","5","5","0","0","583","917","0","1","3","1","0.5","0.12","0","0",,,"0","5","2024-04-03 11:45:08"
"5727d93522e522000e7a0a3c",,"5","25","6","2","5","5","1","0","433","650","1","0","1","4","0.12","0.82","0","0",,,"1","90","2024-04-03 11:45:10"
"628e0063fa56e316da2a71cb",,"5","2","44","1","5","5","1","1","625","834","1","0","3","3","0.62","0.5","0","0",,,"0","5","2024-04-03 11:45:11"
"5727d93522e522000e7a0a3c",,"5","26","10","2","5","5","1","0","766","1449","1","0","1","2","0.18","0.38","0","0",,,"1","95","2024-04-03 11:45:13"
"628e0063fa56e316da2a71cb",,"5","3","8","2","5","5","0","1","584","1625","1","1","1","1","0.18","0.12","0","0",,,"0","5","2024-04-03 11:45:14"
"5727d93522e522000e7a0a3c",,"5","27","14","2","5","5","1","0","432","799","1","0","1","4","0.18","0.82","0","0",,,"1","100","2024-04-03 11:45:16"
"628e0063fa56e316da2a71cb",,"5","4","18","2","5","5","0","1","625","1000","0","1","1","2","0.27","0.38","0","0",,,"1","10","2024-04-03 11:45:17"
"5727d93522e522000e7a0a3c",,"5","28","32","1","5","5","1","1","449","816","1","0","3","1","0.5","0.12","0","0",,,"1","105","2024-04-03 11:45:18"
"628e0063fa56e316da2a71cb",,"5","5","10","2","5","5","0","1","625","917","0","1","1","2","0.18","0.38","0","0",,,"1","15","2024-04-03 11:45:20"
"5727d93522e522000e7a0a3c",,"5","29","31","2","5","5","0","1","482","699","0","1","2","4","0.38","0.88","0","0",,,"1","110","2024-04-03 11:45:21"
"628e0063fa56e316da2a71cb",,"5","6","42","1","5","5","1","1","584","793","1","0","3","1","0.62","0.27","0","0",,,"1","20","2024-04-03 11:45:23"
"5727d93522e522000e7a0a3c",,"5","30","64","1","5","5","0","0","449","683","0","1","4","1","0.88","0.12","0","0",,,"1","115","2024-04-03 11:45:23"
"628e0063fa56e316da2a71cb",,"5","7","4","2","5","5","1","0","541","791","1","0","1","3","0.12","0.62","0","0",,,"0","20","2024-04-03 11:45:25"
"5727d93522e522000e7a0a3c",,"5","31","42","1","5","5","1","1","383","617","1","0","3","1","0.62","0.27","0","0",,,"1","120","2024-04-03 11:45:26"
"5727d93522e522000e7a0a3c",,"5","32","52","1","5","5","1","1","416","599","1","0","4","3","0.73","0.5","0","0",,,"1","125","2024-04-03 11:45:28"
"628e0063fa56e316da2a71cb",,"5","8","5","2","5","5","0","1","499","916","0","1","1","4","0.12","0.73","0","0",,,"1","25","2024-04-03 11:45:28"
"5727d93522e522000e7a0a3c",,"5","33","55","2","5","5","0","1","582","982","0","1","4","4","0.73","0.88","0","0",,,"0","125","2024-04-03 11:45:31"
"628e0063fa56e316da2a71cb",,"5","9","66","1","5","5","0","0","500","876","0","1","4","1","0.88","0.27","0","0",,,"1","30","2024-04-03 11:45:31"
"628e0063fa56e316da2a71cb",,"5","10","39","2","5","5","1","0","583","792","1","0","3","4","0.5","0.88","0","0",,,"1","35","2024-04-03 11:45:34"
"5727d93522e522000e7a0a3c",,"5","34","23","2","5","5","0","1","667","916","0","1","1","4","0.27","0.88","0","0",,,"1","130","2024-04-03 11:45:34"
"5727d93522e522000e7a0a3c",,"5","35","37","2","5","5","1","0","565","832","1","0","3","4","0.5","0.73","0","0",,,"1","135","2024-04-03 11:45:36"
"628e0063fa56e316da2a71cb",,"5","11","2","2","5","5","0","1","582","832","0","1","1","2","0.12","0.38","0","0",,,"0","35","2024-04-03 11:45:36"
"5727d93522e522000e7a0a3c",,"5","36","39","2","5","5","0","1","366","666","0","1","3","4","0.5","0.88","0","0",,,"0","135","2024-04-03 11:45:39"
"628e0063fa56e316da2a71cb",,"5","12","46","2","5","5","1","0","583","750","1","0","3","4","0.62","0.82","0","0",,,"1","40","2024-04-03 11:45:39"
"628e0063fa56e316da2a71cb",,"5","13","57","1","5","5","0","0","542","833","0","1","4","1","0.82","0.18","0","0",,,"1","45","2024-04-03 11:45:42"
"5727d93522e522000e7a0a3c",,"5","37","4","1","5","5","1","1","1165","2065","1","1","1","3","0.12","0.62","0","0",,,"0","135","2024-04-03 11:45:42"
"628e0063fa56e316da2a71cb",,"5","14","35","1","5","5","0","0","541","875","0","1","3","2","0.5","0.38","0","0",,,"1","50","2024-04-03 11:45:44"
"5727d93522e522000e7a0a3c",,"5","38","58","1","5","5","1","1","649","799","1","0","4","1","0.82","0.27","0","0",,,"1","140","2024-04-03 11:45:45"
"628e0063fa56e316da2a71cb",,"5","15","30","2","5","5","1","0","500","751","1","0","2","4","0.38","0.82","0","0",,,"1","55","2024-04-03 11:45:47"
"5727d93522e522000e7a0a3c",,"5","39","63","2","5","5","1","0","866","1149","1","0","4","4","0.82","0.88","0","0",,,"1","145","2024-04-03 11:45:48"
"628e0063fa56e316da2a71cb",,"5","16","25","1","5","5","0","0","666","958","0","1","2","1","0.38","0.18","0","0",,,"0","55","2024-04-03 11:45:50"
"5727d93522e522000e7a0a3c",,"5","40","29","2","5","5","1","0","432","749","1","0","2","4","0.38","0.73","0","0",,,"1","150","2024-04-03 11:45:51"
"628e0063fa56e316da2a71cb",,"5","17","15","2","5","5","1","0","500","792","1","0","1","4","0.18","0.88","0","0",,,"1","60","2024-04-03 11:45:53"
"5727d93522e522000e7a0a3c",,"5","41","17","2","5","5","1","0","1366","2133","1","0","1","1","0.27","0.18","0","0",,,"0","150","2024-04-03 11:45:54"
"628e0063fa56e316da2a71cb",,"5","18","34","1","5","5","0","0","583","875","0","1","3","1","0.5","0.27","0","0",,,"0","60","2024-04-03 11:45:55"
"5727d93522e522000e7a0a3c",,"5","42","48","1","5","5","0","0","666","866","0","1","4","1","0.73","0.12","0","0",,,"1","155","2024-04-03 11:45:57"
"628e0063fa56e316da2a71cb",,"5","19","20","2","5","5","0","1","501","793","0","1","1","3","0.27","0.62","0","0",,,"0","60","2024-04-03 11:45:58"
"5727d93522e522000e7a0a3c",,"5","43","67","1","5","5","1","1","383","650","1","0","4","2","0.88","0.38","0","0",,,"1","160","2024-04-03 11:45:59"
"628e0063fa56e316da2a71cb",,"5","20","27","2","5","5","1","0","583","791","1","0","2","3","0.38","0.5","0","0",,,"1","65","2024-04-03 11:46:01"
"5727d93522e522000e7a0a3c",,"5","44","50","1","5","5","1","1","349","583","1","0","4","1","0.73","0.27","0","0",,,"1","165","2024-04-03 11:46:02"
"628e0063fa56e316da2a71cb",,"5","21","61","1","5","5","0","0","624","916","0","1","4","3","0.82","0.62","0","0",,,"1","70","2024-04-03 11:46:04"
"5727d93522e522000e7a0a3c",,"5","45","70","1","5","5","1","1","483","768","1","0","4","4","0.88","0.73","0","0",,,"1","170","2024-04-03 11:46:04"
"628e0063fa56e316da2a71cb",,"5","22","62","1","5","5","0","0","500","791","0","1","4","4","0.82","0.73","0","0",,,"1","75","2024-04-03 11:46:06"
"5727d93522e522000e7a0a3c",,"5","46","8","1","5","5","0","0","1183","1400","0","1","1","1","0.18","0.12","0","0",,,"1","175","2024-04-03 11:46:07"
"628e0063fa56e316da2a71cb",,"5","23","19","2","5","5","0","1","625","917","0","1","1","3","0.27","0.5","0","0",,,"1","80","2024-04-03 11:46:09"
"5727d93522e522000e7a0a3c",,"5","47","25","1","5","5","1","1","599","766","1","0","2","1","0.38","0.18","0","0",,,"0","175","2024-04-03 11:46:10"
"628e0063fa56e316da2a71cb",,"5","24","53","1","5","5","1","1","583","791","1","0","4","3","0.73","0.62","0","0",,,"1","85","2024-04-03 11:46:12"
"5727d93522e522000e7a0a3c",,"5","48","33","1","5","5","0","0","517","683","0","1","3","1","0.5","0.18","0","0",,,"1","180","2024-04-03 11:46:13"
"628e0063fa56e316da2a71cb",,"5","25","64","1","5","5","1","1","501","709","1","0","4","1","0.88","0.12","0","0",,,"1","90","2024-04-03 11:46:14"
"5727d93522e522000e7a0a3c",,"5","49","24","1","5","5","0","0","483","650","0","1","2","1","0.38","0.12","0","0",,,"0","180","2024-04-03 11:46:15"
"628e0063fa56e316da2a71cb",,"5","26","21","2","5","5","1","0","583","791","1","0","1","4","0.27","0.73","0","0",,,"1","95","2024-04-03 11:46:17"
"5727d93522e522000e7a0a3c",,"5","50","15","2","5","5","1","0","466","650","1","0","1","4","0.18","0.88","0","0",,,"1","185","2024-04-03 11:46:18"
"628e0063fa56e316da2a71cb",,"5","27","45","2","5","5","0","1","542","793","0","1","3","4","0.62","0.73","0","0",,,"0","95","2024-04-03 11:46:20"
"5727d93522e522000e7a0a3c",,"5","51","41","1","5","5","0","0","465","615","0","1","3","1","0.62","0.18","0","0",,,"1","190","2024-04-03 11:46:20"
"628e0063fa56e316da2a71cb",,"5","28","67","1","5","5","0","0","459","709","0","1","4","2","0.88","0.38","0","0",,,"0","95","2024-04-03 11:46:22"
"5727d93522e522000e7a0a3c",,"5","52","13","2","5","5","1","0","383","566","1","0","1","4","0.18","0.73","0","0",,,"1","195","2024-04-03 11:46:23"
"5727d93522e522000e7a0a3c",,"5","53","30","2","5","5","0","1","383","566","0","1","2","4","0.38","0.82","0","0",,,"0","195","2024-04-03 11:46:25"
"628e0063fa56e316da2a71cb",,"5","29","68","1","5","5","0","0","541","875","0","1","4","3","0.88","0.5","0","0",,,"1","100","2024-04-03 11:46:25"
"5727d93522e522000e7a0a3c",,"5","54","51","1","5","5","0","0","383","583","0","1","4","2","0.73","0.38","0","0",,,"1","200","2024-04-03 11:46:27"
"628e0063fa56e316da2a71cb",,"5","30","58","1","5","5","0","0","541","875","0","1","4","1","0.82","0.27","0","0",,,"0","100","2024-04-03 11:46:28"
"628e0063fa56e316da2a71cb",,"5","31","14","2","5","5","1","0","500","750","1","0","1","4","0.18","0.82","0","0",,,"1","105","2024-04-03 11:46:31"
"5727d93522e522000e7a0a3c",,"5","55","9","2","5","5","1","0","1883","2066","1","0","1","1","0.18","0.27","0","0",,,"0","200","2024-04-03 11:46:31"
"628e0063fa56e316da2a71cb",,"5","32","41","1","5","5","0","0","583","875","0","1","3","1","0.62","0.18","0","0",,,"1","110","2024-04-03 11:46:34"
"5727d93522e522000e7a0a3c",,"5","56","18","2","5","5","0","1","783","983","0","1","1","2","0.27","0.38","0","0",,,"0","200","2024-04-03 11:46:34"
"628e0063fa56e316da2a71cb",,"5","33","28","2","5","5","1","0","500","708","1","0","2","3","0.38","0.62","0","0",,,"1","115","2024-04-03 11:46:36"
"5727d93522e522000e7a0a3c",,"5","57","38","2","5","5","1","0","499","716","1","0","3","4","0.5","0.82","0","0",,,"1","205","2024-04-03 11:46:37"
"628e0063fa56e316da2a71cb",,"5","34","60","1","5","5","1","1","541","792","1","0","4","3","0.82","0.5","0","0",,,"1","120","2024-04-03 11:46:39"
"5727d93522e522000e7a0a3c",,"5","58","3","2","5","5","0","1","500","750","0","1","1","3","0.12","0.5","0","0",,,"1","210","2024-04-03 11:46:39"
"628e0063fa56e316da2a71cb",,"5","35","69","1","5","5","1","1","584","834","1","0","4","3","0.88","0.62","0","0",,,"1","125","2024-04-03 11:46:41"
"5727d93522e522000e7a0a3c",,"5","59","16","1","5","5","0","0","1183","1316","0","1","1","1","0.27","0.12","0","0",,,"0","210","2024-04-03 11:46:42"
"628e0063fa56e316da2a71cb",,"5","36","55","2","5","5","0","1","665","999","0","1","4","4","0.73","0.88","0","0",,,"1","130","2024-04-03 11:46:44"
"5727d93522e522000e7a0a3c",,"5","60","66","1","5","5","0","0","366","532","0","1","4","1","0.88","0.27","0","0",,,"1","215","2024-04-03 11:46:45"
"628e0063fa56e316da2a71cb",,"5","37","13","2","5","5","0","1","541","832","0","1","1","4","0.18","0.73","0","0",,,"0","130","2024-04-03 11:46:47"
"5727d93522e522000e7a0a3c",,"5","61","45","2","5","5","0","1","516","750","0","1","3","4","0.62","0.73","0","0",,,"1","220","2024-04-03 11:46:47"
"628e0063fa56e316da2a71cb",,"5","38","47","2","5","5","1","0","542","750","1","0","3","4","0.62","0.88","0","0",,,"1","135","2024-04-03 11:46:50"
"5727d93522e522000e7a0a3c",,"5","62","40","1","5","5","1","1","666","1000","1","0","3","1","0.62","0.12","0","0",,,"1","225","2024-04-03 11:46:50"
"628e0063fa56e316da2a71cb",,"5","39","37","2","5","5","0","1","543","792","0","1","3","4","0.5","0.73","0","0",,,"0","135","2024-04-03 11:46:52"
"5727d93522e522000e7a0a3c",,"5","63","36","2","5","5","1","0","632","799","1","0","3","3","0.5","0.62","0","0",,,"1","230","2024-04-03 11:46:53"
"5727d93522e522000e7a0a3c",,"5","64","2","2","5","5","1","0","666","833","1","0","1","2","0.12","0.38","0","0",,,"1","235","2024-04-03 11:46:55"
"628e0063fa56e316da2a71cb",,"5","40","1","1","5","5","1","1","792","1084","1","0","1","1","0.12","0.27","0","0",,,"0","135","2024-04-03 11:46:55"
"628e0063fa56e316da2a71cb",,"5","41","49","1","5","5","0","0","534","826","0","1","4","1","0.73","0.18","0","0",,,"1","140","2024-04-03 11:46:58"
"5727d93522e522000e7a0a3c",,"5","65","34","2","5","5","1","0","750","1467","1","1","3","1","0.5","0.27","0","0",,,"0","235","2024-04-03 11:46:58"
"628e0063fa56e316da2a71cb",,"5","42","36","2","5","5","0","1","583","876","0","1","3","3","0.5","0.62","0","0",,,"0","140","2024-04-03 11:47:01"
"5727d93522e522000e7a0a3c",,"5","66","56","1","5","5","0","0","666","866","0","1","4","1","0.82","0.12","0","0",,,"1","240","2024-04-03 11:47:01"
"5727d93522e522000e7a0a3c",,"5","67","28","2","5","5","0","1","550","766","0","1","2","3","0.38","0.62","0","0",,,"0","240","2024-04-03 11:47:04"
"628e0063fa56e316da2a71cb",,"5","43","54","1","5","5","1","1","583","833","1","0","4","4","0.73","0.82","0","0",,,"0","140","2024-04-03 11:47:04"
"5727d93522e522000e7a0a3c",,"5","68","60","1","5","5","0","0","465","698","0","1","4","3","0.82","0.5","0","0",,,"1","245","2024-04-03 11:47:06"
"628e0063fa56e316da2a71cb",,"5","44","40","1","5","5","1","1","500","709","1","0","3","1","0.62","0.12","0","0",,,"1","145","2024-04-03 11:47:07"
"5727d93522e522000e7a0a3c",,"5","69","20","2","5","5","0","1","449","665","0","1","1","3","0.27","0.62","0","0",,,"1","250","2024-04-03 11:47:09"
"628e0063fa56e316da2a71cb",,"5","45","63","2","5","5","1","0","583","835","1","0","4","4","0.82","0.88","0","0",,,"0","145","2024-04-03 11:47:09"
"5727d93522e522000e7a0a3c",,"5","70","71","2","5","5","0","1","483","733","0","1","4","4","0.88","0.82","0","0",,,"1","255","2024-04-03 11:47:11"
"628e0063fa56e316da2a71cb",,"5","46","17","1","5","5","1","1","666","875","1","0","1","1","0.27","0.18","0","0",,,"0","145","2024-04-03 11:47:12"
"5727d93522e522000e7a0a3c",,"5","71","65","1","5","5","0","0","433","633","0","1","4","1","0.88","0.18","0","0",,,"1","260","2024-04-03 11:47:14"
"628e0063fa56e316da2a71cb",,"5","47","6","2","5","5","1","0","500","791","1","0","1","4","0.12","0.82","0","0",,,"1","150","2024-04-03 11:47:15"
"628e0063fa56e316da2a71cb",,"5","48","16","2","5","5","1","0","625","1167","1","0","1","1","0.27","0.12","0","0",,,"0","150","2024-04-03 11:47:18"
"628e0063fa56e316da2a71cb",,"5","49","59","1","5","5","0","0","541","833","0","1","4","2","0.82","0.38","0","0",,,"1","155","2024-04-03 11:47:21"
"628e0063fa56e316da2a71cb",,"5","50","31","2","5","5","1","0","499","750","1","0","2","4","0.38","0.88","0","0",,,"1","160","2024-04-03 11:47:23"
"628e0063fa56e316da2a71cb",,"5","51","33","1","5","5","0","0","583","834","0","1","3","1","0.5","0.18","0","0",,,"0","160","2024-04-03 11:47:26"
"628e0063fa56e316da2a71cb",,"5","52","7","2","5","5","1","0","500","750","1","0","1","4","0.12","0.88","0","0",,,"1","165","2024-04-03 11:47:29"
"628e0063fa56e316da2a71cb",,"5","53","26","1","5","5","0","0","667","959","0","1","2","1","0.38","0.27","0","0",,,"0","165","2024-04-03 11:47:32"
"628e0063fa56e316da2a71cb",,"5","54","43","1","5","5","1","1","584","792","1","0","3","2","0.62","0.38","0","0",,,"0","165","2024-04-03 11:47:35"
"628e0063fa56e316da2a71cb",,"5","55","9","2","5","5","1","0","500","750","1","0","1","1","0.18","0.27","0","0",,,"0","165","2024-04-03 11:47:37"
"628e0063fa56e316da2a71cb",,"5","56","23","2","5","5","0","1","459","709","0","1","1","4","0.27","0.88","0","0",,,"1","170","2024-04-03 11:47:40"
"628e0063fa56e316da2a71cb",,"5","57","48","1","5","5","0","0","499","792","0","1","4","1","0.73","0.12","0","0",,,"0","170","2024-04-03 11:47:43"
"628e0063fa56e316da2a71cb",,"5","58","70","1","5","5","0","0","791","1083","0","1","4","4","0.88","0.73","0","0",,,"1","175","2024-04-03 11:47:46"
"628e0063fa56e316da2a71cb",,"5","59","3","2","5","5","0","1","541","876","0","1","1","3","0.12","0.5","0","0",,,"0","175","2024-04-03 11:47:49"
"628e0063fa56e316da2a71cb",,"5","60","12","2","5","5","1","0","583","833","1","0","1","3","0.18","0.62","0","0",,,"0","175","2024-04-03 11:47:52"
"628e0063fa56e316da2a71cb",,"5","61","65","1","5","5","0","0","583","916","0","1","4","1","0.88","0.18","0","0",,,"1","180","2024-04-03 11:47:55"
"628e0063fa56e316da2a71cb",,"5","62","38","1","5","5","1","1","958","1166","1","0","3","4","0.5","0.82","0","0",,,"1","185","2024-04-03 11:47:58"
"628e0063fa56e316da2a71cb",,"5","63","52","2","5","5","0","1","834","1125","0","1","4","3","0.73","0.5","0","0",,,"0","185","2024-04-03 11:48:01"
"628e0063fa56e316da2a71cb",,"5","64","71","1","5","5","1","1","583","792","1","0","4","4","0.88","0.82","0","0",,,"0","185","2024-04-03 11:48:04"
"628e0063fa56e316da2a71cb",,"5","65","11","2","5","5","0","1","541","833","0","1","1","3","0.18","0.5","0","0",,,"1","190","2024-04-03 11:48:06"
"628e0063fa56e316da2a71cb",,"5","66","29","2","5","5","0","1","542","875","0","1","2","4","0.38","0.73","0","0",,,"1","195","2024-04-03 11:48:09"
"628e0063fa56e316da2a71cb",,"5","67","50","1","5","5","0","0","625","1000","0","1","4","1","0.73","0.27","0","0",,,"0","195","2024-04-03 11:48:12"
"628e0063fa56e316da2a71cb",,"5","68","51","1","5","5","1","1","499","708","1","0","4","2","0.73","0.38","0","0",,,"1","200","2024-04-03 11:48:15"
"628e0063fa56e316da2a71cb",,"5","69","22","2","5","5","1","0","708","833","1","0","1","4","0.27","0.82","0","0",,,"1","205","2024-04-03 11:48:17"
"628e0063fa56e316da2a71cb",,"5","70","56","1","5","5","1","1","626","917","1","0","4","1","0.82","0.12","0","0",,,"1","210","2024-04-03 11:48:20"
"628e0063fa56e316da2a71cb",,"5","71","0","2","5","5","1","0","749","1000","1","0","1","1","0.12","0.18","0","0",,,"0","210","2024-04-03 11:48:23"
"62740cf8e39eba1055ef571b",,"0","0","1","1","5","5","1","1","1032","1648","1","1","1","1","0.12","0.27","0","0",,,"0","0","2024-04-03 12:25:38"
"62740cf8e39eba1055ef571b",,"0","1","39","1","5","5","1","1","999","1518","1","0","3","4","0.5","0.88","0","0",,,"0","0","2024-04-03 12:25:41"
"62740cf8e39eba1055ef571b",,"0","2","45","1","5","5","0","0","799","1328","0","1","3","4","0.62","0.73","0","0",,,"1","5","2024-04-03 12:25:44"
"62740cf8e39eba1055ef571b",,"0","3","22","1","5","5","0","0","831","1299","0","1","1","4","0.27","0.82","0","0",,,"1","10","2024-04-03 12:25:47"
"62740cf8e39eba1055ef571b",,"0","4","19","1","5","5","1","1","850","1302","1","0","1","3","0.27","0.5","0","0",,,"0","10","2024-04-03 12:25:50"
"62740cf8e39eba1055ef571b",,"0","5","12","2","5","5","0","1","1166","1619","0","1","1","3","0.18","0.62","0","0",,,"0","10","2024-04-03 12:25:54"
"62740cf8e39eba1055ef571b",,"0","6","55","1","5","5","1","1","635","1351","1","0","4","4","0.73","0.88","0","0",,,"1","15","2024-04-03 12:25:57"
"62740cf8e39eba1055ef571b",,"0","7","71","2","5","5","0","1","965","1465","0","1","4","4","0.88","0.82","0","0",,,"1","20","2024-04-03 12:26:00"
"62740cf8e39eba1055ef571b",,"0","8","16","2","5","5","1","0","1577","2112","1","0","1","1","0.27","0.12","0","0",,,"0","20","2024-04-03 12:26:04"
"62740cf8e39eba1055ef571b",,"0","9","31","1","5","5","1","1","583","1032","1","0","2","4","0.38","0.88","0","0",,,"0","20","2024-04-03 12:26:07"
"62740cf8e39eba1055ef571b",,"0","10","58","2","5","5","0","1","732","1150","0","1","4","1","0.82","0.27","0","0",,,"0","20","2024-04-03 12:26:10"
"62740cf8e39eba1055ef571b",,"0","11","14","1","5","5","0","0","632","999","0","1","1","4","0.18","0.82","0","0",,,"0","20","2024-04-03 12:26:13"
"62740cf8e39eba1055ef571b",,"0","12","7","1","5","5","0","0","883","1249","0","1","1","4","0.12","0.88","0","0",,,"0","20","2024-04-03 12:26:16"
"62740cf8e39eba1055ef571b",,"0","13","21","2","5","5","1","0","681","1064","1","0","1","4","0.27","0.73","0","0",,,"1","25","2024-04-03 12:26:19"
"62740cf8e39eba1055ef571b",,"0","14","60","2","5","5","0","1","549","982","0","1","4","3","0.82","0.5","0","0",,,"0","25","2024-04-03 12:26:21"
"62740cf8e39eba1055ef571b",,"0","15","34","1","5","5","0","0","882","1149","0","1","3","1","0.5","0.27","0","0",,,"1","30","2024-04-03 12:26:24"
"62740cf8e39eba1055ef571b",,"0","16","20","2","5","5","0","1","616","966","0","1","1","3","0.27","0.62","0","0",,,"0","30","2024-04-03 12:26:27"
"62740cf8e39eba1055ef571b",,"0","17","4","1","5","5","0","0","618","901","0","1","1","3","0.12","0.62","0","0",,,"1","35","2024-04-03 12:26:30"
"62740cf8e39eba1055ef571b",,"0","18","37","1","5","5","1","1","967","1267","1","0","3","4","0.5","0.73","0","0",,,"1","40","2024-04-03 12:26:33"
"62740cf8e39eba1055ef571b",,"0","19","51","2","5","5","0","1","582","916","0","1","4","2","0.73","0.38","0","0",,,"0","40","2024-04-03 12:26:36"
"62740cf8e39eba1055ef571b",,"0","20","59","1","5","5","0","0","633","917","0","1","4","2","0.82","0.38","0","0",,,"1","45","2024-04-03 12:26:38"
"62740cf8e39eba1055ef571b",,"0","21","46","2","5","5","1","0","932","1265","1","0","3","4","0.62","0.82","0","0",,,"1","50","2024-04-03 12:26:41"
"62740cf8e39eba1055ef571b",,"0","22","57","1","5","5","0","0","668","932","0","1","4","1","0.82","0.18","0","0",,,"1","55","2024-04-03 12:26:44"
"62740cf8e39eba1055ef571b",,"0","23","0","2","5","5","1","0","1598","2416","1","1","1","1","0.12","0.18","0","0",,,"1","60","2024-04-03 12:26:48"
"62740cf8e39eba1055ef571b",,"0","24","3","2","5","5","0","1","699","1017","0","1","1","3","0.12","0.5","0","0",,,"0","60","2024-04-03 12:26:51"
"62740cf8e39eba1055ef571b",,"0","25","29","1","5","5","1","1","583","883","1","0","2","4","0.38","0.73","0","0",,,"0","60","2024-04-03 12:26:54"
"62740cf8e39eba1055ef571b",,"0","26","9","2","5","5","1","0","1349","1700","1","0","1","1","0.18","0.27","0","0",,,"0","60","2024-04-03 12:26:57"
"62740cf8e39eba1055ef571b",,"0","27","35","1","5","5","1","1","683","1032","1","0","3","2","0.5","0.38","0","0",,,"1","65","2024-04-03 12:27:00"
"62740cf8e39eba1055ef571b",,"0","28","28","2","5","5","0","1","567","950","0","1","2","3","0.38","0.62","0","0",,,"1","70","2024-04-03 12:27:03"
"62740cf8e39eba1055ef571b",,"0","29","13","2","5","5","0","1","548","849","0","1","1","4","0.18","0.73","0","0",,,"1","75","2024-04-03 12:27:05"
"62740cf8e39eba1055ef571b",,"0","30","11","2","5","5","0","1","667","982","0","1","1","3","0.18","0.5","0","0",,,"1","80","2024-04-03 12:27:08"
"62740cf8e39eba1055ef571b",,"0","31","6","2","5","5","1","0","599","931","1","0","1","4","0.12","0.82","0","0",,,"0","80","2024-04-03 12:27:11"
"62740cf8e39eba1055ef571b",,"0","32","62","2","5","5","0","1","1065","1402","0","1","4","4","0.82","0.73","0","0",,,"1","85","2024-04-03 12:27:14"
"62740cf8e39eba1055ef571b",,"0","33","56","2","5","5","1","0","683","1016","1","0","4","1","0.82","0.12","0","0",,,"0","85","2024-04-03 12:27:16"
"62740cf8e39eba1055ef571b",,"0","34","40","1","5","5","1","1","548","900","1","0","3","1","0.62","0.12","0","0",,,"0","85","2024-04-03 12:27:19"
"62740cf8e39eba1055ef571b",,"0","35","27","1","5","5","0","0","549","933","0","1","2","3","0.38","0.5","0","0",,,"1","90","2024-04-03 12:27:22"
"62740cf8e39eba1055ef571b",,"0","36","38","1","5","5","0","0","666","966","0","1","3","4","0.5","0.82","0","0",,,"0","90","2024-04-03 12:27:25"
"62740cf8e39eba1055ef571b",,"0","37","41","2","5","5","0","1","515","817","0","1","3","1","0.62","0.18","0","0",,,"0","90","2024-04-03 12:27:28"
"62740cf8e39eba1055ef571b",,"0","38","43","1","5","5","0","0","550","849","0","1","3","2","0.62","0.38","0","0",,,"0","90","2024-04-03 12:27:31"
"62740cf8e39eba1055ef571b",,"0","39","63","1","5","5","0","0","1033","1290","0","1","4","4","0.82","0.88","0","0",,,"1","95","2024-04-03 12:27:34"
"62740cf8e39eba1055ef571b",,"0","40","2","2","5","5","0","1","1416","1733","0","1","1","2","0.12","0.38","0","0",,,"1","100","2024-04-03 12:27:37"
"62740cf8e39eba1055ef571b",,"0","41","25","1","5","5","1","1","650","981","1","0","2","1","0.38","0.18","0","0",,,"0","100","2024-04-03 12:27:40"
"62740cf8e39eba1055ef571b",,"0","42","61","2","5","5","1","0","682","968","1","0","4","3","0.82","0.62","0","0",,,"1","105","2024-04-03 12:27:43"
"62740cf8e39eba1055ef571b",,"0","43","33","2","5","5","1","0","766","1119","1","0","3","1","0.5","0.18","0","0",,,"0","105","2024-04-03 12:27:46"
"62740cf8e39eba1055ef571b",,"0","44","17","1","5","5","0","0","866","1199","0","1","1","1","0.27","0.18","0","0",,,"1","110","2024-04-03 12:27:49"
"62740cf8e39eba1055ef571b",,"0","45","15","2","5","5","1","0","699","1049","1","0","1","4","0.18","0.88","0","0",,,"0","110","2024-04-03 12:27:51"
"62740cf8e39eba1055ef571b",,"0","46","70","2","5","5","1","0","915","1339","1","0","4","4","0.88","0.73","0","0",,,"1","115","2024-04-03 12:27:55"
"62740cf8e39eba1055ef571b",,"0","47","24","2","5","5","0","1","767","1017","0","1","2","1","0.38","0.12","0","0",,,"0","115","2024-04-03 12:27:57"
"62740cf8e39eba1055ef571b",,"0","48","64","1","5","5","1","1","949","1284","1","0","4","1","0.88","0.12","0","0",,,"1","120","2024-04-03 12:28:01"
"62740cf8e39eba1055ef571b",,"0","49","32","1","5","5","1","1","616","934","1","0","3","1","0.5","0.12","0","0",,,"1","125","2024-04-03 12:28:03"
"62740cf8e39eba1055ef571b",,"0","50","53","1","5","5","1","1","598","882","1","0","4","3","0.73","0.62","0","0",,,"0","125","2024-04-03 12:28:06"
"62740cf8e39eba1055ef571b",,"0","51","36","2","5","5","1","0","599","866","1","0","3","3","0.5","0.62","0","0",,,"1","130","2024-04-03 12:28:09"
"62740cf8e39eba1055ef571b",,"0","52","18","2","5","5","0","1","682","1201","0","1","1","2","0.27","0.38","0","0",,,"1","135","2024-04-03 12:28:12"
"62740cf8e39eba1055ef571b",,"0","53","50","1","5","5","1","1","833","1266","1","0","4","1","0.73","0.27","0","0",,,"0","135","2024-04-03 12:28:15"
"62740cf8e39eba1055ef571b",,"0","54","54","1","5","5","1","1","834","1218","1","0","4","4","0.73","0.82","0","0",,,"0","135","2024-04-03 12:28:18"
"62740cf8e39eba1055ef571b",,"0","55","68","1","5","5","0","0","565","916","0","1","4","3","0.88","0.5","0","0",,,"1","140","2024-04-03 12:28:21"
"62740cf8e39eba1055ef571b",,"0","56","49","1","5","5","1","1","583","983","1","0","4","1","0.73","0.18","0","0",,,"0","140","2024-04-03 12:28:23"
"62740cf8e39eba1055ef571b",,"0","57","48","1","5","5","0","0","581","966","0","1","4","1","0.73","0.12","0","0",,,"0","140","2024-04-03 12:28:26"
"62740cf8e39eba1055ef571b",,"0","58","8","2","5","5","0","1","1065","1535","0","1","1","1","0.18","0.12","0","0",,,"0","140","2024-04-03 12:28:30"
"62740cf8e39eba1055ef571b",,"0","59","42","2","5","5","0","1","582","916","0","1","3","1","0.62","0.27","0","0",,,"0","140","2024-04-03 12:28:33"
"62740cf8e39eba1055ef571b",,"0","60","47","1","5","5","1","1","499","916","1","0","3","4","0.62","0.88","0","0",,,"1","145","2024-04-03 12:28:35"
"62740cf8e39eba1055ef571b",,"0","61","10","1","5","5","0","0","748","1165","0","1","1","2","0.18","0.38","0","0",,,"1","150","2024-04-03 12:28:38"
"62740cf8e39eba1055ef571b",,"0","62","66","2","5","5","1","0","566","998","1","0","4","1","0.88","0.27","0","0",,,"0","150","2024-04-03 12:28:41"
"62740cf8e39eba1055ef571b",,"0","63","5","2","5","5","1","0","584","1001","1","0","1","4","0.12","0.73","0","0",,,"0","150","2024-04-03 12:28:44"
"62740cf8e39eba1055ef571b",,"0","64","52","2","5","5","1","0","549","916","1","0","4","3","0.73","0.5","0","0",,,"1","155","2024-04-03 12:28:47"
"62740cf8e39eba1055ef571b",,"0","65","44","1","5","5","1","1","1032","1435","1","0","3","3","0.62","0.5","0","0",,,"1","160","2024-04-03 12:28:50"
"62740cf8e39eba1055ef571b",,"0","66","65","2","5","5","1","0","769","1136","1","0","4","1","0.88","0.18","0","0",,,"0","160","2024-04-03 12:28:53"
"62740cf8e39eba1055ef571b",,"0","67","23","2","5","5","0","1","583","983","0","1","1","4","0.27","0.88","0","0",,,"1","165","2024-04-03 12:28:56"
"62740cf8e39eba1055ef571b",,"0","68","30","2","5","5","0","1","598","965","0","1","2","4","0.38","0.82","0","0",,,"1","170","2024-04-03 12:28:58"
"62740cf8e39eba1055ef571b",,"0","69","67","1","5","5","1","1","467","884","1","0","4","2","0.88","0.38","0","0",,,"0","170","2024-04-03 12:29:01"
"62740cf8e39eba1055ef571b",,"0","70","69","2","5","5","0","1","548","1116","0","1","4","3","0.88","0.62","0","0",,,"0","170","2024-04-03 12:29:04"
"62740cf8e39eba1055ef571b",,"0","71","26","1","5","5","0","0","799","1116","0","1","2","1","0.38","0.27","0","0",,,"0","170","2024-04-03 12:29:07"
"62740cf8e39eba1055ef571b",,"1","0","2","1","5","5","1","1","615","1032","1","0","1","2","0.12","0.38","0","0",,,"0","0","2024-04-03 12:29:34"
"62740cf8e39eba1055ef571b",,"1","1","39","2","5","5","0","1","534","935","0","1","3","4","0.5","0.88","0","0",,,"1","5","2024-04-03 12:29:36"
"62740cf8e39eba1055ef571b",,"1","2","70","1","5","5","0","0","449","849","0","1","4","4","0.88","0.73","0","0",,,"1","10","2024-04-03 12:29:39"
"62740cf8e39eba1055ef571b",,"1","3","31","2","5","5","1","0","765","1216","1","0","2","4","0.38","0.88","0","0",,,"0","10","2024-04-03 12:29:42"
"62740cf8e39eba1055ef571b",,"1","4","18","1","5","5","0","0","1034","1382","0","1","1","2","0.27","0.38","0","0",,,"0","10","2024-04-03 12:29:45"
"62740cf8e39eba1055ef571b",,"1","5","24","1","5","5","0","0","716","1084","0","1","2","1","0.38","0.12","0","0",,,"1","15","2024-04-03 12:29:48"
"62740cf8e39eba1055ef571b",,"1","6","38","2","5","5","1","0","715","1232","1","0","3","4","0.5","0.82","0","0",,,"1","20","2024-04-03 12:29:51"
"62740cf8e39eba1055ef571b",,"1","7","51","1","5","5","1","1","599","1001","1","0","4","2","0.73","0.38","0","0",,,"1","25","2024-04-03 12:29:54"
"62740cf8e39eba1055ef571b",,"1","8","3","2","5","5","0","1","668","1053","0","1","1","3","0.12","0.5","0","0",,,"1","30","2024-04-03 12:29:57"
"62740cf8e39eba1055ef571b",,"1","9","17","1","5","5","1","1","1501","1916","1","0","1","1","0.27","0.18","0","0",,,"0","30","2024-04-03 12:30:00"
"62740cf8e39eba1055ef571b",,"1","10","10","1","5","5","0","0","798","1185","0","1","1","2","0.18","0.38","0","0",,,"0","30","2024-04-03 12:30:03"
"62740cf8e39eba1055ef571b",,"1","11","14","2","5","5","0","1","683","983","0","1","1","4","0.18","0.82","0","0",,,"0","30","2024-04-03 12:30:06"
"62740cf8e39eba1055ef571b",,"1","12","58","2","5","5","0","1","1084","1387","0","1","4","1","0.82","0.27","0","0",,,"0","30","2024-04-03 12:30:09"
"62740cf8e39eba1055ef571b",,"1","13","16","2","5","5","1","0","466","833","1","0","1","1","0.27","0.12","0","0",,,"0","30","2024-04-03 12:30:12"
"62740cf8e39eba1055ef571b",,"1","14","50","1","5","5","0","0","549","915","0","1","4","1","0.73","0.27","0","0",,,"1","35","2024-04-03 12:30:15"
"62740cf8e39eba1055ef571b",,"1","15","61","1","5","5","1","1","499","1348","1","1","4","3","0.82","0.62","0","0",,,"1","40","2024-04-03 12:30:18"
"62740cf8e39eba1055ef571b",,"1","16","30","2","5","5","0","1","483","799","0","1","2","4","0.38","0.82","0","0",,,"1","45","2024-04-03 12:30:21"
"62740cf8e39eba1055ef571b",,"1","17","41","1","5","5","1","1","517","918","1","0","3","1","0.62","0.18","0","0",,,"0","45","2024-04-03 12:30:23"
"62740cf8e39eba1055ef571b",,"1","18","49","2","5","5","1","0","732","1048","1","0","4","1","0.73","0.18","0","0",,,"0","45","2024-04-03 12:30:26"
"62740cf8e39eba1055ef571b",,"1","19","19","2","5","5","0","1","498","899","0","1","1","3","0.27","0.5","0","0",,,"0","45","2024-04-03 12:30:29"
"62740cf8e39eba1055ef571b",,"1","20","68","1","5","5","0","0","1001","1350","0","1","4","3","0.88","0.5","0","0",,,"1","50","2024-04-03 12:30:32"
"62740cf8e39eba1055ef571b",,"1","21","47","2","5","5","0","1","483","900","0","1","3","4","0.62","0.88","0","0",,,"1","55","2024-04-03 12:30:35"
"62740cf8e39eba1055ef571b",,"1","22","12","1","5","5","1","1","949","1282","1","0","1","3","0.18","0.62","0","0",,,"0","55","2024-04-03 12:30:38"
"62740cf8e39eba1055ef571b",,"1","23","48","1","5","5","1","1","583","934","1","0","4","1","0.73","0.12","0","0",,,"1","60","2024-04-03 12:30:41"
"62740cf8e39eba1055ef571b",,"1","24","22","2","5","5","0","1","548","930","0","1","1","4","0.27","0.82","0","0",,,"1","65","2024-04-03 12:30:44"
"62740cf8e39eba1055ef571b",,"1","25","21","2","5","5","1","0","517","884","1","0","1","4","0.27","0.73","0","0",,,"1","70","2024-04-03 12:30:46"
"62740cf8e39eba1055ef571b",,"1","26","65","1","5","5","1","1","832","1216","1","0","4","1","0.88","0.18","0","0",,,"1","75","2024-04-03 12:30:49"
"62740cf8e39eba1055ef571b",,"1","27","25","1","5","5","0","0","499","833","0","1","2","1","0.38","0.18","0","0",,,"0","75","2024-04-03 12:30:52"
"62740cf8e39eba1055ef571b",,"1","28","11","1","5","5","1","1","715","1049","1","0","1","3","0.18","0.5","0","0",,,"0","75","2024-04-03 12:30:55"
"62740cf8e39eba1055ef571b",,"1","29","55","2","5","5","1","0","899","1200","1","0","4","4","0.73","0.88","0","0",,,"1","80","2024-04-03 12:30:58"
"62740cf8e39eba1055ef571b",,"1","30","44","1","5","5","0","0","567","950","0","1","3","3","0.62","0.5","0","0",,,"0","80","2024-04-03 12:31:00"
"62740cf8e39eba1055ef571b",,"1","31","54","2","5","5","0","1","949","1228","0","1","4","4","0.73","0.82","0","0",,,"1","85","2024-04-03 12:31:04"
"62740cf8e39eba1055ef571b",,"1","32","36","2","5","5","1","0","699","999","1","0","3","3","0.5","0.62","0","0",,,"1","90","2024-04-03 12:31:06"
"62740cf8e39eba1055ef571b",,"1","33","56","1","5","5","0","0","515","816","0","1","4","1","0.82","0.12","0","0",,,"1","95","2024-04-03 12:31:09"
"62740cf8e39eba1055ef571b",,"1","34","46","2","5","5","0","1","697","1030","0","1","3","4","0.62","0.82","0","0",,,"1","100","2024-04-03 12:31:12"
"62740cf8e39eba1055ef571b",,"1","35","28","2","5","5","1","0","467","718","1","0","2","3","0.38","0.62","0","0",,,"1","105","2024-04-03 12:31:14"
"62740cf8e39eba1055ef571b",,"1","36","1","2","5","5","1","0","849","1166","1","0","1","1","0.12","0.27","0","0",,,"0","105","2024-04-03 12:31:17"
"62740cf8e39eba1055ef571b",,"1","37","20","2","5","5","0","1","649","949","0","1","1","3","0.27","0.62","0","0",,,"1","110","2024-04-03 12:31:20"
"62740cf8e39eba1055ef571b",,"1","38","35","1","5","5","1","1","566","885","1","0","3","2","0.5","0.38","0","0",,,"1","115","2024-04-03 12:31:23"
"62740cf8e39eba1055ef571b",,"1","39","63","2","5","5","1","0","882","1150","1","0","4","4","0.82","0.88","0","0",,,"1","120","2024-04-03 12:31:25"
"62740cf8e39eba1055ef571b",,"1","40","32","1","5","5","0","0","499","784","0","1","3","1","0.5","0.12","0","0",,,"1","125","2024-04-03 12:31:28"
"62740cf8e39eba1055ef571b",,"1","41","57","1","5","5","0","0","532","833","0","1","4","1","0.82","0.18","0","0",,,"0","125","2024-04-03 12:31:30"
"62740cf8e39eba1055ef571b",,"1","42","62","1","5","5","1","1","632","899","1","0","4","4","0.82","0.73","0","0",,,"0","125","2024-04-03 12:31:33"
"62740cf8e39eba1055ef571b",,"1","43","5","2","5","5","0","1","532","816","0","1","1","4","0.12","0.73","0","0",,,"1","130","2024-04-03 12:31:36"
"62740cf8e39eba1055ef571b",,"1","44","52","1","5","5","1","1","583","866","1","0","4","3","0.73","0.5","0","0",,,"1","135","2024-04-03 12:31:39"
"62740cf8e39eba1055ef571b",,"1","45","4","2","5","5","1","0","566","866","1","0","1","3","0.12","0.62","0","0",,,"1","140","2024-04-03 12:31:41"
"62740cf8e39eba1055ef571b",,"1","46","33","1","5","5","0","0","582","849","0","1","3","1","0.5","0.18","0","0",,,"1","145","2024-04-03 12:31:44"
"62740cf8e39eba1055ef571b",,"1","47","67","1","5","5","1","1","550","800","1","0","4","2","0.88","0.38","0","0",,,"1","150","2024-04-03 12:31:47"
"62740cf8e39eba1055ef571b",,"1","48","26","1","5","5","0","0","482","765","0","1","2","1","0.38","0.27","0","0",,,"0","150","2024-04-03 12:31:49"
"62740cf8e39eba1055ef571b",,"1","49","71","2","5","5","0","1","749","1000","0","1","4","4","0.88","0.82","0","0",,,"0","150","2024-04-03 12:31:52"
"62740cf8e39eba1055ef571b",,"1","50","40","1","5","5","0","0","531","816","0","1","3","1","0.62","0.12","0","0",,,"1","155","2024-04-03 12:31:55"
"62740cf8e39eba1055ef571b",,"1","51","42","1","5","5","0","0","499","785","0","1","3","1","0.62","0.27","0","0",,,"1","160","2024-04-03 12:31:57"
"62740cf8e39eba1055ef571b",,"1","52","0","2","5","5","0","1","648","916","0","1","1","1","0.12","0.18","0","0",,,"0","160","2024-04-03 12:32:00"
"62740cf8e39eba1055ef571b",,"1","53","43","1","5","5","0","0","532","816","0","1","3","2","0.62","0.38","0","0",,,"0","160","2024-04-03 12:32:03"
"62740cf8e39eba1055ef571b",,"1","54","64","1","5","5","1","1","533","784","1","0","4","1","0.88","0.12","0","0",,,"1","165","2024-04-03 12:32:06"
"62740cf8e39eba1055ef571b",,"1","55","9","2","5","5","0","1","932","1251","0","1","1","1","0.18","0.27","0","0",,,"0","165","2024-04-03 12:32:09"
"62740cf8e39eba1055ef571b",,"1","56","53","1","5","5","1","1","849","1115","1","0","4","3","0.73","0.62","0","0",,,"1","170","2024-04-03 12:32:12"
"62740cf8e39eba1055ef571b",,"1","57","60","1","5","5","1","1","549","817","1","0","4","3","0.82","0.5","0","0",,,"1","175","2024-04-03 12:32:14"
"62740cf8e39eba1055ef571b",,"1","58","7","2","5","5","1","0","432","816","1","0","1","4","0.12","0.88","0","0",,,"1","180","2024-04-03 12:32:17"
"62740cf8e39eba1055ef571b",,"1","59","15","2","5","5","1","0","515","832","1","0","1","4","0.18","0.88","0","0",,,"1","185","2024-04-03 12:32:19"
"62740cf8e39eba1055ef571b",,"1","60","23","2","5","5","0","1","465","849","0","1","1","4","0.27","0.88","0","0",,,"1","190","2024-04-03 12:32:22"
"62740cf8e39eba1055ef571b",,"1","61","59","1","5","5","1","1","599","966","1","0","4","2","0.82","0.38","0","0",,,"1","195","2024-04-03 12:32:25"
"62740cf8e39eba1055ef571b",,"1","62","45","2","5","5","1","0","649","1017","1","0","3","4","0.62","0.73","0","0",,,"1","200","2024-04-03 12:32:27"
"62740cf8e39eba1055ef571b",,"1","63","13","2","5","5","1","0","483","1233","1","0","1","4","0.18","0.73","0","0",,,"1","205","2024-04-03 12:32:30"
"62740cf8e39eba1055ef571b",,"1","64","69","1","5","5","0","0","518","1233","0","1","4","3","0.88","0.62","0","0",,,"1","210","2024-04-03 12:32:33"
"62740cf8e39eba1055ef571b",,"1","65","6","2","5","5","1","0","566","1333","1","0","1","4","0.12","0.82","0","0",,,"1","215","2024-04-03 12:32:36"
"62740cf8e39eba1055ef571b",,"1","66","29","2","5","5","0","1","433","1133","0","1","2","4","0.38","0.73","0","0",,,"1","220","2024-04-03 12:32:39"
"62740cf8e39eba1055ef571b",,"1","67","37","2","5","5","1","0","399","1146","1","0","3","4","0.5","0.73","0","0",,,"1","225","2024-04-03 12:32:42"
"62740cf8e39eba1055ef571b",,"1","68","34","1","5","5","1","1","499","1066","1","0","3","1","0.5","0.27","0","0",,,"1","230","2024-04-03 12:32:45"
"62740cf8e39eba1055ef571b",,"1","69","27","2","5","5","0","1","499","1084","0","1","2","3","0.38","0.5","0","0",,,"0","230","2024-04-03 12:32:47"
"62740cf8e39eba1055ef571b",,"1","70","8","1","5","5","0","0","767","1452","0","1","1","1","0.18","0.12","0","0",,,"0","230","2024-04-03 12:32:51"
"62740cf8e39eba1055ef571b",,"1","71","66","1","5","5","1","1","483","999","1","0","4","1","0.88","0.27","0","0",,,"1","235","2024-04-03 12:32:54"
"62740cf8e39eba1055ef571b",,"2","0","27","2","5","5","1","0","184","1067","1","0","2","3","0.38","0.5","0","0",,,"0","0","2024-04-03 12:33:07"
"62740cf8e39eba1055ef571b",,"2","1","40","1","5","5","0","0","534","1000","0","1","3","1","0.62","0.12","0","0",,,"1","5","2024-04-03 12:33:10"
"62740cf8e39eba1055ef571b",,"2","2","55","2","5","5","0","1","816","1418","0","1","4","4","0.73","0.88","0","0",,,"1","10","2024-04-03 12:33:13"
"62740cf8e39eba1055ef571b",,"2","3","17","1","5","5","0","0","865","1433","0","1","1","1","0.27","0.18","0","0",,,"0","10","2024-04-03 12:33:16"
"62740cf8e39eba1055ef571b",,"2","4","24","1","5","5","0","0","583","1169","0","1","2","1","0.38","0.12","0","0",,,"0","10","2024-04-03 12:33:19"
"62740cf8e39eba1055ef571b",,"2","5","48","1","5","5","1","1","532","1116","1","0","4","1","0.73","0.12","0","0",,,"1","15","2024-04-03 12:33:22"
"62740cf8e39eba1055ef571b",,"2","6","46","2","5","5","1","0","666","1198","1","0","3","4","0.62","0.82","0","0",,,"0","15","2024-04-03 12:33:25"
"62740cf8e39eba1055ef571b",,"2","7","15","2","5","5","1","0","500","1017","1","0","1","4","0.18","0.88","0","0",,,"1","20","2024-04-03 12:33:28"
"62740cf8e39eba1055ef571b",,"2","8","10","2","5","5","1","0","582","1101","1","0","1","2","0.18","0.38","0","0",,,"1","25","2024-04-03 12:33:31"
"62740cf8e39eba1055ef571b",,"2","9","35","1","5","5","0","0","631","1199","0","1","3","2","0.5","0.38","0","0",,,"0","25","2024-04-03 12:33:34"
"62740cf8e39eba1055ef571b",,"2","10","47","2","5","5","0","1","532","966","0","1","3","4","0.62","0.88","0","0",,,"1","30","2024-04-03 12:33:37"
"62740cf8e39eba1055ef571b",,"2","11","54","2","5","5","0","1","1166","2035","1","1","4","4","0.73","0.82","0","0",,,"1","35","2024-04-03 12:33:40"
"62740cf8e39eba1055ef571b",,"2","12","34","1","5","5","1","1","682","1288","1","0","3","1","0.5","0.27","0","0",,,"1","40","2024-04-03 12:33:43"
"62740cf8e39eba1055ef571b",,"2","13","36","2","5","5","1","0","867","1383","1","0","3","3","0.5","0.62","0","0",,,"0","40","2024-04-03 12:33:46"
"62740cf8e39eba1055ef571b",,"2","14","58","1","5","5","1","1","666","1135","1","0","4","1","0.82","0.27","0","0",,,"1","45","2024-04-03 12:33:49"
"62740cf8e39eba1055ef571b",,"2","15","28","2","5","5","0","1","732","1283","0","1","2","3","0.38","0.62","0","0",,,"1","50","2024-04-03 12:33:52"
"62740cf8e39eba1055ef571b",,"2","16","30","2","5","5","0","1","582","1066","0","1","2","4","0.38","0.82","0","0",,,"1","55","2024-04-03 12:33:55"
"62740cf8e39eba1055ef571b",,"2","17","50","1","5","5","1","1","514","1081","1","0","4","1","0.73","0.27","0","0",,,"1","60","2024-04-03 12:33:58"
"62740cf8e39eba1055ef571b",,"2","18","59","1","5","5","0","0","715","1249","0","1","4","2","0.82","0.38","0","0",,,"1","65","2024-04-03 12:34:01"
"62740cf8e39eba1055ef571b",,"2","19","9","2","5","5","1","0","865","1401","1","0","1","1","0.18","0.27","0","0",,,"0","65","2024-04-03 12:34:04"
"62740cf8e39eba1055ef571b",,"2","20","21","2","5","5","0","1","566","1302","0","1","1","4","0.27","0.73","0","0",,,"1","70","2024-04-03 12:34:07"
"62740cf8e39eba1055ef571b",,"2","21","13","2","5","5","1","0","599","1332","1","0","1","4","0.18","0.73","0","0",,,"0","70","2024-04-03 12:34:10"
"62740cf8e39eba1055ef571b",,"2","22","67","1","5","5","0","0","449","982","0","1","4","2","0.88","0.38","0","0",,,"1","75","2024-04-03 12:34:13"
"62740cf8e39eba1055ef571b",,"2","23","7","2","5","5","1","0","565","1132","1","0","1","4","0.12","0.88","0","0",,,"1","80","2024-04-03 12:34:16"
"62740cf8e39eba1055ef571b",,"2","24","1","2","5","5","1","0","799","1283","1","0","1","1","0.12","0.27","0","0",,,"0","80","2024-04-03 12:34:19"
"62740cf8e39eba1055ef571b",,"2","25","37","2","5","5","0","1","535","1083","0","1","3","4","0.5","0.73","0","0",,,"1","85","2024-04-03 12:34:22"
"62740cf8e39eba1055ef571b",,"2","26","44","1","5","5","0","0","566","1033","0","1","3","3","0.62","0.5","0","0",,,"1","90","2024-04-03 12:34:25"
"62740cf8e39eba1055ef571b",,"2","27","49","1","5","5","0","0","630","1096","0","1","4","1","0.73","0.18","0","0",,,"1","95","2024-04-03 12:34:27"
"62740cf8e39eba1055ef571b",,"2","28","45","2","5","5","0","1","648","1115","0","1","3","4","0.62","0.73","0","0",,,"1","100","2024-04-03 12:34:30"
"62740cf8e39eba1055ef571b",,"2","29","29","2","5","5","1","0","532","1099","1","0","2","4","0.38","0.73","0","0",,,"0","100","2024-04-03 12:34:33"
"62740cf8e39eba1055ef571b",,"2","30","57","1","5","5","0","0","598","1226","0","1","4","1","0.82","0.18","0","0",,,"1","105","2024-04-03 12:34:36"
"62740cf8e39eba1055ef571b",,"2","31","70","1","5","5","0","0","830","1299","0","1","4","4","0.88","0.73","0","0",,,"1","110","2024-04-03 12:34:39"
"62740cf8e39eba1055ef571b",,"2","32","6","2","5","5","1","0","515","1116","1","0","1","4","0.12","0.82","0","0",,,"1","115","2024-04-03 12:34:42"
"62740cf8e39eba1055ef571b",,"2","33","26","1","5","5","0","0","1165","1649","0","1","2","1","0.38","0.27","0","0",,,"1","120","2024-04-03 12:34:45"
"62740cf8e39eba1055ef571b",,"2","34","61","1","5","5","0","0","982","1482","0","1","4","3","0.82","0.62","0","0",,,"0","120","2024-04-03 12:34:48"
"62740cf8e39eba1055ef571b",,"2","35","68","1","5","5","0","0","816","1734","0","1","4","3","0.88","0.5","0","0",,,"1","125","2024-04-03 12:34:52"
"62740cf8e39eba1055ef571b",,"2","36","3","2","5","5","0","1","782","1999","0","1","1","3","0.12","0.5","0","0",,,"1","130","2024-04-03 12:34:55"
"62740cf8e39eba1055ef571b",,"2","37","56","1","5","5","1","1","665","1164","1","0","4","1","0.82","0.12","0","0",,,"0","130","2024-04-03 12:34:58"
"62740cf8e39eba1055ef571b",,"2","38","4","2","5","5","1","0","716","1767","1","0","1","3","0.12","0.62","0","0",,,"0","130","2024-04-03 12:35:02"
"62740cf8e39eba1055ef571b",,"2","39","41","1","5","5","1","1","649","1050","1","0","3","1","0.62","0.18","0","0",,,"1","135","2024-04-03 12:35:05"
"62740cf8e39eba1055ef571b",,"2","40","2","2","5","5","0","1","682","1051","0","1","1","2","0.12","0.38","0","0",,,"0","135","2024-04-03 12:35:07"
"62740cf8e39eba1055ef571b",,"2","41","11","2","5","5","0","1","699","1134","0","1","1","3","0.18","0.5","0","0",,,"1","140","2024-04-03 12:35:11"
"62740cf8e39eba1055ef571b",,"2","42","23","2","5","5","0","1","666","1066","0","1","1","4","0.27","0.88","0","0",,,"1","145","2024-04-03 12:35:13"
"62740cf8e39eba1055ef571b",,"2","43","71","1","5","5","1","1","1064","1465","1","0","4","4","0.88","0.82","0","0",,,"1","150","2024-04-03 12:35:16"
"62740cf8e39eba1055ef571b",,"2","44","42","1","5","5","0","0","732","1116","0","1","3","1","0.62","0.27","0","0",,,"1","155","2024-04-03 12:35:19"
"62740cf8e39eba1055ef571b",,"2","45","43","1","5","5","1","1","699","1133","1","0","3","2","0.62","0.38","0","0",,,"0","155","2024-04-03 12:35:22"
"62740cf8e39eba1055ef571b",,"2","46","69","1","5","5","1","1","648","1016","1","0","4","3","0.88","0.62","0","0",,,"1","160","2024-04-03 12:35:25"
"62740cf8e39eba1055ef571b",,"2","47","31","2","5","5","0","1","715","1149","0","1","2","4","0.38","0.88","0","0",,,"1","165","2024-04-03 12:35:28"
"62740cf8e39eba1055ef571b",,"2","48","64","1","5","5","1","1","616","1099","1","0","4","1","0.88","0.12","0","0",,,"1","170","2024-04-03 12:35:31"
"62740cf8e39eba1055ef571b",,"2","49","14","2","5","5","0","1","766","1232","0","1","1","4","0.18","0.82","0","0",,,"1","175","2024-04-03 12:35:34"
"62740cf8e39eba1055ef571b",,"2","50","18","2","5","5","0","1","986","1366","0","1","1","2","0.27","0.38","0","0",,,"0","175","2024-04-03 12:35:37"
"62740cf8e39eba1055ef571b",,"2","51","63","2","5","5","1","0","830","1164","1","0","4","4","0.82","0.88","0","0",,,"1","180","2024-04-03 12:35:40"
"62740cf8e39eba1055ef571b",,"2","52","62","1","5","5","0","0","1349","1734","0","1","4","4","0.82","0.73","0","0",,,"1","185","2024-04-03 12:35:43"
"62740cf8e39eba1055ef571b",,"2","53","65","1","5","5","1","1","498","866","1","0","4","1","0.88","0.18","0","0",,,"1","190","2024-04-03 12:35:46"
"62740cf8e39eba1055ef571b",,"2","54","51","1","5","5","0","0","616","1066","0","1","4","2","0.73","0.38","0","0",,,"0","190","2024-04-03 12:35:49"
"62740cf8e39eba1055ef571b",,"2","55","32","1","5","5","1","1","632","967","1","0","3","1","0.5","0.12","0","0",,,"1","195","2024-04-03 12:35:51"
"62740cf8e39eba1055ef571b",,"2","56","22","2","5","5","1","0","615","950","1","0","1","4","0.27","0.82","0","0",,,"1","200","2024-04-03 12:35:54"
"62740cf8e39eba1055ef571b",,"2","57","5","2","5","5","1","0","499","933","1","0","1","4","0.12","0.73","0","0",,,"0","200","2024-04-03 12:35:57"
"62740cf8e39eba1055ef571b",,"2","58","12","2","5","5","1","0","549","935","1","0","1","3","0.18","0.62","0","0",,,"1","205","2024-04-03 12:36:00"
"62740cf8e39eba1055ef571b",,"2","59","66","1","5","5","1","1","465","816","1","0","4","1","0.88","0.27","0","0",,,"1","210","2024-04-03 12:36:02"
"62740cf8e39eba1055ef571b",,"2","60","20","2","5","5","0","1","516","883","0","1","1","3","0.27","0.62","0","0",,,"0","210","2024-04-03 12:36:05"
"62740cf8e39eba1055ef571b",,"2","61","33","1","5","5","1","1","533","849","1","0","3","1","0.5","0.18","0","0",,,"0","210","2024-04-03 12:36:08"
"62740cf8e39eba1055ef571b",,"2","62","39","2","5","5","0","1","532","1249","0","1","3","4","0.5","0.88","0","0",,,"1","215","2024-04-03 12:36:11"
"62740cf8e39eba1055ef571b",,"2","63","38","2","5","5","1","0","516","1049","1","0","3","4","0.5","0.82","0","0",,,"1","220","2024-04-03 12:36:14"
"62740cf8e39eba1055ef571b",,"2","64","25","1","5","5","0","0","699","1082","0","1","2","1","0.38","0.18","0","0",,,"0","220","2024-04-03 12:36:17"
"62740cf8e39eba1055ef571b",,"2","65","52","1","5","5","0","0","550","884","0","1","4","3","0.73","0.5","0","0",,,"1","225","2024-04-03 12:36:19"
"62740cf8e39eba1055ef571b",,"2","66","8","1","5","5","0","0","765","1099","0","1","1","1","0.18","0.12","0","0",,,"0","225","2024-04-03 12:36:22"
"62740cf8e39eba1055ef571b",,"2","67","0","2","5","5","0","1","649","986","0","1","1","1","0.12","0.18","0","0",,,"0","225","2024-04-03 12:36:25"
"62740cf8e39eba1055ef571b",,"2","68","19","2","5","5","1","0","632","966","1","0","1","3","0.27","0.5","0","0",,,"0","225","2024-04-03 12:36:28"
"62740cf8e39eba1055ef571b",,"2","69","16","1","5","5","0","0","831","1181","0","1","1","1","0.27","0.12","0","0",,,"0","225","2024-04-03 12:36:31"
"62740cf8e39eba1055ef571b",,"2","70","60","2","5","5","1","0","499","900","1","0","4","3","0.82","0.5","0","0",,,"1","230","2024-04-03 12:36:34"
"62740cf8e39eba1055ef571b",,"2","71","53","2","5","5","0","1","849","1266","0","1","4","3","0.73","0.62","0","0",,,"1","235","2024-04-03 12:36:37"
"62740cf8e39eba1055ef571b",,"3","0","13","2","5","5","1","0","666","1016","1","0","1","4","0.18","0.73","0","0",,,"1","5","2024-04-03 12:36:49"
"62740cf8e39eba1055ef571b",,"3","1","67","1","5","5","1","1","598","1016","1","0","4","2","0.88","0.38","0","0",,,"1","10","2024-04-03 12:36:52"
"62740cf8e39eba1055ef571b",,"3","2","70","1","5","5","0","0","799","1215","0","1","4","4","0.88","0.73","0","0",,,"1","15","2024-04-03 12:36:55"
"62740cf8e39eba1055ef571b",,"3","3","20","2","5","5","0","1","549","965","0","1","1","3","0.27","0.62","0","0",,,"1","20","2024-04-03 12:36:58"
"62740cf8e39eba1055ef571b",,"3","4","12","2","5","5","0","1","548","982","0","1","1","3","0.18","0.62","0","0",,,"1","25","2024-04-03 12:37:00"
"62740cf8e39eba1055ef571b",,"3","5","62","1","5","5","0","0","849","1202","0","1","4","4","0.82","0.73","0","0",,,"1","30","2024-04-03 12:37:03"
"62740cf8e39eba1055ef571b",,"3","6","34","1","5","5","0","0","533","917","0","1","3","1","0.5","0.27","0","0",,,"1","35","2024-04-03 12:37:06"
"62740cf8e39eba1055ef571b",,"3","7","46","2","5","5","0","1","749","1199","0","1","3","4","0.62","0.82","0","0",,,"1","40","2024-04-03 12:37:09"
"62740cf8e39eba1055ef571b",,"3","8","18","2","5","5","1","0","732","1132","1","0","1","2","0.27","0.38","0","0",,,"1","45","2024-04-03 12:37:11"
"62740cf8e39eba1055ef571b",,"3","9","66","1","5","5","0","0","484","933","0","1","4","1","0.88","0.27","0","0",,,"1","50","2024-04-03 12:37:14"
"62740cf8e39eba1055ef571b",,"3","10","21","2","5","5","0","1","532","950","0","1","1","4","0.27","0.73","0","0",,,"1","55","2024-04-03 12:37:17"
"62740cf8e39eba1055ef571b",,"3","11","7","2","5","5","1","0","467","852","1","0","1","4","0.12","0.88","0","0",,,"1","60","2024-04-03 12:37:19"
"62740cf8e39eba1055ef571b",,"3","12","26","1","5","5","1","1","701","1135","1","0","2","1","0.38","0.27","0","0",,,"1","65","2024-04-03 12:37:22"
"62740cf8e39eba1055ef571b",,"3","13","49","1","5","5","1","1","516","982","1","0","4","1","0.73","0.18","0","0",,,"1","70","2024-04-03 12:37:25"
"62740cf8e39eba1055ef571b",,"3","14","3","2","5","5","0","1","616","999","0","1","1","3","0.12","0.5","0","0",,,"1","75","2024-04-03 12:37:27"
"62740cf8e39eba1055ef571b",,"3","15","50","1","5","5","1","1","483","866","1","0","4","1","0.73","0.27","0","0",,,"1","80","2024-04-03 12:37:30"
"62740cf8e39eba1055ef571b",,"3","16","28","2","5","5","1","0","532","849","1","0","2","3","0.38","0.62","0","0",,,"0","80","2024-04-03 12:37:33"
"62740cf8e39eba1055ef571b",,"3","17","38","1","5","5","1","1","1066","1381","1","0","3","4","0.5","0.82","0","0",,,"1","85","2024-04-03 12:37:36"
"62740cf8e39eba1055ef571b",,"3","18","35","2","5","5","1","0","534","918","1","0","3","2","0.5","0.38","0","0",,,"0","85","2024-04-03 12:37:39"
"62740cf8e39eba1055ef571b",,"3","19","54","2","5","5","0","1","933","1285","0","1","4","4","0.73","0.82","0","0",,,"1","90","2024-04-03 12:37:42"
"62740cf8e39eba1055ef571b",,"3","20","45","2","5","5","1","0","766","1083","1","0","3","4","0.62","0.73","0","0",,,"1","95","2024-04-03 12:37:45"
"62740cf8e39eba1055ef571b",,"3","21","2","2","5","5","0","1","631","950","0","1","1","2","0.12","0.38","0","0",,,"0","95","2024-04-03 12:37:47"
"62740cf8e39eba1055ef571b",,"3","22","64","2","5","5","1","0","698","1033","1","0","4","1","0.88","0.12","0","0",,,"0","95","2024-04-03 12:37:50"
"62740cf8e39eba1055ef571b",,"3","23","33","1","5","5","0","0","565","883","0","1","3","1","0.5","0.18","0","0",,,"0","95","2024-04-03 12:37:53"
"62740cf8e39eba1055ef571b",,"3","24","47","2","5","5","0","1","450","750","0","1","3","4","0.62","0.88","0","0",,,"0","95","2024-04-03 12:37:56"
"62740cf8e39eba1055ef571b",,"3","25","15","1","5","5","1","1","464","782","1","0","1","4","0.18","0.88","0","0",,,"0","95","2024-04-03 12:37:59"
"62740cf8e39eba1055ef571b",,"3","26","14","2","5","5","0","1","732","1051","0","1","1","4","0.18","0.82","0","0",,,"1","100","2024-04-03 12:38:02"
"62740cf8e39eba1055ef571b",,"3","27","22","2","5","5","0","1","549","900","0","1","1","4","0.27","0.82","0","0",,,"1","105","2024-04-03 12:38:04"
"62740cf8e39eba1055ef571b",,"3","28","63","2","5","5","0","1","915","1232","0","1","4","4","0.82","0.88","0","0",,,"0","105","2024-04-03 12:38:07"
"62740cf8e39eba1055ef571b",,"3","29","55","2","5","5","1","0","1015","1284","1","0","4","4","0.73","0.88","0","0",,,"0","105","2024-04-03 12:38:10"
"62740cf8e39eba1055ef571b",,"3","30","11","1","5","5","1","1","1283","1634","1","0","1","3","0.18","0.5","0","0",,,"0","105","2024-04-03 12:38:14"
"62740cf8e39eba1055ef571b",,"3","31","37","2","5","5","1","0","665","949","1","0","3","4","0.5","0.73","0","0",,,"0","105","2024-04-03 12:38:17"
"62740cf8e39eba1055ef571b",,"3","32","57","2","5","5","1","0","698","966","1","0","4","1","0.82","0.18","0","0",,,"0","105","2024-04-03 12:38:20"
"62740cf8e39eba1055ef571b",,"3","33","10","2","5","5","1","0","815","1118","1","0","1","2","0.18","0.38","0","0",,,"1","110","2024-04-03 12:38:23"
"62740cf8e39eba1055ef571b",,"3","34","8","1","5","5","1","1","715","1035","1","0","1","1","0.18","0.12","0","0",,,"0","110","2024-04-03 12:38:25"
"62740cf8e39eba1055ef571b",,"3","35","19","2","5","5","0","1","732","1050","0","1","1","3","0.27","0.5","0","0",,,"0","110","2024-04-03 12:38:28"
"62740cf8e39eba1055ef571b",,"3","36","42","1","5","5","1","1","449","784","1","0","3","1","0.62","0.27","0","0",,,"1","115","2024-04-03 12:38:31"
"62740cf8e39eba1055ef571b",,"3","37","4","2","5","5","1","0","499","782","1","0","1","3","0.12","0.62","0","0",,,"0","115","2024-04-03 12:38:34"
"62740cf8e39eba1055ef571b",,"3","38","24","1","5","5","1","1","649","898","1","0","2","1","0.38","0.12","0","0",,,"1","120","2024-04-03 12:38:36"
"62740cf8e39eba1055ef571b",,"3","39","0","2","5","5","1","0","816","1119","1","0","1","1","0.12","0.18","0","0",,,"0","120","2024-04-03 12:38:39"
"62740cf8e39eba1055ef571b",,"3","40","59","1","5","5","0","0","582","900","0","1","4","2","0.82","0.38","0","0",,,"1","125","2024-04-03 12:38:42"
"62740cf8e39eba1055ef571b",,"3","41","61","1","5","5","0","0","698","998","0","1","4","3","0.82","0.62","0","0",,,"1","130","2024-04-03 12:38:45"
"62740cf8e39eba1055ef571b",,"3","42","65","1","5","5","0","0","535","865","0","1","4","1","0.88","0.18","0","0",,,"1","135","2024-04-03 12:38:48"
"62740cf8e39eba1055ef571b",,"3","43","68","1","5","5","1","1","516","752","1","0","4","3","0.88","0.5","0","0",,,"1","140","2024-04-03 12:38:50"
"62740cf8e39eba1055ef571b",,"3","44","6","2","5","5","0","1","549","933","0","1","1","4","0.12","0.82","0","0",,,"1","145","2024-04-03 12:38:53"
"62740cf8e39eba1055ef571b",,"3","45","43","1","5","5","0","0","483","817","0","1","3","2","0.62","0.38","0","0",,,"1","150","2024-04-03 12:38:55"
"62740cf8e39eba1055ef571b",,"3","46","32","1","5","5","1","1","481","715","1","0","3","1","0.5","0.12","0","0",,,"1","155","2024-04-03 12:38:58"
"62740cf8e39eba1055ef571b",,"3","47","23","2","5","5","0","1","549","865","0","1","1","4","0.27","0.88","0","0",,,"1","160","2024-04-03 12:39:00"
"62740cf8e39eba1055ef571b",,"3","48","69","1","5","5","0","0","499","835","0","1","4","3","0.88","0.62","0","0",,,"1","165","2024-04-03 12:39:03"
"62740cf8e39eba1055ef571b",,"3","49","60","1","5","5","1","1","465","716","1","0","4","3","0.82","0.5","0","0",,,"1","170","2024-04-03 12:39:05"
"62740cf8e39eba1055ef571b",,"3","50","56","1","5","5","0","0","482","799","0","1","4","1","0.82","0.12","0","0",,,"1","175","2024-04-03 12:39:08"
"62740cf8e39eba1055ef571b",,"3","51","31","2","5","5","0","1","500","800","0","1","2","4","0.38","0.88","0","0",,,"0","175","2024-04-03 12:39:10"
"62740cf8e39eba1055ef571b",,"3","52","58","1","5","5","1","1","699","967","1","0","4","1","0.82","0.27","0","0",,,"0","175","2024-04-03 12:39:13"
"62740cf8e39eba1055ef571b",,"3","53","5","2","5","5","0","1","749","1066","0","1","1","4","0.12","0.73","0","0",,,"1","180","2024-04-03 12:39:16"
"62740cf8e39eba1055ef571b",,"3","54","25","1","5","5","0","0","582","916","0","1","2","1","0.38","0.18","0","0",,,"1","185","2024-04-03 12:39:19"
"62740cf8e39eba1055ef571b",,"3","55","48","1","5","5","1","1","549","849","1","0","4","1","0.73","0.12","0","0",,,"1","190","2024-04-03 12:39:22"
"62740cf8e39eba1055ef571b",,"3","56","41","1","5","5","0","0","499","851","0","1","3","1","0.62","0.18","0","0",,,"0","190","2024-04-03 12:39:24"
"62740cf8e39eba1055ef571b",,"3","57","71","2","5","5","1","0","882","1482","1","0","4","4","0.88","0.82","0","0",,,"1","195","2024-04-03 12:39:28"
"62740cf8e39eba1055ef571b",,"3","58","52","1","5","5","1","1","847","1215","1","0","4","3","0.73","0.5","0","0",,,"1","200","2024-04-03 12:39:31"
"62740cf8e39eba1055ef571b",,"3","59","40","1","5","5","1","1","581","932","1","0","3","1","0.62","0.12","0","0",,,"1","205","2024-04-03 12:39:33"
"62740cf8e39eba1055ef571b",,"3","60","30","2","5","5","0","1","466","783","0","1","2","4","0.38","0.82","0","0",,,"1","210","2024-04-03 12:39:36"
"62740cf8e39eba1055ef571b",,"3","61","51","1","5","5","1","1","483","766","1","0","4","2","0.73","0.38","0","0",,,"1","215","2024-04-03 12:39:38"
"62740cf8e39eba1055ef571b",,"3","62","36","2","5","5","0","1","565","882","0","1","3","3","0.5","0.62","0","0",,,"0","215","2024-04-03 12:39:41"
"62740cf8e39eba1055ef571b",,"3","63","29","1","5","5","0","0","932","1216","0","1","2","4","0.38","0.73","0","0",,,"0","215","2024-04-03 12:39:44"
"62740cf8e39eba1055ef571b",,"3","64","9","2","5","5","1","0","982","1433","1","0","1","1","0.18","0.27","0","0",,,"0","215","2024-04-03 12:39:47"
"62740cf8e39eba1055ef571b",,"3","65","53","1","5","5","1","1","799","1084","1","0","4","3","0.73","0.62","0","0",,,"0","215","2024-04-03 12:39:51"
"62740cf8e39eba1055ef571b",,"3","66","44","1","5","5","1","1","832","1419","1","0","3","3","0.62","0.5","0","0",,,"0","215","2024-04-03 12:39:54"
"62740cf8e39eba1055ef571b",,"3","67","16","1","5","5","0","0","881","1250","0","1","1","1","0.27","0.12","0","0",,,"0","215","2024-04-03 12:39:57"
"62740cf8e39eba1055ef571b",,"3","68","17","2","5","5","0","1","899","1201","0","1","1","1","0.27","0.18","0","0",,,"0","215","2024-04-03 12:40:00"
"62740cf8e39eba1055ef571b",,"3","69","39","2","5","5","0","1","564","948","0","1","3","4","0.5","0.88","0","0",,,"1","220","2024-04-03 12:40:03"
"62740cf8e39eba1055ef571b",,"3","70","27","2","5","5","1","0","648","1016","1","0","2","3","0.38","0.5","0","0",,,"0","220","2024-04-03 12:40:06"
"62740cf8e39eba1055ef571b",,"3","71","1","2","5","5","1","0","549","916","1","0","1","1","0.12","0.27","0","0",,,"0","220","2024-04-03 12:40:09"
"62740cf8e39eba1055ef571b",,"4","0","15","2","5","5","0","1","966","1282","0","1","1","4","0.18","0.88","0","0",,,"1","5","2024-04-03 12:40:22"
"62740cf8e39eba1055ef571b",,"4","1","8","1","5","5","1","1","1714","1999","1","0","1","1","0.18","0.12","0","0",,,"0","5","2024-04-03 12:40:25"
"62740cf8e39eba1055ef571b",,"4","2","25","1","5","5","1","1","583","901","1","0","2","1","0.38","0.18","0","0",,,"0","5","2024-04-03 12:40:28"
"62740cf8e39eba1055ef571b",,"4","3","56","1","5","5","1","1","633","934","1","0","4","1","0.82","0.12","0","0",,,"0","5","2024-04-03 12:40:31"
"62740cf8e39eba1055ef571b",,"4","4","13","1","5","5","1","1","500","817","1","0","1","4","0.18","0.73","0","0",,,"0","5","2024-04-03 12:40:34"
"62740cf8e39eba1055ef571b",,"4","5","32","1","5","5","0","0","483","833","0","1","3","1","0.5","0.12","0","0",,,"1","10","2024-04-03 12:40:37"
"62740cf8e39eba1055ef571b",,"4","6","54","2","5","5","0","1","632","933","0","1","4","4","0.73","0.82","0","0",,,"1","15","2024-04-03 12:40:39"
"62740cf8e39eba1055ef571b",,"4","7","61","1","5","5","1","1","666","933","1","0","4","3","0.82","0.62","0","0",,,"1","20","2024-04-03 12:40:42"
"62740cf8e39eba1055ef571b",,"4","8","4","2","5","5","1","0","548","898","1","0","1","3","0.12","0.62","0","0",,,"0","20","2024-04-03 12:40:44"
"62740cf8e39eba1055ef571b",,"4","9","6","2","5","5","1","0","649","935","1","0","1","4","0.12","0.82","0","0",,,"1","25","2024-04-03 12:40:47"
"62740cf8e39eba1055ef571b",,"4","10","37","2","5","5","1","0","483","766","1","0","3","4","0.5","0.73","0","0",,,"1","30","2024-04-03 12:40:50"
"62740cf8e39eba1055ef571b",,"4","11","10","2","5","5","0","1","616","949","0","1","1","2","0.18","0.38","0","0",,,"0","30","2024-04-03 12:40:53"
"62740cf8e39eba1055ef571b",,"4","12","47","2","5","5","0","1","549","901","0","1","3","4","0.62","0.88","0","0",,,"0","30","2024-04-03 12:40:55"
"62740cf8e39eba1055ef571b",,"4","13","63","2","5","5","1","0","949","1282","1","0","4","4","0.82","0.88","0","0",,,"0","30","2024-04-03 12:40:59"
"62740cf8e39eba1055ef571b",,"4","14","14","2","5","5","1","0","683","983","1","0","1","4","0.18","0.82","0","0",,,"1","35","2024-04-03 12:41:02"
"62740cf8e39eba1055ef571b",,"4","15","64","1","5","5","0","0","532","965","0","1","4","1","0.88","0.12","0","0",,,"1","40","2024-04-03 12:41:04"
"62740cf8e39eba1055ef571b",,"4","16","22","2","5","5","0","1","549","1199","0","1","1","4","0.27","0.82","0","0",,,"0","40","2024-04-03 12:41:07"
"62740cf8e39eba1055ef571b",,"4","17","39","1","5","5","0","0","649","982","0","1","3","4","0.5","0.88","0","0",,,"1","45","2024-04-03 12:41:10"
"62740cf8e39eba1055ef571b",,"4","18","57","1","5","5","1","1","949","1315","1","0","4","1","0.82","0.18","0","0",,,"0","45","2024-04-03 12:41:13"
"62740cf8e39eba1055ef571b",,"4","19","71","1","5","5","1","1","383","784","1","0","4","4","0.88","0.82","0","0",,,"1","50","2024-04-03 12:41:16"
"62740cf8e39eba1055ef571b",,"4","20","44","1","5","5","0","0","719","1083","0","1","3","3","0.62","0.5","0","0",,,"1","55","2024-04-03 12:41:19"
"62740cf8e39eba1055ef571b",,"4","21","55","2","5","5","0","1","582","899","0","1","4","4","0.73","0.88","0","0",,,"1","60","2024-04-03 12:41:21"
"62740cf8e39eba1055ef571b",,"4","22","19","2","5","5","0","1","566","969","0","1","1","3","0.27","0.5","0","0",,,"0","60","2024-04-03 12:41:24"
"62740cf8e39eba1055ef571b",,"4","23","62","2","5","5","0","1","500","885","0","1","4","4","0.82","0.73","0","0",,,"1","65","2024-04-03 12:41:27"
"62740cf8e39eba1055ef571b",,"4","24","34","1","5","5","1","1","598","965","1","0","3","1","0.5","0.27","0","0",,,"1","70","2024-04-03 12:41:30"
"62740cf8e39eba1055ef571b",,"4","25","9","2","5","5","0","1","982","1299","0","1","1","1","0.18","0.27","0","0",,,"0","70","2024-04-03 12:41:33"
"62740cf8e39eba1055ef571b",,"4","26","66","2","5","5","0","1","583","967","0","1","4","1","0.88","0.27","0","0",,,"1","75","2024-04-03 12:41:36"
"62740cf8e39eba1055ef571b",,"4","27","16","1","5","5","1","1","565","951","1","0","1","1","0.27","0.12","0","0",,,"1","80","2024-04-03 12:41:38"
"62740cf8e39eba1055ef571b",,"4","28","45","2","5","5","0","1","768","1134","0","1","3","4","0.62","0.73","0","0",,,"1","85","2024-04-03 12:41:41"
"62740cf8e39eba1055ef571b",,"4","29","60","1","5","5","1","1","599","900","1","0","4","3","0.82","0.5","0","0",,,"1","90","2024-04-03 12:41:44"
"62740cf8e39eba1055ef571b",,"4","30","5","2","5","5","0","1","482","783","0","1","1","4","0.12","0.73","0","0",,,"0","90","2024-04-03 12:41:46"
"62740cf8e39eba1055ef571b",,"4","31","48","2","5","5","0","1","432","765","0","1","4","1","0.73","0.12","0","0",,,"0","90","2024-04-03 12:41:49"
"62740cf8e39eba1055ef571b",,"4","32","41","1","5","5","0","0","549","883","0","1","3","1","0.62","0.18","0","0",,,"1","95","2024-04-03 12:41:52"
"62740cf8e39eba1055ef571b",,"4","33","51","1","5","5","1","1","549","816","1","0","4","2","0.73","0.38","0","0",,,"1","100","2024-04-03 12:41:54"
"62740cf8e39eba1055ef571b",,"4","34","46","2","5","5","1","0","666","919","1","0","3","4","0.62","0.82","0","0",,,"1","105","2024-04-03 12:41:57"
"62740cf8e39eba1055ef571b",,"4","35","18","2","5","5","1","0","584","851","1","0","1","2","0.27","0.38","0","0",,,"1","110","2024-04-03 12:42:00"
"62740cf8e39eba1055ef571b",,"4","36","53","1","5","5","1","1","482","830","1","0","4","3","0.73","0.62","0","0",,,"1","115","2024-04-03 12:42:02"
"62740cf8e39eba1055ef571b",,"4","37","65","1","5","5","0","0","501","817","0","1","4","1","0.88","0.18","0","0",,,"1","120","2024-04-03 12:42:05"
"62740cf8e39eba1055ef571b",,"4","38","36","2","5","5","1","0","449","764","1","0","3","3","0.5","0.62","0","0",,,"0","120","2024-04-03 12:42:07"
"62740cf8e39eba1055ef571b",,"4","39","30","2","5","5","0","1","866","1214","0","1","2","4","0.38","0.82","0","0",,,"1","125","2024-04-03 12:42:11"
"62740cf8e39eba1055ef571b",,"4","40","26","1","5","5","0","0","766","1166","0","1","2","1","0.38","0.27","0","0",,,"1","130","2024-04-03 12:42:13"
"62740cf8e39eba1055ef571b",,"4","41","69","1","5","5","0","0","553","1004","0","1","4","3","0.88","0.62","0","0",,,"1","135","2024-04-03 12:42:16"
"62740cf8e39eba1055ef571b",,"4","42","35","1","5","5","0","0","651","1085","0","1","3","2","0.5","0.38","0","0",,,"0","135","2024-04-03 12:42:19"
"62740cf8e39eba1055ef571b",,"4","43","0","2","5","5","1","0","1817","2150","1","0","1","1","0.12","0.18","0","0",,,"0","135","2024-04-03 12:42:23"
"62740cf8e39eba1055ef571b",,"4","44","68","1","5","5","1","1","600","933","1","0","4","3","0.88","0.5","0","0",,,"1","140","2024-04-03 12:42:26"
"62740cf8e39eba1055ef571b",,"4","45","49","1","5","5","0","0","533","915","0","1","4","1","0.73","0.18","0","0",,,"1","145","2024-04-03 12:42:28"
"62740cf8e39eba1055ef571b",,"4","46","43","1","5","5","0","0","632","1282","0","1","3","2","0.62","0.38","0","0",,,"1","150","2024-04-03 12:42:31"
"62740cf8e39eba1055ef571b",,"4","47","40","1","5","5","0","0","568","1269","0","1","3","1","0.62","0.12","0","0",,,"0","150","2024-04-03 12:42:34"
"62740cf8e39eba1055ef571b",,"4","48","12","2","5","5","1","0","733","1450","1","0","1","3","0.18","0.62","0","0",,,"0","150","2024-04-03 12:42:38"
"62740cf8e39eba1055ef571b",,"4","49","7","2","5","5","0","1","749","1116","0","1","1","4","0.12","0.88","0","0",,,"1","155","2024-04-03 12:42:41"
"62740cf8e39eba1055ef571b",,"4","50","24","1","5","5","1","1","648","1099","1","0","2","1","0.38","0.12","0","0",,,"0","155","2024-04-03 12:42:43"
"62740cf8e39eba1055ef571b",,"4","51","38","1","5","5","0","0","517","835","0","1","3","4","0.5","0.82","0","0",,,"1","160","2024-04-03 12:42:46"
"62740cf8e39eba1055ef571b",,"4","52","20","2","5","5","1","0","501","902","1","0","1","3","0.27","0.62","0","0",,,"1","165","2024-04-03 12:42:49"
"62740cf8e39eba1055ef571b",,"4","53","23","2","5","5","1","0","498","866","1","0","1","4","0.27","0.88","0","0",,,"1","170","2024-04-03 12:42:51"
"62740cf8e39eba1055ef571b",,"4","54","33","1","5","5","0","0","599","1000","0","1","3","1","0.5","0.18","0","0",,,"1","175","2024-04-03 12:42:54"
"62740cf8e39eba1055ef571b",,"4","55","21","2","5","5","1","0","468","783","1","0","1","4","0.27","0.73","0","0",,,"1","180","2024-04-03 12:42:57"
"62740cf8e39eba1055ef571b",,"4","56","1","2","5","5","0","1","1051","1318","0","1","1","1","0.12","0.27","0","0",,,"0","180","2024-04-03 12:43:00"
"62740cf8e39eba1055ef571b",,"4","57","70","2","5","5","0","1","333","804","0","1","4","4","0.88","0.73","0","0",,,"1","185","2024-04-03 12:43:03"
"62740cf8e39eba1055ef571b",,"4","58","28","2","5","5","1","0","582","932","1","0","2","3","0.38","0.62","0","0",,,"1","190","2024-04-03 12:43:05"
"62740cf8e39eba1055ef571b",,"4","59","11","2","5","5","0","1","699","1080","0","1","1","3","0.18","0.5","0","0",,,"1","195","2024-04-03 12:43:08"
"62740cf8e39eba1055ef571b",,"4","60","17","1","5","5","1","1","680","1047","1","0","1","1","0.27","0.18","0","0",,,"0","195","2024-04-03 12:43:11"
"62740cf8e39eba1055ef571b",,"4","61","59","2","5","5","0","1","538","869","0","1","4","2","0.82","0.38","0","0",,,"1","200","2024-04-03 12:43:14"
"62740cf8e39eba1055ef571b",,"4","62","27","2","5","5","0","1","951","1285","0","1","2","3","0.38","0.5","0","0",,,"0","200","2024-04-03 12:43:17"
"62740cf8e39eba1055ef571b",,"4","63","31","1","5","5","0","0","518","886","0","1","2","4","0.38","0.88","0","0",,,"1","205","2024-04-03 12:43:20"
"62740cf8e39eba1055ef571b",,"4","64","29","2","5","5","1","0","532","849","1","0","2","4","0.38","0.73","0","0",,,"1","210","2024-04-03 12:43:22"
"62740cf8e39eba1055ef571b",,"4","65","50","1","5","5","1","1","698","1029","1","0","4","1","0.73","0.27","0","0",,,"1","215","2024-04-03 12:43:25"
"62740cf8e39eba1055ef571b",,"4","66","67","1","5","5","1","1","533","799","1","0","4","2","0.88","0.38","0","0",,,"1","220","2024-04-03 12:43:27"
"62740cf8e39eba1055ef571b",,"4","67","52","1","5","5","1","1","467","783","1","0","4","3","0.73","0.5","0","0",,,"1","225","2024-04-03 12:43:30"
"62740cf8e39eba1055ef571b",,"4","68","58","1","5","5","0","0","549","982","0","1","4","1","0.82","0.27","0","0",,,"1","230","2024-04-03 12:43:33"
"62740cf8e39eba1055ef571b",,"4","69","42","1","5","5","0","0","601","983","0","1","3","1","0.62","0.27","0","0",,,"1","235","2024-04-03 12:43:35"
"62740cf8e39eba1055ef571b",,"4","70","3","2","5","5","1","0","515","815","1","0","1","3","0.12","0.5","0","0",,,"0","235","2024-04-03 12:43:38"
"62740cf8e39eba1055ef571b",,"4","71","2","1","5","5","0","0","482","833","0","1","1","2","0.12","0.38","0","0",,,"0","235","2024-04-03 12:43:41"
"62740cf8e39eba1055ef571b",,"5","0","26","1","5","5","0","0","567","935","0","1","2","1","0.38","0.27","0","0",,,"1","5","2024-04-03 12:43:53"
"62740cf8e39eba1055ef571b",,"5","1","40","1","5","5","1","1","450","816","1","0","3","1","0.62","0.12","0","0",,,"1","10","2024-04-03 12:43:56"
"62740cf8e39eba1055ef571b",,"5","2","71","1","5","5","1","1","782","1367","1","0","4","4","0.88","0.82","0","0",,,"1","15","2024-04-03 12:43:59"
"62740cf8e39eba1055ef571b",,"5","3","39","2","5","5","0","1","448","919","0","1","3","4","0.5","0.88","0","0",,,"1","20","2024-04-03 12:44:02"
"62740cf8e39eba1055ef571b",,"5","4","61","1","5","5","1","1","434","833","1","0","4","3","0.82","0.62","0","0",,,"1","25","2024-04-03 12:44:04"
"62740cf8e39eba1055ef571b",,"5","5","46","2","5","5","1","0","566","966","1","0","3","4","0.62","0.82","0","0",,,"1","30","2024-04-03 12:44:07"
"62740cf8e39eba1055ef571b",,"5","6","63","2","5","5","0","1","613","997","0","1","4","4","0.82","0.88","0","0",,,"1","35","2024-04-03 12:44:10"
"62740cf8e39eba1055ef571b",,"5","7","68","1","5","5","0","0","518","955","0","1","4","3","0.88","0.5","0","0",,,"0","35","2024-04-03 12:44:13"
"62740cf8e39eba1055ef571b",,"5","8","2","1","5","5","1","1","732","1033","1","0","1","2","0.12","0.38","0","0",,,"0","35","2024-04-03 12:44:15"
"62740cf8e39eba1055ef571b",,"5","9","60","1","5","5","1","1","766","1633","1","1","4","3","0.82","0.5","0","0",,,"1","40","2024-04-03 12:44:19"
"62740cf8e39eba1055ef571b",,"5","10","27","2","5","5","0","1","500","918","0","1","2","3","0.38","0.5","0","0",,,"0","40","2024-04-03 12:44:21"
"62740cf8e39eba1055ef571b",,"5","11","20","1","5","5","1","1","500","834","1","0","1","3","0.27","0.62","0","0",,,"0","40","2024-04-03 12:44:24"
"62740cf8e39eba1055ef571b",,"5","12","30","2","5","5","0","1","433","783","0","1","2","4","0.38","0.82","0","0",,,"1","45","2024-04-03 12:44:27"
"62740cf8e39eba1055ef571b",,"5","13","64","1","5","5","1","1","516","868","1","0","4","1","0.88","0.12","0","0",,,"1","50","2024-04-03 12:44:30"
"62740cf8e39eba1055ef571b",,"5","14","31","2","5","5","0","1","432","799","0","1","2","4","0.38","0.88","0","0",,,"0","50","2024-04-03 12:44:32"
"62740cf8e39eba1055ef571b",,"5","15","58","2","5","5","0","1","833","1217","0","1","4","1","0.82","0.27","0","0",,,"0","50","2024-04-03 12:44:35"
"62740cf8e39eba1055ef571b",,"5","16","51","1","5","5","1","1","433","801","1","0","4","2","0.73","0.38","0","0",,,"1","55","2024-04-03 12:44:38"
"62740cf8e39eba1055ef571b",,"5","17","59","1","5","5","1","1","449","734","1","0","4","2","0.82","0.38","0","0",,,"1","60","2024-04-03 12:44:41"
"62740cf8e39eba1055ef571b",,"5","18","19","2","5","5","1","0","499","816","1","0","1","3","0.27","0.5","0","0",,,"0","60","2024-04-03 12:44:43"
"62740cf8e39eba1055ef571b",,"5","19","32","1","5","5","1","1","499","832","1","0","3","1","0.5","0.12","0","0",,,"0","60","2024-04-03 12:44:46"
"62740cf8e39eba1055ef571b",,"5","20","17","2","5","5","0","1","383","766","0","1","1","1","0.27","0.18","0","0",,,"0","60","2024-04-03 12:44:49"
"62740cf8e39eba1055ef571b",,"5","21","48","1","5","5","0","0","500","816","0","1","4","1","0.73","0.12","0","0",,,"1","65","2024-04-03 12:44:52"
"62740cf8e39eba1055ef571b",,"5","22","33","1","5","5","1","1","515","849","1","0","3","1","0.5","0.18","0","0",,,"1","70","2024-04-03 12:44:54"
"62740cf8e39eba1055ef571b",,"5","23","57","1","5","5","1","1","548","899","1","0","4","1","0.82","0.18","0","0",,,"1","75","2024-04-03 12:44:57"
"62740cf8e39eba1055ef571b",,"5","24","62","1","5","5","1","1","934","1232","1","0","4","4","0.82","0.73","0","0",,,"1","80","2024-04-03 12:45:00"
"62740cf8e39eba1055ef571b",,"5","25","42","1","5","5","0","0","483","867","0","1","3","1","0.62","0.27","0","0",,,"1","85","2024-04-03 12:45:02"
"62740cf8e39eba1055ef571b",,"5","26","44","1","5","5","1","1","416","833","1","0","3","3","0.62","0.5","0","0",,,"1","90","2024-04-03 12:45:05"
"62740cf8e39eba1055ef571b",,"5","27","12","2","5","5","0","1","482","883","0","1","1","3","0.18","0.62","0","0",,,"0","90","2024-04-03 12:45:08"
"62740cf8e39eba1055ef571b",,"5","28","8","2","5","5","0","1","1264","1582","0","1","1","1","0.18","0.12","0","0",,,"0","90","2024-04-03 12:45:11"
"62740cf8e39eba1055ef571b",,"5","29","25","1","5","5","1","1","549","897","1","0","2","1","0.38","0.18","0","0",,,"0","90","2024-04-03 12:45:14"
"62740cf8e39eba1055ef571b",,"5","30","45","2","5","5","1","0","433","783","1","0","3","4","0.62","0.73","0","0",,,"1","95","2024-04-03 12:45:17"
"62740cf8e39eba1055ef571b",,"5","31","38","2","5","5","0","1","566","885","0","1","3","4","0.5","0.82","0","0",,,"1","100","2024-04-03 12:45:20"
"62740cf8e39eba1055ef571b",,"5","32","41","1","5","5","0","0","516","866","0","1","3","1","0.62","0.18","0","0",,,"0","100","2024-04-03 12:45:22"
"62740cf8e39eba1055ef571b",,"5","33","50","1","5","5","1","1","417","799","1","0","4","1","0.73","0.27","0","0",,,"1","105","2024-04-03 12:45:25"
"62740cf8e39eba1055ef571b",,"5","34","14","2","5","5","1","0","550","933","1","0","1","4","0.18","0.82","0","0",,,"1","110","2024-04-03 12:45:28"
"62740cf8e39eba1055ef571b",,"5","35","4","2","5","5","1","0","466","900","1","0","1","3","0.12","0.62","0","0",,,"1","115","2024-04-03 12:45:30"
"62740cf8e39eba1055ef571b",,"5","36","37","2","5","5","1","0","448","815","1","0","3","4","0.5","0.73","0","0",,,"1","120","2024-04-03 12:45:33"
"62740cf8e39eba1055ef571b",,"5","37","28","2","5","5","0","1","533","934","0","1","2","3","0.38","0.62","0","0",,,"1","125","2024-04-03 12:45:36"
"62740cf8e39eba1055ef571b",,"5","38","43","1","5","5","1","1","449","816","1","0","3","2","0.62","0.38","0","0",,,"1","130","2024-04-03 12:45:38"
"62740cf8e39eba1055ef571b",,"5","39","36","2","5","5","1","0","517","866","1","0","3","3","0.5","0.62","0","0",,,"1","135","2024-04-03 12:45:41"
"62740cf8e39eba1055ef571b",,"5","40","56","1","5","5","1","1","433","833","1","0","4","1","0.82","0.12","0","0",,,"0","135","2024-04-03 12:45:43"
"62740cf8e39eba1055ef571b",,"5","41","55","2","5","5","0","1","701","1102","0","1","4","4","0.73","0.88","0","0",,,"1","140","2024-04-03 12:45:46"
"62740cf8e39eba1055ef571b",,"5","42","10","2","5","5","0","1","648","982","0","1","1","2","0.18","0.38","0","0",,,"0","140","2024-04-03 12:45:49"
"62740cf8e39eba1055ef571b",,"5","43","70","1","5","5","0","0","548","966","0","1","4","4","0.88","0.73","0","0",,,"1","145","2024-04-03 12:45:52"
"62740cf8e39eba1055ef571b",,"5","44","54","2","5","5","1","0","533","1649","1","1","4","4","0.73","0.82","0","0",,,"1","150","2024-04-03 12:45:55"
"62740cf8e39eba1055ef571b",,"5","45","16","1","5","5","0","0","882","1232","0","1","1","1","0.27","0.12","0","0",,,"0","150","2024-04-03 12:45:58"
"62740cf8e39eba1055ef571b",,"5","46","9","2","5","5","0","1","782","1098","0","1","1","1","0.18","0.27","0","0",,,"0","150","2024-04-03 12:46:01"
"62740cf8e39eba1055ef571b",,"5","47","69","1","5","5","1","1","616","1350","1","0","4","3","0.88","0.62","0","0",,,"1","155","2024-04-03 12:46:04"
"62740cf8e39eba1055ef571b",,"5","48","65","1","5","5","1","1","581","1200","1","0","4","1","0.88","0.18","0","0",,,"1","160","2024-04-03 12:46:07"
"62740cf8e39eba1055ef571b",,"5","49","7","2","5","5","1","0","516","1100","1","0","1","4","0.12","0.88","0","0",,,"1","165","2024-04-03 12:46:10"
"62740cf8e39eba1055ef571b",,"5","50","34","1","5","5","1","1","733","1383","1","0","3","1","0.5","0.27","0","0",,,"1","170","2024-04-03 12:46:13"
"62740cf8e39eba1055ef571b",,"5","51","21","2","5","5","1","0","582","1267","1","0","1","4","0.27","0.73","0","0",,,"1","175","2024-04-03 12:46:16"
"62740cf8e39eba1055ef571b",,"5","52","23","2","5","5","1","0","599","1168","1","0","1","4","0.27","0.88","0","0",,,"1","180","2024-04-03 12:46:19"
"62740cf8e39eba1055ef571b",,"5","53","15","2","5","5","1","0","483","1049","1","0","1","4","0.18","0.88","0","0",,,"1","185","2024-04-03 12:46:22"
"62740cf8e39eba1055ef571b",,"5","54","0","2","5","5","1","0","1331","1947","1","0","1","1","0.12","0.18","0","0",,,"0","185","2024-04-03 12:46:25"
"62740cf8e39eba1055ef571b",,"5","55","52","1","5","5","1","1","565","1050","1","0","4","3","0.73","0.5","0","0",,,"1","190","2024-04-03 12:46:28"
"62740cf8e39eba1055ef571b",,"5","56","13","2","5","5","1","0","532","1099","1","0","1","4","0.18","0.73","0","0",,,"1","195","2024-04-03 12:46:31"
"62740cf8e39eba1055ef571b",,"5","57","1","2","5","5","0","1","1066","1517","0","1","1","1","0.12","0.27","0","0",,,"0","195","2024-04-03 12:46:34"
"62740cf8e39eba1055ef571b",,"5","58","6","2","5","5","1","0","483","1032","1","0","1","4","0.12","0.82","0","0",,,"1","200","2024-04-03 12:46:37"
"62740cf8e39eba1055ef571b",,"5","59","24","1","5","5","0","0","966","1484","0","1","2","1","0.38","0.12","0","0",,,"1","205","2024-04-03 12:46:40"
"62740cf8e39eba1055ef571b",,"5","60","29","2","5","5","0","1","899","1432","0","1","2","4","0.38","0.73","0","0",,,"0","205","2024-04-03 12:46:43"
"62740cf8e39eba1055ef571b",,"5","61","11","2","5","5","1","0","832","1549","1","0","1","3","0.18","0.5","0","0",,,"1","210","2024-04-03 12:46:47"
"62740cf8e39eba1055ef571b",,"5","62","66","1","5","5","0","0","733","1333","0","1","4","1","0.88","0.27","0","0",,,"1","215","2024-04-03 12:46:50"
"62740cf8e39eba1055ef571b",,"5","63","18","2","5","5","0","1","782","1316","0","1","1","2","0.27","0.38","0","0",,,"1","220","2024-04-03 12:46:53"
"62740cf8e39eba1055ef571b",,"5","64","5","2","5","5","0","1","548","1015","0","1","1","4","0.12","0.73","0","0",,,"1","225","2024-04-03 12:46:56"
"62740cf8e39eba1055ef571b",,"5","65","35","1","5","5","0","0","680","1197","0","1","3","2","0.5","0.38","0","0",,,"0","225","2024-04-03 12:46:58"
"62740cf8e39eba1055ef571b",,"5","66","3","2","5","5","0","1","582","1036","0","1","1","3","0.12","0.5","0","0",,,"1","230","2024-04-03 12:47:01"
"62740cf8e39eba1055ef571b",,"5","67","47","2","5","5","1","0","500","984","1","0","3","4","0.62","0.88","0","0",,,"1","235","2024-04-03 12:47:04"
"62740cf8e39eba1055ef571b",,"5","68","22","2","5","5","1","0","499","931","1","0","1","4","0.27","0.82","0","0",,,"1","240","2024-04-03 12:47:07"
"62740cf8e39eba1055ef571b",,"5","69","67","1","5","5","0","0","498","965","0","1","4","2","0.88","0.38","0","0",,,"1","245","2024-04-03 12:47:09"
"62740cf8e39eba1055ef571b",,"5","70","53","1","5","5","0","0","465","915","0","1","4","3","0.73","0.62","0","0",,,"1","250","2024-04-03 12:47:12"
"62740cf8e39eba1055ef571b",,"5","71","49","1","5","5","1","1","483","949","1","0","4","1","0.73","0.18","0","0",,,"1","255","2024-04-03 12:47:15"
"5d23460ad4c57900192b129c",,"0","0","66","2","5","5","1","0","714","1136","1","0","4","1","0.88","0.27","0","0",,,"0","0","2024-04-03 13:46:29"
"5d23460ad4c57900192b129c",,"0","1","1","2","5","5","1","0","714","1396","1","0","1","1","0.12","0.27","0","0",,,"0","0","2024-04-03 13:46:32"
"5d23460ad4c57900192b129c",,"0","2","36","1","5","5","1","1","1263","1688","1","0","3","3","0.5","0.62","0","0",,,"0","0","2024-04-03 13:46:36"
"5d23460ad4c57900192b129c",,"0","3","27","1","5","5","0","0","788","1287","0","1","2","3","0.38","0.5","0","0",,,"0","0","2024-04-03 13:46:39"
"5d23460ad4c57900192b129c",,"0","4","9","2","5","5","0","1","1070","1508","0","1","1","1","0.18","0.27","0","0",,,"0","0","2024-04-03 13:46:42"
"5d23460ad4c57900192b129c",,"0","5","16","2","5","5","0","1","1070","1486","0","1","1","1","0.27","0.12","0","0",,,"1","5","2024-04-03 13:46:46"
"5d23460ad4c57900192b129c",,"0","6","39","1","5","5","0","0","701","1213","0","1","3","4","0.5","0.88","0","0",,,"0","5","2024-04-03 13:46:49"
"5d23460ad4c57900192b129c",,"0","7","13","2","5","5","0","1","784","1143","0","1","1","4","0.18","0.73","0","0",,,"1","10","2024-04-03 13:46:52"
"5d23460ad4c57900192b129c",,"0","8","61","1","5","5","1","1","534","1022","1","0","4","3","0.82","0.62","0","0",,,"1","15","2024-04-03 13:46:55"
"5d23460ad4c57900192b129c",,"0","9","68","1","5","5","1","1","647","1052","1","0","4","3","0.88","0.5","0","0",,,"1","20","2024-04-03 13:46:57"
"5d23460ad4c57900192b129c",,"0","10","64","1","5","5","0","0","506","885","0","1","4","1","0.88","0.12","0","0",,,"1","25","2024-04-03 13:47:00"
"5d23460ad4c57900192b129c",,"0","11","12","2","5","5","1","0","609","1083","1","0","1","3","0.18","0.62","0","0",,,"1","30","2024-04-03 13:47:03"
"5d23460ad4c57900192b129c",,"0","12","60","1","5","5","1","1","488","879","1","0","4","3","0.82","0.5","0","0",,,"1","35","2024-04-03 13:47:06"
"5d23460ad4c57900192b129c",,"0","13","21","2","5","5","1","0","465","787","1","0","1","4","0.27","0.73","0","0",,,"1","40","2024-04-03 13:47:08"
"5d23460ad4c57900192b129c",,"0","14","49","1","5","5","0","0","414","779","0","1","4","1","0.73","0.18","0","0",,,"1","45","2024-04-03 13:47:11"
"5d23460ad4c57900192b129c",,"0","15","57","1","5","5","1","1","479","807","1","0","4","1","0.82","0.18","0","0",,,"1","50","2024-04-03 13:47:14"
"5d23460ad4c57900192b129c",,"0","16","59","1","5","5","1","1","466","784","1","0","4","2","0.82","0.38","0","0",,,"0","50","2024-04-03 13:47:16"
"5d23460ad4c57900192b129c",,"0","17","53","1","5","5","1","1","414","762","1","0","4","3","0.73","0.62","0","0",,,"0","50","2024-04-03 13:47:19"
"5d23460ad4c57900192b129c",,"0","18","71","1","5","5","1","1","428","775","1","0","4","4","0.88","0.82","0","0",,,"1","55","2024-04-03 13:47:22"
"5d23460ad4c57900192b129c",,"0","19","0","2","5","5","0","1","1133","1416","0","1","1","1","0.12","0.18","0","0",,,"1","60","2024-04-03 13:47:25"
"5d23460ad4c57900192b129c",,"0","20","22","2","5","5","1","0","465","865","1","0","1","4","0.27","0.82","0","0",,,"1","65","2024-04-03 13:47:27"
"5d23460ad4c57900192b129c",,"0","21","47","2","5","5","1","0","468","949","1","0","3","4","0.62","0.88","0","0",,,"1","70","2024-04-03 13:47:30"
"5d23460ad4c57900192b129c",,"0","22","10","2","5","5","0","1","815","1118","0","1","1","2","0.18","0.38","0","0",,,"0","70","2024-04-03 13:47:33"
"5d23460ad4c57900192b129c",,"0","23","11","2","5","5","0","1","465","831","0","1","1","3","0.18","0.5","0","0",,,"1","75","2024-04-03 13:47:36"
"5d23460ad4c57900192b129c",,"0","24","63","2","5","5","1","0","749","1115","1","0","4","4","0.82","0.88","0","0",,,"1","80","2024-04-03 13:47:39"
"5d23460ad4c57900192b129c",,"0","25","48","1","5","5","1","1","432","816","1","0","4","1","0.73","0.12","0","0",,,"1","85","2024-04-03 13:47:41"
"5d23460ad4c57900192b129c",,"0","26","50","1","5","5","0","0","465","832","0","1","4","1","0.73","0.27","0","0",,,"1","90","2024-04-03 13:47:44"
"5d23460ad4c57900192b129c",,"0","27","56","1","5","5","1","1","399","735","1","0","4","1","0.82","0.12","0","0",,,"0","90","2024-04-03 13:47:46"
"5d23460ad4c57900192b129c",,"0","28","2","2","5","5","0","1","665","964","0","1","1","2","0.12","0.38","0","0",,,"1","95","2024-04-03 13:47:49"
"5d23460ad4c57900192b129c",,"0","29","51","1","5","5","0","0","465","915","0","1","4","2","0.73","0.38","0","0",,,"0","95","2024-04-03 13:47:52"
"5d23460ad4c57900192b129c",,"0","30","17","1","5","5","1","1","1002","1267","1","0","1","1","0.27","0.18","0","0",,,"0","95","2024-04-03 13:47:56"
"5d23460ad4c57900192b129c",,"0","31","58","1","5","5","0","0","450","816","0","1","4","1","0.82","0.27","0","0",,,"0","95","2024-04-03 13:47:59"
"5d23460ad4c57900192b129c",,"0","32","14","2","5","5","1","0","549","832","1","0","1","4","0.18","0.82","0","0",,,"1","100","2024-04-03 13:48:01"
"5d23460ad4c57900192b129c",,"0","33","25","1","5","5","0","0","599","901","0","1","2","1","0.38","0.18","0","0",,,"1","105","2024-04-03 13:48:04"
"5d23460ad4c57900192b129c",,"0","34","15","2","5","5","0","1","482","814","0","1","1","4","0.18","0.88","0","0",,,"1","110","2024-04-03 13:48:07"
"5d23460ad4c57900192b129c",,"0","35","45","2","5","5","0","1","497","931","0","1","3","4","0.62","0.73","0","0",,,"1","115","2024-04-03 13:48:09"
"5d23460ad4c57900192b129c",,"0","36","31","2","5","5","0","1","465","815","0","1","2","4","0.38","0.88","0","0",,,"0","115","2024-04-03 13:48:12"
"5d23460ad4c57900192b129c",,"0","37","24","1","5","5","1","1","531","832","1","0","2","1","0.38","0.12","0","0",,,"0","115","2024-04-03 13:48:15"
"5d23460ad4c57900192b129c",,"0","38","8","1","5","5","0","0","699","965","0","1","1","1","0.18","0.12","0","0",,,"0","115","2024-04-03 13:48:18"
"5d23460ad4c57900192b129c",,"0","39","54","2","5","5","1","0","514","880","1","0","4","4","0.73","0.82","0","0",,,"1","120","2024-04-03 13:48:21"
"5d23460ad4c57900192b129c",,"0","40","40","1","5","5","1","1","500","866","1","0","3","1","0.62","0.12","0","0",,,"1","125","2024-04-03 13:48:23"
"5d23460ad4c57900192b129c",,"0","41","35","1","5","5","1","1","417","965","1","0","3","2","0.5","0.38","0","0",,,"1","130","2024-04-03 13:48:26"
"5d23460ad4c57900192b129c",,"0","42","46","2","5","5","1","0","465","832","1","0","3","4","0.62","0.82","0","0",,,"1","135","2024-04-03 13:48:29"
"5d23460ad4c57900192b129c",,"0","43","20","2","5","5","0","1","498","849","0","1","1","3","0.27","0.62","0","0",,,"1","140","2024-04-03 13:48:31"
"5d23460ad4c57900192b129c",,"0","44","29","2","5","5","0","1","481","764","0","1","2","4","0.38","0.73","0","0",,,"0","140","2024-04-03 13:48:34"
"5d23460ad4c57900192b129c",,"0","45","30","2","5","5","1","0","532","899","1","0","2","4","0.38","0.82","0","0",,,"0","140","2024-04-03 13:48:37"
"5d23460ad4c57900192b129c",,"0","46","6","2","5","5","1","0","432","785","1","0","1","4","0.12","0.82","0","0",,,"1","145","2024-04-03 13:48:40"
"5d23460ad4c57900192b129c",,"0","47","55","2","5","5","0","1","499","799","0","1","4","4","0.73","0.88","0","0",,,"1","150","2024-04-03 13:48:42"
"5d23460ad4c57900192b129c",,"0","48","23","2","5","5","1","0","505","831","1","0","1","4","0.27","0.88","0","0",,,"1","155","2024-04-03 13:48:45"
"5d23460ad4c57900192b129c",,"0","49","52","1","5","5","0","0","450","715","0","1","4","3","0.73","0.5","0","0",,,"0","155","2024-04-03 13:48:47"
"5d23460ad4c57900192b129c",,"0","50","18","2","5","5","0","1","532","816","0","1","1","2","0.27","0.38","0","0",,,"0","155","2024-04-03 13:48:50"
"5d23460ad4c57900192b129c",,"0","51","70","1","5","5","0","0","515","1350","1","1","4","4","0.88","0.73","0","0",,,"1","160","2024-04-03 13:48:53"
"5d23460ad4c57900192b129c",,"0","52","67","1","5","5","0","0","417","781","0","1","4","2","0.88","0.38","0","0",,,"1","165","2024-04-03 13:48:56"
"5d23460ad4c57900192b129c",,"0","53","5","2","5","5","1","0","516","816","1","0","1","4","0.12","0.73","0","0",,,"1","170","2024-04-03 13:48:59"
"5d23460ad4c57900192b129c",,"0","54","32","1","5","5","1","1","598","964","1","0","3","1","0.5","0.12","0","0",,,"0","170","2024-04-03 13:49:01"
"5d23460ad4c57900192b129c",,"0","55","38","2","5","5","1","0","514","849","1","0","3","4","0.5","0.82","0","0",,,"1","175","2024-04-03 13:49:04"
"5d23460ad4c57900192b129c",,"0","56","4","2","5","5","1","0","682","998","1","0","1","3","0.12","0.62","0","0",,,"0","175","2024-04-03 13:49:07"
"5d23460ad4c57900192b129c",,"0","57","44","1","5","5","0","0","549","833","0","1","3","3","0.62","0.5","0","0",,,"1","180","2024-04-03 13:49:10"
"5d23460ad4c57900192b129c",,"0","58","34","1","5","5","1","1","499","799","1","0","3","1","0.5","0.27","0","0",,,"1","185","2024-04-03 13:49:12"
"5d23460ad4c57900192b129c",,"0","59","65","1","5","5","0","0","431","698","0","1","4","1","0.88","0.18","0","0",,,"1","190","2024-04-03 13:49:15"
"5d23460ad4c57900192b129c",,"0","60","43","1","5","5","0","0","415","766","0","1","3","2","0.62","0.38","0","0",,,"1","195","2024-04-03 13:49:17"
"5d23460ad4c57900192b129c",,"0","61","42","1","5","5","0","0","489","950","0","1","3","1","0.62","0.27","0","0",,,"1","200","2024-04-03 13:49:20"
"5d23460ad4c57900192b129c",,"0","62","69","1","5","5","0","0","381","732","0","1","4","3","0.88","0.62","0","0",,,"1","205","2024-04-03 13:49:23"
"5d23460ad4c57900192b129c",,"0","63","33","1","5","5","1","1","565","865","1","0","3","1","0.5","0.18","0","0",,,"0","205","2024-04-03 13:49:25"
"5d23460ad4c57900192b129c",,"0","64","37","2","5","5","0","1","532","751","0","1","3","4","0.5","0.73","0","0",,,"1","210","2024-04-03 13:49:28"
"5d23460ad4c57900192b129c",,"0","65","7","2","5","5","0","1","449","699","0","1","1","4","0.12","0.88","0","0",,,"1","215","2024-04-03 13:49:31"
"5d23460ad4c57900192b129c",,"0","66","19","2","5","5","1","0","549","815","1","0","1","3","0.27","0.5","0","0",,,"0","215","2024-04-03 13:49:33"
"5d23460ad4c57900192b129c",,"0","67","28","2","5","5","0","1","482","781","0","1","2","3","0.38","0.62","0","0",,,"1","220","2024-04-03 13:49:36"
"5d23460ad4c57900192b129c",,"0","68","41","1","5","5","1","1","484","785","1","0","3","1","0.62","0.18","0","0",,,"1","225","2024-04-03 13:49:38"
"5d23460ad4c57900192b129c",,"0","69","26","1","5","5","0","0","481","798","0","1","2","1","0.38","0.27","0","0",,,"0","225","2024-04-03 13:49:42"
"5d23460ad4c57900192b129c",,"0","70","3","2","5","5","1","0","465","782","1","0","1","3","0.12","0.5","0","0",,,"1","230","2024-04-03 13:49:44"
"5d23460ad4c57900192b129c",,"0","71","62","1","5","5","0","0","531","1380","1","1","4","4","0.82","0.73","0","0",,,"1","235","2024-04-03 13:49:47"
"63f77b9ca8439f6e1620c1cd",,"0","0","21","1","5","5","0","0","1398","2067","0","1","1","4","0.27","0.73","0","0",,,"0","0","2024-04-03 13:50:48"
"63f77b9ca8439f6e1620c1cd",,"0","1","58","2","5","5","0","1","949","2651","0","1","4","1","0.82","0.27","0","0",,,"0","0","2024-04-03 13:50:53"
"63f77b9ca8439f6e1620c1cd",,"0","2","20","2","5","5","0","1","999","1785","0","1","1","3","0.27","0.62","0","0",,,"0","0","2024-04-03 13:50:56"
"63f77b9ca8439f6e1620c1cd",,"0","3","41","0","5","5","0","0","831","0","1","0","3","1","0.62","0.18","0","0",,,"0","0","2024-04-03 13:51:01"
"63f77b9ca8439f6e1620c1cd",,"0","4","15","1","5","5","1","1","965","1466","1","0","1","4","0.18","0.88","0","0",,,"1","5","2024-04-03 13:51:04"
"63f77b9ca8439f6e1620c1cd",,"0","5","64","2","5","5","1","0","682","1184","1","0","4","1","0.88","0.12","0","0",,,"0","5","2024-04-03 13:51:07"
"63f77b9ca8439f6e1620c1cd",,"0","6","29","1","5","5","0","0","766","1337","0","1","2","4","0.38","0.73","0","0",,,"0","5","2024-04-03 13:51:10"
"63f77b9ca8439f6e1620c1cd",,"0","7","26","2","5","5","0","1","533","1754","0","1","2","1","0.38","0.27","0","0",,,"1","10","2024-04-03 13:51:14"
"63f77b9ca8439f6e1620c1cd",,"0","8","22","1","5","5","1","1","582","1666","1","0","1","4","0.27","0.82","0","0",,,"1","15","2024-04-03 13:51:17"
"63f77b9ca8439f6e1620c1cd",,"0","9","27","1","5","5","0","0","548","1316","0","1","2","3","0.38","0.5","0","0",,,"0","15","2024-04-03 13:51:20"
"63f77b9ca8439f6e1620c1cd",,"0","10","52","2","5","5","0","1","699","1184","0","1","4","3","0.73","0.5","0","0",,,"1","20","2024-04-03 13:51:23"
"63f77b9ca8439f6e1620c1cd",,"0","11","48","2","5","5","1","0","615","1117","1","0","4","1","0.73","0.12","0","0",,,"1","25","2024-04-03 13:51:26"
"63f77b9ca8439f6e1620c1cd",,"0","12","40","2","5","5","1","0","681","1116","1","0","3","1","0.62","0.12","0","0",,,"0","25","2024-04-03 13:51:29"
"63f77b9ca8439f6e1620c1cd",,"0","13","49","2","5","5","1","0","549","867","1","0","4","1","0.73","0.18","0","0",,,"0","25","2024-04-03 13:51:32"
"63f77b9ca8439f6e1620c1cd",,"0","14","5","1","5","5","0","0","465","1100","0","1","1","4","0.12","0.73","0","0",,,"0","25","2024-04-03 13:51:35"
"63f77b9ca8439f6e1620c1cd",,"0","15","10","1","5","5","1","1","532","1836","1","0","1","2","0.18","0.38","0","0",,,"0","25","2024-04-03 13:51:39"
"63f77b9ca8439f6e1620c1cd",,"0","16","70","1","5","5","0","0","1414","1865","0","1","4","4","0.88","0.73","0","0",,,"1","30","2024-04-03 13:51:42"
"63f77b9ca8439f6e1620c1cd",,"0","17","56","2","5","5","0","1","1181","1582","0","1","4","1","0.82","0.12","0","0",,,"0","30","2024-04-03 13:51:46"
"63f77b9ca8439f6e1620c1cd",,"0","18","55","2","5","5","0","1","1030","1483","0","1","4","4","0.73","0.88","0","0",,,"1","35","2024-04-03 13:51:49"
"63f77b9ca8439f6e1620c1cd",,"0","19","32","1","5","5","1","1","815","1217","1","0","3","1","0.5","0.12","0","0",,,"1","40","2024-04-03 13:51:52"
"63f77b9ca8439f6e1620c1cd",,"0","20","7","2","5","5","0","1","698","1150","0","1","1","4","0.12","0.88","0","0",,,"1","45","2024-04-03 13:51:55"
"63f77b9ca8439f6e1620c1cd",,"0","21","50","1","5","5","1","1","831","1266","1","0","4","1","0.73","0.27","0","0",,,"1","50","2024-04-03 13:51:58"
"63f77b9ca8439f6e1620c1cd",,"0","22","37","2","5","5","1","0","1315","1700","1","0","3","4","0.5","0.73","0","0",,,"1","55","2024-04-03 13:52:01"
"63f77b9ca8439f6e1620c1cd",,"0","23","59","1","5","5","1","1","750","1149","1","0","4","2","0.82","0.38","0","0",,,"1","60","2024-04-03 13:52:04"
"63f77b9ca8439f6e1620c1cd",,"0","24","61","1","5","5","0","0","799","1233","0","1","4","3","0.82","0.62","0","0",,,"1","65","2024-04-03 13:52:07"
"63f77b9ca8439f6e1620c1cd",,"0","25","60","1","5","5","1","1","566","950","1","0","4","3","0.82","0.5","0","0",,,"1","70","2024-04-03 13:52:10"
"63f77b9ca8439f6e1620c1cd",,"0","26","30","2","5","5","0","1","648","1032","0","1","2","4","0.38","0.82","0","0",,,"1","75","2024-04-03 13:52:12"
"63f77b9ca8439f6e1620c1cd",,"0","27","43","1","5","5","0","0","599","1033","0","1","3","2","0.62","0.38","0","0",,,"1","80","2024-04-03 13:52:15"
"63f77b9ca8439f6e1620c1cd",,"0","28","42","1","5","5","1","1","614","965","1","0","3","1","0.62","0.27","0","0",,,"0","80","2024-04-03 13:52:18"
"63f77b9ca8439f6e1620c1cd",,"0","29","17","1","5","5","1","1","1262","1588","1","0","1","1","0.27","0.18","0","0",,,"0","80","2024-04-03 13:52:21"
"63f77b9ca8439f6e1620c1cd",,"0","30","39","2","5","5","1","0","799","1117","1","0","3","4","0.5","0.88","0","0",,,"1","85","2024-04-03 13:52:24"
"63f77b9ca8439f6e1620c1cd",,"0","31","62","1","5","5","1","1","1248","1599","1","0","4","4","0.82","0.73","0","0",,,"0","85","2024-04-03 13:52:28"
"63f77b9ca8439f6e1620c1cd",,"0","32","63","2","5","5","0","1","799","1183","0","1","4","4","0.82","0.88","0","0",,,"1","90","2024-04-03 13:52:31"
"63f77b9ca8439f6e1620c1cd",,"0","33","0","2","5","5","0","1","1316","1817","0","1","1","1","0.12","0.18","0","0",,,"0","90","2024-04-03 13:52:34"
"5d23460ad4c57900192b129c",,"1","0","64","1","5","5","0","0","32","2096","2","1","4","1","0.88","0.12","0","0",,,"1","5","2024-04-03 13:52:36"
"63f77b9ca8439f6e1620c1cd",,"0","34","57","1","5","5","0","0","698","1099","0","1","4","1","0.82","0.18","0","0",,,"1","95","2024-04-03 13:52:37"
"5d23460ad4c57900192b129c",,"1","1","15","2","5","5","1","0","750","1099","1","0","1","4","0.18","0.88","0","0",,,"1","10","2024-04-03 13:52:39"
"63f77b9ca8439f6e1620c1cd",,"0","35","47","2","5","5","1","0","698","1116","1","0","3","4","0.62","0.88","0","0",,,"1","100","2024-04-03 13:52:40"
"5d23460ad4c57900192b129c",,"1","2","33","1","5","5","1","1","933","1216","1","0","3","1","0.5","0.18","0","0",,,"0","10","2024-04-03 13:52:42"
"63f77b9ca8439f6e1620c1cd",,"0","36","51","1","5","5","1","1","648","1033","1","0","4","2","0.73","0.38","0","0",,,"0","100","2024-04-03 13:52:43"
"5d23460ad4c57900192b129c",,"1","3","34","1","5","5","0","0","981","1233","0","1","3","1","0.5","0.27","0","0",,,"0","10","2024-04-03 13:52:45"
"63f77b9ca8439f6e1620c1cd",,"0","37","31","2","5","5","1","0","666","953","1","0","2","4","0.38","0.88","0","0",,,"0","100","2024-04-03 13:52:46"
"5d23460ad4c57900192b129c",,"1","4","43","1","5","5","1","1","964","1249","1","0","3","2","0.62","0.38","0","0",,,"1","15","2024-04-03 13:52:48"
"63f77b9ca8439f6e1620c1cd",,"0","38","14","2","5","5","0","1","598","950","0","1","1","4","0.18","0.82","0","0",,,"1","105","2024-04-03 13:52:49"
"5d23460ad4c57900192b129c",,"1","5","4","2","5","5","0","1","964","1214","0","1","1","3","0.12","0.62","0","0",,,"1","20","2024-04-03 13:52:51"
"63f77b9ca8439f6e1620c1cd",,"0","39","1","1","5","5","1","1","1065","1349","1","0","1","1","0.12","0.27","0","0",,,"1","110","2024-04-03 13:52:52"
"5d23460ad4c57900192b129c",,"1","6","18","2","5","5","1","0","1082","1348","1","0","1","2","0.27","0.38","0","0",,,"1","25","2024-04-03 13:52:54"
"63f77b9ca8439f6e1620c1cd",,"0","40","6","2","5","5","0","1","1081","1433","0","1","1","4","0.12","0.82","0","0",,,"1","115","2024-04-03 13:52:55"
"5d23460ad4c57900192b129c",,"1","7","38","2","5","5","0","1","798","1081","0","1","3","4","0.5","0.82","0","0",,,"1","30","2024-04-03 13:52:57"
"63f77b9ca8439f6e1620c1cd",,"0","41","2","1","5","5","1","1","1015","1333","1","0","1","2","0.12","0.38","0","0",,,"0","115","2024-04-03 13:52:58"
"5d23460ad4c57900192b129c",,"1","8","53","1","5","5","1","1","1064","1298","1","0","4","3","0.73","0.62","0","0",,,"1","35","2024-04-03 13:53:00"
"63f77b9ca8439f6e1620c1cd",,"0","42","36","2","5","5","0","1","882","1240","0","1","3","3","0.5","0.62","0","0",,,"1","120","2024-04-03 13:53:01"
"5d23460ad4c57900192b129c",,"1","9","9","2","5","5","1","0","1050","1300","1","0","1","1","0.18","0.27","0","0",,,"0","35","2024-04-03 13:53:03"
"63f77b9ca8439f6e1620c1cd",,"0","43","67","1","5","5","0","0","698","1100","0","1","4","2","0.88","0.38","0","0",,,"0","120","2024-04-03 13:53:04"
"5d23460ad4c57900192b129c",,"1","10","42","1","5","5","1","1","916","1170","1","0","3","1","0.62","0.27","0","0",,,"0","35","2024-04-03 13:53:06"
"63f77b9ca8439f6e1620c1cd",,"0","44","45","2","5","5","0","1","866","1219","0","1","3","4","0.62","0.73","0","0",,,"1","125","2024-04-03 13:53:07"
"5d23460ad4c57900192b129c",,"1","11","12","2","5","5","1","0","982","1237","1","0","1","3","0.18","0.62","0","0",,,"0","35","2024-04-03 13:53:10"
"63f77b9ca8439f6e1620c1cd",,"0","45","25","2","5","5","1","0","965","1283","1","0","2","1","0.38","0.18","0","0",,,"0","125","2024-04-03 13:53:10"
"5d23460ad4c57900192b129c",,"1","12","48","1","5","5","0","0","949","1200","0","1","4","1","0.73","0.12","0","0",,,"1","40","2024-04-03 13:53:13"
"63f77b9ca8439f6e1620c1cd",,"0","46","4","2","5","5","0","1","648","983","0","1","1","3","0.12","0.62","0","0",,,"1","130","2024-04-03 13:53:13"
"5d23460ad4c57900192b129c",,"1","13","37","2","5","5","0","1","932","1183","0","1","3","4","0.5","0.73","0","0",,,"1","45","2024-04-03 13:53:16"
"63f77b9ca8439f6e1620c1cd",,"0","47","68","2","5","5","1","0","899","1800","1","1","4","3","0.88","0.5","0","0",,,"1","135","2024-04-03 13:53:17"
"5d23460ad4c57900192b129c",,"1","14","47","2","5","5","1","0","1016","1215","1","0","3","4","0.62","0.88","0","0",,,"1","50","2024-04-03 13:53:19"
"63f77b9ca8439f6e1620c1cd",,"0","48","44","1","5","5","1","1","1082","1366","1","0","3","3","0.62","0.5","0","0",,,"0","135","2024-04-03 13:53:20"
"5d23460ad4c57900192b129c",,"1","15","26","1","5","5","1","1","951","1198","1","0","2","1","0.38","0.27","0","0",,,"1","55","2024-04-03 13:53:21"
"63f77b9ca8439f6e1620c1cd",,"0","49","11","2","5","5","1","0","1567","1851","1","0","1","3","0.18","0.5","0","0",,,"1","140","2024-04-03 13:53:24"
"5d23460ad4c57900192b129c",,"1","16","60","1","5","5","1","1","949","1150","1","0","4","3","0.82","0.5","0","0",,,"0","55","2024-04-03 13:53:24"
"63f77b9ca8439f6e1620c1cd",,"0","50","69","2","5","5","0","1","1348","1633","0","1","4","3","0.88","0.62","0","0",,,"0","140","2024-04-03 13:53:27"
"5d23460ad4c57900192b129c",,"1","17","68","1","5","5","1","1","815","1082","1","0","4","3","0.88","0.5","0","0",,,"1","60","2024-04-03 13:53:27"
"63f77b9ca8439f6e1620c1cd",,"0","51","46","1","5","5","1","1","1031","1319","1","0","3","4","0.62","0.82","0","0",,,"1","145","2024-04-03 13:53:30"
"5d23460ad4c57900192b129c",,"1","18","1","2","5","5","1","0","1097","1315","1","0","1","1","0.12","0.27","0","0",,,"1","65","2024-04-03 13:53:30"
"5d23460ad4c57900192b129c",,"1","19","3","2","5","5","1","0","849","1100","1","0","1","3","0.12","0.5","0","0",,,"0","65","2024-04-03 13:53:33"
"63f77b9ca8439f6e1620c1cd",,"0","52","66","2","5","5","0","1","915","1750","1","1","4","1","0.88","0.27","0","0",,,"0","145","2024-04-03 13:53:33"
"5d23460ad4c57900192b129c",,"1","20","40","1","5","5","1","1","813","1071","1","0","3","1","0.62","0.12","0","0",,,"0","65","2024-04-03 13:53:36"
"63f77b9ca8439f6e1620c1cd",,"0","53","13","2","5","5","1","0","615","2349","2","1","1","4","0.18","0.73","0","0",,,"1","150","2024-04-03 13:53:38"
"5d23460ad4c57900192b129c",,"1","21","19","2","5","5","1","0","815","1051","1","0","1","3","0.27","0.5","0","0",,,"1","70","2024-04-03 13:53:39"
"5d23460ad4c57900192b129c",,"1","22","57","1","5","5","1","1","916","1149","1","0","4","1","0.82","0.18","0","0",,,"1","75","2024-04-03 13:53:42"
"5d23460ad4c57900192b129c",,"1","23","6","2","5","5","1","0","881","1115","1","0","1","4","0.12","0.82","0","0",,,"1","80","2024-04-03 13:53:45"
"5d23460ad4c57900192b129c",,"1","24","28","2","5","5","1","0","1015","1282","1","0","2","3","0.38","0.62","0","0",,,"1","85","2024-04-03 13:53:48"
"5d23460ad4c57900192b129c",,"1","25","32","1","5","5","1","1","982","1199","1","0","3","1","0.5","0.12","0","0",,,"1","90","2024-04-03 13:53:51"
"63f77b9ca8439f6e1620c1cd",,"0","54","16","1","5","5","0","0","1532","1766","0","1","1","1","0.27","0.12","0","0",,,"0","150","2024-04-03 13:53:53"
"5d23460ad4c57900192b129c",,"1","26","30","2","5","5","1","0","949","1165","1","0","2","4","0.38","0.82","0","0",,,"0","90","2024-04-03 13:53:54"
"63f77b9ca8439f6e1620c1cd",,"0","55","71","1","5","5","0","0","933","1738","1","1","4","4","0.88","0.82","0","0",,,"1","155","2024-04-03 13:53:56"
"5d23460ad4c57900192b129c",,"1","27","5","2","5","5","0","1","1032","1253","0","1","1","4","0.12","0.73","0","0",,,"0","90","2024-04-03 13:53:57"
"63f77b9ca8439f6e1620c1cd",,"0","56","28","2","5","5","1","0","1248","1551","1","0","2","3","0.38","0.62","0","0",,,"1","160","2024-04-03 13:53:59"
"5d23460ad4c57900192b129c",,"1","28","69","1","5","5","1","1","949","1164","1","0","4","3","0.88","0.62","0","0",,,"1","95","2024-04-03 13:54:00"
"63f77b9ca8439f6e1620c1cd",,"0","57","12","2","5","5","0","1","1398","1734","0","1","1","3","0.18","0.62","0","0",,,"0","160","2024-04-03 13:54:03"
"5d23460ad4c57900192b129c",,"1","29","44","1","5","5","1","1","917","1199","1","0","3","3","0.62","0.5","0","0",,,"1","100","2024-04-03 13:54:03"
"5d23460ad4c57900192b129c",,"1","30","17","1","5","5","0","0","1296","1530","0","1","1","1","0.27","0.18","0","0",,,"1","105","2024-04-03 13:54:06"
"63f77b9ca8439f6e1620c1cd",,"0","58","35","1","5","5","1","1","1199","1536","1","0","3","2","0.5","0.38","0","0",,,"0","160","2024-04-03 13:54:06"
"5d23460ad4c57900192b129c",,"1","31","36","2","5","5","0","1","897","1181","0","1","3","3","0.5","0.62","0","0",,,"1","110","2024-04-03 13:54:09"
"63f77b9ca8439f6e1620c1cd",,"0","59","23","1","5","5","0","0","1031","1367","0","1","1","4","0.27","0.88","0","0",,,"0","160","2024-04-03 13:54:09"
"5d23460ad4c57900192b129c",,"1","32","16","1","5","5","1","1","965","1183","1","0","1","1","0.27","0.12","0","0",,,"0","110","2024-04-03 13:54:12"
"63f77b9ca8439f6e1620c1cd",,"0","60","38","2","5","5","0","1","1733","2019","0","1","3","4","0.5","0.82","0","0",,,"0","160","2024-04-03 13:54:13"
"5d23460ad4c57900192b129c",,"1","33","35","1","5","5","1","1","931","1127","1","0","3","2","0.5","0.38","0","0",,,"0","110","2024-04-03 13:54:15"
"63f77b9ca8439f6e1620c1cd",,"0","61","54","2","5","5","0","1","1034","1367","0","1","4","4","0.73","0.82","0","0",,,"1","165","2024-04-03 13:54:16"
"5d23460ad4c57900192b129c",,"1","34","50","1","5","5","0","0","949","1174","0","1","4","1","0.73","0.27","0","0",,,"0","110","2024-04-03 13:54:18"
"63f77b9ca8439f6e1620c1cd",,"0","62","18","1","5","5","1","1","1281","1499","1","0","1","2","0.27","0.38","0","0",,,"0","165","2024-04-03 13:54:19"
"5d23460ad4c57900192b129c",,"1","35","7","2","5","5","0","1","883","1117","0","1","1","4","0.12","0.88","0","0",,,"1","115","2024-04-03 13:54:21"
"63f77b9ca8439f6e1620c1cd",,"0","63","33","1","5","5","1","1","1500","1801","1","0","3","1","0.5","0.18","0","0",,,"1","170","2024-04-03 13:54:23"
"5d23460ad4c57900192b129c",,"1","36","58","1","5","5","0","0","947","1167","0","1","4","1","0.82","0.27","0","0",,,"1","120","2024-04-03 13:54:24"
"63f77b9ca8439f6e1620c1cd",,"0","64","3","2","5","5","0","1","1299","1667","0","1","1","3","0.12","0.5","0","0",,,"1","175","2024-04-03 13:54:26"
"5d23460ad4c57900192b129c",,"1","37","70","1","5","5","0","0","1046","1262","0","1","4","4","0.88","0.73","0","0",,,"1","125","2024-04-03 13:54:27"
"63f77b9ca8439f6e1620c1cd",,"0","65","53","1","5","5","0","0","1316","1650","0","1","4","3","0.73","0.62","0","0",,,"1","180","2024-04-03 13:54:30"
"5d23460ad4c57900192b129c",,"1","38","61","1","5","5","1","1","1064","1283","1","0","4","3","0.82","0.62","0","0",,,"1","130","2024-04-03 13:54:30"
"5d23460ad4c57900192b129c",,"1","39","24","1","5","5","1","1","1048","1282","1","0","2","1","0.38","0.12","0","0",,,"0","130","2024-04-03 13:54:33"
"63f77b9ca8439f6e1620c1cd",,"0","66","19","2","5","5","1","0","1464","1832","1","0","1","3","0.27","0.5","0","0",,,"1","185","2024-04-03 13:54:33"
"5d23460ad4c57900192b129c",,"1","40","45","2","5","5","0","1","814","1031","0","1","3","4","0.62","0.73","0","0",,,"0","130","2024-04-03 13:54:36"
"63f77b9ca8439f6e1620c1cd",,"0","67","8","2","5","5","0","1","1598","2016","0","1","1","1","0.18","0.12","0","0",,,"0","185","2024-04-03 13:54:37"
"5d23460ad4c57900192b129c",,"1","41","31","2","5","5","0","1","1048","1299","0","1","2","4","0.38","0.88","0","0",,,"1","135","2024-04-03 13:54:39"
"63f77b9ca8439f6e1620c1cd",,"0","68","9","1","5","5","1","1","1016","1438","1","0","1","1","0.18","0.27","0","0",,,"1","190","2024-04-03 13:54:40"
"5d23460ad4c57900192b129c",,"1","42","25","1","5","5","1","1","1098","1264","1","0","2","1","0.38","0.18","0","0",,,"0","135","2024-04-03 13:54:42"
"63f77b9ca8439f6e1620c1cd",,"0","69","34","1","5","5","1","1","1352","1584","1","0","3","1","0.5","0.27","0","0",,,"0","190","2024-04-03 13:54:43"
"5d23460ad4c57900192b129c",,"1","43","11","2","5","5","0","1","1070","1267","0","1","1","3","0.18","0.5","0","0",,,"0","135","2024-04-03 13:54:45"
"63f77b9ca8439f6e1620c1cd",,"0","70","24","1","5","5","1","1","832","1270","1","0","2","1","0.38","0.12","0","0",,,"0","190","2024-04-03 13:54:47"
"5d23460ad4c57900192b129c",,"1","44","51","1","5","5","1","1","1081","1283","1","0","4","2","0.73","0.38","0","0",,,"1","140","2024-04-03 13:54:48"
"63f77b9ca8439f6e1620c1cd",,"0","71","65","1","5","5","0","0","749","1400","0","1","4","1","0.88","0.18","0","0",,,"1","195","2024-04-03 13:54:50"
"5d23460ad4c57900192b129c",,"1","45","13","2","5","5","0","1","914","1115","0","1","1","4","0.18","0.73","0","0",,,"1","145","2024-04-03 13:54:51"
"5d23460ad4c57900192b129c",,"1","46","49","1","5","5","0","0","898","1133","0","1","4","1","0.73","0.18","0","0",,,"1","150","2024-04-03 13:54:54"
"5d23460ad4c57900192b129c",,"1","47","46","2","5","5","1","0","917","1149","1","0","3","4","0.62","0.82","0","0",,,"1","155","2024-04-03 13:54:57"
"5d23460ad4c57900192b129c",,"1","48","59","1","5","5","0","0","899","1132","0","1","4","2","0.82","0.38","0","0",,,"1","160","2024-04-03 13:55:00"
"5d23460ad4c57900192b129c",,"1","49","66","1","5","5","0","0","816","1066","0","1","4","1","0.88","0.27","0","0",,,"1","165","2024-04-03 13:55:03"
"5d23460ad4c57900192b129c",,"1","50","63","2","5","5","0","1","947","1182","0","1","4","4","0.82","0.88","0","0",,,"1","170","2024-04-03 13:55:05"
"5d23460ad4c57900192b129c",,"1","51","55","2","5","5","1","0","1082","1299","1","0","4","4","0.73","0.88","0","0",,,"1","175","2024-04-03 13:55:08"
"5d23460ad4c57900192b129c",,"1","52","52","1","5","5","0","0","898","1132","0","1","4","3","0.73","0.5","0","0",,,"0","175","2024-04-03 13:55:11"
"5d23460ad4c57900192b129c",,"1","53","71","1","5","5","1","1","932","1185","1","0","4","4","0.88","0.82","0","0",,,"1","180","2024-04-03 13:55:14"
"5d23460ad4c57900192b129c",,"1","54","29","2","5","5","1","0","882","1098","1","0","2","4","0.38","0.73","0","0",,,"0","180","2024-04-03 13:55:17"
"5d23460ad4c57900192b129c",,"1","55","39","2","5","5","1","0","868","1113","1","0","3","4","0.5","0.88","0","0",,,"0","180","2024-04-03 13:55:20"
"63f77b9ca8439f6e1620c1cd",,"1","0","19","1","5","5","0","0","1049","1383","0","1","1","3","0.27","0.5","0","0",,,"0","0","2024-04-03 13:55:21"
"63f77b9ca8439f6e1620c1cd",,"1","1","25","1","5","5","1","1","532","983","1","0","2","1","0.38","0.18","0","0",,,"1","5","2024-04-03 13:55:23"
"5d23460ad4c57900192b129c",,"1","56","20","2","5","5","1","0","865","1101","1","0","1","3","0.27","0.62","0","0",,,"1","185","2024-04-03 13:55:23"
"5d23460ad4c57900192b129c",,"1","57","8","1","5","5","1","1","1115","1314","1","0","1","1","0.18","0.12","0","0",,,"0","185","2024-04-03 13:55:26"
"63f77b9ca8439f6e1620c1cd",,"1","2","45","1","5","5","1","1","1049","1399","1","0","3","4","0.62","0.73","0","0",,,"1","10","2024-04-03 13:55:26"
"5d23460ad4c57900192b129c",,"1","58","54","2","5","5","1","0","1071","1267","1","0","4","4","0.73","0.82","0","0",,,"1","190","2024-04-03 13:55:30"
"63f77b9ca8439f6e1620c1cd",,"1","3","0","1","5","5","0","0","1699","1983","0","1","1","1","0.12","0.18","0","0",,,"0","10","2024-04-03 13:55:30"
"5d23460ad4c57900192b129c",,"1","59","2","2","5","5","0","1","1014","1217","0","1","1","2","0.12","0.38","0","0",,,"0","190","2024-04-03 13:55:33"
"63f77b9ca8439f6e1620c1cd",,"1","4","62","1","5","5","1","1","1049","1467","1","0","4","4","0.82","0.73","0","0",,,"0","10","2024-04-03 13:55:33"
"5d23460ad4c57900192b129c",,"1","60","27","2","5","5","1","0","1301","1500","1","0","2","3","0.38","0.5","0","0",,,"0","190","2024-04-03 13:55:36"
"63f77b9ca8439f6e1620c1cd",,"1","5","9","1","5","5","0","0","682","1115","0","1","1","1","0.18","0.27","0","0",,,"1","15","2024-04-03 13:55:36"
"63f77b9ca8439f6e1620c1cd",,"1","6","20","2","5","5","1","0","599","1132","1","0","1","3","0.27","0.62","0","0",,,"1","20","2024-04-03 13:55:39"
"5d23460ad4c57900192b129c",,"1","61","62","1","5","5","0","0","1718","1899","0","1","4","4","0.82","0.73","0","0",,,"0","190","2024-04-03 13:55:40"
"5d23460ad4c57900192b129c",,"1","62","67","1","5","5","1","1","881","1050","1","0","4","2","0.88","0.38","0","0",,,"0","190","2024-04-03 13:55:43"
"63f77b9ca8439f6e1620c1cd",,"1","7","3","2","5","5","0","1","1199","1633","0","1","1","3","0.12","0.5","0","0",,,"1","25","2024-04-03 13:55:43"
"63f77b9ca8439f6e1620c1cd",,"1","8","27","2","5","5","0","1","900","1383","0","1","2","3","0.38","0.5","0","0",,,"0","25","2024-04-03 13:55:46"
"5d23460ad4c57900192b129c",,"1","63","10","2","5","5","0","1","1187","1367","0","1","1","2","0.18","0.38","0","0",,,"0","190","2024-04-03 13:55:46"
"5d23460ad4c57900192b129c",,"1","64","0","1","5","5","1","1","982","1300","1","0","1","1","0.12","0.18","0","0",,,"0","190","2024-04-03 13:55:49"
"63f77b9ca8439f6e1620c1cd",,"1","9","64","1","5","5","1","1","999","1832","1","1","4","1","0.88","0.12","0","0",,,"1","30","2024-04-03 13:55:50"
"5d23460ad4c57900192b129c",,"1","65","21","1","5","5","1","1","997","1216","1","0","1","4","0.27","0.73","0","0",,,"0","190","2024-04-03 13:55:52"
"63f77b9ca8439f6e1620c1cd",,"1","10","10","2","5","5","0","1","1049","1716","1","1","1","2","0.18","0.38","0","0",,,"1","35","2024-04-03 13:55:53"
"5d23460ad4c57900192b129c",,"1","66","41","1","5","5","0","0","981","1169","0","1","3","1","0.62","0.18","0","0",,,"0","190","2024-04-03 13:55:55"
"63f77b9ca8439f6e1620c1cd",,"1","11","58","2","5","5","0","1","999","1383","0","1","4","1","0.82","0.27","0","0",,,"0","35","2024-04-03 13:55:56"
"5d23460ad4c57900192b129c",,"1","67","56","1","5","5","1","1","1185","1320","1","0","4","1","0.82","0.12","0","0",,,"1","195","2024-04-03 13:55:59"
"63f77b9ca8439f6e1620c1cd",,"1","12","66","1","5","5","1","1","599","966","1","0","4","1","0.88","0.27","0","0",,,"1","40","2024-04-03 13:55:59"
"5d23460ad4c57900192b129c",,"1","68","23","2","5","5","0","1","948","1116","0","1","1","4","0.27","0.88","0","0",,,"1","200","2024-04-03 13:56:01"
"63f77b9ca8439f6e1620c1cd",,"1","13","61","1","5","5","0","0","766","1199","0","1","4","3","0.82","0.62","0","0",,,"1","45","2024-04-03 13:56:02"
"5d23460ad4c57900192b129c",,"1","69","65","1","5","5","0","0","900","1067","0","1","4","1","0.88","0.18","0","0",,,"1","205","2024-04-03 13:56:04"
"63f77b9ca8439f6e1620c1cd",,"1","14","43","2","5","5","1","0","1082","1450","1","0","3","2","0.62","0.38","0","0",,,"1","50","2024-04-03 13:56:05"
"5d23460ad4c57900192b129c",,"1","70","22","2","5","5","1","0","915","1132","1","0","1","4","0.27","0.82","0","0",,,"1","210","2024-04-03 13:56:07"
"63f77b9ca8439f6e1620c1cd",,"1","15","18","2","5","5","1","0","1165","1649","1","0","1","2","0.27","0.38","0","0",,,"0","50","2024-04-03 13:56:09"
"5d23460ad4c57900192b129c",,"1","71","14","2","5","5","1","0","864","1048","1","0","1","4","0.18","0.82","0","0",,,"1","215","2024-04-03 13:56:10"
"63f77b9ca8439f6e1620c1cd",,"1","16","60","1","5","5","0","0","1083","1450","0","1","4","3","0.82","0.5","0","0",,,"1","55","2024-04-03 13:56:12"
"63f77b9ca8439f6e1620c1cd",,"1","17","55","2","5","5","1","0","1232","1549","1","0","4","4","0.73","0.88","0","0",,,"1","60","2024-04-03 13:56:16"
"63f77b9ca8439f6e1620c1cd",,"1","18","50","1","5","5","1","1","782","1166","1","0","4","1","0.73","0.27","0","0",,,"0","60","2024-04-03 13:56:20"
"63f77b9ca8439f6e1620c1cd",,"1","19","40","1","5","5","0","0","1233","1617","0","1","3","1","0.62","0.12","0","0",,,"0","60","2024-04-03 13:56:23"
"63f77b9ca8439f6e1620c1cd",,"1","20","29","2","5","5","0","1","832","1249","0","1","2","4","0.38","0.73","0","0",,,"1","65","2024-04-03 13:56:26"
"63f77b9ca8439f6e1620c1cd",,"1","21","33","1","5","5","1","1","1232","1650","1","0","3","1","0.5","0.18","0","0",,,"1","70","2024-04-03 13:56:30"
"63f77b9ca8439f6e1620c1cd",,"1","22","4","1","5","5","0","0","1016","1383","0","1","1","3","0.12","0.62","0","0",,,"0","70","2024-04-03 13:56:33"
"5d23460ad4c57900192b129c",,"2","0","0","2","5","5","1","0","598","1098","1","0","1","1","0.12","0.18","0","0",,,"0","0","2024-04-03 13:56:33"
"63f77b9ca8439f6e1620c1cd",,"1","23","47","1","5","5","1","1","799","1133","1","0","3","4","0.62","0.88","0","0",,,"1","75","2024-04-03 13:56:36"
"5d23460ad4c57900192b129c",,"2","1","69","1","5","5","0","0","666","850","0","1","4","3","0.88","0.62","0","0",,,"1","5","2024-04-03 13:56:36"
"5d23460ad4c57900192b129c",,"2","2","68","1","5","5","1","1","632","815","1","0","4","3","0.88","0.5","0","0",,,"1","10","2024-04-03 13:56:39"
"63f77b9ca8439f6e1620c1cd",,"1","24","53","1","5","5","1","1","949","1582","1","0","4","3","0.73","0.62","0","0",,,"1","80","2024-04-03 13:56:39"
"5d23460ad4c57900192b129c",,"2","3","62","1","5","5","1","1","517","1166","1","1","4","4","0.82","0.73","0","0",,,"1","15","2024-04-03 13:56:42"
"63f77b9ca8439f6e1620c1cd",,"1","25","6","2","5","5","0","1","816","1249","0","1","1","4","0.12","0.82","0","0",,,"1","85","2024-04-03 13:56:42"
"5d23460ad4c57900192b129c",,"2","4","23","2","5","5","1","0","488","750","1","0","1","4","0.27","0.88","0","0",,,"1","20","2024-04-03 13:56:44"
"63f77b9ca8439f6e1620c1cd",,"1","26","11","1","5","5","1","1","965","1316","1","0","1","3","0.18","0.5","0","0",,,"0","85","2024-04-03 13:56:45"
"5d23460ad4c57900192b129c",,"2","5","14","2","5","5","1","0","432","665","1","0","1","4","0.18","0.82","0","0",,,"1","25","2024-04-03 13:56:47"
"63f77b9ca8439f6e1620c1cd",,"1","27","24","2","5","5","0","1","782","1166","0","1","2","1","0.38","0.12","0","0",,,"0","85","2024-04-03 13:56:48"
"5d23460ad4c57900192b129c",,"2","6","58","1","5","5","0","0","481","717","0","1","4","1","0.82","0.27","0","0",,,"1","30","2024-04-03 13:56:49"
"63f77b9ca8439f6e1620c1cd",,"1","28","39","2","5","5","0","1","649","1033","0","1","3","4","0.5","0.88","0","0",,,"1","90","2024-04-03 13:56:51"
"5d23460ad4c57900192b129c",,"2","7","37","2","5","5","1","0","415","616","1","0","3","4","0.5","0.73","0","0",,,"1","35","2024-04-03 13:56:52"
"63f77b9ca8439f6e1620c1cd",,"1","29","22","2","5","5","1","0","899","1216","1","0","1","4","0.27","0.82","0","0",,,"1","95","2024-04-03 13:56:54"
"5d23460ad4c57900192b129c",,"2","8","52","1","5","5","1","1","465","733","1","0","4","3","0.73","0.5","0","0",,,"0","35","2024-04-03 13:56:54"
"63f77b9ca8439f6e1620c1cd",,"1","30","8","2","5","5","1","0","1048","1382","1","0","1","1","0.18","0.12","0","0",,,"0","95","2024-04-03 13:56:57"
"5d23460ad4c57900192b129c",,"2","9","67","1","5","5","0","0","898","1083","0","1","4","2","0.88","0.38","0","0",,,"1","40","2024-04-03 13:56:57"
"5d23460ad4c57900192b129c",,"2","10","40","1","5","5","1","1","564","915","1","0","3","1","0.62","0.12","0","0",,,"1","45","2024-04-03 13:57:00"
"63f77b9ca8439f6e1620c1cd",,"1","31","35","1","5","5","1","1","899","1233","1","0","3","2","0.5","0.38","0","0",,,"0","95","2024-04-03 13:57:00"
"5d23460ad4c57900192b129c",,"2","11","71","1","5","5","0","0","697","899","0","1","4","4","0.88","0.82","0","0",,,"1","50","2024-04-03 13:57:03"
"63f77b9ca8439f6e1620c1cd",,"1","32","44","1","5","5","1","1","683","1083","1","0","3","3","0.62","0.5","0","0",,,"0","95","2024-04-03 13:57:03"
"5d23460ad4c57900192b129c",,"2","12","7","2","5","5","0","1","549","750","0","1","1","4","0.12","0.88","0","0",,,"1","55","2024-04-03 13:57:05"
"63f77b9ca8439f6e1620c1cd",,"1","33","67","1","5","5","1","1","1049","1350","1","0","4","2","0.88","0.38","0","0",,,"1","100","2024-04-03 13:57:07"
"5d23460ad4c57900192b129c",,"2","13","47","2","5","5","1","0","582","750","1","0","3","4","0.62","0.88","0","0",,,"1","60","2024-04-03 13:57:08"
"63f77b9ca8439f6e1620c1cd",,"1","34","13","2","5","5","1","0","699","983","1","0","1","4","0.18","0.73","0","0",,,"1","105","2024-04-03 13:57:09"
"5d23460ad4c57900192b129c",,"2","14","10","2","5","5","0","1","632","830","0","1","1","2","0.18","0.38","0","0",,,"1","65","2024-04-03 13:57:10"
"63f77b9ca8439f6e1620c1cd",,"1","35","26","1","5","5","0","0","849","1149","0","1","2","1","0.38","0.27","0","0",,,"0","105","2024-04-03 13:57:12"
"5d23460ad4c57900192b129c",,"2","15","1","2","5","5","0","1","767","1116","0","1","1","1","0.12","0.27","0","0",,,"0","65","2024-04-03 13:57:13"
"63f77b9ca8439f6e1620c1cd",,"1","36","14","2","5","5","0","1","865","1216","0","1","1","4","0.18","0.82","0","0",,,"1","110","2024-04-03 13:57:15"
"5d23460ad4c57900192b129c",,"2","16","38","2","5","5","0","1","415","616","0","1","3","4","0.5","0.82","0","0",,,"0","65","2024-04-03 13:57:16"
"63f77b9ca8439f6e1620c1cd",,"1","37","16","1","5","5","1","1","816","1083","1","0","1","1","0.27","0.12","0","0",,,"0","110","2024-04-03 13:57:18"
"5d23460ad4c57900192b129c",,"2","17","55","2","5","5","0","1","498","716","0","1","4","4","0.73","0.88","0","0",,,"1","70","2024-04-03 13:57:19"
"63f77b9ca8439f6e1620c1cd",,"1","38","5","2","5","5","1","0","749","1066","1","0","1","4","0.12","0.73","0","0",,,"1","115","2024-04-03 13:57:21"
"5d23460ad4c57900192b129c",,"2","18","53","1","5","5","1","1","599","768","1","0","4","3","0.73","0.62","0","0",,,"0","70","2024-04-03 13:57:21"
"5d23460ad4c57900192b129c",,"2","19","50","1","5","5","0","0","432","699","0","1","4","1","0.73","0.27","0","0",,,"1","75","2024-04-03 13:57:24"
"63f77b9ca8439f6e1620c1cd",,"1","39","49","1","5","5","1","1","699","1066","1","0","4","1","0.73","0.18","0","0",,,"1","120","2024-04-03 13:57:24"
"5d23460ad4c57900192b129c",,"2","20","43","1","5","5","0","0","548","732","0","1","3","2","0.62","0.38","0","0",,,"1","80","2024-04-03 13:57:26"
"63f77b9ca8439f6e1620c1cd",,"1","40","46","2","5","5","0","1","966","1266","0","1","3","4","0.62","0.82","0","0",,,"1","125","2024-04-03 13:57:27"
"5d23460ad4c57900192b129c",,"2","21","16","1","5","5","1","1","616","866","1","0","1","1","0.27","0.12","0","0",,,"0","80","2024-04-03 13:57:29"
"63f77b9ca8439f6e1620c1cd",,"1","41","71","1","5","5","1","1","766","1083","1","0","4","4","0.88","0.82","0","0",,,"1","130","2024-04-03 13:57:30"
"5d23460ad4c57900192b129c",,"2","22","48","1","5","5","1","1","447","699","1","0","4","1","0.73","0.12","0","0",,,"1","85","2024-04-03 13:57:32"
"63f77b9ca8439f6e1620c1cd",,"1","42","1","1","5","5","1","1","982","1266","1","0","1","1","0.12","0.27","0","0",,,"0","130","2024-04-03 13:57:33"
"5d23460ad4c57900192b129c",,"2","23","17","1","5","5","1","1","949","1183","1","0","1","1","0.27","0.18","0","0",,,"0","85","2024-04-03 13:57:35"
"63f77b9ca8439f6e1620c1cd",,"1","43","30","1","5","5","1","1","766","1033","1","0","2","4","0.38","0.82","0","0",,,"0","130","2024-04-03 13:57:36"
"5d23460ad4c57900192b129c",,"2","24","8","1","5","5","0","0","583","833","0","1","1","1","0.18","0.12","0","0",,,"0","85","2024-04-03 13:57:38"
"63f77b9ca8439f6e1620c1cd",,"1","44","65","1","5","5","0","0","583","916","0","1","4","1","0.88","0.18","0","0",,,"1","135","2024-04-03 13:57:39"
"5d23460ad4c57900192b129c",,"2","25","4","2","5","5","1","0","431","682","1","0","1","3","0.12","0.62","0","0",,,"1","90","2024-04-03 13:57:40"
"63f77b9ca8439f6e1620c1cd",,"1","45","52","1","5","5","0","0","683","983","0","1","4","3","0.73","0.5","0","0",,,"1","140","2024-04-03 13:57:42"
"5d23460ad4c57900192b129c",,"2","26","65","1","5","5","1","1","366","633","1","0","4","1","0.88","0.18","0","0",,,"1","95","2024-04-03 13:57:43"
"63f77b9ca8439f6e1620c1cd",,"1","46","36","2","5","5","1","0","1216","1449","1","0","3","3","0.5","0.62","0","0",,,"0","140","2024-04-03 13:57:45"
"5d23460ad4c57900192b129c",,"2","27","29","2","5","5","0","1","449","767","0","1","2","4","0.38","0.73","0","0",,,"1","100","2024-04-03 13:57:46"
"63f77b9ca8439f6e1620c1cd",,"1","47","15","2","5","5","1","0","832","1049","1","0","1","4","0.18","0.88","0","0",,,"1","145","2024-04-03 13:57:48"
"5d23460ad4c57900192b129c",,"2","28","3","2","5","5","1","0","517","849","1","0","1","3","0.12","0.5","0","0",,,"1","105","2024-04-03 13:57:48"
"5d23460ad4c57900192b129c",,"2","29","21","2","5","5","0","1","449","749","0","1","1","4","0.27","0.73","0","0",,,"0","105","2024-04-03 13:57:51"
"63f77b9ca8439f6e1620c1cd",,"1","48","28","2","5","5","0","1","699","1183","0","1","2","3","0.38","0.62","0","0",,,"1","150","2024-04-03 13:57:51"
"5d23460ad4c57900192b129c",,"2","30","28","2","5","5","0","1","400","650","0","1","2","3","0.38","0.62","0","0",,,"1","110","2024-04-03 13:57:53"
"63f77b9ca8439f6e1620c1cd",,"1","49","17","1","5","5","1","1","716","1166","1","0","1","1","0.27","0.18","0","0",,,"0","150","2024-04-03 13:57:54"
"5d23460ad4c57900192b129c",,"2","31","25","1","5","5","1","1","515","899","1","0","2","1","0.38","0.18","0","0",,,"0","110","2024-04-03 13:57:56"
"63f77b9ca8439f6e1620c1cd",,"1","50","34","1","5","5","0","0","549","950","0","1","3","1","0.5","0.27","0","0",,,"1","155","2024-04-03 13:57:57"
"5d23460ad4c57900192b129c",,"2","32","42","1","5","5","0","0","431","765","0","1","3","1","0.62","0.27","0","0",,,"1","115","2024-04-03 13:57:59"
"63f77b9ca8439f6e1620c1cd",,"1","51","41","1","5","5","0","0","632","1082","0","1","3","1","0.62","0.18","0","0",,,"1","160","2024-04-03 13:57:59"
"5d23460ad4c57900192b129c",,"2","33","11","2","5","5","0","1","482","765","0","1","1","3","0.18","0.5","0","0",,,"0","115","2024-04-03 13:58:01"
"63f77b9ca8439f6e1620c1cd",,"1","52","68","1","5","5","1","1","599","1033","1","0","4","3","0.88","0.5","0","0",,,"1","165","2024-04-03 13:58:02"
"5d23460ad4c57900192b129c",,"2","34","61","1","5","5","0","0","566","1354","1","1","4","3","0.82","0.62","0","0",,,"1","120","2024-04-03 13:58:05"
"63f77b9ca8439f6e1620c1cd",,"1","53","42","1","5","5","0","0","532","999","0","1","3","1","0.62","0.27","0","0",,,"1","170","2024-04-03 13:58:05"
"5d23460ad4c57900192b129c",,"2","35","56","1","5","5","0","0","415","699","0","1","4","1","0.82","0.12","0","0",,,"0","120","2024-04-03 13:58:07"
"63f77b9ca8439f6e1620c1cd",,"1","54","56","1","5","5","1","1","716","1199","1","0","4","1","0.82","0.12","0","0",,,"1","175","2024-04-03 13:58:08"
"5d23460ad4c57900192b129c",,"2","36","66","1","5","5","1","1","431","715","1","0","4","1","0.88","0.27","0","0",,,"1","125","2024-04-03 13:58:10"
"63f77b9ca8439f6e1620c1cd",,"1","55","32","1","5","5","0","0","749","1466","0","1","3","1","0.5","0.12","0","0",,,"0","175","2024-04-03 13:58:11"
"5d23460ad4c57900192b129c",,"2","37","34","1","5","5","0","0","499","814","0","1","3","1","0.5","0.27","0","0",,,"1","130","2024-04-03 13:58:12"
"63f77b9ca8439f6e1620c1cd",,"1","56","7","1","5","5","0","0","816","1233","0","1","1","4","0.12","0.88","0","0",,,"0","175","2024-04-03 13:58:15"
"5d23460ad4c57900192b129c",,"2","38","39","2","5","5","1","0","483","765","1","0","3","4","0.5","0.88","0","0",,,"1","135","2024-04-03 13:58:15"
"5d23460ad4c57900192b129c",,"2","39","26","1","5","5","1","1","448","765","1","0","2","1","0.38","0.27","0","0",,,"1","140","2024-04-03 13:58:18"
"63f77b9ca8439f6e1620c1cd",,"1","57","37","2","5","5","0","1","866","1433","0","1","3","4","0.5","0.73","0","0",,,"0","175","2024-04-03 13:58:18"
"5d23460ad4c57900192b129c",,"2","40","30","2","5","5","0","1","431","832","0","1","2","4","0.38","0.82","0","0",,,"1","145","2024-04-03 13:58:20"
"63f77b9ca8439f6e1620c1cd",,"1","58","59","1","5","5","0","0","916","1300","0","1","4","2","0.82","0.38","0","0",,,"1","180","2024-04-03 13:58:21"
"63f77b9ca8439f6e1620c1cd",,"1","59","57","1","5","5","1","1","666","1149","1","0","4","1","0.82","0.18","0","0",,,"1","185","2024-04-03 13:58:24"
"5d23460ad4c57900192b129c",,"2","41","51","1","5","5","1","1","482","731","1","0","4","2","0.73","0.38","0","0",,,"1","150","2024-04-03 13:58:25"
"63f77b9ca8439f6e1620c1cd",,"1","60","2","2","5","5","1","0","799","1399","1","0","1","2","0.12","0.38","0","0",,,"0","185","2024-04-03 13:58:27"
"5d23460ad4c57900192b129c",,"2","42","54","2","5","5","0","1","665","1266","1","1","4","4","0.73","0.82","0","0",,,"1","155","2024-04-03 13:58:28"
"63f77b9ca8439f6e1620c1cd",,"1","61","31","2","5","5","0","1","566","1200","0","1","2","4","0.38","0.88","0","0",,,"1","190","2024-04-03 13:58:30"
"5d23460ad4c57900192b129c",,"2","43","41","1","5","5","1","1","499","801","1","0","3","1","0.62","0.18","0","0",,,"1","160","2024-04-03 13:58:30"
"5d23460ad4c57900192b129c",,"2","44","27","2","5","5","1","0","481","750","1","0","2","3","0.38","0.5","0","0",,,"1","165","2024-04-03 13:58:33"
"63f77b9ca8439f6e1620c1cd",,"1","62","38","2","5","5","1","0","682","1098","1","0","3","4","0.5","0.82","0","0",,,"0","190","2024-04-03 13:58:33"
"5d23460ad4c57900192b129c",,"2","45","12","2","5","5","0","1","482","732","0","1","1","3","0.18","0.62","0","0",,,"1","170","2024-04-03 13:58:35"
"63f77b9ca8439f6e1620c1cd",,"1","63","54","2","5","5","0","1","582","1169","0","1","4","4","0.73","0.82","0","0",,,"1","195","2024-04-03 13:58:36"
"5d23460ad4c57900192b129c",,"2","46","35","1","5","5","1","1","415","684","1","0","3","2","0.5","0.38","0","0",,,"0","170","2024-04-03 13:58:38"
"5d23460ad4c57900192b129c",,"2","47","49","1","5","5","1","1","382","649","1","0","4","1","0.73","0.18","0","0",,,"0","170","2024-04-03 13:58:40"
"5d23460ad4c57900192b129c",,"2","48","44","1","5","5","1","1","466","666","1","0","3","3","0.62","0.5","0","0",,,"1","175","2024-04-03 13:58:43"
"5d23460ad4c57900192b129c",,"2","49","20","2","5","5","0","1","483","749","0","1","1","3","0.27","0.62","0","0",,,"1","180","2024-04-03 13:58:46"
"63f77b9ca8439f6e1620c1cd",,"1","64","12","2","5","5","0","1","716","1849","1","2","1","3","0.18","0.62","0","0",,,"0","195","2024-04-03 13:58:46"
"5d23460ad4c57900192b129c",,"2","50","63","2","5","5","0","1","783","1000","0","1","4","4","0.82","0.88","0","0",,,"1","185","2024-04-03 13:58:48"
"63f77b9ca8439f6e1620c1cd",,"1","65","70","1","5","5","1","1","782","1199","1","0","4","4","0.88","0.73","0","0",,,"1","200","2024-04-03 13:58:49"
"5d23460ad4c57900192b129c",,"2","51","6","2","5","5","0","1","465","699","0","1","1","4","0.12","0.82","0","0",,,"1","190","2024-04-03 13:58:51"
"63f77b9ca8439f6e1620c1cd",,"1","66","21","2","5","5","1","0","749","1267","1","0","1","4","0.27","0.73","0","0",,,"1","205","2024-04-03 13:58:52"
"5d23460ad4c57900192b129c",,"2","52","60","1","5","5","1","1","548","749","1","0","4","3","0.82","0.5","0","0",,,"1","195","2024-04-03 13:58:53"
"63f77b9ca8439f6e1620c1cd",,"1","67","48","2","5","5","1","0","965","1799","1","1","4","1","0.73","0.12","0","0",,,"0","205","2024-04-03 13:58:56"
"5d23460ad4c57900192b129c",,"2","53","22","2","5","5","0","1","442","733","0","1","1","4","0.27","0.82","0","0",,,"1","200","2024-04-03 13:58:56"
"5d23460ad4c57900192b129c",,"2","54","31","2","5","5","0","1","381","649","0","1","2","4","0.38","0.88","0","0",,,"1","205","2024-04-03 13:58:58"
"63f77b9ca8439f6e1620c1cd",,"1","68","63","2","5","5","0","1","799","1232","0","1","4","4","0.82","0.88","0","0",,,"1","210","2024-04-03 13:58:59"
"5d23460ad4c57900192b129c",,"2","55","64","1","5","5","1","1","450","685","1","0","4","1","0.88","0.12","0","0",,,"1","210","2024-04-03 13:59:01"
"63f77b9ca8439f6e1620c1cd",,"1","69","23","2","5","5","1","0","849","1433","1","0","1","4","0.27","0.88","0","0",,,"0","210","2024-04-03 13:59:02"
"5d23460ad4c57900192b129c",,"2","56","19","2","5","5","0","1","449","717","0","1","1","3","0.27","0.5","0","0",,,"0","210","2024-04-03 13:59:04"
"63f77b9ca8439f6e1620c1cd",,"1","70","69","1","5","5","1","1","615","1000","1","0","4","3","0.88","0.62","0","0",,,"1","215","2024-04-03 13:59:05"
"5d23460ad4c57900192b129c",,"2","57","24","1","5","5","1","1","513","731","1","0","2","1","0.38","0.12","0","0",,,"0","210","2024-04-03 13:59:06"
"63f77b9ca8439f6e1620c1cd",,"1","71","51","2","5","5","0","1","715","1216","0","1","4","2","0.73","0.38","0","0",,,"0","215","2024-04-03 13:59:08"
"5d23460ad4c57900192b129c",,"2","58","70","1","5","5","1","1","831","1032","1","0","4","4","0.88","0.73","0","0",,,"0","210","2024-04-03 13:59:09"
"5d23460ad4c57900192b129c",,"2","59","15","2","5","5","1","0","415","649","1","0","1","4","0.18","0.88","0","0",,,"0","210","2024-04-03 13:59:12"
"5d23460ad4c57900192b129c",,"2","60","45","2","5","5","1","0","649","832","1","0","3","4","0.62","0.73","0","0",,,"1","215","2024-04-03 13:59:15"
"5d23460ad4c57900192b129c",,"2","61","2","2","5","5","0","1","565","848","0","1","1","2","0.12","0.38","0","0",,,"0","215","2024-04-03 13:59:17"
"5d23460ad4c57900192b129c",,"2","62","33","2","5","5","0","1","1397","1601","0","1","3","1","0.5","0.18","0","0",,,"0","215","2024-04-03 13:59:21"
"5d23460ad4c57900192b129c",,"2","63","36","2","5","5","1","0","455","682","1","0","3","3","0.5","0.62","0","0",,,"1","220","2024-04-03 13:59:24"
"63f77b9ca8439f6e1620c1cd",,"2","0","58","1","5","5","0","0","748","1116","0","1","4","1","0.82","0.27","0","0",,,"1","5","2024-04-03 13:59:24"
"5d23460ad4c57900192b129c",,"2","64","59","1","5","5","1","1","483","716","1","0","4","2","0.82","0.38","0","0",,,"1","225","2024-04-03 13:59:26"
"63f77b9ca8439f6e1620c1cd",,"2","1","54","2","5","5","1","0","748","1133","1","0","4","4","0.73","0.82","0","0",,,"1","10","2024-04-03 13:59:27"
"5d23460ad4c57900192b129c",,"2","65","9","2","5","5","0","1","698","899","0","1","1","1","0.18","0.27","0","0",,,"0","225","2024-04-03 13:59:29"
"63f77b9ca8439f6e1620c1cd",,"2","2","42","1","5","5","1","1","1064","1533","1","0","3","1","0.62","0.27","0","0",,,"1","15","2024-04-03 13:59:30"
"5d23460ad4c57900192b129c",,"2","66","5","2","5","5","1","0","450","666","1","0","1","4","0.12","0.73","0","0",,,"1","230","2024-04-03 13:59:31"
"63f77b9ca8439f6e1620c1cd",,"2","3","28","2","5","5","0","1","716","1200","0","1","2","3","0.38","0.62","0","0",,,"1","20","2024-04-03 13:59:33"
"5d23460ad4c57900192b129c",,"2","67","32","1","5","5","0","0","565","798","0","1","3","1","0.5","0.12","0","0",,,"0","230","2024-04-03 13:59:34"
"63f77b9ca8439f6e1620c1cd",,"2","4","60","1","5","5","1","1","581","1050","1","0","4","3","0.82","0.5","0","0",,,"1","25","2024-04-03 13:59:35"
"5d23460ad4c57900192b129c",,"2","68","13","2","5","5","0","1","414","732","0","1","1","4","0.18","0.73","0","0",,,"1","235","2024-04-03 13:59:37"
"63f77b9ca8439f6e1620c1cd",,"2","5","52","1","5","5","0","0","698","1083","0","1","4","3","0.73","0.5","0","0",,,"1","30","2024-04-03 13:59:38"
"5d23460ad4c57900192b129c",,"2","69","18","2","5","5","0","1","515","731","0","1","1","2","0.27","0.38","0","0",,,"0","235","2024-04-03 13:59:39"
"63f77b9ca8439f6e1620c1cd",,"2","6","57","2","5","5","1","0","799","1166","1","0","4","1","0.82","0.18","0","0",,,"0","30","2024-04-03 13:59:41"
"5d23460ad4c57900192b129c",,"2","70","46","2","5","5","1","0","448","699","1","0","3","4","0.62","0.82","0","0",,,"1","240","2024-04-03 13:59:42"
"63f77b9ca8439f6e1620c1cd",,"2","7","27","2","5","5","1","0","731","1134","1","0","2","3","0.38","0.5","0","0",,,"1","35","2024-04-03 13:59:44"
"5d23460ad4c57900192b129c",,"2","71","57","1","5","5","0","0","449","866","0","1","4","1","0.82","0.18","0","0",,,"1","245","2024-04-03 13:59:44"
"63f77b9ca8439f6e1620c1cd",,"2","8","51","1","5","5","1","1","948","1234","1","0","4","2","0.73","0.38","0","0",,,"0","35","2024-04-03 13:59:47"
"63f77b9ca8439f6e1620c1cd",,"2","9","22","2","5","5","0","1","581","999","0","1","1","4","0.27","0.82","0","0",,,"1","40","2024-04-03 13:59:50"
"63f77b9ca8439f6e1620c1cd",,"2","10","14","2","5","5","1","0","765","1100","1","0","1","4","0.18","0.82","0","0",,,"1","45","2024-04-03 13:59:53"
"63f77b9ca8439f6e1620c1cd",,"2","11","3","1","5","5","1","1","665","1300","1","1","1","3","0.12","0.5","0","0",,,"0","45","2024-04-03 13:59:56"
"63f77b9ca8439f6e1620c1cd",,"2","12","64","1","5","5","0","0","698","983","0","1","4","1","0.88","0.12","0","0",,,"1","50","2024-04-03 13:59:59"
"63f77b9ca8439f6e1620c1cd",,"2","13","26","1","5","5","1","1","848","1066","1","0","2","1","0.38","0.27","0","0",,,"1","55","2024-04-03 14:00:02"
"63f77b9ca8439f6e1620c1cd",,"2","14","35","1","5","5","0","0","680","1117","0","1","3","2","0.5","0.38","0","0",,,"1","60","2024-04-03 14:00:05"
"63f77b9ca8439f6e1620c1cd",,"2","15","67","1","5","5","1","1","1315","1583","1","0","4","2","0.88","0.38","0","0",,,"1","65","2024-04-03 14:00:08"
"63f77b9ca8439f6e1620c1cd",,"2","16","71","1","5","5","1","1","1031","1300","1","0","4","4","0.88","0.82","0","0",,,"1","70","2024-04-03 14:00:11"
"63f77b9ca8439f6e1620c1cd",,"2","17","59","1","5","5","1","1","748","1050","1","0","4","2","0.82","0.38","0","0",,,"1","75","2024-04-03 14:00:14"
"5d23460ad4c57900192b129c",,"3","0","56","1","5","5","0","0","948","1515","0","1","4","1","0.82","0.12","0","0",,,"1","5","2024-04-03 14:00:16"
"63f77b9ca8439f6e1620c1cd",,"2","18","43","1","5","5","1","1","615","1150","1","0","3","2","0.62","0.38","0","0",,,"1","80","2024-04-03 14:00:17"
"5d23460ad4c57900192b129c",,"3","1","58","1","5","5","0","0","550","782","0","1","4","1","0.82","0.27","0","0",,,"1","10","2024-04-03 14:00:19"
"63f77b9ca8439f6e1620c1cd",,"2","19","16","1","5","5","0","0","699","1167","0","1","1","1","0.27","0.12","0","0",,,"0","80","2024-04-03 14:00:20"
"5d23460ad4c57900192b129c",,"3","2","28","2","5","5","1","0","415","699","1","0","2","3","0.38","0.62","0","0",,,"1","15","2024-04-03 14:00:21"
"63f77b9ca8439f6e1620c1cd",,"2","20","48","1","5","5","0","0","798","1181","0","1","4","1","0.73","0.12","0","0",,,"0","80","2024-04-03 14:00:23"
"5d23460ad4c57900192b129c",,"3","3","6","2","5","5","0","1","349","716","0","1","1","4","0.12","0.82","0","0",,,"1","20","2024-04-03 14:00:24"
"63f77b9ca8439f6e1620c1cd",,"2","21","69","1","5","5","1","1","448","884","1","0","4","3","0.88","0.62","0","0",,,"0","80","2024-04-03 14:00:26"
"5d23460ad4c57900192b129c",,"3","4","66","1","5","5","1","1","334","666","1","0","4","1","0.88","0.27","0","0",,,"1","25","2024-04-03 14:00:26"
"63f77b9ca8439f6e1620c1cd",,"2","22","0","2","5","5","0","1","749","1184","0","1","1","1","0.12","0.18","0","0",,,"0","80","2024-04-03 14:00:29"
"5d23460ad4c57900192b129c",,"3","5","42","1","5","5","1","1","566","849","1","0","3","1","0.62","0.27","0","0",,,"1","30","2024-04-03 14:00:29"
"63f77b9ca8439f6e1620c1cd",,"2","23","63","2","5","5","1","0","398","800","1","0","4","4","0.82","0.88","0","0",,,"1","85","2024-04-03 14:00:32"
"5d23460ad4c57900192b129c",,"3","6","38","2","5","5","1","0","731","1015","1","0","3","4","0.5","0.82","0","0",,,"1","35","2024-04-03 14:00:32"
"63f77b9ca8439f6e1620c1cd",,"2","24","68","1","5","5","0","0","698","1081","0","1","4","3","0.88","0.5","0","0",,,"0","85","2024-04-03 14:00:34"
"5d23460ad4c57900192b129c",,"3","7","19","2","5","5","1","0","1199","1349","1","0","1","3","0.27","0.5","0","0",,,"1","40","2024-04-03 14:00:35"
"5d23460ad4c57900192b129c",,"3","8","4","2","5","5","0","1","500","751","0","1","1","3","0.12","0.62","0","0",,,"1","45","2024-04-03 14:00:37"
"63f77b9ca8439f6e1620c1cd",,"2","25","65","1","5","5","0","0","848","1250","0","1","4","1","0.88","0.18","0","0",,,"1","90","2024-04-03 14:00:38"
"5d23460ad4c57900192b129c",,"3","9","55","2","5","5","1","0","472","683","1","0","4","4","0.73","0.88","0","0",,,"1","50","2024-04-03 14:00:40"
"63f77b9ca8439f6e1620c1cd",,"2","26","13","1","5","5","1","1","798","1132","1","0","1","4","0.18","0.73","0","0",,,"0","90","2024-04-03 14:00:40"
"5d23460ad4c57900192b129c",,"3","10","67","1","5","5","1","1","399","598","1","0","4","2","0.88","0.38","0","0",,,"1","55","2024-04-03 14:00:42"
"63f77b9ca8439f6e1620c1cd",,"2","27","56","1","5","5","0","0","531","900","0","1","4","1","0.82","0.12","0","0",,,"0","90","2024-04-03 14:00:43"
"5d23460ad4c57900192b129c",,"3","11","33","1","5","5","0","0","448","700","0","1","3","1","0.5","0.18","0","0",,,"0","55","2024-04-03 14:00:45"
"63f77b9ca8439f6e1620c1cd",,"2","28","46","1","5","5","1","1","515","834","1","0","3","4","0.62","0.82","0","0",,,"0","90","2024-04-03 14:00:46"
"5d23460ad4c57900192b129c",,"3","12","21","2","5","5","0","1","647","915","0","1","1","4","0.27","0.73","0","0",,,"1","60","2024-04-03 14:00:48"
"63f77b9ca8439f6e1620c1cd",,"2","29","61","1","5","5","0","0","598","949","0","1","4","3","0.82","0.62","0","0",,,"1","95","2024-04-03 14:00:49"
"5d23460ad4c57900192b129c",,"3","13","68","1","5","5","1","1","533","701","1","0","4","3","0.88","0.5","0","0",,,"1","65","2024-04-03 14:00:50"
"63f77b9ca8439f6e1620c1cd",,"2","30","33","1","5","5","0","0","664","1050","0","1","3","1","0.5","0.18","0","0",,,"1","100","2024-04-03 14:00:52"
"5d23460ad4c57900192b129c",,"3","14","22","2","5","5","1","0","414","683","1","0","1","4","0.27","0.82","0","0",,,"0","65","2024-04-03 14:00:53"
"63f77b9ca8439f6e1620c1cd",,"2","31","19","2","5","5","0","1","698","1182","0","1","1","3","0.27","0.5","0","0",,,"0","100","2024-04-03 14:00:55"
"5d23460ad4c57900192b129c",,"3","15","23","2","5","5","0","1","516","733","0","1","1","4","0.27","0.88","0","0",,,"1","70","2024-04-03 14:00:56"
"63f77b9ca8439f6e1620c1cd",,"2","32","53","2","5","5","1","0","498","933","1","0","4","3","0.73","0.62","0","0",,,"1","105","2024-04-03 14:00:58"
"5d23460ad4c57900192b129c",,"3","16","53","1","5","5","0","0","647","831","0","1","4","3","0.73","0.62","0","0",,,"1","75","2024-04-03 14:00:58"
"5d23460ad4c57900192b129c",,"3","17","57","1","5","5","0","0","367","551","0","1","4","1","0.82","0.18","0","0",,,"1","80","2024-04-03 14:01:00"
"63f77b9ca8439f6e1620c1cd",,"2","33","41","2","5","5","0","1","698","1081","0","1","3","1","0.62","0.18","0","0",,,"0","105","2024-04-03 14:01:01"
"5d23460ad4c57900192b129c",,"3","18","43","1","5","5","1","1","532","732","1","0","3","2","0.62","0.38","0","0",,,"1","85","2024-04-03 14:01:03"
"63f77b9ca8439f6e1620c1cd",,"2","34","20","2","5","5","1","0","298","816","1","0","1","3","0.27","0.62","0","0",,,"1","110","2024-04-03 14:01:03"
"63f77b9ca8439f6e1620c1cd",,"2","35","10","2","5","5","1","0","614","916","1","0","1","2","0.18","0.38","0","0",,,"1","115","2024-04-03 14:01:06"
"5d23460ad4c57900192b129c",,"3","19","49","1","5","5","1","1","682","849","1","0","4","1","0.73","0.18","0","0",,,"0","85","2024-04-03 14:01:06"
"63f77b9ca8439f6e1620c1cd",,"2","36","39","1","5","5","1","1","731","1001","1","0","3","4","0.5","0.88","0","0",,,"1","120","2024-04-03 14:01:09"
"5d23460ad4c57900192b129c",,"3","20","45","2","5","5","0","1","399","1109","1","1","3","4","0.62","0.73","0","0",,,"1","90","2024-04-03 14:01:09"
"63f77b9ca8439f6e1620c1cd",,"2","37","11","2","5","5","1","0","731","1033","1","0","1","3","0.18","0.5","0","0",,,"1","125","2024-04-03 14:01:12"
"5d23460ad4c57900192b129c",,"3","21","0","2","5","5","1","0","1081","1266","1","0","1","1","0.12","0.18","0","0",,,"0","90","2024-04-03 14:01:12"
"63f77b9ca8439f6e1620c1cd",,"2","38","70","1","5","5","0","0","615","1017","0","1","4","4","0.88","0.73","0","0",,,"0","125","2024-04-03 14:01:14"
"5d23460ad4c57900192b129c",,"3","22","37","2","5","5","0","1","449","683","0","1","3","4","0.5","0.73","0","0",,,"0","90","2024-04-03 14:01:15"
"63f77b9ca8439f6e1620c1cd",,"2","39","36","1","5","5","1","1","598","933","1","0","3","3","0.5","0.62","0","0",,,"0","125","2024-04-03 14:01:17"
"5d23460ad4c57900192b129c",,"3","23","39","2","5","5","1","0","432","682","1","0","3","4","0.5","0.88","0","0",,,"1","95","2024-04-03 14:01:17"
"63f77b9ca8439f6e1620c1cd",,"2","40","21","2","5","5","0","1","514","950","0","1","1","4","0.27","0.73","0","0",,,"1","130","2024-04-03 14:01:20"
"5d23460ad4c57900192b129c",,"3","24","3","2","5","5","0","1","516","783","0","1","1","3","0.12","0.5","0","0",,,"0","95","2024-04-03 14:01:20"
"63f77b9ca8439f6e1620c1cd",,"2","41","29","2","5","5","0","1","631","900","0","1","2","4","0.38","0.73","0","0",,,"1","135","2024-04-03 14:01:23"
"5d23460ad4c57900192b129c",,"3","25","54","2","5","5","1","0","649","885","1","0","4","4","0.73","0.82","0","0",,,"1","100","2024-04-03 14:01:23"
"5d23460ad4c57900192b129c",,"3","26","36","2","5","5","1","0","450","733","1","0","3","3","0.5","0.62","0","0",,,"1","105","2024-04-03 14:01:25"
"63f77b9ca8439f6e1620c1cd",,"2","42","9","2","5","5","1","0","1081","1500","1","0","1","1","0.18","0.27","0","0",,,"1","140","2024-04-03 14:01:26"
"5d23460ad4c57900192b129c",,"3","27","50","1","5","5","0","0","582","914","0","1","4","1","0.73","0.27","0","0",,,"1","110","2024-04-03 14:01:28"
"63f77b9ca8439f6e1620c1cd",,"2","43","2","2","5","5","1","0","798","1233","1","0","1","2","0.12","0.38","0","0",,,"1","145","2024-04-03 14:01:29"
"5d23460ad4c57900192b129c",,"3","28","25","1","5","5","0","0","1280","1549","0","1","2","1","0.38","0.18","0","0",,,"1","115","2024-04-03 14:01:31"
"63f77b9ca8439f6e1620c1cd",,"2","44","44","2","5","5","1","0","697","1700","1","0","3","3","0.62","0.5","0","0",,,"1","150","2024-04-03 14:01:32"
"5d23460ad4c57900192b129c",,"3","29","15","2","5","5","0","1","483","816","0","1","1","4","0.18","0.88","0","0",,,"0","115","2024-04-03 14:01:34"
"63f77b9ca8439f6e1620c1cd",,"2","45","34","2","5","5","0","1","999","1516","0","1","3","1","0.5","0.27","0","0",,,"1","155","2024-04-03 14:01:36"
"5d23460ad4c57900192b129c",,"3","30","5","2","5","5","1","0","500","816","1","0","1","4","0.12","0.73","0","0",,,"0","115","2024-04-03 14:01:37"
"63f77b9ca8439f6e1620c1cd",,"2","46","66","2","5","5","1","0","648","1016","1","0","4","1","0.88","0.27","0","0",,,"0","155","2024-04-03 14:01:38"
"5d23460ad4c57900192b129c",,"3","31","71","1","5","5","0","0","483","816","0","1","4","4","0.88","0.82","0","0",,,"1","120","2024-04-03 14:01:40"
"63f77b9ca8439f6e1620c1cd",,"2","47","55","2","5","5","0","1","481","1083","0","1","4","4","0.73","0.88","0","0",,,"1","160","2024-04-03 14:01:41"
"5d23460ad4c57900192b129c",,"3","32","32","1","5","5","0","0","649","931","0","1","3","1","0.5","0.12","0","0",,,"1","125","2024-04-03 14:01:42"
"63f77b9ca8439f6e1620c1cd",,"2","48","1","1","5","5","1","1","733","1567","1","1","1","1","0.12","0.27","0","0",,,"1","165","2024-04-03 14:01:45"
"5d23460ad4c57900192b129c",,"3","33","62","1","5","5","1","1","515","815","1","0","4","4","0.82","0.73","0","0",,,"0","125","2024-04-03 14:01:45"
"5d23460ad4c57900192b129c",,"3","34","48","1","5","5","1","1","367","617","1","0","4","1","0.73","0.12","0","0",,,"1","130","2024-04-03 14:01:47"
"63f77b9ca8439f6e1620c1cd",,"2","49","18","1","5","5","0","0","715","1083","0","1","1","2","0.27","0.38","0","0",,,"1","170","2024-04-03 14:01:48"
"5d23460ad4c57900192b129c",,"3","35","70","1","5","5","0","0","549","833","0","1","4","4","0.88","0.73","0","0",,,"1","135","2024-04-03 14:01:50"
"63f77b9ca8439f6e1620c1cd",,"2","50","7","1","5","5","1","1","631","983","1","0","1","4","0.12","0.88","0","0",,,"0","170","2024-04-03 14:01:50"
"5d23460ad4c57900192b129c",,"3","36","2","2","5","5","1","0","498","782","1","0","1","2","0.12","0.38","0","0",,,"0","135","2024-04-03 14:01:53"
"63f77b9ca8439f6e1620c1cd",,"2","51","15","2","5","5","0","1","365","717","0","1","1","4","0.18","0.88","0","0",,,"1","175","2024-04-03 14:01:53"
"5d23460ad4c57900192b129c",,"3","37","1","2","5","5","1","0","514","815","1","0","1","1","0.12","0.27","0","0",,,"0","135","2024-04-03 14:01:55"
"63f77b9ca8439f6e1620c1cd",,"2","52","37","2","5","5","0","1","581","999","0","1","3","4","0.5","0.73","0","0",,,"1","180","2024-04-03 14:01:56"
"5d23460ad4c57900192b129c",,"3","38","63","2","5","5","0","1","732","964","0","1","4","4","0.82","0.88","0","0",,,"1","140","2024-04-03 14:01:58"
"63f77b9ca8439f6e1620c1cd",,"2","53","17","1","5","5","0","0","648","1150","0","1","1","1","0.27","0.18","0","0",,,"0","180","2024-04-03 14:01:59"
"5d23460ad4c57900192b129c",,"3","39","44","1","5","5","0","0","399","667","0","1","3","3","0.62","0.5","0","0",,,"0","140","2024-04-03 14:02:01"
"63f77b9ca8439f6e1620c1cd",,"2","54","5","1","5","5","0","0","648","983","0","1","1","4","0.12","0.73","0","0",,,"1","185","2024-04-03 14:02:02"
"5d23460ad4c57900192b129c",,"3","40","69","1","5","5","1","1","416","684","1","0","4","3","0.88","0.62","0","0",,,"1","145","2024-04-03 14:02:03"
"63f77b9ca8439f6e1620c1cd",,"2","55","32","2","5","5","1","0","816","1150","1","0","3","1","0.5","0.12","0","0",,,"0","185","2024-04-03 14:02:05"
"5d23460ad4c57900192b129c",,"3","41","8","1","5","5","1","1","1015","1201","1","0","1","1","0.18","0.12","0","0",,,"1","150","2024-04-03 14:02:06"
"63f77b9ca8439f6e1620c1cd",,"2","56","62","2","5","5","0","1","497","883","0","1","4","4","0.82","0.73","0","0",,,"1","190","2024-04-03 14:02:07"
"5d23460ad4c57900192b129c",,"3","42","52","1","5","5","1","1","432","634","1","0","4","3","0.73","0.5","0","0",,,"0","150","2024-04-03 14:02:09"
"63f77b9ca8439f6e1620c1cd",,"2","57","47","1","5","5","0","0","982","1500","0","1","3","4","0.62","0.88","0","0",,,"0","190","2024-04-03 14:02:11"
"5d23460ad4c57900192b129c",,"3","43","65","1","5","5","1","1","434","699","1","0","4","1","0.88","0.18","0","0",,,"1","155","2024-04-03 14:02:11"
"63f77b9ca8439f6e1620c1cd",,"2","58","8","2","5","5","0","1","448","1399","1","1","1","1","0.18","0.12","0","0",,,"0","190","2024-04-03 14:02:14"
"5d23460ad4c57900192b129c",,"3","44","59","1","5","5","1","1","432","699","1","0","4","2","0.82","0.38","0","0",,,"1","160","2024-04-03 14:02:14"
"5d23460ad4c57900192b129c",,"3","45","11","2","5","5","0","1","498","733","0","1","1","3","0.18","0.5","0","0",,,"0","160","2024-04-03 14:02:16"
"63f77b9ca8439f6e1620c1cd",,"2","59","50","2","5","5","1","0","348","883","1","0","4","1","0.73","0.27","0","0",,,"1","195","2024-04-03 14:02:17"
"5d23460ad4c57900192b129c",,"3","46","47","2","5","5","1","0","931","1118","1","0","3","4","0.62","0.88","0","0",,,"1","165","2024-04-03 14:02:20"
"63f77b9ca8439f6e1620c1cd",,"2","60","45","2","5","5","1","0","981","1383","1","0","3","4","0.62","0.73","0","0",,,"1","200","2024-04-03 14:02:20"
"5d23460ad4c57900192b129c",,"3","47","60","1","5","5","0","0","549","816","0","1","4","3","0.82","0.5","0","0",,,"1","170","2024-04-03 14:02:23"
"63f77b9ca8439f6e1620c1cd",,"2","61","30","2","5","5","0","1","581","916","0","1","2","4","0.38","0.82","0","0",,,"1","205","2024-04-03 14:02:23"
"5d23460ad4c57900192b129c",,"3","48","14","2","5","5","1","0","466","733","1","0","1","4","0.18","0.82","0","0",,,"1","175","2024-04-03 14:02:25"
"63f77b9ca8439f6e1620c1cd",,"2","62","6","2","5","5","1","0","548","916","1","0","1","4","0.12","0.82","0","0",,,"1","210","2024-04-03 14:02:25"
"5d23460ad4c57900192b129c",,"3","49","9","2","5","5","1","0","848","1084","1","0","1","1","0.18","0.27","0","0",,,"1","180","2024-04-03 14:02:28"
"63f77b9ca8439f6e1620c1cd",,"2","63","24","1","5","5","1","1","632","1082","1","0","2","1","0.38","0.12","0","0",,,"1","215","2024-04-03 14:02:28"
"5d23460ad4c57900192b129c",,"3","50","29","2","5","5","0","1","399","718","0","1","2","4","0.38","0.73","0","0",,,"1","185","2024-04-03 14:02:30"
"63f77b9ca8439f6e1620c1cd",,"2","64","40","1","5","5","0","0","732","1100","0","1","3","1","0.62","0.12","0","0",,,"1","220","2024-04-03 14:02:31"
"5d23460ad4c57900192b129c",,"3","51","27","2","5","5","0","1","764","1098","0","1","2","3","0.38","0.5","0","0",,,"1","190","2024-04-03 14:02:33"
"63f77b9ca8439f6e1620c1cd",,"2","65","25","2","5","5","0","1","964","2066","1","1","2","1","0.38","0.18","0","0",,,"0","220","2024-04-03 14:02:35"
"5d23460ad4c57900192b129c",,"3","52","64","1","5","5","0","0","399","685","0","1","4","1","0.88","0.12","0","0",,,"1","195","2024-04-03 14:02:36"
"63f77b9ca8439f6e1620c1cd",,"2","66","4","2","5","5","1","0","364","849","1","0","1","3","0.12","0.62","0","0",,,"1","225","2024-04-03 14:02:37"
"5d23460ad4c57900192b129c",,"3","53","16","1","5","5","0","0","582","866","0","1","1","1","0.27","0.12","0","0",,,"1","200","2024-04-03 14:02:39"
"63f77b9ca8439f6e1620c1cd",,"2","67","23","1","5","5","0","0","683","1182","0","1","1","4","0.27","0.88","0","0",,,"0","225","2024-04-03 14:02:40"
"5d23460ad4c57900192b129c",,"3","54","26","1","5","5","0","0","549","782","0","1","2","1","0.38","0.27","0","0",,,"1","205","2024-04-03 14:02:41"
"63f77b9ca8439f6e1620c1cd",,"2","68","12","2","5","5","1","0","348","716","1","0","1","3","0.18","0.62","0","0",,,"1","230","2024-04-03 14:02:43"
"5d23460ad4c57900192b129c",,"3","55","41","1","5","5","1","1","598","848","1","0","3","1","0.62","0.18","0","0",,,"0","205","2024-04-03 14:02:44"
"63f77b9ca8439f6e1620c1cd",,"2","69","31","2","5","5","1","0","565","950","1","0","2","4","0.38","0.88","0","0",,,"1","235","2024-04-03 14:02:46"
"5d23460ad4c57900192b129c",,"3","56","7","2","5","5","1","0","384","650","1","0","1","4","0.12","0.88","0","0",,,"1","210","2024-04-03 14:02:47"
"63f77b9ca8439f6e1620c1cd",,"2","70","49","1","5","5","1","1","332","700","1","0","4","1","0.73","0.18","0","0",,,"1","240","2024-04-03 14:02:48"
"5d23460ad4c57900192b129c",,"3","57","46","2","5","5","0","1","648","982","0","1","3","4","0.62","0.82","0","0",,,"1","215","2024-04-03 14:02:49"
"63f77b9ca8439f6e1620c1cd",,"2","71","38","2","5","5","0","1","798","1184","0","1","3","4","0.5","0.82","0","0",,,"1","245","2024-04-03 14:02:51"
"5d23460ad4c57900192b129c",,"3","58","17","1","5","5","0","0","849","1149","0","1","1","1","0.27","0.18","0","0",,,"0","215","2024-04-03 14:02:52"
"5d23460ad4c57900192b129c",,"3","59","31","2","5","5","1","0","449","683","1","0","2","4","0.38","0.88","0","0",,,"0","215","2024-04-03 14:02:55"
"5d23460ad4c57900192b129c",,"3","60","40","1","5","5","1","1","399","635","1","0","3","1","0.62","0.12","0","0",,,"1","220","2024-04-03 14:02:58"
"5d23460ad4c57900192b129c",,"3","61","13","2","5","5","0","1","416","733","0","1","1","4","0.18","0.73","0","0",,,"0","220","2024-04-03 14:03:00"
"5d23460ad4c57900192b129c",,"3","62","61","1","5","5","1","1","465","700","1","0","4","3","0.82","0.62","0","0",,,"1","225","2024-04-03 14:03:03"
"5d23460ad4c57900192b129c",,"3","63","10","2","5","5","1","0","531","799","1","0","1","2","0.18","0.38","0","0",,,"0","225","2024-04-03 14:03:05"
"63f77b9ca8439f6e1620c1cd",,"3","0","56","1","5","5","0","0","547","883","0","1","4","1","0.82","0.12","0","0",,,"1","5","2024-04-03 14:03:07"
"5d23460ad4c57900192b129c",,"3","64","30","2","5","5","1","0","417","666","1","0","2","4","0.38","0.82","0","0",,,"1","230","2024-04-03 14:03:08"
"63f77b9ca8439f6e1620c1cd",,"3","1","49","1","5","5","1","1","598","1016","1","0","4","1","0.73","0.18","0","0",,,"1","10","2024-04-03 14:03:09"
"5d23460ad4c57900192b129c",,"3","65","20","2","5","5","0","1","499","851","0","1","1","3","0.27","0.62","0","0",,,"1","235","2024-04-03 14:03:11"
"63f77b9ca8439f6e1620c1cd",,"3","2","55","2","5","5","0","1","681","1082","0","1","4","4","0.73","0.88","0","0",,,"1","15","2024-04-03 14:03:12"
"5d23460ad4c57900192b129c",,"3","66","34","1","5","5","1","1","482","766","1","0","3","1","0.5","0.27","0","0",,,"1","240","2024-04-03 14:03:13"
"63f77b9ca8439f6e1620c1cd",,"3","3","59","1","5","5","1","1","598","1000","1","0","4","2","0.82","0.38","0","0",,,"1","20","2024-04-03 14:03:15"
"5d23460ad4c57900192b129c",,"3","67","35","1","5","5","1","1","532","766","1","0","3","2","0.5","0.38","0","0",,,"1","245","2024-04-03 14:03:16"
"63f77b9ca8439f6e1620c1cd",,"3","4","0","1","5","5","0","0","815","1182","0","1","1","1","0.12","0.18","0","0",,,"0","20","2024-04-03 14:03:18"
"5d23460ad4c57900192b129c",,"3","68","18","2","5","5","1","0","416","668","1","0","1","2","0.27","0.38","0","0",,,"0","245","2024-04-03 14:03:18"
"63f77b9ca8439f6e1620c1cd",,"3","5","1","2","5","5","1","0","448","815","1","0","1","1","0.12","0.27","0","0",,,"1","25","2024-04-03 14:03:21"
"5d23460ad4c57900192b129c",,"3","69","51","1","5","5","1","1","415","699","1","0","4","2","0.73","0.38","0","0",,,"0","245","2024-04-03 14:03:21"
"5d23460ad4c57900192b129c",,"3","70","24","1","5","5","1","1","433","716","1","0","2","1","0.38","0.12","0","0",,,"1","250","2024-04-03 14:03:24"
"63f77b9ca8439f6e1620c1cd",,"3","6","26","1","5","5","1","1","581","1083","1","0","2","1","0.38","0.27","0","0",,,"0","25","2024-04-03 14:03:24"
"5d23460ad4c57900192b129c",,"3","71","12","2","5","5","1","0","432","682","1","0","1","3","0.18","0.62","0","0",,,"0","250","2024-04-03 14:03:26"
"63f77b9ca8439f6e1620c1cd",,"3","7","19","1","5","5","1","1","581","933","1","0","1","3","0.27","0.5","0","0",,,"1","30","2024-04-03 14:03:27"
"63f77b9ca8439f6e1620c1cd",,"3","8","27","1","5","5","1","1","548","916","1","0","2","3","0.38","0.5","0","0",,,"0","30","2024-04-03 14:03:29"
"63f77b9ca8439f6e1620c1cd",,"3","9","67","1","5","5","0","0","516","967","0","1","4","2","0.88","0.38","0","0",,,"1","35","2024-04-03 14:03:32"
"63f77b9ca8439f6e1620c1cd",,"3","10","6","2","5","5","0","1","448","900","0","1","1","4","0.12","0.82","0","0",,,"1","40","2024-04-03 14:03:35"
"63f77b9ca8439f6e1620c1cd",,"3","11","68","2","5","5","0","1","549","1150","0","1","4","3","0.88","0.5","0","0",,,"0","40","2024-04-03 14:03:40"
"5d23460ad4c57900192b129c",,"4","0","6","2","5","5","1","0","398","665","1","0","1","4","0.12","0.82","0","0",,,"1","5","2024-04-03 14:03:45"
"5d23460ad4c57900192b129c",,"4","1","55","2","5","5","1","0","415","698","1","0","4","4","0.73","0.88","0","0",,,"1","10","2024-04-03 14:03:48"
"63f77b9ca8439f6e1620c1cd",,"3","12","37","1","5","5","1","1","714","1083","1","0","3","4","0.5","0.73","0","0",,,"0","40","2024-04-03 14:03:48"
"5d23460ad4c57900192b129c",,"4","2","60","1","5","5","0","0","550","766","0","1","4","3","0.82","0.5","0","0",,,"0","10","2024-04-03 14:03:50"
"63f77b9ca8439f6e1620c1cd",,"3","13","57","2","5","5","0","1","648","1217","0","1","4","1","0.82","0.18","0","0",,,"0","40","2024-04-03 14:03:51"
"5d23460ad4c57900192b129c",,"4","3","33","1","5","5","0","0","398","715","0","1","3","1","0.5","0.18","0","0",,,"1","15","2024-04-03 14:03:53"
"63f77b9ca8439f6e1620c1cd",,"3","14","41","1","5","5","1","1","516","900","1","0","3","1","0.62","0.18","0","0",,,"1","45","2024-04-03 14:03:54"
"5d23460ad4c57900192b129c",,"4","4","23","2","5","5","1","0","348","603","1","0","1","4","0.27","0.88","0","0",,,"1","20","2024-04-03 14:03:55"
"63f77b9ca8439f6e1620c1cd",,"3","15","33","1","5","5","1","1","482","851","1","0","3","1","0.5","0.18","0","0",,,"1","50","2024-04-03 14:03:57"
"5d23460ad4c57900192b129c",,"4","5","42","1","5","5","1","1","398","652","1","0","3","1","0.62","0.27","0","0",,,"1","25","2024-04-03 14:03:58"
"63f77b9ca8439f6e1620c1cd",,"3","16","70","1","5","5","1","1","548","966","1","0","4","4","0.88","0.73","0","0",,,"1","55","2024-04-03 14:04:00"
"5d23460ad4c57900192b129c",,"4","6","70","1","5","5","1","1","382","649","1","0","4","4","0.88","0.73","0","0",,,"1","30","2024-04-03 14:04:00"
"63f77b9ca8439f6e1620c1cd",,"3","17","9","1","5","5","0","0","848","1266","0","1","1","1","0.18","0.27","0","0",,,"1","60","2024-04-03 14:04:03"
"5d23460ad4c57900192b129c",,"4","7","11","2","5","5","1","0","398","632","1","0","1","3","0.18","0.5","0","0",,,"1","35","2024-04-03 14:04:03"
"5d23460ad4c57900192b129c",,"4","8","54","2","5","5","1","0","367","632","1","0","4","4","0.73","0.82","0","0",,,"1","40","2024-04-03 14:04:05"
"63f77b9ca8439f6e1620c1cd",,"3","18","51","2","5","5","0","1","698","1083","0","1","4","2","0.73","0.38","0","0",,,"0","60","2024-04-03 14:04:05"
"5d23460ad4c57900192b129c",,"4","9","39","2","5","5","1","0","416","666","1","0","3","4","0.5","0.88","0","0",,,"1","45","2024-04-03 14:04:08"
"63f77b9ca8439f6e1620c1cd",,"3","19","15","2","5","5","0","1","931","1800","1","1","1","4","0.18","0.88","0","0",,,"1","65","2024-04-03 14:04:09"
"5d23460ad4c57900192b129c",,"4","10","64","1","5","5","1","1","415","649","1","0","4","1","0.88","0.12","0","0",,,"1","50","2024-04-03 14:04:10"
"63f77b9ca8439f6e1620c1cd",,"3","20","23","2","5","5","1","0","598","1099","1","0","1","4","0.27","0.88","0","0",,,"1","70","2024-04-03 14:04:12"
"5d23460ad4c57900192b129c",,"4","11","41","1","5","5","0","0","533","765","0","1","3","1","0.62","0.18","0","0",,,"0","50","2024-04-03 14:04:13"
"63f77b9ca8439f6e1620c1cd",,"3","21","47","2","5","5","0","1","714","1217","0","1","3","4","0.62","0.88","0","0",,,"1","75","2024-04-03 14:04:15"
"5d23460ad4c57900192b129c",,"4","12","48","1","5","5","0","0","464","782","0","1","4","1","0.73","0.12","0","0",,,"1","55","2024-04-03 14:04:15"
"5d23460ad4c57900192b129c",,"4","13","28","2","5","5","1","0","433","649","1","0","2","3","0.38","0.62","0","0",,,"1","60","2024-04-03 14:04:18"
"63f77b9ca8439f6e1620c1cd",,"3","22","48","2","5","5","0","1","598","1566","1","1","4","1","0.73","0.12","0","0",,,"0","75","2024-04-03 14:04:18"
"5d23460ad4c57900192b129c",,"4","14","19","2","5","5","0","1","548","781","0","1","1","3","0.27","0.5","0","0",,,"0","60","2024-04-03 14:04:21"
"63f77b9ca8439f6e1620c1cd",,"3","23","63","1","5","5","1","1","365","734","1","0","4","4","0.82","0.88","0","0",,,"1","80","2024-04-03 14:04:21"
"5d23460ad4c57900192b129c",,"4","15","2","2","5","5","1","0","582","814","1","0","1","2","0.12","0.38","0","0",,,"0","60","2024-04-03 14:04:23"
"63f77b9ca8439f6e1620c1cd",,"3","24","13","2","5","5","1","0","748","1015","1","0","1","4","0.18","0.73","0","0",,,"1","85","2024-04-03 14:04:24"
"5d23460ad4c57900192b129c",,"4","16","22","2","5","5","1","0","532","749","1","0","1","4","0.27","0.82","0","0",,,"1","65","2024-04-03 14:04:26"
"63f77b9ca8439f6e1620c1cd",,"3","25","5","2","5","5","0","1","581","950","0","1","1","4","0.12","0.73","0","0",,,"1","90","2024-04-03 14:04:27"
"5d23460ad4c57900192b129c",,"4","17","49","1","5","5","1","1","433","649","1","0","4","1","0.73","0.18","0","0",,,"1","70","2024-04-03 14:04:29"
"63f77b9ca8439f6e1620c1cd",,"3","26","24","2","5","5","1","0","949","1267","1","0","2","1","0.38","0.12","0","0",,,"0","90","2024-04-03 14:04:30"
"5d23460ad4c57900192b129c",,"4","18","40","1","5","5","1","1","602","850","1","0","3","1","0.62","0.12","0","0",,,"1","75","2024-04-03 14:04:31"
"63f77b9ca8439f6e1620c1cd",,"3","27","7","2","5","5","0","1","348","766","0","1","1","4","0.12","0.88","0","0",,,"1","95","2024-04-03 14:04:32"
"5d23460ad4c57900192b129c",,"4","19","16","1","5","5","1","1","533","750","1","0","1","1","0.27","0.12","0","0",,,"0","75","2024-04-03 14:04:34"
"63f77b9ca8439f6e1620c1cd",,"3","28","30","2","5","5","1","0","998","1300","1","0","2","4","0.38","0.82","0","0",,,"0","95","2024-04-03 14:04:35"
"5d23460ad4c57900192b129c",,"4","20","0","2","5","5","0","1","749","949","0","1","1","1","0.12","0.18","0","0",,,"1","80","2024-04-03 14:04:37"
"63f77b9ca8439f6e1620c1cd",,"3","29","44","1","5","5","0","0","515","949","0","1","3","3","0.62","0.5","0","0",,,"1","100","2024-04-03 14:04:38"
"5d23460ad4c57900192b129c",,"4","21","25","1","5","5","0","0","348","1082","1","1","2","1","0.38","0.18","0","0",,,"1","85","2024-04-03 14:04:40"
"63f77b9ca8439f6e1620c1cd",,"3","30","43","1","5","5","0","0","531","883","0","1","3","2","0.62","0.38","0","0",,,"0","100","2024-04-03 14:04:41"
"5d23460ad4c57900192b129c",,"4","22","20","2","5","5","1","0","515","748","1","0","1","3","0.27","0.62","0","0",,,"1","90","2024-04-03 14:04:43"
"63f77b9ca8439f6e1620c1cd",,"3","31","12","2","5","5","1","0","381","750","1","0","1","3","0.18","0.62","0","0",,,"1","105","2024-04-03 14:04:44"
"5d23460ad4c57900192b129c",,"4","23","31","2","5","5","1","0","349","584","1","0","2","4","0.38","0.88","0","0",,,"1","95","2024-04-03 14:04:45"
"63f77b9ca8439f6e1620c1cd",,"3","32","10","1","5","5","1","1","664","1066","1","0","1","2","0.18","0.38","0","0",,,"0","105","2024-04-03 14:04:47"
"5d23460ad4c57900192b129c",,"4","24","66","1","5","5","0","0","449","750","0","1","4","1","0.88","0.27","0","0",,,"1","100","2024-04-03 14:04:47"
"63f77b9ca8439f6e1620c1cd",,"3","33","17","1","5","5","0","0","398","750","0","1","1","1","0.27","0.18","0","0",,,"1","110","2024-04-03 14:04:49"
"5d23460ad4c57900192b129c",,"4","25","1","1","5","5","1","1","332","583","1","0","1","1","0.12","0.27","0","0",,,"1","105","2024-04-03 14:04:50"
"63f77b9ca8439f6e1620c1cd",,"3","34","8","1","5","5","0","0","497","1116","0","1","1","1","0.18","0.12","0","0",,,"0","110","2024-04-03 14:04:52"
"5d23460ad4c57900192b129c",,"4","26","63","2","5","5","0","1","548","849","0","1","4","4","0.82","0.88","0","0",,,"1","110","2024-04-03 14:04:53"
"63f77b9ca8439f6e1620c1cd",,"3","35","58","1","5","5","1","1","398","734","1","0","4","1","0.82","0.27","0","0",,,"1","115","2024-04-03 14:04:55"
"5d23460ad4c57900192b129c",,"4","27","17","2","5","5","1","0","717","965","1","0","1","1","0.27","0.18","0","0",,,"0","110","2024-04-03 14:04:56"
"63f77b9ca8439f6e1620c1cd",,"3","36","28","2","5","5","1","0","615","981","1","0","2","3","0.38","0.62","0","0",,,"1","120","2024-04-03 14:04:58"
"5d23460ad4c57900192b129c",,"4","28","44","1","5","5","1","1","1110","1439","1","0","3","3","0.62","0.5","0","0",,,"1","115","2024-04-03 14:04:59"
"63f77b9ca8439f6e1620c1cd",,"3","37","69","2","5","5","0","1","548","983","0","1","4","3","0.88","0.62","0","0",,,"0","120","2024-04-03 14:05:00"
"5d23460ad4c57900192b129c",,"4","29","9","2","5","5","0","1","632","933","0","1","1","1","0.18","0.27","0","0",,,"0","115","2024-04-03 14:05:02"
"63f77b9ca8439f6e1620c1cd",,"3","38","54","1","5","5","1","1","332","734","1","0","4","4","0.73","0.82","0","0",,,"1","125","2024-04-03 14:05:03"
"5d23460ad4c57900192b129c",,"4","30","30","2","5","5","1","0","583","750","1","0","2","4","0.38","0.82","0","0",,,"1","120","2024-04-03 14:05:04"
"63f77b9ca8439f6e1620c1cd",,"3","39","31","2","5","5","1","0","382","765","1","0","2","4","0.38","0.88","0","0",,,"1","130","2024-04-03 14:05:06"
"63f77b9ca8439f6e1620c1cd",,"3","40","21","2","5","5","1","0","448","932","1","0","1","4","0.27","0.73","0","0",,,"0","130","2024-04-03 14:05:08"
"5d23460ad4c57900192b129c",,"4","31","13","2","5","5","0","1","2332","2647","0","1","1","4","0.18","0.73","0","0",,,"1","125","2024-04-03 14:05:09"
"5d23460ad4c57900192b129c",,"4","32","21","2","5","5","1","0","465","686","1","0","1","4","0.27","0.73","0","0",,,"0","125","2024-04-03 14:05:11"
"63f77b9ca8439f6e1620c1cd",,"3","41","35","1","5","5","0","0","498","850","0","1","3","2","0.5","0.38","0","0",,,"0","130","2024-04-03 14:05:11"
"5d23460ad4c57900192b129c",,"4","33","32","1","5","5","0","0","498","748","0","1","3","1","0.5","0.12","0","0",,,"1","130","2024-04-03 14:05:14"
"63f77b9ca8439f6e1620c1cd",,"3","42","61","1","5","5","1","1","398","733","1","0","4","3","0.82","0.62","0","0",,,"1","135","2024-04-03 14:05:14"
"5d23460ad4c57900192b129c",,"4","34","68","1","5","5","0","0","296","714","1","1","4","3","0.88","0.5","0","0",,,"1","135","2024-04-03 14:05:16"
"63f77b9ca8439f6e1620c1cd",,"3","43","42","1","5","5","1","1","499","1167","1","0","3","1","0.62","0.27","0","0",,,"1","140","2024-04-03 14:05:17"
"5d23460ad4c57900192b129c",,"4","35","7","2","5","5","1","0","382","565","1","0","1","4","0.12","0.88","0","0",,,"1","140","2024-04-03 14:05:19"
"63f77b9ca8439f6e1620c1cd",,"3","44","66","1","5","5","0","0","448","1150","1","1","4","1","0.88","0.27","0","0",,,"1","145","2024-04-03 14:05:20"
"5d23460ad4c57900192b129c",,"4","36","59","1","5","5","0","0","566","766","0","1","4","2","0.82","0.38","0","0",,,"1","145","2024-04-03 14:05:21"
"63f77b9ca8439f6e1620c1cd",,"3","45","32","2","5","5","1","0","864","1131","1","0","3","1","0.5","0.12","0","0",,,"0","145","2024-04-03 14:05:23"
"5d23460ad4c57900192b129c",,"4","37","67","1","5","5","1","1","464","648","1","0","4","2","0.88","0.38","0","0",,,"1","150","2024-04-03 14:05:24"
"63f77b9ca8439f6e1620c1cd",,"3","46","38","1","5","5","0","0","547","899","0","1","3","4","0.5","0.82","0","0",,,"1","150","2024-04-03 14:05:26"
"5d23460ad4c57900192b129c",,"4","38","15","2","5","5","0","1","448","682","0","1","1","4","0.18","0.88","0","0",,,"1","155","2024-04-03 14:05:26"
"63f77b9ca8439f6e1620c1cd",,"3","47","64","1","5","5","0","0","415","850","0","1","4","1","0.88","0.12","0","0",,,"1","155","2024-04-03 14:05:28"
"5d23460ad4c57900192b129c",,"4","39","57","1","5","5","1","1","450","652","1","0","4","1","0.82","0.18","0","0",,,"1","160","2024-04-03 14:05:29"
"63f77b9ca8439f6e1620c1cd",,"3","48","22","2","5","5","1","0","949","1267","1","0","1","4","0.27","0.82","0","0",,,"0","155","2024-04-03 14:05:31"
"5d23460ad4c57900192b129c",,"4","40","24","1","5","5","1","1","399","1065","1","1","2","1","0.38","0.12","0","0",,,"1","165","2024-04-03 14:05:32"
"5d23460ad4c57900192b129c",,"4","41","4","2","5","5","0","1","448","649","0","1","1","3","0.12","0.62","0","0",,,"0","165","2024-04-03 14:05:34"
"63f77b9ca8439f6e1620c1cd",,"3","49","4","2","5","5","1","0","748","984","1","0","1","3","0.12","0.62","0","0",,,"0","155","2024-04-03 14:05:34"
"5d23460ad4c57900192b129c",,"4","42","36","2","5","5","0","1","433","650","0","1","3","3","0.5","0.62","0","0",,,"0","165","2024-04-03 14:05:37"
"63f77b9ca8439f6e1620c1cd",,"3","50","65","1","5","5","0","0","332","733","0","1","4","1","0.88","0.18","0","0",,,"1","160","2024-04-03 14:05:37"
"5d23460ad4c57900192b129c",,"4","43","37","2","5","5","0","1","365","550","0","1","3","4","0.5","0.73","0","0",,,"0","165","2024-04-03 14:05:39"
"63f77b9ca8439f6e1620c1cd",,"3","51","11","2","5","5","0","1","547","915","0","1","1","3","0.18","0.5","0","0",,,"0","160","2024-04-03 14:05:40"
"5d23460ad4c57900192b129c",,"4","44","45","2","5","5","1","0","415","599","1","0","3","4","0.62","0.73","0","0",,,"1","170","2024-04-03 14:05:42"
"63f77b9ca8439f6e1620c1cd",,"3","52","71","1","5","5","1","1","332","684","1","0","4","4","0.88","0.82","0","0",,,"1","165","2024-04-03 14:05:42"
"5d23460ad4c57900192b129c",,"4","45","14","2","5","5","0","1","466","685","0","1","1","4","0.18","0.82","0","0",,,"1","175","2024-04-03 14:05:45"
"63f77b9ca8439f6e1620c1cd",,"3","53","18","2","5","5","0","1","664","1033","0","1","1","2","0.27","0.38","0","0",,,"0","165","2024-04-03 14:05:45"
"5d23460ad4c57900192b129c",,"4","46","47","2","5","5","0","1","517","747","0","1","3","4","0.62","0.88","0","0",,,"1","180","2024-04-03 14:05:47"
"63f77b9ca8439f6e1620c1cd",,"3","54","52","2","5","5","1","0","248","650","1","0","4","3","0.73","0.5","0","0",,,"1","170","2024-04-03 14:05:48"
"5d23460ad4c57900192b129c",,"4","47","61","1","5","5","0","0","498","716","0","1","4","3","0.82","0.62","0","0",,,"1","185","2024-04-03 14:05:50"
"63f77b9ca8439f6e1620c1cd",,"3","55","36","2","5","5","0","1","749","1082","0","1","3","3","0.5","0.62","0","0",,,"0","170","2024-04-03 14:05:51"
"5d23460ad4c57900192b129c",,"4","48","26","1","5","5","0","0","598","798","0","1","2","1","0.38","0.27","0","0",,,"1","190","2024-04-03 14:05:52"
"63f77b9ca8439f6e1620c1cd",,"3","56","2","2","5","5","1","0","165","650","1","0","1","2","0.12","0.38","0","0",,,"1","175","2024-04-03 14:05:53"
"5d23460ad4c57900192b129c",,"4","49","69","1","5","5","0","0","499","699","0","1","4","3","0.88","0.62","0","0",,,"1","195","2024-04-03 14:05:55"
"63f77b9ca8439f6e1620c1cd",,"3","57","53","1","5","5","1","1","581","932","1","0","4","3","0.73","0.62","0","0",,,"1","180","2024-04-03 14:05:56"
"5d23460ad4c57900192b129c",,"4","50","51","1","5","5","1","1","382","599","1","0","4","2","0.73","0.38","0","0",,,"0","195","2024-04-03 14:05:57"
"63f77b9ca8439f6e1620c1cd",,"3","58","25","2","5","5","0","1","981","1267","0","1","2","1","0.38","0.18","0","0",,,"1","185","2024-04-03 14:05:59"
"5d23460ad4c57900192b129c",,"4","51","43","1","5","5","0","0","449","632","0","1","3","2","0.62","0.38","0","0",,,"1","200","2024-04-03 14:06:00"
"63f77b9ca8439f6e1620c1cd",,"3","59","40","1","5","5","0","0","864","1132","0","1","3","1","0.62","0.12","0","0",,,"0","185","2024-04-03 14:06:02"
"5d23460ad4c57900192b129c",,"4","52","5","2","5","5","1","0","565","750","1","0","1","4","0.12","0.73","0","0",,,"1","205","2024-04-03 14:06:02"
"63f77b9ca8439f6e1620c1cd",,"3","60","16","2","5","5","1","0","315","700","1","0","1","1","0.27","0.12","0","0",,,"0","185","2024-04-03 14:06:05"
"5d23460ad4c57900192b129c",,"4","53","12","2","5","5","1","0","448","615","1","0","1","3","0.18","0.62","0","0",,,"0","205","2024-04-03 14:06:05"
"63f77b9ca8439f6e1620c1cd",,"3","61","45","1","5","5","0","0","448","817","0","1","3","4","0.62","0.73","0","0",,,"1","190","2024-04-03 14:06:07"
"5d23460ad4c57900192b129c",,"4","54","46","2","5","5","1","0","565","1132","1","1","3","4","0.62","0.82","0","0",,,"1","210","2024-04-03 14:06:08"
"63f77b9ca8439f6e1620c1cd",,"3","62","29","1","5","5","1","1","881","1116","1","0","2","4","0.38","0.73","0","0",,,"1","195","2024-04-03 14:06:10"
"5d23460ad4c57900192b129c",,"4","55","50","1","5","5","0","0","450","667","0","1","4","1","0.73","0.27","0","0",,,"1","215","2024-04-03 14:06:10"
"5d23460ad4c57900192b129c",,"4","56","29","2","5","5","0","1","432","632","0","1","2","4","0.38","0.73","0","0",,,"1","220","2024-04-03 14:06:13"
"63f77b9ca8439f6e1620c1cd",,"3","63","14","2","5","5","0","1","566","867","0","1","1","4","0.18","0.82","0","0",,,"1","200","2024-04-03 14:06:13"
"5d23460ad4c57900192b129c",,"4","57","58","1","5","5","1","1","499","667","1","0","4","1","0.82","0.27","0","0",,,"1","225","2024-04-03 14:06:15"
"63f77b9ca8439f6e1620c1cd",,"3","64","20","2","5","5","0","1","731","1283","1","1","1","3","0.27","0.62","0","0",,,"0","200","2024-04-03 14:06:16"
"5d23460ad4c57900192b129c",,"4","58","62","1","5","5","1","1","632","815","1","0","4","4","0.82","0.73","0","0",,,"0","225","2024-04-03 14:06:18"
"63f77b9ca8439f6e1620c1cd",,"3","65","34","2","5","5","1","0","315","667","1","0","3","1","0.5","0.27","0","0",,,"0","200","2024-04-03 14:06:19"
"5d23460ad4c57900192b129c",,"4","59","10","2","5","5","1","0","500","633","1","0","1","2","0.18","0.38","0","0",,,"0","225","2024-04-03 14:06:21"
"63f77b9ca8439f6e1620c1cd",,"3","66","60","1","5","5","0","0","398","749","0","1","4","3","0.82","0.5","0","0",,,"1","205","2024-04-03 14:06:21"
"5d23460ad4c57900192b129c",,"4","60","38","2","5","5","0","1","299","514","0","1","3","4","0.5","0.82","0","0",,,"0","225","2024-04-03 14:06:23"
"63f77b9ca8439f6e1620c1cd",,"3","67","62","1","5","5","1","1","465","732","1","0","4","4","0.82","0.73","0","0",,,"1","210","2024-04-03 14:06:24"
"5d23460ad4c57900192b129c",,"4","61","56","1","5","5","1","1","399","533","1","0","4","1","0.82","0.12","0","0",,,"1","230","2024-04-03 14:06:26"
"63f77b9ca8439f6e1620c1cd",,"3","68","3","1","5","5","0","0","616","967","0","1","1","3","0.12","0.5","0","0",,,"0","210","2024-04-03 14:06:27"
"5d23460ad4c57900192b129c",,"4","62","65","1","5","5","0","0","449","683","0","1","4","1","0.88","0.18","0","0",,,"0","230","2024-04-03 14:06:28"
"63f77b9ca8439f6e1620c1cd",,"3","69","50","2","5","5","1","0","281","601","1","0","4","1","0.73","0.27","0","0",,,"0","210","2024-04-03 14:06:29"
"5d23460ad4c57900192b129c",,"4","63","34","1","5","5","1","1","490","682","1","0","3","1","0.5","0.27","0","0",,,"0","230","2024-04-03 14:06:31"
"63f77b9ca8439f6e1620c1cd",,"3","70","46","2","5","5","0","1","281","665","0","1","3","4","0.62","0.82","0","0",,,"1","215","2024-04-03 14:06:32"
"5d23460ad4c57900192b129c",,"4","64","18","2","5","5","0","1","399","897","1","1","1","2","0.27","0.38","0","0",,,"0","230","2024-04-03 14:06:34"
"63f77b9ca8439f6e1620c1cd",,"3","71","39","2","5","5","1","0","698","915","1","0","3","4","0.5","0.88","0","0",,,"1","220","2024-04-03 14:06:35"
"5d23460ad4c57900192b129c",,"4","65","71","1","5","5","0","0","515","683","0","1","4","4","0.88","0.82","0","0",,,"1","235","2024-04-03 14:06:36"
"5d23460ad4c57900192b129c",,"4","66","3","2","5","5","1","0","498","663","1","0","1","3","0.12","0.5","0","0",,,"0","235","2024-04-03 14:06:39"
"5d23460ad4c57900192b129c",,"4","67","35","1","5","5","0","0","364","616","0","1","3","2","0.5","0.38","0","0",,,"1","240","2024-04-03 14:06:41"
"5d23460ad4c57900192b129c",,"4","68","53","1","5","5","1","1","682","882","1","0","4","3","0.73","0.62","0","0",,,"1","245","2024-04-03 14:06:45"
"5d23460ad4c57900192b129c",,"4","69","27","2","5","5","0","1","532","751","0","1","2","3","0.38","0.5","0","0",,,"0","245","2024-04-03 14:06:47"
"5d23460ad4c57900192b129c",,"4","70","8","1","5","5","0","0","882","1034","0","1","1","1","0.18","0.12","0","0",,,"0","245","2024-04-03 14:06:50"
"5d23460ad4c57900192b129c",,"4","71","52","1","5","5","0","0","364","598","0","1","4","3","0.73","0.5","0","0",,,"1","250","2024-04-03 14:06:53"
"63f77b9ca8439f6e1620c1cd",,"4","0","50","1","5","5","0","0","547","849","0","1","4","1","0.73","0.27","0","0",,,"1","5","2024-04-03 14:06:55"
"63f77b9ca8439f6e1620c1cd",,"4","1","35","1","5","5","1","1","831","1082","1","0","3","2","0.5","0.38","0","0",,,"1","10","2024-04-03 14:06:58"
"63f77b9ca8439f6e1620c1cd",,"4","2","62","2","5","5","1","0","831","1216","1","0","4","4","0.82","0.73","0","0",,,"1","15","2024-04-03 14:07:01"
"63f77b9ca8439f6e1620c1cd",,"4","3","69","2","5","5","0","1","832","1534","1","1","4","3","0.88","0.62","0","0",,,"1","20","2024-04-03 14:07:04"
"63f77b9ca8439f6e1620c1cd",,"4","4","23","1","5","5","0","0","847","1216","0","1","1","4","0.27","0.88","0","0",,,"0","20","2024-04-03 14:07:07"
"63f77b9ca8439f6e1620c1cd",,"4","5","6","1","5","5","1","1","532","766","1","0","1","4","0.12","0.82","0","0",,,"0","20","2024-04-03 14:07:10"
"63f77b9ca8439f6e1620c1cd",,"4","6","18","2","5","5","0","1","447","814","0","1","1","2","0.27","0.38","0","0",,,"0","20","2024-04-03 14:07:13"
"63f77b9ca8439f6e1620c1cd",,"4","7","28","2","5","5","1","0","282","617","1","0","2","3","0.38","0.62","0","0",,,"1","25","2024-04-03 14:07:15"
"63f77b9ca8439f6e1620c1cd",,"4","8","25","1","5","5","1","1","697","884","1","0","2","1","0.38","0.18","0","0",,,"0","25","2024-04-03 14:07:18"
"63f77b9ca8439f6e1620c1cd",,"4","9","54","2","5","5","0","1","515","782","0","1","4","4","0.73","0.82","0","0",,,"0","25","2024-04-03 14:07:21"
"63f77b9ca8439f6e1620c1cd",,"4","10","47","2","5","5","1","0","313","681","1","0","3","4","0.62","0.88","0","0",,,"1","30","2024-04-03 14:07:23"
"63f77b9ca8439f6e1620c1cd",,"4","11","26","1","5","5","0","0","798","982","0","1","2","1","0.38","0.27","0","0",,,"0","30","2024-04-03 14:07:26"
"63f77b9ca8439f6e1620c1cd",,"4","12","40","1","5","5","1","1","315","633","1","0","3","1","0.62","0.12","0","0",,,"1","35","2024-04-03 14:07:29"
"63f77b9ca8439f6e1620c1cd",,"4","13","21","2","5","5","1","0","648","849","1","0","1","4","0.27","0.73","0","0",,,"1","40","2024-04-03 14:07:31"
"63f77b9ca8439f6e1620c1cd",,"4","14","55","2","5","5","1","0","648","849","1","0","4","4","0.73","0.88","0","0",,,"1","45","2024-04-03 14:07:34"
"63f77b9ca8439f6e1620c1cd",,"4","15","0","1","5","5","1","1","749","1567","1","1","1","1","0.12","0.18","0","0",,,"1","50","2024-04-03 14:07:37"
"63f77b9ca8439f6e1620c1cd",,"4","16","10","1","5","5","1","1","648","833","1","0","1","2","0.18","0.38","0","0",,,"0","50","2024-04-03 14:07:40"
"63f77b9ca8439f6e1620c1cd",,"4","17","24","2","5","5","0","1","416","651","0","1","2","1","0.38","0.12","0","0",,,"0","50","2024-04-03 14:07:43"
"63f77b9ca8439f6e1620c1cd",,"4","18","15","2","5","5","0","1","632","1034","0","1","1","4","0.18","0.88","0","0",,,"1","55","2024-04-03 14:07:46"
"63f77b9ca8439f6e1620c1cd",,"4","19","52","1","5","5","1","1","681","950","1","0","4","3","0.73","0.5","0","0",,,"0","55","2024-04-03 14:07:48"
"63f77b9ca8439f6e1620c1cd",,"4","20","27","1","5","5","0","0","416","617","0","1","2","3","0.38","0.5","0","0",,,"0","55","2024-04-03 14:07:51"
"63f77b9ca8439f6e1620c1cd",,"4","21","3","2","5","5","1","0","348","582","1","0","1","3","0.12","0.5","0","0",,,"1","60","2024-04-03 14:07:54"
"63f77b9ca8439f6e1620c1cd",,"4","22","46","1","5","5","1","1","731","967","1","0","3","4","0.62","0.82","0","0",,,"0","60","2024-04-03 14:07:56"
"63f77b9ca8439f6e1620c1cd",,"4","23","12","2","5","5","1","0","597","766","1","0","1","3","0.18","0.62","0","0",,,"1","65","2024-04-03 14:07:59"
"63f77b9ca8439f6e1620c1cd",,"4","24","63","2","5","5","1","0","1148","1316","1","0","4","4","0.82","0.88","0","0",,,"1","70","2024-04-03 14:08:02"
"63f77b9ca8439f6e1620c1cd",,"4","25","16","2","5","5","0","1","698","899","0","1","1","1","0.27","0.12","0","0",,,"0","70","2024-04-03 14:08:05"
"63f77b9ca8439f6e1620c1cd",,"4","26","45","1","5","5","1","1","348","600","1","0","3","4","0.62","0.73","0","0",,,"1","75","2024-04-03 14:08:08"
"63f77b9ca8439f6e1620c1cd",,"4","27","68","2","5","5","1","0","681","1201","1","1","4","3","0.88","0.5","0","0",,,"1","80","2024-04-03 14:08:10"
"63f77b9ca8439f6e1620c1cd",,"4","28","30","1","5","5","1","1","799","967","1","0","2","4","0.38","0.82","0","0",,,"1","85","2024-04-03 14:08:13"
"63f77b9ca8439f6e1620c1cd",,"4","29","48","2","5","5","0","1","698","967","0","1","4","1","0.73","0.12","0","0",,,"0","85","2024-04-03 14:08:16"
"63f77b9ca8439f6e1620c1cd",,"4","30","44","2","5","5","1","0","348","500","1","0","3","3","0.62","0.5","0","0",,,"0","85","2024-04-03 14:08:19"
"63f77b9ca8439f6e1620c1cd",,"4","31","53","1","5","5","1","1","548","749","1","0","4","3","0.73","0.62","0","0",,,"1","90","2024-04-03 14:08:21"
"63f77b9ca8439f6e1620c1cd",,"4","32","22","2","5","5","1","0","598","783","1","0","1","4","0.27","0.82","0","0",,,"0","90","2024-04-03 14:08:24"
"63f77b9ca8439f6e1620c1cd",,"4","33","7","1","5","5","0","0","532","700","0","1","1","4","0.12","0.88","0","0",,,"0","90","2024-04-03 14:08:27"
"63f77b9ca8439f6e1620c1cd",,"4","34","59","1","5","5","1","1","431","584","1","0","4","2","0.82","0.38","0","0",,,"1","95","2024-04-03 14:08:29"
"63f77b9ca8439f6e1620c1cd",,"4","35","60","2","5","5","1","0","915","1066","1","0","4","3","0.82","0.5","0","0",,,"1","100","2024-04-03 14:08:32"
"63f77b9ca8439f6e1620c1cd",,"4","36","9","1","5","5","1","1","899","1064","1","0","1","1","0.18","0.27","0","0",,,"0","100","2024-04-03 14:08:35"
"63f77b9ca8439f6e1620c1cd",,"4","37","17","1","5","5","0","0","598","836","0","1","1","1","0.27","0.18","0","0",,,"1","105","2024-04-03 14:08:38"
"63f77b9ca8439f6e1620c1cd",,"4","38","38","1","5","5","0","0","831","1015","0","1","3","4","0.5","0.82","0","0",,,"0","105","2024-04-03 14:08:48"
"63f77b9ca8439f6e1620c1cd",,"4","39","13","1","5","5","1","1","831","983","1","0","1","4","0.18","0.73","0","0",,,"1","110","2024-04-03 14:08:51"
"63f77b9ca8439f6e1620c1cd",,"4","40","2","1","5","5","0","0","781","950","0","1","1","2","0.12","0.38","0","0",,,"0","110","2024-04-03 14:08:53"
"63f77b9ca8439f6e1620c1cd",,"4","41","33","1","5","5","1","1","298","500","1","0","3","1","0.5","0.18","0","0",,,"0","110","2024-04-03 14:08:56"
"63f77b9ca8439f6e1620c1cd",,"4","42","51","1","5","5","1","1","882","1015","1","0","4","2","0.73","0.38","0","0",,,"0","110","2024-04-03 14:08:59"
"63f77b9ca8439f6e1620c1cd",,"4","43","71","1","5","5","0","0","430","599","0","1","4","4","0.88","0.82","0","0",,,"0","110","2024-04-03 14:09:02"
"63f77b9ca8439f6e1620c1cd",,"4","44","32","2","5","5","1","0","415","682","1","0","3","1","0.5","0.12","0","0",,,"0","110","2024-04-03 14:09:04"
"63f77b9ca8439f6e1620c1cd",,"4","45","56","1","5","5","0","0","648","867","0","1","4","1","0.82","0.12","0","0",,,"1","115","2024-04-03 14:09:07"
"63f77b9ca8439f6e1620c1cd",,"4","46","31","2","5","5","0","1","515","732","0","1","2","4","0.38","0.88","0","0",,,"0","115","2024-04-03 14:09:10"
"63f77b9ca8439f6e1620c1cd",,"4","47","29","1","5","5","1","1","297","500","1","0","2","4","0.38","0.73","0","0",,,"1","120","2024-04-03 14:09:12"
"63f77b9ca8439f6e1620c1cd",,"4","48","20","1","5","5","0","0","748","917","0","1","1","3","0.27","0.62","0","0",,,"0","120","2024-04-03 14:09:15"
"63f77b9ca8439f6e1620c1cd",,"4","49","57","2","5","5","1","0","348","533","1","0","4","1","0.82","0.18","0","0",,,"0","120","2024-04-03 14:09:18"
"63f77b9ca8439f6e1620c1cd",,"4","50","70","1","5","5","0","0","599","800","0","1","4","4","0.88","0.73","0","0",,,"1","125","2024-04-03 14:09:20"
"63f77b9ca8439f6e1620c1cd",,"4","51","37","2","5","5","1","0","781","933","1","0","3","4","0.5","0.73","0","0",,,"1","130","2024-04-03 14:09:23"
"63f77b9ca8439f6e1620c1cd",,"4","52","66","1","5","5","0","0","748","1050","0","1","4","1","0.88","0.27","0","0",,,"1","135","2024-04-03 14:09:26"
"63f77b9ca8439f6e1620c1cd",,"4","53","5","2","5","5","1","0","748","933","1","0","1","4","0.12","0.73","0","0",,,"1","140","2024-04-03 14:09:28"
"63f77b9ca8439f6e1620c1cd",,"4","54","65","1","5","5","0","0","598","782","0","1","4","1","0.88","0.18","0","0",,,"1","145","2024-04-03 14:09:31"
"63f77b9ca8439f6e1620c1cd",,"4","55","43","1","5","5","0","0","798","1049","0","1","3","2","0.62","0.38","0","0",,,"0","145","2024-04-03 14:09:34"
"63f77b9ca8439f6e1620c1cd",,"4","56","36","2","5","5","1","0","682","817","1","0","3","3","0.5","0.62","0","0",,,"0","145","2024-04-03 14:09:37"
"63f77b9ca8439f6e1620c1cd",,"4","57","67","2","5","5","0","1","681","833","0","1","4","2","0.88","0.38","0","0",,,"0","145","2024-04-03 14:09:40"
"63f77b9ca8439f6e1620c1cd",,"4","58","61","1","5","5","1","1","381","550","1","0","4","3","0.82","0.62","0","0",,,"1","150","2024-04-03 14:09:42"
"63f77b9ca8439f6e1620c1cd",,"4","59","14","2","5","5","0","1","782","917","0","1","1","4","0.18","0.82","0","0",,,"1","155","2024-04-03 14:09:45"
"63f77b9ca8439f6e1620c1cd",,"4","60","39","1","5","5","0","0","715","866","0","1","3","4","0.5","0.88","0","0",,,"0","155","2024-04-03 14:09:48"
"63f77b9ca8439f6e1620c1cd",,"4","61","1","2","5","5","1","0","1064","1182","1","0","1","1","0.12","0.27","0","0",,,"0","155","2024-04-03 14:09:51"
"63f77b9ca8439f6e1620c1cd",,"4","62","8","1","5","5","0","0","699","866","0","1","1","1","0.18","0.12","0","0",,,"1","160","2024-04-03 14:09:54"
"63f77b9ca8439f6e1620c1cd",,"4","63","49","1","5","5","1","1","665","916","1","0","4","1","0.73","0.18","0","0",,,"1","165","2024-04-03 14:09:56"
"63f77b9ca8439f6e1620c1cd",,"4","64","4","1","5","5","0","0","765","884","0","1","1","3","0.12","0.62","0","0",,,"0","165","2024-04-03 14:09:59"
"63f77b9ca8439f6e1620c1cd",,"4","65","34","1","5","5","1","1","648","750","1","0","3","1","0.5","0.27","0","0",,,"0","165","2024-04-03 14:10:02"
"63f77b9ca8439f6e1620c1cd",,"4","66","41","2","5","5","0","1","481","615","0","1","3","1","0.62","0.18","0","0",,,"1","170","2024-04-03 14:10:04"
"63f77b9ca8439f6e1620c1cd",,"4","67","11","1","5","5","0","0","864","949","0","1","1","3","0.18","0.5","0","0",,,"1","175","2024-04-03 14:10:07"
"63f77b9ca8439f6e1620c1cd",,"4","68","64","1","5","5","1","1","1148","1433","1","0","4","1","0.88","0.12","0","0",,,"1","180","2024-04-03 14:10:10"
"5d23460ad4c57900192b129c",,"5","0","70","1","5","5","0","0","16","949","2","1","4","4","0.88","0.73","0","0",,,"1","5","2024-04-03 14:10:12"
"63f77b9ca8439f6e1620c1cd",,"4","69","58","1","5","5","0","0","680","800","0","1","4","1","0.82","0.27","0","0",,,"1","185","2024-04-03 14:10:13"
"5d23460ad4c57900192b129c",,"5","1","44","1","5","5","0","0","533","766","0","1","3","3","0.62","0.5","0","0",,,"0","5","2024-04-03 14:10:15"
"63f77b9ca8439f6e1620c1cd",,"4","70","42","1","5","5","1","1","666","949","1","0","3","1","0.62","0.27","0","0",,,"1","190","2024-04-03 14:10:16"
"5d23460ad4c57900192b129c",,"5","2","62","2","5","5","0","1","481","682","0","1","4","4","0.82","0.73","0","0",,,"1","10","2024-04-03 14:10:17"
"63f77b9ca8439f6e1620c1cd",,"4","71","19","2","5","5","1","0","698","817","1","0","1","3","0.27","0.5","0","0",,,"1","195","2024-04-03 14:10:18"
"5d23460ad4c57900192b129c",,"5","3","35","1","5","5","0","0","398","649","0","1","3","2","0.5","0.38","0","0",,,"1","15","2024-04-03 14:10:20"
"5d23460ad4c57900192b129c",,"5","4","42","1","5","5","1","1","349","566","1","0","3","1","0.62","0.27","0","0",,,"0","15","2024-04-03 14:10:22"
"5d23460ad4c57900192b129c",,"5","5","59","1","5","5","0","0","400","634","0","1","4","2","0.82","0.38","0","0",,,"1","20","2024-04-03 14:10:25"
"5d23460ad4c57900192b129c",,"5","6","21","2","5","5","1","0","349","534","1","0","1","4","0.27","0.73","0","0",,,"1","25","2024-04-03 14:10:27"
"5d23460ad4c57900192b129c",,"5","7","50","1","5","5","1","1","548","732","1","0","4","1","0.73","0.27","0","0",,,"1","30","2024-04-03 14:10:30"
"63f77b9ca8439f6e1620c1cd",,"5","0","20","2","5","5","1","0","615","750","1","0","1","3","0.27","0.62","0","0",,,"1","5","2024-04-03 14:10:31"
"5d23460ad4c57900192b129c",,"5","8","24","1","5","5","0","0","581","767","0","1","2","1","0.38","0.12","0","0",,,"0","30","2024-04-03 14:10:32"
"63f77b9ca8439f6e1620c1cd",,"5","1","35","1","5","5","0","0","665","865","0","1","3","2","0.5","0.38","0","0",,,"0","5","2024-04-03 14:10:34"
"5d23460ad4c57900192b129c",,"5","9","39","2","5","5","1","0","399","616","1","0","3","4","0.5","0.88","0","0",,,"1","35","2024-04-03 14:10:35"
"63f77b9ca8439f6e1620c1cd",,"5","2","21","2","5","5","1","0","665","833","1","0","1","4","0.27","0.73","0","0",,,"1","10","2024-04-03 14:10:37"
"5d23460ad4c57900192b129c",,"5","10","56","1","5","5","0","0","333","582","0","1","4","1","0.82","0.12","0","0",,,"1","40","2024-04-03 14:10:37"
"63f77b9ca8439f6e1620c1cd",,"5","3","12","2","5","5","1","0","615","848","1","0","1","3","0.18","0.62","0","0",,,"0","10","2024-04-03 14:10:39"
"5d23460ad4c57900192b129c",,"5","11","10","2","5","5","0","1","432","1082","1","1","1","2","0.18","0.38","0","0",,,"1","45","2024-04-03 14:10:40"
"63f77b9ca8439f6e1620c1cd",,"5","4","31","1","5","5","0","0","499","683","0","1","2","4","0.38","0.88","0","0",,,"0","10","2024-04-03 14:10:42"
"5d23460ad4c57900192b129c",,"5","12","31","2","5","5","1","0","448","650","1","0","2","4","0.38","0.88","0","0",,,"0","45","2024-04-03 14:10:43"
"63f77b9ca8439f6e1620c1cd",,"5","5","56","1","5","5","1","1","613","798","1","0","4","1","0.82","0.12","0","0",,,"1","15","2024-04-03 14:10:45"
"5d23460ad4c57900192b129c",,"5","13","0","2","5","5","1","0","648","832","1","0","1","1","0.12","0.18","0","0",,,"0","45","2024-04-03 14:10:45"
"63f77b9ca8439f6e1620c1cd",,"5","6","43","1","5","5","0","0","715","917","0","1","3","2","0.62","0.38","0","0",,,"0","15","2024-04-03 14:10:47"
"5d23460ad4c57900192b129c",,"5","14","38","2","5","5","0","1","564","832","0","1","3","4","0.5","0.82","0","0",,,"1","50","2024-04-03 14:10:48"
"63f77b9ca8439f6e1620c1cd",,"5","7","57","1","5","5","1","1","331","532","1","0","4","1","0.82","0.18","0","0",,,"1","20","2024-04-03 14:10:50"
"5d23460ad4c57900192b129c",,"5","15","64","1","5","5","1","1","33","367","2","0","4","1","0.88","0.12","0","0",,,"1","55","2024-04-03 14:10:51"
"63f77b9ca8439f6e1620c1cd",,"5","8","62","2","5","5","1","0","681","816","1","0","4","4","0.82","0.73","0","0",,,"0","20","2024-04-03 14:10:53"
"5d23460ad4c57900192b129c",,"5","16","32","1","5","5","0","0","465","799","0","1","3","1","0.5","0.12","0","0",,,"1","60","2024-04-03 14:10:53"
"63f77b9ca8439f6e1620c1cd",,"5","9","71","2","5","5","0","1","465","632","0","1","4","4","0.88","0.82","0","0",,,"0","20","2024-04-03 14:10:55"
"5d23460ad4c57900192b129c",,"5","17","6","2","5","5","0","1","567","798","0","1","1","4","0.12","0.82","0","0",,,"1","65","2024-04-03 14:10:56"
"63f77b9ca8439f6e1620c1cd",,"5","10","60","2","5","5","1","0","548","700","1","0","4","3","0.82","0.5","0","0",,,"0","20","2024-04-03 14:10:58"
"5d23460ad4c57900192b129c",,"5","18","51","1","5","5","1","1","348","615","1","0","4","2","0.73","0.38","0","0",,,"1","70","2024-04-03 14:10:59"
"63f77b9ca8439f6e1620c1cd",,"5","11","63","2","5","5","0","1","465","667","0","1","4","4","0.82","0.88","0","0",,,"1","25","2024-04-03 14:11:01"
"5d23460ad4c57900192b129c",,"5","19","45","2","5","5","1","0","517","732","1","0","3","4","0.62","0.73","0","0",,,"1","75","2024-04-03 14:11:01"
"63f77b9ca8439f6e1620c1cd",,"5","12","27","2","5","5","0","1","815","1017","0","1","2","3","0.38","0.5","0","0",,,"0","25","2024-04-03 14:11:04"
"5d23460ad4c57900192b129c",,"5","20","57","1","5","5","0","0","447","764","0","1","4","1","0.82","0.18","0","0",,,"1","80","2024-04-03 14:11:04"
"63f77b9ca8439f6e1620c1cd",,"5","13","58","1","5","5","1","1","365","517","1","0","4","1","0.82","0.27","0","0",,,"0","25","2024-04-03 14:11:06"
"5d23460ad4c57900192b129c",,"5","21","33","1","5","5","1","1","315","549","1","0","3","1","0.5","0.18","0","0",,,"1","85","2024-04-03 14:11:07"
"63f77b9ca8439f6e1620c1cd",,"5","14","48","2","5","5","0","1","216","600","0","1","4","1","0.73","0.12","0","0",,,"0","25","2024-04-03 14:11:09"
"5d23460ad4c57900192b129c",,"5","22","1","2","5","5","0","1","532","783","0","1","1","1","0.12","0.27","0","0",,,"0","85","2024-04-03 14:11:09"
"63f77b9ca8439f6e1620c1cd",,"5","15","19","2","5","5","1","0","481","732","1","0","1","3","0.27","0.5","0","0",,,"0","25","2024-04-03 14:11:11"
"5d23460ad4c57900192b129c",,"5","23","34","1","5","5","0","0","450","717","0","1","3","1","0.5","0.27","0","0",,,"0","85","2024-04-03 14:11:12"
"63f77b9ca8439f6e1620c1cd",,"5","16","52","1","5","5","1","1","631","933","1","0","4","3","0.73","0.5","0","0",,,"1","30","2024-04-03 14:11:14"
"5d23460ad4c57900192b129c",,"5","24","54","2","5","5","1","0","594","753","1","0","4","4","0.73","0.82","0","0",,,"1","90","2024-04-03 14:11:15"
"63f77b9ca8439f6e1620c1cd",,"5","17","33","1","5","5","0","0","681","933","0","1","3","1","0.5","0.18","0","0",,,"1","35","2024-04-03 14:11:17"
"5d23460ad4c57900192b129c",,"5","25","16","1","5","5","1","1","358","635","1","0","1","1","0.27","0.12","0","0",,,"1","95","2024-04-03 14:11:17"
"63f77b9ca8439f6e1620c1cd",,"5","18","47","2","5","5","0","1","766","1167","0","1","3","4","0.62","0.88","0","0",,,"1","40","2024-04-03 14:11:20"
"5d23460ad4c57900192b129c",,"5","26","26","1","5","5","0","0","523","815","0","1","2","1","0.38","0.27","0","0",,,"1","100","2024-04-03 14:11:20"
"5d23460ad4c57900192b129c",,"5","27","20","2","5","5","0","1","398","642","0","1","1","3","0.27","0.62","0","0",,,"1","105","2024-04-03 14:11:23"
"63f77b9ca8439f6e1620c1cd",,"5","19","34","1","5","5","1","1","831","1083","1","0","3","1","0.5","0.27","0","0",,,"0","40","2024-04-03 14:11:23"
"5d23460ad4c57900192b129c",,"5","28","5","2","5","5","1","0","422","696","1","0","1","4","0.12","0.73","0","0",,,"0","105","2024-04-03 14:11:25"
"63f77b9ca8439f6e1620c1cd",,"5","20","15","1","5","5","0","0","815","983","0","1","1","4","0.18","0.88","0","0",,,"0","40","2024-04-03 14:11:26"
"5d23460ad4c57900192b129c",,"5","29","2","2","5","5","1","0","419","674","1","0","1","2","0.12","0.38","0","0",,,"1","110","2024-04-03 14:11:28"
"63f77b9ca8439f6e1620c1cd",,"5","21","68","1","5","5","0","0","565","800","0","1","4","3","0.88","0.5","0","0",,,"0","40","2024-04-03 14:11:29"
"63f77b9ca8439f6e1620c1cd",,"5","22","24","1","5","5","1","1","281","465","1","0","2","1","0.38","0.12","0","0",,,"0","40","2024-04-03 14:11:31"
"5d23460ad4c57900192b129c",,"5","30","65","1","5","5","0","0","339","627","0","1","4","1","0.88","0.18","0","0",,,"1","115","2024-04-03 14:11:32"
"63f77b9ca8439f6e1620c1cd",,"5","23","49","1","5","5","0","0","433","635","0","1","4","1","0.73","0.18","0","0",,,"0","40","2024-04-03 14:11:34"
"5d23460ad4c57900192b129c",,"5","31","53","1","5","5","1","1","701","899","1","0","4","3","0.73","0.62","0","0",,,"1","120","2024-04-03 14:11:34"
"63f77b9ca8439f6e1620c1cd",,"5","24","40","2","5","5","1","0","298","466","1","0","3","1","0.62","0.12","0","0",,,"1","45","2024-04-03 14:11:36"
"5d23460ad4c57900192b129c",,"5","32","49","1","5","5","1","1","348","600","1","0","4","1","0.73","0.18","0","0",,,"1","125","2024-04-03 14:11:37"
"63f77b9ca8439f6e1620c1cd",,"5","25","39","2","5","5","0","1","699","866","0","1","3","4","0.5","0.88","0","0",,,"1","50","2024-04-03 14:11:39"
"5d23460ad4c57900192b129c",,"5","33","69","1","5","5","1","1","366","659","1","0","4","3","0.88","0.62","0","0",,,"1","130","2024-04-03 14:11:39"
"63f77b9ca8439f6e1620c1cd",,"5","26","22","2","5","5","1","0","1165","1450","1","0","1","4","0.27","0.82","0","0",,,"0","50","2024-04-03 14:11:42"
"5d23460ad4c57900192b129c",,"5","34","12","2","5","5","0","1","349","1298","1","1","1","3","0.18","0.62","0","0",,,"1","135","2024-04-03 14:11:42"
"63f77b9ca8439f6e1620c1cd",,"5","27","36","1","5","5","0","0","399","581","0","1","3","3","0.5","0.62","0","0",,,"1","55","2024-04-03 14:11:45"
"5d23460ad4c57900192b129c",,"5","35","36","2","5","5","0","1","400","632","0","1","3","3","0.5","0.62","0","0",,,"1","140","2024-04-03 14:11:45"
"63f77b9ca8439f6e1620c1cd",,"5","28","30","1","5","5","0","0","549","782","0","1","2","4","0.38","0.82","0","0",,,"1","60","2024-04-03 14:11:47"
"5d23460ad4c57900192b129c",,"5","36","47","2","5","5","0","1","432","682","0","1","3","4","0.62","0.88","0","0",,,"1","145","2024-04-03 14:11:47"
"5d23460ad4c57900192b129c",,"5","37","18","2","5","5","1","0","465","666","1","0","1","2","0.27","0.38","0","0",,,"1","150","2024-04-03 14:11:50"
"63f77b9ca8439f6e1620c1cd",,"5","29","67","2","5","5","0","1","847","1066","0","1","4","2","0.88","0.38","0","0",,,"0","60","2024-04-03 14:11:50"
"5d23460ad4c57900192b129c",,"5","38","63","2","5","5","0","1","532","732","0","1","4","4","0.82","0.88","0","0",,,"1","155","2024-04-03 14:11:52"
"63f77b9ca8439f6e1620c1cd",,"5","30","17","1","5","5","1","1","399","633","1","0","1","1","0.27","0.18","0","0",,,"0","60","2024-04-03 14:11:53"
"5d23460ad4c57900192b129c",,"5","39","71","1","5","5","0","0","465","701","0","1","4","4","0.88","0.82","0","0",,,"1","160","2024-04-03 14:11:55"
"63f77b9ca8439f6e1620c1cd",,"5","31","53","1","5","5","0","0","315","483","0","1","4","3","0.73","0.62","0","0",,,"1","65","2024-04-03 14:11:55"
"5d23460ad4c57900192b129c",,"5","40","48","1","5","5","1","1","349","599","1","0","4","1","0.73","0.12","0","0",,,"1","165","2024-04-03 14:11:57"
"63f77b9ca8439f6e1620c1cd",,"5","32","46","2","5","5","1","0","648","816","1","0","3","4","0.62","0.82","0","0",,,"1","70","2024-04-03 14:11:58"
"5d23460ad4c57900192b129c",,"5","41","40","1","5","5","1","1","418","632","1","0","3","1","0.62","0.12","0","0",,,"1","170","2024-04-03 14:11:59"
"63f77b9ca8439f6e1620c1cd",,"5","33","26","1","5","5","0","0","698","965","0","1","2","1","0.38","0.27","0","0",,,"1","75","2024-04-03 14:12:00"
"5d23460ad4c57900192b129c",,"5","42","7","2","5","5","1","0","432","666","1","0","1","4","0.12","0.88","0","0",,,"0","170","2024-04-03 14:12:02"
"63f77b9ca8439f6e1620c1cd",,"5","34","9","2","5","5","1","0","632","1050","1","0","1","1","0.18","0.27","0","0",,,"0","75","2024-04-03 14:12:03"
"5d23460ad4c57900192b129c",,"5","43","9","2","5","5","0","1","382","1184","1","1","1","1","0.18","0.27","0","0",,,"0","170","2024-04-03 14:12:05"
"63f77b9ca8439f6e1620c1cd",,"5","35","66","2","5","5","0","1","448","700","0","1","4","1","0.88","0.27","0","0",,,"1","80","2024-04-03 14:12:06"
"5d23460ad4c57900192b129c",,"5","44","15","2","5","5","1","0","299","532","1","0","1","4","0.18","0.88","0","0",,,"1","175","2024-04-03 14:12:08"
"63f77b9ca8439f6e1620c1cd",,"5","36","18","2","5","5","0","1","498","766","0","1","1","2","0.27","0.38","0","0",,,"1","85","2024-04-03 14:12:09"
"5d23460ad4c57900192b129c",,"5","45","25","1","5","5","0","0","517","749","0","1","2","1","0.38","0.18","0","0",,,"1","180","2024-04-03 14:12:10"
"63f77b9ca8439f6e1620c1cd",,"5","37","64","2","5","5","0","1","647","998","0","1","4","1","0.88","0.12","0","0",,,"1","90","2024-04-03 14:12:11"
"5d23460ad4c57900192b129c",,"5","46","17","1","5","5","0","0","682","933","0","1","1","1","0.27","0.18","0","0",,,"0","180","2024-04-03 14:12:13"
"63f77b9ca8439f6e1620c1cd",,"5","38","0","2","5","5","0","1","715","1032","0","1","1","1","0.12","0.18","0","0",,,"0","90","2024-04-03 14:12:14"
"5d23460ad4c57900192b129c",,"5","47","29","2","5","5","1","0","316","568","1","0","2","4","0.38","0.73","0","0",,,"1","185","2024-04-03 14:12:15"
"63f77b9ca8439f6e1620c1cd",,"5","39","65","2","5","5","0","1","382","949","1","1","4","1","0.88","0.18","0","0",,,"0","90","2024-04-03 14:12:17"
"5d23460ad4c57900192b129c",,"5","48","27","2","5","5","0","1","499","818","0","1","2","3","0.38","0.5","0","0",,,"0","185","2024-04-03 14:12:18"
"63f77b9ca8439f6e1620c1cd",,"5","40","23","1","5","5","1","1","249","482","1","0","1","4","0.27","0.88","0","0",,,"0","90","2024-04-03 14:12:20"
"5d23460ad4c57900192b129c",,"5","49","67","1","5","5","1","1","415","633","1","0","4","2","0.88","0.38","0","0",,,"1","190","2024-04-03 14:12:21"
"63f77b9ca8439f6e1620c1cd",,"5","41","61","1","5","5","0","0","316","500","0","1","4","3","0.82","0.62","0","0",,,"1","95","2024-04-03 14:12:22"
"5d23460ad4c57900192b129c",,"5","50","3","2","5","5","0","1","482","733","0","1","1","3","0.12","0.5","0","0",,,"0","190","2024-04-03 14:12:23"
"63f77b9ca8439f6e1620c1cd",,"5","42","42","2","5","5","1","0","764","950","1","0","3","1","0.62","0.27","0","0",,,"1","100","2024-04-03 14:12:25"
"5d23460ad4c57900192b129c",,"5","51","60","1","5","5","0","0","383","583","0","1","4","3","0.82","0.5","0","0",,,"1","195","2024-04-03 14:12:26"
"63f77b9ca8439f6e1620c1cd",,"5","43","51","1","5","5","1","1","1332","1549","1","0","4","2","0.73","0.38","0","0",,,"1","105","2024-04-03 14:12:28"
"5d23460ad4c57900192b129c",,"5","52","28","2","5","5","1","0","483","700","1","0","2","3","0.38","0.62","0","0",,,"1","200","2024-04-03 14:12:28"
"5d23460ad4c57900192b129c",,"5","53","66","1","5","5","0","0","384","615","0","1","4","1","0.88","0.27","0","0",,,"1","205","2024-04-03 14:12:31"
"63f77b9ca8439f6e1620c1cd",,"5","44","41","1","5","5","1","1","681","1017","1","0","3","1","0.62","0.18","0","0",,,"0","105","2024-04-03 14:12:31"
"5d23460ad4c57900192b129c",,"5","54","8","1","5","5","1","1","549","765","1","0","1","1","0.18","0.12","0","0",,,"0","205","2024-04-03 14:12:33"
"63f77b9ca8439f6e1620c1cd",,"5","45","25","1","5","5","0","0","448","600","0","1","2","1","0.38","0.18","0","0",,,"1","110","2024-04-03 14:12:34"
"5d23460ad4c57900192b129c",,"5","55","43","1","5","5","1","1","384","665","1","0","3","2","0.62","0.38","0","0",,,"1","210","2024-04-03 14:12:36"
"63f77b9ca8439f6e1620c1cd",,"5","46","45","1","5","5","1","1","665","815","1","0","3","4","0.62","0.73","0","0",,,"0","110","2024-04-03 14:12:36"
"63f77b9ca8439f6e1620c1cd",,"5","47","59","1","5","5","0","0","298","466","0","1","4","2","0.82","0.38","0","0",,,"0","110","2024-04-03 14:12:39"
"5d23460ad4c57900192b129c",,"5","56","58","1","5","5","1","1","349","600","1","0","4","1","0.82","0.27","0","0",,,"1","215","2024-04-03 14:12:39"
"5d23460ad4c57900192b129c",,"5","57","14","2","5","5","0","1","415","633","0","1","1","4","0.18","0.82","0","0",,,"1","220","2024-04-03 14:12:41"
"63f77b9ca8439f6e1620c1cd",,"5","48","4","1","5","5","1","1","497","766","1","0","1","3","0.12","0.62","0","0",,,"0","110","2024-04-03 14:12:41"
"5d23460ad4c57900192b129c",,"5","58","13","2","5","5","0","1","401","655","0","1","1","4","0.18","0.73","0","0",,,"1","225","2024-04-03 14:12:44"
"63f77b9ca8439f6e1620c1cd",,"5","49","69","1","5","5","0","0","448","634","0","1","4","3","0.88","0.62","0","0",,,"1","115","2024-04-03 14:12:44"
"5d23460ad4c57900192b129c",,"5","59","46","2","5","5","0","1","466","616","0","1","3","4","0.62","0.82","0","0",,,"1","230","2024-04-03 14:12:46"
"63f77b9ca8439f6e1620c1cd",,"5","50","7","1","5","5","1","1","698","850","1","0","1","4","0.12","0.88","0","0",,,"0","115","2024-04-03 14:12:47"
"5d23460ad4c57900192b129c",,"5","60","61","1","5","5","1","1","331","516","1","0","4","3","0.82","0.62","0","0",,,"1","235","2024-04-03 14:12:48"
"63f77b9ca8439f6e1620c1cd",,"5","51","2","1","5","5","0","0","266","433","0","1","1","2","0.12","0.38","0","0",,,"0","115","2024-04-03 14:12:50"
"5d23460ad4c57900192b129c",,"5","61","4","2","5","5","0","1","497","714","0","1","1","3","0.12","0.62","0","0",,,"1","240","2024-04-03 14:12:51"
"63f77b9ca8439f6e1620c1cd",,"5","52","55","2","5","5","1","0","448","615","1","0","4","4","0.73","0.88","0","0",,,"1","120","2024-04-03 14:12:52"
"5d23460ad4c57900192b129c",,"5","62","55","2","5","5","1","0","381","633","1","0","4","4","0.73","0.88","0","0",,,"0","240","2024-04-03 14:12:53"
"63f77b9ca8439f6e1620c1cd",,"5","53","32","1","5","5","0","0","615","817","0","1","3","1","0.5","0.12","0","0",,,"1","125","2024-04-03 14:12:55"
"5d23460ad4c57900192b129c",,"5","63","68","1","5","5","1","1","498","834","1","0","4","3","0.88","0.5","0","0",,,"1","245","2024-04-03 14:12:57"
"63f77b9ca8439f6e1620c1cd",,"5","54","44","1","5","5","0","0","565","767","0","1","3","3","0.62","0.5","0","0",,,"0","125","2024-04-03 14:12:57"
"5d23460ad4c57900192b129c",,"5","64","11","2","5","5","0","1","382","931","1","1","1","3","0.18","0.5","0","0",,,"0","245","2024-04-03 14:12:59"
"63f77b9ca8439f6e1620c1cd",,"5","55","10","2","5","5","1","0","815","1166","1","0","1","2","0.18","0.38","0","0",,,"1","130","2024-04-03 14:13:01"
"5d23460ad4c57900192b129c",,"5","65","37","2","5","5","0","1","551","766","0","1","3","4","0.5","0.73","0","0",,,"1","250","2024-04-03 14:13:02"
"63f77b9ca8439f6e1620c1cd",,"5","56","14","2","5","5","0","1","764","1449","0","1","1","4","0.18","0.82","0","0",,,"1","135","2024-04-03 14:13:04"
"5d23460ad4c57900192b129c",,"5","66","23","2","5","5","1","0","382","616","1","0","1","4","0.27","0.88","0","0",,,"1","255","2024-04-03 14:13:04"
"5d23460ad4c57900192b129c",,"5","67","52","1","5","5","1","1","348","565","1","0","4","3","0.73","0.5","0","0",,,"0","255","2024-04-03 14:13:07"
"63f77b9ca8439f6e1620c1cd",,"5","57","5","2","5","5","1","0","848","1050","1","0","1","4","0.12","0.73","0","0",,,"1","140","2024-04-03 14:13:07"
"5d23460ad4c57900192b129c",,"5","68","22","2","5","5","1","0","399","616","1","0","1","4","0.27","0.82","0","0",,,"1","260","2024-04-03 14:13:09"
"63f77b9ca8439f6e1620c1cd",,"5","58","3","1","5","5","0","0","781","950","0","1","1","3","0.12","0.5","0","0",,,"0","140","2024-04-03 14:13:10"
"5d23460ad4c57900192b129c",,"5","69","30","2","5","5","1","0","449","616","1","0","2","4","0.38","0.82","0","0",,,"1","265","2024-04-03 14:13:12"
"63f77b9ca8439f6e1620c1cd",,"5","59","50","1","5","5","1","1","931","1164","1","0","4","1","0.73","0.27","0","0",,,"1","145","2024-04-03 14:13:13"
"5d23460ad4c57900192b129c",,"5","70","19","2","5","5","0","1","632","849","0","1","1","3","0.27","0.5","0","0",,,"1","270","2024-04-03 14:13:15"
"63f77b9ca8439f6e1620c1cd",,"5","60","16","2","5","5","1","0","1099","1232","1","0","1","1","0.27","0.12","0","0",,,"0","145","2024-04-03 14:13:16"
"5d23460ad4c57900192b129c",,"5","71","41","1","5","5","1","1","467","683","1","0","3","1","0.62","0.18","0","0",,,"1","275","2024-04-03 14:13:17"
"63f77b9ca8439f6e1620c1cd",,"5","61","8","2","5","5","0","1","382","500","0","1","1","1","0.18","0.12","0","0",,,"0","145","2024-04-03 14:13:18"
"63f77b9ca8439f6e1620c1cd",,"5","62","28","1","5","5","1","1","114","282","1","0","2","3","0.38","0.62","0","0",,,"0","145","2024-04-03 14:13:21"
"63f77b9ca8439f6e1620c1cd",,"5","63","38","2","5","5","0","1","247","450","0","1","3","4","0.5","0.82","0","0",,,"0","145","2024-04-03 14:13:23"
"63f77b9ca8439f6e1620c1cd",,"5","64","54","1","5","5","1","1","431","616","1","0","4","4","0.73","0.82","0","0",,,"1","150","2024-04-03 14:13:26"
"63f77b9ca8439f6e1620c1cd",,"5","65","29","2","5","5","0","1","698","932","0","1","2","4","0.38","0.73","0","0",,,"1","155","2024-04-03 14:13:29"
"63f77b9ca8439f6e1620c1cd",,"5","66","13","1","5","5","1","1","731","900","1","0","1","4","0.18","0.73","0","0",,,"0","155","2024-04-03 14:13:31"
"63f77b9ca8439f6e1620c1cd",,"5","67","1","2","5","5","0","1","315","549","0","1","1","1","0.12","0.27","0","0",,,"0","155","2024-04-03 14:13:34"
"63f77b9ca8439f6e1620c1cd",,"5","68","6","1","5","5","1","1","281","450","1","0","1","4","0.12","0.82","0","0",,,"0","155","2024-04-03 14:13:37"
"63f77b9ca8439f6e1620c1cd",,"5","69","11","1","5","5","0","0","581","732","0","1","1","3","0.18","0.5","0","0",,,"0","155","2024-04-03 14:13:41"
"63f77b9ca8439f6e1620c1cd",,"5","70","37","1","5","5","1","1","482","617","1","0","3","4","0.5","0.73","0","0",,,"1","160","2024-04-03 14:13:50"
"63f77b9ca8439f6e1620c1cd",,"5","71","70","1","5","5","0","0","581","717","0","1","4","4","0.88","0.73","0","0",,,"1","165","2024-04-03 14:13:53"
"test",,"0","0","46","0","0","0","0","1","0","0","0","0","3","4","0.62","0.82","0","0",,,"0","0","2024-04-08 15:44:03"
"test",,"0","1","60","0","5","5","0","0","0","0","0","0","4","3","0.82","0.5","0","0",,,"0","0","2024-04-08 15:44:08"
"test",,"0","0","52","0","0","0","0","0","0","0","0","0","4","3","0.73","0.5","0","0",,,"0","0","2024-04-08 15:44:44"
"test",,"0","0","52","0","0","0","0","1","0","0","0","0","4","3","0.73","0.5","0","0",,,"0","0","2024-04-08 15:45:43"
"test",,"0","1","65","0","5","5","0","1","0","0","0","0","4","1","0.88","0.18","0","0",,,"0","0","2024-04-08 15:45:48"
"test",,"0","2","9","0","5","5","0","0","0","0","0","0","1","1","0.18","0.27","0","0",,,"0","0","2024-04-08 15:46:54"
"test",,"0","3","22","0","5","5","0","1","0","0","0","0","1","4","0.27","0.82","0","0",,,"0","0","2024-04-08 15:46:59"
"test",,"0","0","2","0","0","0","0","0","0","0","0","0","1","2","0.12","0.38","0","0",,,"0","0","2024-04-08 15:48:37"
"test",,"0","0","59","0","0","0","0","1","0","0","0","0","4","2","0.82","0.38","0","0",,,"0","0","2024-04-08 15:49:22"
"test",,"0","0","71","0","0","0","0","1","0","0","0","0","4","4","0.88","0.82","0","0",,,"0","0","2024-04-08 15:55:22"
"test",,"0","0","6","0","0","0","0","0","0","0","0","0","1","4","0.12","0.82","0","0",,,"0","0","2024-04-08 15:56:15"
"test",,"0","1","51","0","5","5","0","1","0","0","0","0","4","2","0.73","0.38","0","0",,,"0","0","2024-04-08 15:56:20"
"test",,"0","0","68","0","0","0","0","0","0","0","0","0","4","3","0.88","0.5","0","0",,,"0","0","2024-04-08 15:58:29"
"test",,"0","0","66","0","0","0","0","1","0","0","0","0","4","1","0.88","0.27","0","0",,,"0","0","2024-04-08 15:58:52"
"test",,"0","0","51","0","0","0","0","0","0","0","0","0","4","2","0.73","0.38","0","0",,,"0","0","2024-04-08 15:59:15"
"test",,"0","1","43","0","5","5","0","0","0","0","0","0","3","2","0.62","0.38","0","0",,,"0","0","2024-04-08 15:59:19"
"test",,"0","0","35","0","0","0","0","1","0","0","0","0","3","2","0.5","0.38","0","0",,,"0","0","2024-04-08 15:59:57"
"test",,"0","0","62","0","0","0","0","1","0","0","0","0","4","4","0.82","0.73","0","0",,,"0","0","2024-04-08 16:03:54"
"test",,"0","0","5","0","0","0","0","0","0","0","0","0","1","4","0.12","0.73","0","0",,,"0","0","2024-04-08 16:05:56"
"test",,"0","0","23","0","0","0","0","0","0","0","0","0","1","4","0.27","0.88","0","0",,,"0","0","2024-04-08 16:06:42"
"test",,"0","0","44","0","0","0","0","0","0","0","0","0","3","3","0.62","0.5","0","0",,,"0","0","2024-04-08 16:07:04"
"test",,"0","0","29","0","0","0","0","0","0","0","0","0","2","4","0.38","0.73","0","0",,,"0","0","2024-04-08 16:56:43"
"test",,"0","0","67","0","0","0","0","0","0","0","0","0","4","2","0.88","0.38","0","0",,,"0","0","2024-04-08 16:57:19"
"test",,"0","0","29","0","0","0","0","1","0","0","0","0","2","4","0.38","0.73","0","0",,,"0","0","2024-04-08 16:57:44"
"test",,"0","0","34","0","0","0","0","0","0","0","0","0","3","1","0.5","0.27","0","0",,,"0","0","2024-04-08 16:59:48"
"test",,"0","0","32","1","5","5","0","0","1082","2056","1","2","3","1","0.5","0.12","0","0",,,"0","0","2024-04-08 17:17:42"
"test",,"0","1","54","2","5","5","1","0","661","843","1","0","4","4","0.73","0.82","0","0",,,"1","5","2024-04-08 17:17:45"
"test",,"0","0","52","1","5","5","0","0","1359","1638","0","1","4","3","0.73","0.5","0","0",,,"1","5","2024-04-12 14:14:55"
"test",,"0","0","65","1","50","50","1","1","800","1125","1","0","44","9","0.88","0.18","0","0",,,"1","50","2024-04-12 14:24:08"
"test",,"0","1","53","1","50","50","1","1","480","960","1","0","37","31","0.73","0.62","0","0",,,"1","100","2024-04-12 14:24:11"
"test",,"2","0","0","2","47","46","1","0","1740","1891","1","0","46","47","1","1","0","0",,,"1","47","2024-04-12 15:57:55"
"test",,"2","1","1","1","72","31","0","0","1940","2196","1","1","72","31","1","1","0","0",,,"1","119","2024-04-12 15:57:59"
"test",,"2","2","1","1","46","40","0","0","1879","1936","1","2","46","40","1","1","0","0",,,"1","165","2024-04-12 15:58:02"
"test",,"2","3","1","2","24","49","0","1","1000","1120","1","3","49","24","1","1","0","0",,,"1","189","2024-04-12 15:58:05"
"test",,"2","4","1","1","79","29","1","1","759","879","2","3","79","29","1","1","0","0",,,"1","268","2024-04-12 15:58:08"
"test",,"2","5","1","1","55","40","1","1","1480","1900","3","3","55","40","1","1","0","0",,,"1","323","2024-04-12 15:58:12"
"test",,"2","6","1","1","76","18","1","1","1380","1491","4","3","76","18","1","1","0","0",,,"1","399","2024-04-12 15:58:15"
"test",,"2","0","0","1","29","70","0","0","1661","1882","0","1","29","70","1","1","0","0",,,"1","29","2024-04-15 12:31:27"
"test",,"2","1","1","1","29","45","1","1","1540","1638","1","0","29","45","1","1","0","0",,,"1","58","2024-04-15 12:31:31"
"test",,"2","2","1","1","78","89","0","0","1959","2101","0","1","78","89","1","1","0","0",,,"1","136","2024-04-15 12:31:35"
"test",,"2","3","0","1","49","70","1","1","1720","1793","1","0","49","70","1","1","0","0",,,"1","185","2024-04-15 12:31:38"
"test",,"2","4","1","1","32","45","1","1","2400","2558","1","0","32","45","1","1","0","0",,,"1","217","2024-04-15 12:31:42"
"test",,"2","5","1","0","32","45","0","0","2800","0","1","0","74","55","1","1","0","0",,,"0","217","2024-04-15 12:31:47"
"test",,"2","6","0","1","69","43","0","0","1720","1898","0","1","69","43","1","1","0","0",,,"1","286","2024-04-15 12:31:50"
"test",,"2","0","1","1","61","50","0","0","1280","1457","0","1","61","50","1","1","0","0",,,"1","61","2024-04-15 12:40:12"
"test",,"2","1","0","1","12","29","1","1","1199","1329","1","0","12","29","1","1","0","0",,,"1","73","2024-04-15 12:40:15"
"test",,"2","0","1","2","77","95","1","0","1239","1367","1","0","95","77","1","1","0","0",,,"1","77","2024-04-15 12:41:02"
"test",,"2","1","0","1","38","28","1","1","1500","2623","2","1","38","28","1","1","0","0",,,"1","115","2024-04-15 12:41:06"
"test",,"2","2","1","1","46","69","0","0","1119","1194","0","1","46","69","1","1","0","0",,,"1","161","2024-04-15 12:41:09"
"test",,"2","3","1","1","46","64","0","0","979","1135","0","1","46","64","1","1","0","0",,,"1","207","2024-04-15 12:41:12"
"test",,"2","4","0","1","24","64","0","0","879","991","0","1","24","64","1","1","0","0",,,"1","231","2024-04-15 12:41:15"
"test",,"2","5","0","1","52","88","1","1","1820","1931","1","0","52","88","1","1","0","0",,,"1","283","2024-04-15 12:41:19"
"test",,"2","6","1","1","30","83","0","0","1299","1394","0","1","30","83","1","1","0","0",,,"1","313","2024-04-15 12:41:22"
"test",,"2","7","1","2","79","48","1","0","919","999","1","0","48","79","1","1","0","0",,,"1","392","2024-04-15 12:41:25"
"test",,"2","8","1","2","46","23","0","1","1000","1135","0","1","23","46","1","1","0","0",,,"1","438","2024-04-15 12:41:28"
"test",,"2","9","0","2","74","36","0","1","1000","1179","0","1","36","74","1","1","0","0",,,"1","512","2024-04-15 12:41:31"
"test",,"2","10","1","2","63","53","0","1","960","1071","0","1","53","63","1","1","0","0",,,"1","575","2024-04-15 12:41:34"
"test",,"2","11","0","2","32","35","0","1","780","923","0","1","35","32","1","1","0","0",,,"1","607","2024-04-15 12:41:37"
"test",,"2","12","1","2","31","40","0","1","1059","1211","0","1","40","31","1","1","0","0",,,"1","638","2024-04-15 12:41:40"
"test",,"2","13","0","2","60","42","0","1","1159","1319","0","1","42","60","1","1","0","0",,,"1","698","2024-04-15 12:41:43"
"test",,"2","14","0","2","57","41","1","0","1339","1507","1","0","41","57","1","1","0","0",,,"1","755","2024-04-15 12:41:46"
"test",,"2","15","0","2","64","53","0","1","959","1099","0","1","53","64","1","1","0","0",,,"1","819","2024-04-15 12:41:49"
"test",,"2","16","0","2","16","85","0","1","860","1091","0","1","85","16","1","1","0","0",,,"1","835","2024-04-15 12:41:52"
"test",,"2","17","0","2","23","24","0","1","879","983","0","1","24","23","1","1","0","0",,,"1","858","2024-04-15 12:41:55"
"test",,"2","18","1","1","36","15","1","1","999","1163","1","0","36","15","1","1","0","0",,,"1","894","2024-04-15 12:41:58"
"test",,"2","19","0","1","46","35","0","0","1160","1319","0","1","46","35","1","1","0","0",,,"1","940","2024-04-15 12:42:01"
"test",,"2","20","0","1","21","18","1","1","1019","1179","1","0","21","18","1","1","0","0",,,"1","961","2024-04-15 12:42:04"
"test",,"2","21","0","1","42","0","1","1","1360","1467","1","0","42","0","1","1","0","0",,,"1","1003","2024-04-15 12:42:08"
"test",,"2","22","0","1","74","23","0","0","1020","1135","0","1","74","23","1","1","0","0",,,"1","1077","2024-04-15 12:42:11"
"test",,"2","23","0","1","36","58","1","1","1000","1123","1","0","36","58","1","1","0","0",,,"1","1113","2024-04-15 12:42:14"
"test",,"2","24","0","1","39","45","1","1","1159","1230","1","0","39","45","1","1","0","0",,,"1","1152","2024-04-15 12:42:17"
"test",,"2","25","1","1","39","25","0","0","1719","1947","0","1","39","25","1","1","0","0",,,"1","1191","2024-04-15 12:42:20"
"test",,"2","0","1","1","50","50","1","1","1900","2149","1","0","50","50","1","1","0","0",,,"1","50","2024-04-15 12:44:38"
"test",,"2","1","1","1","50","50","1","1","1699","1782","1","0","50","50","1","1","0","0",,,"1","100","2024-04-15 12:44:41"
"test",,"2","2","0","2","50","50","1","0","2380","2494","1","0","50","50","1","1","0","0",,,"1","150","2024-04-15 12:44:45"
"test",,"2","0","0","2","33","67","1","0","1720","1840","1","0","67","33","1","1","0","0",,,"1","33","2024-04-15 12:46:03"
"test",,"2","1","0","2","33","67","0","1","979","1063","0","1","67","33","1","1","0","0",,,"1","66","2024-04-15 12:46:06"
"test",,"2","2","0","2","33","67","0","1","860","1012","0","1","67","33","1","1","0","0",,,"1","99","2024-04-15 12:46:09"
"test",,"2","3","1","2","33","67","0","1","1000","1248","0","1","67","33","1","1","0","0",,,"1","132","2024-04-15 12:46:12"
"test",,"2","4","1","1","67","33","0","0","1060","1204","0","1","67","33","1","1","0","0",,,"1","199","2024-04-15 12:46:15"
"test",,"2","5","1","1","67","33","0","0","780","896","0","1","67","33","1","1","0","0",,,"1","266","2024-04-15 12:46:18"
"test",,"2","0","0","1","67","33","0","0","1980","2085","0","1","67","33","1","1","0","0",,,"1","67","2024-04-15 12:46:30"
"test",,"2","1","1","2","33","67","1","0","1459","1549","1","0","67","33","1","1","0","0",,,"1","100","2024-04-15 12:46:33"
"test",,"2","2","0","1","67","33","1","1","1240","1389","1","0","67","33","1","1","0","0",,,"1","167","2024-04-15 12:46:36"
"test",,"2","3","1","2","33","67","1","0","2379","2465","1","0","67","33","1","1","0","0",,,"1","200","2024-04-15 12:46:40"
"test",,"2","4","0","1","67","33","0","0","1299","1596","0","1","67","33","1","1","0","0",,,"1","267","2024-04-15 12:46:44"
"test",,"2","5","1","2","33","67","0","1","1560","1712","0","1","67","33","1","1","0","0",,,"1","300","2024-04-15 12:46:47"
"test",,"2","6","0","2","33","67","0","1","939","1177","0","1","67","33","1","1","0","0",,,"1","333","2024-04-15 12:46:50"
"test",,"2","7","0","2","33","67","0","1","799","876","0","1","67","33","1","1","0","0",,,"1","366","2024-04-15 12:46:53"
"test",,"2","8","0","0","67","33","0","1","1720","0","0","1","67","33","1","1","0","0",,,"0","366","2024-04-15 12:46:57"
"test",,"2","9","0","1","67","33","1","1","1359","1533","1","0","67","33","1","1","0","0",,,"1","433","2024-04-15 12:47:01"
"test",,"2","10","1","1","67","33","0","0","1256","1342","0","1","67","33","1","1","0","0",,,"1","500","2024-04-15 12:47:14"
"test",,"2","0","1","1","55","49","1","1","1779","1914","1","0","55","49","1","1","0","0",,,"1","55","2024-04-15 12:47:55"
"test",,"2","1","1","1","59","46","0","0","1640","1769","0","1","59","46","1","1","0","0",,,"1","114","2024-04-15 12:47:58"
"test",,"2","2","0","2","77","86","0","1","1379","1551","0","1","86","77","1","1","0","0",,,"1","191","2024-04-15 12:48:02"
"test",,"2","3","0","1","28","47","0","0","1239","1882","0","1","28","47","1","1","0","0",,,"1","219","2024-04-15 12:48:05"
"test",,"2","4","1","1","70","41","1","1","1060","1153","1","0","70","41","1","1","0","0",,,"1","289","2024-04-15 12:48:08"
"test",,"2","5","0","1","48","56","0","0","1020","1145","0","1","48","56","1","1","0","0",,,"1","337","2024-04-15 12:48:11"
"test",,"2","6","1","1","92","45","1","1","1000","1109","1","0","92","45","1","1","0","0",,,"1","429","2024-04-15 12:48:14"
"test",,"2","7","0","1","74","15","0","0","759","865","0","1","74","15","1","1","0","0",,,"1","503","2024-04-15 12:48:17"
"test",,"2","8","0","1","70","51","1","1","999","1114","1","0","70","51","1","1","0","0",,,"1","573","2024-04-15 12:48:20"
"test",,"2","9","1","1","83","23","1","1","920","1045","1","0","83","23","1","1","0","0",,,"1","656","2024-04-15 12:48:23"
"test",,"2","0","-2","1","81","42","0","0","1780","1895","0","1","67","33","1","1","0","0",,,"1","81","2024-04-15 13:29:43"
"test",,"2","1","-2","1","41","29","1","1","2100","2510","1","1","67","33","1","1","0","0",,,"1","122","2024-04-15 13:29:47"
"test",,"2","2","-2","1","56","45","1","1","2060","2146","1","0","67","33","1","1","0","0",,,"1","178","2024-04-15 13:29:51"
"test",,"2","3","-2","1","21","65","0","0","2179","2246","0","1","67","33","1","1","0","0",,,"1","199","2024-04-15 13:29:55"
"test",,"2","4","-2","2","47","9","1","0","2699","2790","1","0","67","33","1","1","0","0",,,"1","208","2024-04-15 13:30:00"
"test",,"2","0","-2","2","66","47","0","1","1240","1543","1","1","67","33","1","1","0","0",,,"1","47","2024-04-15 13:32:57"
"test",,"2","1","-2","1","45","53","1","1","1080","1270","1","0","67","33","1","1","0","0",,,"1","92","2024-04-15 13:33:00"
"test",,"2","2","-2","1","75","22","1","1","2019","2162","1","0","67","33","1","1","0","0",,,"1","167","2024-04-15 13:33:04"
"test",,"2","3","-2","1","58","26","1","1","1799","1926","1","0","67","33","1","1","0","0",,,"1","225","2024-04-15 13:33:08"
"test",,"2","4","-2","2","67","35","0","1","1460","1567","0","1","67","33","1","1","0","0",,,"1","260","2024-04-15 13:33:11"
"test",,"2","5","-2","0","43","41","0","0","0","0","0","0","67","33","1","1","0","0",,,"0","260","2024-04-15 13:33:16"
"test",,"2","6","-2","1","99","30","0","0","1419","1578","0","1","67","33","1","1","0","0",,,"1","359","2024-04-15 13:33:19"
"test",,"2","7","-2","1","81","47","1","1","920","1050","1","0","67","33","1","1","0","0",,,"1","440","2024-04-15 13:33:22"
"test",,"2","8","-2","2","45","64","0","1","1840","1967","0","1","67","33","1","1","0","0",,,"1","504","2024-04-15 13:33:26"
"test",,"2","9","-2","0","81","28","0","0","0","0","0","0","67","33","1","1","0","0",,,"0","504","2024-04-15 13:33:30"
"test",,"2","0","-2","1","77","19","0","0","1180","1252","0","1","67","33","1","1","0","0",,,"1","77","2024-04-15 13:34:26"
"test",,"2","1","-2","1","51","3","1","1","1019","1172","1","0","67","33","1","1","0","0",,,"1","128","2024-04-15 13:34:29"
"test",,"2","2","-2","1","67","44","0","0","880","963","0","1","67","33","1","1","0","0",,,"1","195","2024-04-15 13:34:32"
"test",,"2","3","-2","1","92","17","0","0","859","1007","0","1","67","33","1","1","0","0",,,"1","287","2024-04-15 13:34:35"
"test",,"2","4","-2","1","38","36","0","0","860","939","0","1","67","33","1","1","0","0",,,"1","325","2024-04-15 13:34:38"
"test",,"2","5","-2","1","59","6","0","0","1019","1200","0","1","67","33","1","1","0","0",,,"1","384","2024-04-15 13:34:41"
"test",,"2","6","-2","2","49","59","0","1","1100","1275","0","1","67","33","1","1","0","0",,,"1","443","2024-04-15 13:34:44"
"test",,"2","7","-2","2","87","30","1","0","940","1051","1","0","67","33","1","1","0","0",,,"1","473","2024-04-15 13:34:47"
"test",,"2","8","-2","2","38","51","1","0","1119","1263","1","0","67","33","1","1","0","0",,,"1","524","2024-04-15 13:34:50"
"test",,"2","9","-2","2","54","68","0","1","980","1083","0","1","67","33","1","1","0","0",,,"1","592","2024-04-15 13:34:53"
"test",,"2","10","-2","2","44","0","1","0","999","1135","1","0","67","33","1","1","0","0",,,"1","592","2024-04-15 13:34:56"
"test",,"2","11","-2","2","84","40","0","1","939","1091","0","1","67","33","1","1","0","0",,,"1","632","2024-04-15 13:34:59"
"test",,"2","12","-2","2","73","45","1","0","1020","1147","1","0","67","33","1","1","0","0",,,"1","677","2024-04-15 13:35:02"
"test",,"2","13","-2","2","54","40","1","0","839","1007","1","0","67","33","1","1","0","0",,,"1","717","2024-04-15 13:35:05"
"test",,"2","14","-2","2","52","48","1","0","1039","1163","1","0","67","33","1","1","0","0",,,"1","765","2024-04-15 13:35:08"
"test",,"2","15","-2","2","66","63","0","1","1139","1279","0","1","67","33","1","1","0","0",,,"1","828","2024-04-15 13:35:11"
"test",,"2","16","-2","2","47","31","0","1","1219","1340","0","1","67","33","1","1","0","0",,,"1","859","2024-04-15 13:35:14"
"test",,"2","17","-2","2","78","34","1","0","900","1036","1","0","67","33","1","1","0","0",,,"1","893","2024-04-15 13:35:17"
"test",,"2","18","-2","1","71","64","1","1","1039","1231","1","0","67","33","1","1","0","0",,,"1","964","2024-04-15 13:35:20"
"test",,"2","19","-2","1","54","44","1","1","939","1059","1","0","67","33","1","1","0","0",,,"1","1018","2024-04-15 13:35:23"
"test",,"2","20","-2","1","57","51","0","0","959","1067","0","1","67","33","1","1","0","0",,,"1","1075","2024-04-15 13:35:26"
"test",,"2","21","-2","1","69","37","1","1","1079","1191","1","0","67","33","1","1","0","0",,,"1","1144","2024-04-15 13:35:29"
"test",,"2","22","-2","1","63","32","0","0","979","1115","0","1","67","33","1","1","0","0",,,"1","1207","2024-04-15 13:35:32"
"test",,"2","23","-2","1","46","35","1","1","835","931","1","0","67","33","1","1","0","0",,,"1","1253","2024-04-15 13:35:35"
"test",,"2","24","-2","1","89","71","1","1","1039","1195","1","0","67","33","1","1","0","0",,,"1","1342","2024-04-15 13:35:38"
"test",,"2","25","-2","1","64","14","0","0","1039","1199","0","1","67","33","1","1","0","0",,,"1","1406","2024-04-15 13:35:41"
"test",,"2","26","-2","1","88","21","1","1","979","1095","1","0","67","33","1","1","0","0",,,"1","1494","2024-04-15 13:35:44"
"test",,"2","27","-2","2","72","28","1","0","1240","1371","1","0","67","33","1","1","0","0",,,"1","1522","2024-04-15 13:35:47"
"test",,"2","28","-2","2","85","44","0","1","919","1048","0","1","67","33","1","1","0","0",,,"1","1566","2024-04-15 13:35:50"
"test",,"2","29","-2","2","54","33","0","1","940","1043","0","1","67","33","1","1","0","0",,,"1","1599","2024-04-15 13:35:53"
"test",,"2","0","-2","2","92","45","1","0","1380","1698","1","0","67","33","1","1","0","0",,,"1","45","2024-04-15 13:42:38"
"test",,"2","1","-2","2","83","53","1","0","799","882","1","0","67","33","1","1","0","0",,,"1","98","2024-04-15 13:42:41"
"test",,"2","2","-2","2","60","45","0","1","859","922","0","1","67","33","1","1","0","0",,,"1","143","2024-04-15 13:42:44"
"test",,"2","3","-2","2","64","2","1","0","1060","1142","1","0","67","33","1","1","0","0",,,"1","145","2024-04-15 13:42:47"
"test",,"2","4","-2","1","83","8","1","1","919","1026","1","0","67","33","1","1","0","0",,,"1","228","2024-04-15 13:42:50"
"test",,"2","5","-2","1","64","14","0","0","879","1014","0","1","67","33","1","1","0","0",,,"1","292","2024-04-15 13:42:53"
"test",,"2","6","-2","1","64","12","1","1","1039","1162","1","0","67","33","1","1","0","0",,,"1","356","2024-04-15 13:42:56"
"test",,"2","7","-2","1","81","42","1","1","1139","1338","1","0","67","33","1","1","0","0",,,"1","437","2024-04-15 13:42:59"
"test",,"2","8","-2","1","39","82","1","1","999","1167","1","0","67","33","1","1","0","0",,,"1","476","2024-04-15 13:43:02"
"test",,"2","9","-2","1","97","26","0","0","980","1106","0","1","67","33","1","1","0","0",,,"1","573","2024-04-15 13:43:05"
"test",,"2","10","-2","1","79","47","0","0","2080","2215","0","1","67","33","1","1","0","0",,,"1","652","2024-04-15 13:43:09"
"test",,"2","11","-2","1","90","34","1","1","1180","1291","1","0","67","33","1","1","0","0",,,"1","742","2024-04-15 13:43:12"
"test",,"2","0","-2","2","99","63","0","1","1539","1882","0","1","67","33","1","1","0","0",,,"1","63","2024-04-15 13:50:02"
"test",,"0","0","-1","1","50","50","0","0","2320","2416","0","1","25","6","0.5","0.12","0","0",,,"0","0","2024-04-15 14:03:42"
"test",,"2","0","-2","1","50","31","0","0","1259","1447","0","1","50","50","1","1","0","0",,,"1","50","2024-04-15 14:03:55"
"test",,"3","0","0","1","5","5","1","1","1619","1766","1","0","55","7","0.88","0.18","0","0",,,"1","5","2024-04-15 14:15:25"
"test",,"3","1","1","2","5","5","0","1","699","1238","0","1","53","25","0.73","0.88","0","0",,,"1","10","2024-04-15 14:15:29"
"test",,"3","2","0","1","5","5","0","0","1459","1518","0","1","55","28","0.88","0.73","0","0",,,"1","15","2024-04-15 14:15:32"
"test",,"3","3","0","1","5","5","1","1","1599","1710","1","0","31","5","0.5","0.12","0","0",,,"1","20","2024-04-15 14:15:36"
"test",,"3","4","1","1","5","5","0","0","379","526","0","1","27","3","0.38","0.12","0","0",,,"0","20","2024-04-15 14:15:40"
"test",,"3","5","0","1","5","5","0","0","1039","1493","0","1","51","7","0.82","0.18","0","0",,,"1","25","2024-04-15 14:15:44"
"test",,"3","6","1","2","5","5","0","1","720","813","0","1","27","23","0.38","0.82","0","0",,,"1","30","2024-04-15 14:15:47"
"test",,"3","0","1","2","5","5","1","0","140","1368","1","0","9","17","0.12","0.62","0","0",,,"1","5","2024-04-15 14:16:32"
"test",,"3","1","0","2","5","5","1","0","1499","1711","1","0","17","28","0.27","0.73","0","0",,,"0","5","2024-04-15 14:16:36"
"test",,"3","0","0","2","5","5","0","1","1620","1730","0","1","31","31","0.5","0.82","0","0",,,"1","5","2024-04-15 14:17:01"
"test",,"3","1","1","1","5","5","0","0","1500","1658","0","1","36","11","0.5","0.38","0","0",,,"0","5","2024-04-15 14:17:05"
"test",,"3","2","0","0","5","5","0","1","0","0","0","0","7","28","0.12","0.73","0","0",,,"0","5","2024-04-15 14:17:06"
"test",,"3","3","1","0","5","5","0","1","860","0","0","1","53","3","0.73","0.12","0","0",,,"0","5","2024-04-15 14:17:09"
"test",,"3","0","0","1","5","5","1","1","1599","2060","1","1","45","10","0.73","0.27","0","0",,,"0","0","2024-04-15 14:17:23"
"test",,"3","1","0","1","5","5","1","1","959","1097","1","0","45","14","0.73","0.38","0","0",,,"1","5","2024-04-15 14:17:26"
"test",,"3","0","0","2","5","5","1","0","860","992","1","0","31","33","0.5","0.88","0","0",,,"1","5","2024-04-15 14:17:38"
"test",,"3","1","1","2","5","5","1","0","339","487","1","0","13","17","0.18","0.62","0","0",,,"1","10","2024-04-15 14:17:42"
"test",,"3","2","0","2","5","5","0","1","1039","1200","0","1","17","31","0.27","0.82","0","0",,,"1","15","2024-04-15 14:17:45"
"test",,"3","3","0","1","5","5","1","1","959","1151","1","0","38","5","0.62","0.12","0","0",,,"0","15","2024-04-15 14:17:48"
"test",,"3","4","1","2","5","5","1","0","340","939","1","1","36","5","0.5","0.18","0","0",,,"0","15","2024-04-15 14:17:52"
"test",,"3","5","1","2","5","5","1","0","679","1062","1","0","53","23","0.73","0.82","0","0",,,"1","20","2024-04-15 14:17:56"
"test",,"3","0","0","1","5","5","0","0","1300","1481","0","1","11","5","0.18","0.12","0","0",,,"0","0","2024-04-15 14:18:41"
"test",,"3","1","1","1","5","5","0","0","499","1042","1","1","13","8","0.18","0.27","0","0",,,"1","5","2024-04-15 14:18:44"
"test",,"3","2","0","1","5","5","1","1","1260","1787","1","1","17","7","0.27","0.18","0","0",,,"1","10","2024-04-15 14:18:47"
"test",,"3","3","0","1","5","5","1","1","1779","1898","1","0","45","14","0.73","0.38","0","0",,,"1","15","2024-04-15 14:18:51"
"test",,"3","4","0","1","5","5","1","1","1200","1298","1","0","55","14","0.88","0.38","0","0",,,"1","20","2024-04-15 14:18:54"
"test",,"3","5","0","2","5","5","1","0","1519","1646","1","0","7","24","0.12","0.62","0","0",,,"0","20","2024-04-15 14:18:57"
"test",,"3","6","1","1","5","5","1","1","1160","1302","1","0","9","11","0.12","0.38","0","0",,,"0","20","2024-04-15 14:19:01"
"test",,"3","7","0","1","5","5","0","0","1260","1341","0","1","11","33","0.18","0.88","0","0",,,"0","20","2024-04-15 14:19:04"
"test",,"3","8","0","2","5","5","0","1","1519","1801","0","1","31","31","0.5","0.82","0","0",,,"1","25","2024-04-15 14:19:08"
"test",,"3","9","1","2","5","5","1","0","1299","1672","1","0","19","11","0.27","0.38","0","0",,,"1","30","2024-04-15 14:19:11"
"test",,"3","10","1","1","5","5","1","1","1000","1168","1","0","19","23","0.27","0.82","0","0",,,"0","30","2024-04-15 14:19:15"
"test",,"3","0","1","1","5","5","1","1","1101","1238","1","0","36","3","0.5","0.12","0","0",,,"1","5","2024-04-15 14:19:32"
"test",,"3","1","1","1","5","5","0","0","1079","1172","0","1","63","17","0.88","0.62","0","0",,,"1","10","2024-04-15 14:19:35"
"test",,"3","2","0","2","5","5","1","0","1099","1185","1","0","31","33","0.5","0.88","0","0",,,"1","15","2024-04-15 14:19:38"
"test",,"3","3","1","1","5","5","1","1","779","1201","1","0","59","11","0.82","0.38","0","0",,,"1","20","2024-04-15 14:19:41"
"test",,"3","4","1","1","5","5","1","1","1279","1685","1","0","9","8","0.12","0.27","0","0",,,"0","20","2024-04-15 14:19:44"
"test",,"3","5","0","2","5","5","0","1","1139","1275","0","1","31","28","0.5","0.73","0","0",,,"1","25","2024-04-15 14:19:47"
"test",,"3","6","1","1","5","5","1","1","859","1039","1","0","27","25","0.38","0.88","0","0",,,"0","25","2024-04-15 14:19:51"
"test",,"3","0","0","1","5","5","0","0","1079","1462","1","1","7","14","0.12","0.38","0","0",,,"0","0","2024-04-15 14:31:15"
"test",,"3","1","0","2","5","5","1","0","1159","1260","1","0","31","28","0.5","0.73","0","0",,,"1","5","2024-04-15 14:31:18"
"test",,"3","2","0","1","5","5","1","1","1220","1403","1","0","38","10","0.62","0.27","0","0",,,"0","5","2024-04-15 14:31:21"
"test",,"3","3","0","2","5","5","0","1","1559","1675","0","1","38","31","0.62","0.82","0","0",,,"1","10","2024-04-15 14:31:25"
"test",,"3","4","0","1","5","5","1","1","1059","1235","1","0","31","24","0.5","0.62","0","0",,,"0","10","2024-04-15 14:31:28"
"test",,"3","5","0","1","5","5","1","1","940","1487","1","0","31","10","0.5","0.27","0","0",,,"0","10","2024-04-15 14:31:32"
"test",,"3","6","0","1","5","5","0","0","500","570","0","1","51","14","0.82","0.38","0","0",,,"1","15","2024-04-15 14:31:34"
"test",,"3","7","0","2","5","5","1","0","679","777","1","0","11","33","0.18","0.88","0","0",,,"0","15","2024-04-15 14:31:37"
"test",,"3","8","0","1","5","5","1","1","780","877","1","0","51","7","0.82","0.18","0","0",,,"1","20","2024-04-15 14:31:39"
"test",,"3","0","0","2","5","5","0","1","1140","1562","1","1","17","33","0.27","0.88","0","0",,,"1","5","2024-04-15 14:56:51"
"test",,"3","1","1","2","5","5","1","0","899","1354","1","0","9","20","0.12","0.73","0","0",,,"1","10","2024-04-15 14:56:54"
"test",,"3","2","1","1","5","5","0","0","680","822","0","1","36","5","0.5","0.18","0","0",,,"0","10","2024-04-15 14:56:57"
"test",,"3","3","1","1","5","5","0","0","660","809","0","1","27","3","0.38","0.12","0","0",,,"0","10","2024-04-15 14:57:00"
"test",,"3","4","1","2","5","5","0","1","499","612","0","1","27","14","0.38","0.5","0","0",,,"0","10","2024-04-15 14:57:03"
"test",,"3","5","0","1","5","5","0","0","560","655","0","1","55","10","0.88","0.27","0","0",,,"1","15","2024-04-15 14:57:05"
"test",,"3","0","1","2","5","5","0","1","1320","1440","0","1","9","14","0.12","0.5","0","0",,,"0","0","2024-04-15 14:58:12"
"test",,"3","1","0","2","5","5","0","1","1199","1269","0","1","45","31","0.73","0.82","0","0",,,"1","5","2024-04-15 14:58:15"
"test",,"3","2","0","1","5","5","1","1","519","680","1","0","45","7","0.73","0.18","0","0",,,"1","10","2024-04-15 14:58:17"
"test",,"3","3","0","1","5","5","0","0","960","1073","0","1","31","5","0.5","0.12","0","0",,,"1","15","2024-04-15 14:58:20"
"test",,"3","4","0","1","5","5","1","1","1299","1521","1","0","31","14","0.5","0.38","0","0",,,"0","15","2024-04-15 14:58:24"
"test",,"3","5","0","2","5","5","0","1","920","1001","0","1","24","31","0.38","0.82","0","0",,,"1","20","2024-04-15 14:58:27"
"test",,"3","6","1","2","5","5","1","0","1660","1764","1","0","53","25","0.73","0.88","0","0",,,"1","25","2024-04-15 14:58:31"
"test",,"3","7","0","2","5","5","1","0","1080","1164","1","0","31","31","0.5","0.82","0","0",,,"1","30","2024-04-15 14:58:34"
"test",,"3","8","1","1","5","5","1","1","2000","2512","2","1","13","8","0.18","0.27","0","0",,,"1","35","2024-04-15 14:58:38"
"test",,"3","9","1","1","5","5","1","1","1059","1188","1","0","59","25","0.82","0.88","0","0",,,"0","35","2024-04-15 14:58:41"
"test",,"3","10","1","1","5","5","0","0","599","695","0","1","53","8","0.73","0.27","0","0",,,"1","40","2024-04-15 14:58:44"
"test",,"3","11","0","2","5","5","1","0","1439","1520","1","0","38","28","0.62","0.73","0","0",,,"0","40","2024-04-15 14:58:47"
"test",,"3","0","1","1","5","5","0","0","1100","1440","0","1","45","8","0.62","0.27","0","0",,,"1","5","2024-04-15 15:48:07"
"test",,"3","1","1","1","5","5","0","0","1179","1347","0","1","59","8","0.82","0.27","0","0",,,"1","10","2024-04-15 15:48:10"
"test",,"3","2","0","1","5","5","1","1","1480","1975","1","1","11","5","0.18","0.12","0","0",,,"0","10","2024-04-15 15:48:14"
"test",,"3","3","0","2","5","5","0","1","1159","1222","0","1","17","14","0.27","0.38","0","0",,,"1","15","2024-04-15 15:48:17"
"test",,"3","0","0","2","56","41","0","1","560","658","0","1","24","31","0.38","0.82","0","0",,,"1","41","2024-04-15 15:50:34"
"test",,"3","1","1","1","93","24","0","0","1059","1285","0","1","27","5","0.38","0.18","0","0",,,"1","134","2024-04-15 15:50:37"
"test",,"3","2","0","1","29","46","1","1","1420","1505","1","0","55","14","0.88","0.38","0","0",,,"1","163","2024-04-15 15:50:40"
"test",,"3","3","1","2","46","34","0","1","1159","1273","0","1","19","11","0.27","0.38","0","0",,,"0","163","2024-04-15 15:50:44"
"test",,"3","4","0","1","80","56","0","0","660","803","0","1","38","5","0.62","0.12","0","0",,,"1","243","2024-04-15 15:50:46"
"test",,"3","5","1","1","79","65","0","0","1459","1547","0","1","45","5","0.62","0.18","0","0",,,"1","322","2024-04-15 15:50:50"
"test",,"3","6","0","1","87","39","0","0","859","1003","0","1","55","7","0.88","0.18","0","0",,,"0","322","2024-04-15 15:50:53"
"test",,"3","7","0","1","60","47","0","0","699","855","0","1","45","19","0.73","0.5","0","0",,,"1","382","2024-04-15 15:50:55"
"test",,"3","8","0","1","48","71","0","0","939","1170","0","1","31","5","0.5","0.12","0","0",,,"1","430","2024-04-15 15:50:58"
"test",,"3","9","1","2","19","0","1","0","960","1150","1","0","45","8","0.62","0.27","0","0",,,"0","430","2024-04-15 15:51:02"
"test",,"3","10","0","2","46","22","1","0","759","1746","2","2","7","24","0.12","0.62","0","0",,,"0","430","2024-04-15 15:51:05"
"test",,"3","11","1","2","55","46","1","0","940","1129","1","0","19","25","0.27","0.88","0","0",,,"1","476","2024-04-15 15:51:08"
"test",,"3","12","0","2","55","28","1","0","799","989","1","0","24","28","0.38","0.73","0","0",,,"1","504","2024-04-15 15:51:12"
"test",,"3","13","0","2","55","28","0","1","1260","1833","0","1","51","28","0.82","0.73","0","0",,,"0","504","2024-04-15 15:51:15"
"test",,"3","14","1","1","64","25","1","1","879","1429","1","0","63","20","0.88","0.73","0","0",,,"1","568","2024-04-15 15:51:19"
"test",,"3","15","0","1","46","58","1","1","15654","15740","1","0","45","7","0.73","0.18","0","0",,,"1","614","2024-04-15 15:51:37"
"test",,"3","16","1","1","91","39","1","1","679","1246","1","0","63","23","0.88","0.82","0","0",,,"1","705","2024-04-15 15:51:40"
"test",,"3","17","0","1","77","50","1","1","1459","1626","1","0","31","7","0.5","0.18","0","0",,,"0","705","2024-04-15 15:51:44"
"test",,"3","18","1","2","49","37","1","0","880","1057","1","0","19","14","0.27","0.5","0","0",,,"0","705","2024-04-15 15:51:47"
"test",,"3","19","0","2","60","58","1","0","680","812","1","0","17","31","0.27","0.82","0","0",,,"1","763","2024-04-15 15:51:49"
"test",,"3","20","1","2","95","39","1","0","960","1156","1","0","13","20","0.18","0.73","0","0",,,"0","763","2024-04-15 15:51:53"
"test",,"3","21","1","2","98","44","0","1","640","799","0","1","27","17","0.38","0.62","0","0",,,"0","763","2024-04-15 15:51:55"
"test",,"3","22","1","1","96","4","0","0","922","1070","0","1","27","8","0.38","0.27","0","0",,,"0","763","2024-04-15 15:51:59"
"test",,"3","23","0","2","56","48","0","1","700","857","0","1","17","24","0.27","0.62","0","0",,,"1","811","2024-04-15 15:52:01"
"test",,"3","24","1","1","87","67","1","1","700","937","1","0","27","3","0.38","0.12","0","0",,,"0","811","2024-04-15 15:52:04"
"test",,"3","25","0","1","47","14","1","1","719","880","1","0","45","10","0.73","0.27","0","0",,,"1","858","2024-04-15 15:52:07"
"test",,"3","26","1","2","37","45","0","1","1219","1388","0","1","13","25","0.18","0.88","0","0",,,"1","903","2024-04-15 15:52:10"
"test",,"3","0","0","1","44","42","1","1","759","968","1","0","45","14","0.73","0.38","0","0",,,"1","44","2024-04-15 16:11:33"
"test",,"3","1","1","1","88","48","0","0","1000","1240","0","1","63","11","0.88","0.38","0","0",,,"1","132","2024-04-15 16:11:36"
"test",,"3","2","1","1","91","46","1","1","720","860","1","0","53","3","0.73","0.12","0","0",,,"1","223","2024-04-15 16:11:39"
"test",,"3","3","0","1","91","26","0","0","539","1292","0","1","55","7","0.88","0.18","0","0",,,"1","314","2024-04-15 16:11:42"
"test",,"3","4","1","2","51","29","0","1","1899","1976","0","1","27","8","0.38","0.27","0","0",,,"0","314","2024-04-15 16:11:46"
"test",,"3","5","0","2","80","39","1","0","1759","1850","1","0","7","28","0.12","0.73","0","0",,,"1","353","2024-04-15 16:11:49"
"test",,"3","6","1","1","64","49","0","0","1639","1766","0","1","13","11","0.18","0.38","0","0",,,"0","353","2024-04-15 16:11:53"
"test",,"3","7","1","2","47","31","1","0","560","2246","1","0","13","25","0.18","0.88","0","0",,,"1","384","2024-04-15 16:11:57"
"test",,"3","8","1","1","65","52","0","0","1819","2258","0","1","19","11","0.27","0.38","0","0",,,"1","449","2024-04-15 16:12:01"
"test",,"3","9","1","1","55","56","1","1","1180","1654","1","0","59","3","0.82","0.12","0","0",,,"0","449","2024-04-15 16:12:05"
"test",,"3","10","0","1","80","17","1","1","1059","1197","1","0","31","5","0.5","0.12","0","0",,,"0","449","2024-04-15 16:12:08"
"test",,"3","11","0","2","71","49","0","1","979","1128","0","1","7","33","0.12","0.88","0","0",,,"0","449","2024-04-15 16:12:11"
"test",,"3","12","0","1","70","50","1","1","600","760","1","0","31","7","0.5","0.18","0","0",,,"1","519","2024-04-15 16:12:14"
"test",,"3","13","0","2","68","14","1","0","940","1076","1","0","31","31","0.5","0.82","0","0",,,"1","533","2024-04-15 16:12:17"
"test",,"3","14","0","1","22","23","0","0","1359","1444","0","1","31","14","0.5","0.38","0","0",,,"1","555","2024-04-15 16:12:20"
"test",,"3","15","1","1","69","22","0","0","899","1023","0","1","53","17","0.73","0.62","0","0",,,"1","624","2024-04-15 16:12:23"
"test",,"3","16","1","2","92","25","0","1","819","955","0","1","13","20","0.18","0.73","0","0",,,"0","624","2024-04-15 16:12:26"
"test",,"3","17","0","2","54","33","0","1","1139","1335","0","1","11","10","0.18","0.27","0","0",,,"0","624","2024-04-15 16:12:29"
"test",,"3","18","0","2","45","54","0","1","719","918","0","1","11","24","0.18","0.62","0","0",,,"1","678","2024-04-15 16:12:33"
"test",,"3","19","1","1","66","0","0","0","2199","2306","0","1","19","5","0.27","0.18","0","0",,,"1","744","2024-04-15 16:12:37"
"test",,"3","20","1","2","83","24","0","1","759","910","0","1","45","25","0.62","0.88","0","0",,,"1","768","2024-04-15 16:12:40"
"test",,"3","21","0","2","70","67","1","0","1140","1210","1","0","24","31","0.38","0.82","0","0",,,"1","835","2024-04-15 16:12:43"
"test",,"3","22","0","1","69","46","0","0","2439","2494","0","1","24","5","0.38","0.12","0","0",,,"0","835","2024-04-15 16:12:47"
"test",,"3","23","0","1","79","42","0","0","1280","1389","0","1","51","10","0.82","0.27","0","0",,,"0","835","2024-04-15 16:12:50"
"test",,"3","24","1","1","66","20","0","0","1359","1477","0","1","45","11","0.62","0.38","0","0",,,"0","835","2024-04-15 16:12:54"
"test",,"3","25","0","2","70","18","0","1","879","1027","0","1","17","28","0.27","0.73","0","0",,,"0","835","2024-04-15 16:12:57"
"test",,"3","26","1","2","73","39","1","0","999","1191","1","0","13","14","0.18","0.5","0","0",,,"1","874","2024-04-15 16:13:00"
"test",,"3","27","1","2","71","46","0","1","1140","1351","0","1","36","25","0.5","0.88","0","0",,,"1","920","2024-04-15 16:13:03"
"test",,"3","28","1","2","93","54","0","1","1000","1114","0","1","19","25","0.27","0.88","0","0",,,"0","920","2024-04-15 16:13:06"
"test",,"3","29","0","2","48","65","1","0","1179","1254","1","0","7","10","0.12","0.27","0","0",,,"1","985","2024-04-15 16:13:09"
"test",,"3","30","1","1","41","54","1","1","1500","1610","1","0","53","8","0.73","0.27","0","0",,,"1","1026","2024-04-15 16:13:13"
"test",,"3","31","0","2","65","36","0","1","1500","1585","0","1","38","28","0.62","0.73","0","0",,,"1","1062","2024-04-15 16:13:16"
"test",,"3","32","0","1","56","56","1","1","1079","1478","1","0","38","10","0.62","0.27","0","0",,,"1","1118","2024-04-15 16:13:19"
"test",,"3","33","1","1","69","6","0","0","720","819","0","1","63","14","0.88","0.5","0","0",,,"0","1118","2024-04-15 16:13:23"
"test",,"3","34","0","2","58","46","1","0","740","861","1","0","17","19","0.27","0.5","0","0",,,"0","1118","2024-04-15 16:13:25"
"test",,"3","35","0","1","70","52","1","1","760","868","1","0","51","19","0.82","0.5","0","0",,,"1","1188","2024-04-15 16:13:28"
"test",,"3","0","0","2","47","30","0","1","1361","1487","0","1","31","24","0.5","0.62","0","0",,,"0","0","2024-04-16 09:47:49"
"test",,"3","1","0","2","45","37","1","0","900","1143","1","0","7","7","0.12","0.18","0","0",,,"0","0","2024-04-16 09:47:52"
"test",,"3","2","0","1","26","54","1","1","539","662","1","0","55","24","0.88","0.62","0","0",,,"1","26","2024-04-16 09:47:55"
"test",,"3","3","1","2","57","24","1","0","799","966","1","0","13","20","0.18","0.73","0","0",,,"1","50","2024-04-16 09:47:58"
"test",,"3","4","0","1","48","3","1","1","1059","1242","1","0","24","7","0.38","0.18","0","0",,,"1","98","2024-04-16 09:48:01"
"test",,"3","5","0","1","69","36","1","1","879","1029","1","0","51","7","0.82","0.18","0","0",,,"1","167","2024-04-16 09:48:04"
"test",,"3","6","1","1","87","17","0","0","1180","1294","0","1","36","3","0.5","0.12","0","0",,,"1","254","2024-04-16 09:48:07"
"test",,"3","7","0","2","34","52","1","0","1280","1434","1","0","7","14","0.12","0.38","0","0",,,"0","254","2024-04-16 09:48:10"
"test",,"3","8","1","2","76","47","0","1","900","993","0","1","27","17","0.38","0.62","0","0",,,"1","301","2024-04-16 09:48:13"
"test",,"3","9","0","1","33","53","1","1","560","697","1","0","38","19","0.62","0.5","0","0",,,"1","334","2024-04-16 09:48:16"
"test",,"3","10","0","2","25","20","0","1","1139","1313","0","1","24","33","0.38","0.88","0","0",,,"1","354","2024-04-16 09:48:19"
"test",,"3","11","0","2","75","23","1","0","1439","2181","2","1","31","33","0.5","0.88","0","0",,,"1","377","2024-04-16 09:48:23"
"test",,"3","12","0","2","71","37","1","0","1580","1669","1","0","38","33","0.62","0.88","0","0",,,"1","414","2024-04-16 09:48:26"
"test",,"3","13","0","2","35","55","0","1","1239","1397","0","1","7","19","0.12","0.5","0","0",,,"1","469","2024-04-16 09:48:29"
"test",,"3","14","0","2","57","23","0","1","1220","1353","0","1","11","24","0.18","0.62","0","0",,,"1","492","2024-04-16 09:48:32"
"test",,"3","15","1","1","67","36","0","0","1020","1181","0","1","53","8","0.73","0.27","0","0",,,"1","559","2024-04-16 09:48:35"
"test",,"3","16","1","1","60","21","0","0","1599","1777","0","1","63","8","0.88","0.27","0","0",,,"1","619","2024-04-16 09:48:39"
"test",,"3","17","1","2","71","19","1","0","1159","1413","1","0","13","23","0.18","0.82","0","0",,,"1","638","2024-04-16 09:48:42"
"test",,"3","18","1","2","83","35","1","0","1239","1405","1","0","9","8","0.12","0.27","0","0",,,"1","673","2024-04-16 09:48:46"
"test",,"0","0","-1","2","50","50","1","0","1220","1532","1","0","6","14","0.12","0.27","0","0",,,"0","0","2024-04-16 10:17:18"
"test",,"0","0","-1","1","50","50","0","0","860","1082","0","1","44","9","0.88","0.18","0","0",,,"1","50","2024-04-16 10:20:58"
"test",,"0","1","-1","2","50","50","0","1","4244532","4244623","0","1","14","19","0.27","0.38","0","0",,,"0","50","2024-04-16 11:31:44"
"test",,"0","2","-1","2","50","50","1","0","499","577","1","0","14","31","0.27","0.62","0","0",,,"0","50","2024-04-16 11:31:47"
"test",,"0","3","-1","1","50","50","0","0","520","617","0","1","41","31","0.82","0.62","0","0",,,"0","50","2024-04-16 11:31:49"
"test",,"0","4","-1","2","50","50","0","1","520","568","0","1","6","37","0.12","0.73","0","0",,,"1","100","2024-04-16 11:31:52"
"test",,"0","5","-1","1","50","50","0","0","380","484","0","1","44","19","0.88","0.38","0","0",,,"1","150","2024-04-16 11:31:54"
"test",,"0","6","-1","2","50","50","1","0","460","564","1","0","19","41","0.38","0.82","0","0",,,"1","200","2024-04-16 11:31:57"
"test",,"2","0","-2","2","68","70","1","0","1739","2172","1","1","50","50","1","1","0","0",,,"1","70","2024-04-16 11:35:39"
"test",,"2","1","-2","2","44","24","0","1","1239","1324","0","1","50","50","1","1","0","0",,,"1","94","2024-04-16 11:35:42"
"test",,"2","2","-2","0","84","48","0","0","2879","0","1","1","50","50","1","1","0","0",,,"0","94","2024-04-16 11:35:46"
"test",,"2","3","-2","1","55","57","1","1","1200","1744","1","1","50","50","1","1","0","0",,,"1","149","2024-04-16 11:35:50"
"test",,"2","4","-2","2","21","60","1","0","2380","2440","1","0","50","50","1","1","0","0",,,"1","209","2024-04-16 11:35:54"
"test",,"2","5","-2","0","39","26","0","1","0","0","0","0","50","50","1","1","0","0",,,"0","209","2024-04-16 11:35:58"
"test",,"2","6","-2","1","35","35","1","1","1799","1996","1","0","50","50","1","1","0","0",,,"1","244","2024-04-16 11:36:02"
"test",,"2","0","-2","2","82","60","0","1","2200","2286","0","1","67","33","1","1","0","0",,,"1","60","2024-04-16 15:13:17"
"test",,"2","1","-2","2","53","5","1","0","1839","2113","1","0","67","33","1","1","0","0",,,"1","65","2024-04-16 15:13:21"
"test",,"2","2","-2","2","50","43","0","1","1519","1605","0","1","67","33","1","1","0","0",,,"1","108","2024-04-16 15:13:25"
"test",,"2","3","-2","2","39","35","1","0","1459","1526","1","0","67","33","1","1","0","0",,,"1","143","2024-04-16 15:13:28"
"test",,"2","4","-2","2","97","45","0","1","1280","1413","0","1","67","33","1","1","0","0",,,"1","188","2024-04-16 15:13:31"
"test",,"2","5","-2","2","58","43","0","1","2159","2285","0","1","67","33","1","1","0","0",,,"1","231","2024-04-16 15:13:35"
"test",,"2","6","-2","2","95","22","1","0","799","1129","1","0","67","33","1","1","0","0",,,"1","253","2024-04-16 15:13:38"
"test",,"3","0","0","2","71","20","0","1","1120","1285","0","1","11","28","0.18","0.73","0","0",,,"1","20","2024-04-16 15:13:55"
"test",,"3","1","1","2","74","24","0","1","1860","1941","0","1","9","17","0.12","0.62","0","0",,,"1","44","2024-04-16 15:13:59"
"test",,"3","0","0","0","74","15","0","1","0","0","0","0","51","7","0.82","0.18","62","38",,,"0","0","2024-04-16 15:22:13"
"test",,"3","1","0","1","51","29","0","0","1180","1420","0","1","31","10","0.5","0.27","62","38",,,"0","0","2024-04-16 15:22:16"
"test",,"3","2","0","0","67","38","0","1","2739","0","1","0","51","19","0.82","0.5","62","38",,,"0","0","2024-04-16 15:22:20"
"test",,"3","0","0","0","84","39","0","1","0","0","0","0","24","33","0.38","0.88","62","38",,,"0","0","2024-04-16 15:23:18"
"test",,"0","0","-1","0","50","50","0","0","0","0","0","0","25","41","0.5","0.82","50","50",,,"0","0","2024-04-16 15:23:52"
"test",,"0","1","-1","0","50","50","0","0","0","0","0","0","37","19","0.73","0.38","50","50",,,"0","0","2024-04-16 15:23:57"
"test",,"0","2","-1","1","50","50","1","1","27","527","1","0","44","41","0.88","0.82","50","50",,,"1","50","2024-04-16 15:23:59"
"test",,"0","3","-1","2","50","50","1","0","36","536","1","0","44","37","0.88","0.73","50","50",,,"0","50","2024-04-16 15:24:02"
"test",,"0","4","-1","1","50","50","1","1","27","528","1","0","9","6","0.18","0.12","50","50",,,"0","50","2024-04-16 15:24:04"
"test",,"0","5","-1","1","50","50","1","1","20","521","1","0","14","9","0.27","0.18","50","50",,,"0","50","2024-04-16 15:24:07"
"test",,"0","0","-1","0","50","50","0","1","0","0","0","0","31","44","0.62","0.88","50","50",,,"0","0","2024-04-16 15:24:43"
"test",,"0","1","-1","0","50","50","0","1","0","0","0","0","44","41","0.88","0.82","50","50",,,"0","0","2024-04-16 15:24:48"
"test",,"0","2","-1","2","50","50","1","0","831","1330","1","0","6","19","0.12","0.38","50","50",,,"1","50","2024-04-16 15:24:51"
"test",,"0","3","-1","2","50","50","1","0","823","1323","1","0","25","14","0.5","0.27","50","50",,,"1","100","2024-04-16 15:24:54"
"test",,"0","4","-1","1","50","50","1","1","821","1321","1","0","19","25","0.38","0.5","50","50",,,"0","100","2024-04-16 15:24:57"
"test",,"0","5","-1","1","50","50","1","1","833","1333","1","0","41","31","0.82","0.62","50","50",,,"0","100","2024-04-16 15:25:00"
"test",,"0","6","-1","1","50","50","1","1","823","1323","1","0","19","44","0.38","0.88","50","50",,,"0","100","2024-04-16 15:25:03"
"test",,"0","7","-1","1","50","50","1","1","834","1334","1","0","25","9","0.5","0.18","50","50",,,"0","100","2024-04-16 15:25:06"
"test",,"0","8","-1","1","50","50","1","1","824","1325","1","0","9","19","0.18","0.38","50","50",,,"1","150","2024-04-16 15:25:10"
"test",,"0","9","-1","1","50","50","1","1","821","1321","1","0","41","9","0.82","0.18","50","50",,,"0","150","2024-04-16 15:25:13"
"test",,"0","10","-1","1","50","50","1","1","833","1333","1","0","14","6","0.27","0.12","50","50",,,"0","150","2024-04-16 15:25:16"
"test",,"0","11","-1","2","50","50","1","0","823","1323","1","0","19","9","0.38","0.18","50","50",,,"0","150","2024-04-16 15:25:19"
"test",,"0","12","-1","1","50","50","1","1","833","1333","1","0","37","41","0.73","0.82","50","50",,,"1","200","2024-04-16 15:25:22"
"test",,"0","13","-1","2","50","50","1","0","825","1325","1","0","9","6","0.18","0.12","50","50",,,"0","200","2024-04-16 15:25:25"
"test",,"0","14","-1","2","50","50","1","0","836","1337","1","0","44","14","0.88","0.27","50","50",,,"0","200","2024-04-16 15:25:28"
"test",,"0","15","-1","1","50","50","1","1","827","1327","1","0","44","25","0.88","0.5","50","50",,,"1","250","2024-04-16 15:25:31"
"test",,"0","16","-1","1","50","50","1","1","823","1323","1","0","19","6","0.38","0.12","50","50",,,"1","300","2024-04-16 15:25:34"
"test",,"0","17","-1","2","50","50","1","0","822","1322","1","0","9","41","0.18","0.82","50","50",,,"1","350","2024-04-16 15:25:38"
"test",,"0","18","-1","2","50","50","1","0","821","1321","1","0","31","14","0.62","0.27","50","50",,,"0","350","2024-04-16 15:25:41"
"test",,"0","19","-1","1","50","50","1","1","834","1334","1","0","14","31","0.27","0.62","50","50",,,"0","350","2024-04-16 15:25:44"
"test",,"0","20","-1","2","50","50","1","0","828","1329","1","0","37","25","0.73","0.5","50","50",,,"1","400","2024-04-16 15:25:47"
"test",,"0","21","-1","1","50","50","1","1","836","1336","1","0","14","19","0.27","0.38","50","50",,,"0","400","2024-04-16 15:25:50"
"test",,"0","22","-1","2","50","50","1","0","825","1325","1","0","14","44","0.27","0.88","50","50",,,"1","450","2024-04-16 15:25:53"
"test",,"0","23","-1","2","50","50","1","0","821","1324","1","0","9","44","0.18","0.88","50","50",,,"1","500","2024-04-16 15:25:56"
"test",,"0","0","-1","0","50","50","0","0","0","0","0","0","14","19","0.27","0.38","50","50",,,"0","0","2024-04-16 15:34:01"
"test",,"0","0","-1","1","50","50","1","1","534","1034","1","0","44","9","0.88","0.18","50","50",,,"1","50","2024-04-16 15:34:49"
"test",,"0","1","-1","1","50","50","1","1","537","1038","1","0","14","19","0.27","0.38","50","50",,,"1","100","2024-04-16 15:34:52"
"test",,"0","2","-1","2","50","50","1","0","529","1029","1","0","19","25","0.38","0.5","50","50",,,"0","100","2024-04-16 15:34:55"
"test",,"0","3","-1","1","50","50","1","1","526","1026","1","0","37","41","0.73","0.82","50","50",,,"1","150","2024-04-16 15:34:58"
"test",,"0","4","-1","1","50","50","1","1","521","1022","1","0","9","19","0.18","0.38","50","50",,,"0","150","2024-04-16 15:35:00"
"test",,"0","5","-1","1","50","50","1","1","540","1040","1","0","41","37","0.82","0.73","50","50",,,"1","200","2024-04-16 15:35:03"
"test",,"0","6","-1","1","50","50","1","1","533","1033","1","0","44","19","0.88","0.38","50","50",,,"1","250","2024-04-16 15:35:06"
"test",,"0","7","-1","2","50","50","1","0","530","1030","1","0","25","14","0.5","0.27","50","50",,,"0","250","2024-04-16 15:35:09"
"test",,"0","8","-1","2","50","50","1","0","527","1027","1","0","31","19","0.62","0.38","50","50",,,"0","250","2024-04-16 15:35:12"
"test",,"0","9","-1","1","50","50","1","1","540","1040","1","0","41","9","0.82","0.18","50","50",,,"0","250","2024-04-16 15:35:15"
"test",,"0","10","-1","1","50","50","1","1","539","1039","1","0","37","25","0.73","0.5","50","50",,,"1","300","2024-04-16 15:35:18"
"test",,"0","11","-1","1","50","50","1","1","532","1032","1","0","44","31","0.88","0.62","50","50",,,"1","350","2024-04-16 15:35:20"
"test",,"0","12","-1","2","50","50","1","0","522","1022","1","0","14","44","0.27","0.88","50","50",,,"1","400","2024-04-16 15:35:23"
"test",,"2","0","-2","1","49","8","1","1","618","1117","1","0","67","33","1","1","67","33",,,"1","49","2024-04-16 15:36:34"
"test",,"2","1","-2","1","75","16","1","1","605","1105","1","0","67","33","1","1","67","33",,,"1","124","2024-04-16 15:36:37"
"test",,"2","2","-2","2","88","47","1","0","618","1119","1","0","67","33","1","1","67","33",,,"1","171","2024-04-16 15:36:40"
"test",,"2","3","-2","2","63","26","1","0","613","1113","1","0","67","33","1","1","67","33",,,"1","197","2024-04-16 15:36:43"
"test",,"2","4","-2","1","63","23","1","1","609","1109","1","0","67","33","1","1","67","33",,,"1","260","2024-04-16 15:36:46"
"test",,"3","0","1","1","70","17","1","1","535","1035","1","0","9","5","0.12","0.18","72","28",,,"0","0","2024-04-16 15:38:32"
"test",,"3","1","1","2","92","47","1","0","522","1023","1","0","13","25","0.18","0.88","72","28",,,"1","47","2024-04-16 15:38:35"
"test",,"0","0","-1","1","50","50","1","1","531","1030","1","0","25","14","0.5","0.27","50","50",,,"0","0","2024-04-16 15:38:52"
"test",,"0","1","-1","2","50","50","1","0","534","1034","1","0","44","37","0.88","0.73","50","50",,,"1","50","2024-04-16 15:38:55"
"test",,"0","2","-1","2","50","50","1","0","526","1026","1","0","41","14","0.82","0.27","50","50",,,"0","50","2024-04-16 15:38:58"
"test",,"0","0","-1","2","50","50","1","0","537","1037","1","0","44","6","0.88","0.12","50","50",,,"0","0","2024-04-16 16:00:53"
"test",,"0","1","-1","2","50","50","1","0","527","1027","1","0","44","31","0.88","0.62","50","50",,,"0","0","2024-04-16 16:00:56"
"test",,"0","2","-1","1","50","50","1","1","519","1020","1","0","37","19","0.73","0.38","50","50",,,"1","50","2024-04-16 16:00:59"
"test",,"0","3","-1","1","50","50","1","1","529","1029","1","0","25","14","0.5","0.27","50","50",,,"1","100","2024-04-16 16:01:01"
"test","default","1","0","-2","2","80","33","1","0","610","1111","1","0","67","33","1","1","67","33",,,"1","33","2024-04-17 12:04:00"
"test","default","1","0","-2","2","70","40","1","0","615","1118","1","0","67","33","1","1","67","33",,,"1","40","2024-04-17 12:04:35"
"test","FullPilot","1","0","-2","1","75","41","1","1","605","1111","1","0","67","33","1","1","67","33",,,"1","75","2024-04-17 12:05:36"
"test","FullPilot","2","0","0","1","72","6","1","1","602","1102","1","0","24","31","0.38","0.82","62","38","FFEnemyShipNocolors1","FFEnemyShipNocolors3","0","0","2024-04-17 12:26:20"
"test","FullPilot","2","1","0","2","71","52","1","0","601","1112","1","0","45","7","0.73","0.18","62","38","FFEnemyShipNocolors1","FFEnemyShipNocolors3","1","52","2024-04-17 12:26:23"
"test","FullPilot","2","2","1","2","54","68","1","0","520","1020","1","0","27","14","0.38","0.5","72","28","FFEnemyShipNoColors12","FFEnemyShipNocolors8","0","52","2024-04-17 12:26:27"
"test","FullPilot","0","0","-1","1","50","50","1","1","533","1050","1","0","9","37","0.18","0.73","50","50","FFEnemyNeutral","FFEnemyNeutral","1","50","2024-04-17 16:02:40"
"test","FullPilot","0","1","-1","2","50","50","1","0","533","1033","1","0","9","31","0.18","0.62","50","50","FFEnemyNeutral","FFEnemyNeutral","0","50","2024-04-17 16:02:43"
"test","FullPilot","0","2","-1","2","50","50","1","0","533","1033","1","0","41","19","0.82","0.38","50","50","FFEnemyNeutral","FFEnemyNeutral","0","50","2024-04-17 16:02:46"
"test","FullPilot","0","3","-1","2","50","50","1","0","550","1050","1","0","19","37","0.38","0.73","50","50","FFEnemyNeutral","FFEnemyNeutral","1","100","2024-04-17 16:02:49"
"test","FullPilot","0","4","-1","1","50","50","1","1","549","1049","1","0","44","9","0.88","0.18","50","50","FFEnemyNeutral","FFEnemyNeutral","0","100","2024-04-17 16:02:52"
"test","FullPilot","0","5","-1","1","50","50","1","1","533","1049","1","0","31","14","0.62","0.27","50","50","FFEnemyNeutral","FFEnemyNeutral","0","100","2024-04-17 16:02:55"
"test","FullPilot","0","6","-1","2","50","50","1","0","550","1050","1","0","19","14","0.38","0.27","50","50","FFEnemyNeutral","FFEnemyNeutral","1","150","2024-04-17 16:02:58"
"test","FullPilot","0","7","-1","2","50","50","1","0","533","1033","1","0","25","6","0.5","0.12","50","50","FFEnemyNeutral","FFEnemyNeutral","0","150","2024-04-17 16:03:01"
"test","FullPilot","0","8","-1","1","50","50","1","1","550","1066","1","0","9","6","0.18","0.12","50","50","FFEnemyNeutral","FFEnemyNeutral","0","150","2024-04-17 16:03:04"
"test","FullPilot","0","9","-1","1","50","50","1","1","533","1033","1","0","19","9","0.38","0.18","50","50","FFEnemyNeutral","FFEnemyNeutral","1","200","2024-04-17 16:03:06"
"test","FullPilot","0","10","-1","2","50","50","1","0","533","1033","1","0","14","6","0.27","0.12","50","50","FFEnemyNeutral","FFEnemyNeutral","0","200","2024-04-17 16:03:09"
"test","FullPilot","0","11","-1","2","50","50","1","0","517","1033","1","0","31","44","0.62","0.88","50","50","FFEnemyNeutral","FFEnemyNeutral","0","200","2024-04-17 16:03:12"
"test","FullPilot","0","12","-1","1","50","50","1","1","533","1033","1","0","41","14","0.82","0.27","50","50","FFEnemyNeutral","FFEnemyNeutral","0","200","2024-04-17 16:03:15"
"test","FullPilot","0","13","-1","2","50","50","1","0","533","1033","1","0","37","9","0.73","0.18","50","50","FFEnemyNeutral","FFEnemyNeutral","0","200","2024-04-17 16:03:18"
"test","FullPilot","0","14","-1","2","50","50","1","0","550","1050","1","0","14","19","0.27","0.38","50","50","FFEnemyNeutral","FFEnemyNeutral","1","250","2024-04-17 16:03:21"
"test","FullPilot","0","15","-1","2","50","50","1","0","550","1050","1","0","31","37","0.62","0.73","50","50","FFEnemyNeutral","FFEnemyNeutral","1","300","2024-04-17 16:03:24"
"test","FullPilot","0","16","-1","2","50","50","1","0","550","1066","1","0","19","6","0.38","0.12","50","50","FFEnemyNeutral","FFEnemyNeutral","1","350","2024-04-17 16:03:27"
"test","FullPilot","0","17","-1","2","50","50","1","0","533","1050","1","0","9","41","0.18","0.82","50","50","FFEnemyNeutral","FFEnemyNeutral","1","400","2024-04-17 16:03:30"
"test","FullPilot","0","18","-1","1","50","50","1","1","533","1049","1","0","19","25","0.38","0.5","50","50","FFEnemyNeutral","FFEnemyNeutral","1","450","2024-04-17 16:03:33"
"test","FullPilot","0","19","-1","2","50","50","1","0","550","1050","1","0","6","14","0.12","0.27","50","50","FFEnemyNeutral","FFEnemyNeutral","0","450","2024-04-17 16:03:35"
"test","FullPilot","0","20","-1","2","50","50","1","0","533","1033","1","0","14","9","0.27","0.18","50","50","FFEnemyNeutral","FFEnemyNeutral","0","450","2024-04-17 16:03:38"
"test","FullPilot","0","21","-1","2","50","50","1","0","550","1050","1","0","6","31","0.12","0.62","50","50","FFEnemyNeutral","FFEnemyNeutral","1","500","2024-04-17 16:03:41"
"test","FullPilot","0","22","-1","1","50","50","1","1","533","1033","1","0","44","25","0.88","0.5","50","50","FFEnemyNeutral","FFEnemyNeutral","1","550","2024-04-17 16:03:44"
"test","FullPilot","0","23","-1","2","50","50","1","0","549","1049","1","0","6","44","0.12","0.88","50","50","FFEnemyNeutral","FFEnemyNeutral","1","600","2024-04-17 16:03:47"
"test","FullPilot","0","24","-1","2","50","50","1","0","533","1033","1","0","31","9","0.62","0.18","50","50","FFEnemyNeutral","FFEnemyNeutral","0","600","2024-04-17 16:03:50"
"test","FullPilot","0","25","-1","1","50","50","1","1","533","1033","1","0","25","14","0.5","0.27","50","50","FFEnemyNeutral","FFEnemyNeutral","0","600","2024-04-17 16:03:53"
"test","FullPilot","0","26","-1","2","50","50","1","0","549","1049","1","0","25","19","0.5","0.38","50","50","FFEnemyNeutral","FFEnemyNeutral","0","600","2024-04-17 16:03:56"
"test","FullPilot","0","27","-1","2","50","50","1","0","550","1066","1","0","41","44","0.82","0.88","50","50","FFEnemyNeutral","FFEnemyNeutral","1","650","2024-04-17 16:03:59"
"test","FullPilot","0","28","-1","1","50","50","1","1","533","1049","1","0","6","41","0.12","0.82","50","50","FFEnemyNeutral","FFEnemyNeutral","0","650","2024-04-17 16:04:02"
"test","FullPilot","0","29","-1","2","50","50","1","0","533","1033","1","0","19","31","0.38","0.62","50","50","FFEnemyNeutral","FFEnemyNeutral","1","700","2024-04-17 16:04:04"
"test","FullPilot","0","30","-1","2","50","50","1","0","533","1033","1","0","9","14","0.18","0.27","50","50","FFEnemyNeutral","FFEnemyNeutral","0","700","2024-04-17 16:04:07"
"test","FullPilot","0","31","-1","1","50","50","1","1","533","1050","1","0","44","14","0.88","0.27","50","50","FFEnemyNeutral","FFEnemyNeutral","1","750","2024-04-17 16:04:10"
"test","FullPilot","0","32","-1","1","50","50","1","1","550","1050","1","0","9","44","0.18","0.88","50","50","FFEnemyNeutral","FFEnemyNeutral","0","750","2024-04-17 16:04:13"
"test","FullPilot","0","33","-1","2","50","50","1","0","550","1050","1","0","44","37","0.88","0.73","50","50","FFEnemyNeutral","FFEnemyNeutral","1","800","2024-04-17 16:04:16"
"test","FullPilot","0","34","-1","2","50","50","1","0","550","1050","1","0","37","6","0.73","0.12","50","50","FFEnemyNeutral","FFEnemyNeutral","0","800","2024-04-17 16:04:19"
"test","FullPilot","0","35","-1","2","50","50","1","0","533","1050","1","0","25","41","0.5","0.82","50","50","FFEnemyNeutral","FFEnemyNeutral","1","850","2024-04-17 16:04:22"
"test","FullPilot","0","36","-1","2","50","50","1","0","533","1049","1","0","31","25","0.62","0.5","50","50","FFEnemyNeutral","FFEnemyNeutral","0","850","2024-04-17 16:04:25"
"test","FullPilot","0","37","-1","2","50","50","1","0","533","1033","1","0","41","25","0.82","0.5","50","50","FFEnemyNeutral","FFEnemyNeutral","0","850","2024-04-17 16:04:28"
"test","FullPilot","0","38","-1","1","50","50","1","1","533","1033","1","0","44","41","0.88","0.82","50","50","FFEnemyNeutral","FFEnemyNeutral","1","900","2024-04-17 16:04:31"
"test","FullPilot","0","39","-1","2","50","50","1","0","550","1050","1","0","25","44","0.5","0.88","50","50","FFEnemyNeutral","FFEnemyNeutral","1","950","2024-04-17 16:04:33"
"test","FullPilot","0","40","-1","1","50","50","1","1","550","1050","1","0","9","25","0.18","0.5","50","50","FFEnemyNeutral","FFEnemyNeutral","1","1000","2024-04-17 16:04:36"
"test","FullPilot","0","41","-1","1","50","50","1","1","533","1049","1","0","31","41","0.62","0.82","50","50","FFEnemyNeutral","FFEnemyNeutral","1","1050","2024-04-17 16:04:39"
"test","FullPilot","0","42","-1","1","50","50","1","1","516","1033","1","0","41","9","0.82","0.18","50","50","FFEnemyNeutral","FFEnemyNeutral","1","1100","2024-04-17 16:04:42"
"test","FullPilot","0","43","-1","1","50","50","1","1","516","1016","1","0","6","9","0.12","0.18","50","50","FFEnemyNeutral","FFEnemyNeutral","0","1100","2024-04-17 16:04:45"
"test","FullPilot","0","44","-1","2","50","50","1","0","533","1033","1","0","6","37","0.12","0.73","50","50","FFEnemyNeutral","FFEnemyNeutral","0","1100","2024-04-17 16:04:48"
"test","FullPilot","0","45","-1","2","50","50","1","0","533","1033","1","0","44","19","0.88","0.38","50","50","FFEnemyNeutral","FFEnemyNeutral","0","1100","2024-04-17 16:04:51"
"test","FullPilot","0","46","-1","1","50","50","1","1","533","1049","1","0","14","31","0.27","0.62","50","50","FFEnemyNeutral","FFEnemyNeutral","0","1100","2024-04-17 16:04:54"
"test","FullPilot","0","47","-1","1","50","50","1","1","532","1048","1","0","19","41","0.38","0.82","50","50","FFEnemyNeutral","FFEnemyNeutral","1","1150","2024-04-17 16:04:57"
"test","FullPilot","0","48","-1","2","50","50","1","0","532","1048","1","0","37","14","0.73","0.27","50","50","FFEnemyNeutral","FFEnemyNeutral","1","1200","2024-04-17 16:04:59"
"test","FullPilot","0","49","-1","2","50","50","1","0","532","1032","1","0","44","31","0.88","0.62","50","50","FFEnemyNeutral","FFEnemyNeutral","1","1250","2024-04-17 16:05:02"
"test","FullPilot","0","50","-1","2","50","50","1","0","533","1033","1","0","37","44","0.73","0.88","50","50","FFEnemyNeutral","FFEnemyNeutral","1","1300","2024-04-17 16:05:05"
"test","FullPilot","0","51","-1","1","50","50","1","1","533","1033","1","0","14","25","0.27","0.5","50","50","FFEnemyNeutral","FFEnemyNeutral","1","1350","2024-04-17 16:05:08"
"test","FullPilot","0","52","-1","2","50","50","1","0","533","1033","1","0","25","31","0.5","0.62","50","50","FFEnemyNeutral","FFEnemyNeutral","1","1400","2024-04-17 16:05:11"
"test","FullPilot","0","53","-1","1","50","50","1","1","533","1033","1","0","19","44","0.38","0.88","50","50","FFEnemyNeutral","FFEnemyNeutral","0","1400","2024-04-17 16:05:13"
"test","FullPilot","0","54","-1","1","50","50","1","1","550","1050","1","0","37","25","0.73","0.5","50","50","FFEnemyNeutral","FFEnemyNeutral","1","1450","2024-04-17 16:05:16"
"test","FullPilot","0","55","-1","1","50","50","1","1","533","1033","1","0","31","6","0.62","0.12","50","50","FFEnemyNeutral","FFEnemyNeutral","0","1450","2024-04-17 16:05:19"
"test","FullPilot","0","56","-1","1","50","50","1","1","549","1049","1","0","25","37","0.5","0.73","50","50","FFEnemyNeutral","FFEnemyNeutral","0","1450","2024-04-17 16:05:22"
"test","FullPilot","0","57","-1","1","50","50","1","1","533","1050","1","0","9","19","0.18","0.38","50","50","FFEnemyNeutral","FFEnemyNeutral","0","1450","2024-04-17 16:05:25"
"test","FullPilot","0","58","-1","1","50","50","1","1","533","1033","1","0","25","9","0.5","0.18","50","50","FFEnemyNeutral","FFEnemyNeutral","0","1450","2024-04-17 16:05:28"
"test","FullPilot","0","59","-1","1","50","50","1","1","533","1050","1","0","41","31","0.82","0.62","50","50","FFEnemyNeutral","FFEnemyNeutral","1","1500","2024-04-17 16:05:31"
"test","FullPilot","0","60","-1","1","50","50","1","1","533","1033","1","0","31","19","0.62","0.38","50","50","FFEnemyNeutral","FFEnemyNeutral","1","1550","2024-04-17 16:05:34"
"test","FullPilot","0","61","-1","2","50","50","1","0","533","1033","1","0","37","41","0.73","0.82","50","50","FFEnemyNeutral","FFEnemyNeutral","1","1600","2024-04-17 16:05:37"
"test","FullPilot","0","62","-1","2","50","50","1","0","533","1050","1","0","14","37","0.27","0.73","50","50","FFEnemyNeutral","FFEnemyNeutral","1","1650","2024-04-17 16:05:40"
"test","FullPilot","0","63","-1","2","50","50","1","0","533","1049","1","0","37","19","0.73","0.38","50","50","FFEnemyNeutral","FFEnemyNeutral","0","1650","2024-04-17 16:05:42"
"test","FullPilot","0","64","-1","2","50","50","1","0","533","1033","1","0","41","6","0.82","0.12","50","50","FFEnemyNeutral","FFEnemyNeutral","0","1650","2024-04-17 16:05:45"
"test","FullPilot","0","65","-1","1","50","50","1","1","550","1050","1","0","37","31","0.73","0.62","50","50","FFEnemyNeutral","FFEnemyNeutral","1","1700","2024-04-17 16:05:48"
"test","FullPilot","0","66","-1","1","50","50","1","1","533","1033","1","0","44","6","0.88","0.12","50","50","FFEnemyNeutral","FFEnemyNeutral","1","1750","2024-04-17 16:05:51"
"test","FullPilot","0","67","-1","1","50","50","1","1","550","1066","1","0","6","25","0.12","0.5","50","50","FFEnemyNeutral","FFEnemyNeutral","0","1750","2024-04-17 16:05:54"
"test","FullPilot","0","68","-1","2","50","50","1","0","533","1033","1","0","14","44","0.27","0.88","50","50","FFEnemyNeutral","FFEnemyNeutral","1","1800","2024-04-17 16:05:57"
"test","FullPilot","0","69","-1","2","50","50","1","0","533","1049","1","0","6","19","0.12","0.38","50","50","FFEnemyNeutral","FFEnemyNeutral","0","1800","2024-04-17 16:06:00"
"test","FullPilot","0","70","-1","1","50","50","1","1","533","1050","1","0","14","41","0.27","0.82","50","50","FFEnemyNeutral","FFEnemyNeutral","1","1850","2024-04-17 16:06:03"
"test","FullPilot","0","71","-1","1","50","50","1","1","533","1035","1","0","41","37","0.82","0.73","50","50","FFEnemyNeutral","FFEnemyNeutral","1","1900","2024-04-17 16:06:06"
"test","FullPilot","1","0","-2","2","53","59","1","0","615","1115","1","0","67","33","1","1","67","33","FFEnemyShipNocolors5","FFEnemyShipNocolors2","1","59","2024-04-17 16:07:27"
"test","FullPilot","1","1","-2","1","67","15","1","1","633","1133","1","0","67","33","1","1","67","33","FFEnemyShipNocolors5","FFEnemyShipNocolors2","1","126","2024-04-17 16:07:30"
"test","FullPilot","1","2","-2","1","64","31","1","1","616","1117","1","0","67","33","1","1","67","33","FFEnemyShipNocolors5","FFEnemyShipNocolors2","1","190","2024-04-17 16:07:33"
"test","FullPilot","1","3","-2","1","65","15","1","1","617","1116","1","0","67","33","1","1","67","33","FFEnemyShipNocolors5","FFEnemyShipNocolors2","1","255","2024-04-17 16:07:37"
"test","FullPilot","1","4","-2","1","53","16","1","1","633","1149","1","0","67","33","1","1","67","33","FFEnemyShipNocolors5","FFEnemyShipNocolors2","1","308","2024-04-17 16:07:40"
"test","FullPilot","1","5","-2","2","44","18","1","0","633","1133","1","0","67","33","1","1","67","33","FFEnemyShipNocolors5","FFEnemyShipNocolors2","1","326","2024-04-17 16:07:43"
"test","FullPilot","1","6","-2","2","71","31","1","0","633","1133","1","0","67","33","1","1","67","33","FFEnemyShipNocolors5","FFEnemyShipNocolors2","1","357","2024-04-17 16:07:46"
"test","FullPilot","1","7","-2","2","71","13","1","0","633","1133","1","0","67","33","1","1","67","33","FFEnemyShipNocolors5","FFEnemyShipNocolors2","1","370","2024-04-17 16:07:49"
"test","FullPilot","1","8","-2","1","74","51","1","1","616","1116","1","0","67","33","1","1","67","33","FFEnemyShipNocolors5","FFEnemyShipNocolors2","1","444","2024-04-17 16:07:52"
"test","FullPilot","1","9","-2","1","83","5","1","1","616","1116","1","0","67","33","1","1","67","33","FFEnemyShipNocolors5","FFEnemyShipNocolors2","1","527","2024-04-17 16:07:55"
"test","FullPilot","1","10","-2","2","50","33","1","0","616","1133","1","0","67","33","1","1","67","33","FFEnemyShipNocolors5","FFEnemyShipNocolors2","1","560","2024-04-17 16:07:58"
"test","FullPilot","1","11","-2","2","65","47","1","0","617","1133","1","0","67","33","1","1","67","33","FFEnemyShipNocolors5","FFEnemyShipNocolors2","1","607","2024-04-17 16:08:01"
"test","FullPilot","1","12","-2","2","60","43","1","0","616","1116","1","0","67","33","1","1","67","33","FFEnemyShipNocolors5","FFEnemyShipNocolors2","1","650","2024-04-17 16:08:04"
"test","FullPilot","1","13","-2","1","87","30","1","1","616","1116","1","0","67","33","1","1","67","33","FFEnemyShipNocolors5","FFEnemyShipNocolors2","1","737","2024-04-17 16:08:07"
"test","FullPilot","1","14","-2","1","95","4","1","1","616","1133","1","0","67","33","1","1","67","33","FFEnemyShipNocolors5","FFEnemyShipNocolors2","1","832","2024-04-17 16:08:11"
"test","FullPilot","1","15","-2","1","73","44","1","1","600","1116","1","0","67","33","1","1","67","33","FFEnemyShipNocolors5","FFEnemyShipNocolors2","1","905","2024-04-17 16:08:14"
"test","FullPilot","1","16","-2","1","78","10","1","1","600","1100","1","0","67","33","1","1","67","33","FFEnemyShipNocolors5","FFEnemyShipNocolors2","1","983","2024-04-17 16:08:17"
"test","FullPilot","1","17","-2","2","81","34","1","0","616","1116","1","0","67","33","1","1","67","33","FFEnemyShipNocolors5","FFEnemyShipNocolors2","1","1017","2024-04-17 16:08:20"
"test","FullPilot","1","18","-2","2","30","33","1","0","616","1116","1","0","67","33","1","1","67","33","FFEnemyShipNocolors5","FFEnemyShipNocolors2","1","1050","2024-04-17 16:08:23"
"test","FullPilot","1","19","-2","1","83","40","1","1","616","1133","1","0","67","33","1","1","67","33","FFEnemyShipNocolors5","FFEnemyShipNocolors2","1","1133","2024-04-17 16:08:26"
"test","FullPilot","1","20","-2","2","95","33","1","0","616","1133","1","0","67","33","1","1","67","33","FFEnemyShipNocolors5","FFEnemyShipNocolors2","1","1166","2024-04-17 16:08:29"
"test","FullPilot","1","21","-2","2","64","54","1","0","616","1116","1","0","67","33","1","1","67","33","FFEnemyShipNocolors5","FFEnemyShipNocolors2","1","1220","2024-04-17 16:08:32"
"test","FullPilot","1","22","-2","1","82","34","1","1","616","1116","1","0","67","33","1","1","67","33","FFEnemyShipNocolors5","FFEnemyShipNocolors2","1","1302","2024-04-17 16:08:35"
"test","FullPilot","1","23","-2","1","61","36","1","1","616","1133","1","0","67","33","1","1","67","33","FFEnemyShipNocolors5","FFEnemyShipNocolors2","1","1363","2024-04-17 16:08:38"
"test","FullPilot","1","24","-2","1","66","39","1","1","616","1133","1","0","67","33","1","1","67","33","FFEnemyShipNocolors5","FFEnemyShipNocolors2","1","1429","2024-04-17 16:08:42"
"test","FullPilot","1","25","-2","2","64","26","1","0","601","1116","1","0","67","33","1","1","67","33","FFEnemyShipNocolors5","FFEnemyShipNocolors2","1","1455","2024-04-17 16:08:45"
"test","FullPilot","1","26","-2","2","92","22","1","0","616","1116","1","0","67","33","1","1","67","33","FFEnemyShipNocolors5","FFEnemyShipNocolors2","1","1477","2024-04-17 16:08:48"
"test","FullPilot","1","27","-2","1","58","33","1","1","600","1100","1","0","67","33","1","1","67","33","FFEnemyShipNocolors5","FFEnemyShipNocolors2","1","1535","2024-04-17 16:08:51"
"test","FullPilot","1","28","-2","1","27","21","1","1","633","1133","1","0","67","33","1","1","67","33","FFEnemyShipNocolors5","FFEnemyShipNocolors2","1","1562","2024-04-17 16:08:54"
"test","FullPilot","1","29","-2","2","43","51","1","0","616","1116","1","0","67","33","1","1","67","33","FFEnemyShipNocolors5","FFEnemyShipNocolors2","1","1613","2024-04-17 16:08:57"
"test","FullPilot","1","30","-2","1","75","32","1","1","616","1134","1","0","67","33","1","1","67","33","FFEnemyShipNocolors5","FFEnemyShipNocolors2","1","1688","2024-04-17 16:09:00"
"test","FullPilot","1","31","-2","1","44","15","1","1","616","1116","1","0","67","33","1","1","67","33","FFEnemyShipNocolors5","FFEnemyShipNocolors2","1","1732","2024-04-17 16:09:03"
"test","FullPilot","1","32","-2","1","73","22","1","1","616","1116","1","0","67","33","1","1","67","33","FFEnemyShipNocolors5","FFEnemyShipNocolors2","1","1805","2024-04-17 16:09:06"
"test","FullPilot","1","33","-2","1","77","5","1","1","616","1116","1","0","67","33","1","1","67","33","FFEnemyShipNocolors5","FFEnemyShipNocolors2","1","1882","2024-04-17 16:09:09"
"test","FullPilot","1","34","-2","2","56","60","1","0","616","1116","1","0","67","33","1","1","67","33","FFEnemyShipNocolors5","FFEnemyShipNocolors2","1","1942","2024-04-17 16:09:13"
"test","FullPilot","1","35","-2","1","72","32","1","1","616","1116","1","0","67","33","1","1","67","33","FFEnemyShipNocolors5","FFEnemyShipNocolors2","1","2014","2024-04-17 16:09:16"
"test","FullPilot","2","0","1","2","56","66","1","0","533","1033","1","0","59","3","0.82","0.12","72","28","FFEnemyShipNocolors8","FFEnemyShipNoColors12","0","0","2024-04-17 16:10:24"
"test","FullPilot","2","1","1","2","73","12","1","0","533","1033","1","0","36","5","0.5","0.18","72","28","FFEnemyShipNocolors8","FFEnemyShipNoColors12","0","0","2024-04-17 16:10:28"
"test","FullPilot","2","2","1","2","44","48","1","0","533","1050","1","0","19","20","0.27","0.73","72","28","FFEnemyShipNocolors8","FFEnemyShipNoColors12","1","48","2024-04-17 16:10:31"
"test","FullPilot","2","3","0","1","62","38","1","1","602","1116","1","0","45","5","0.73","0.12","62","38","FFEnemyShipNocolors1","FFEnemyShipNocolors3","1","110","2024-04-17 16:10:34"
"test","FullPilot","2","4","1","2","81","63","1","0","533","1033","1","0","19","14","0.27","0.5","72","28","FFEnemyShipNocolors8","FFEnemyShipNoColors12","0","110","2024-04-17 16:10:37"
"test","FullPilot","2","5","0","2","70","53","1","0","616","1116","1","0","51","7","0.82","0.18","62","38","FFEnemyShipNocolors1","FFEnemyShipNocolors3","1","163","2024-04-17 16:10:40"
"test","FullPilot","2","6","0","1","54","72","1","1","616","1116","1","0","45","10","0.73","0.27","62","38","FFEnemyShipNocolors1","FFEnemyShipNocolors3","1","217","2024-04-17 16:10:43"
"test","FullPilot","2","7","0","1","38","62","1","1","616","1133","1","0","31","5","0.5","0.12","62","38","FFEnemyShipNocolors1","FFEnemyShipNocolors3","0","217","2024-04-17 16:10:47"
"test","FullPilot","2","8","1","2","90","10","1","0","533","1033","1","0","13","23","0.18","0.82","72","28","FFEnemyShipNocolors8","FFEnemyShipNoColors12","0","217","2024-04-17 16:10:50"
"test","FullPilot","2","9","0","1","67","73","1","1","633","1133","1","0","7","7","0.12","0.18","62","38","FFEnemyShipNocolors1","FFEnemyShipNocolors3","0","217","2024-04-17 16:10:53"
"test","FullPilot","2","10","1","2","50","18","1","0","517","1033","1","0","13","17","0.18","0.62","72","28","FFEnemyShipNocolors8","FFEnemyShipNoColors12","1","235","2024-04-17 16:10:57"
"test","FullPilot","2","11","1","1","73","45","1","1","550","1050","1","0","45","11","0.62","0.38","72","28","FFEnemyShipNocolors8","FFEnemyShipNoColors12","1","308","2024-04-17 16:11:00"
"test","FullPilot","2","12","1","1","38","31","1","1","533","1033","1","0","19","17","0.27","0.62","72","28","FFEnemyShipNocolors8","FFEnemyShipNoColors12","0","308","2024-04-17 16:11:03"
"test","FullPilot","2","13","0","1","83","54","1","1","616","1117","1","0","38","7","0.62","0.18","62","38","FFEnemyShipNocolors1","FFEnemyShipNocolors3","0","308","2024-04-17 16:11:06"
"test","FullPilot","2","14","0","1","63","3","1","1","616","1116","1","0","17","31","0.27","0.82","62","38","FFEnemyShipNocolors1","FFEnemyShipNocolors3","0","308","2024-04-17 16:11:10"
"test","FullPilot","2","15","0","1","87","60","1","1","616","1116","1","0","38","19","0.62","0.5","62","38","FFEnemyShipNocolors1","FFEnemyShipNocolors3","0","308","2024-04-17 16:11:13"
"test","FullPilot","2","16","1","1","90","36","1","1","533","1033","1","0","53","14","0.73","0.5","72","28","FFEnemyShipNocolors8","FFEnemyShipNoColors12","0","308","2024-04-17 16:11:16"
"test","FullPilot","2","17","1","1","62","69","1","1","516","1016","1","0","45","23","0.62","0.82","72","28","FFEnemyShipNocolors8","FFEnemyShipNoColors12","1","370","2024-04-17 16:11:19"
"test","FullPilot","2","18","1","1","58","7","1","1","533","1051","1","0","53","25","0.73","0.88","72","28","FFEnemyShipNocolors8","FFEnemyShipNoColors12","1","428","2024-04-17 16:11:23"
"test","FullPilot","2","19","1","2","95","17","1","0","533","1033","1","0","36","23","0.5","0.82","72","28","FFEnemyShipNocolors8","FFEnemyShipNoColors12","1","445","2024-04-17 16:11:26"
"test","FullPilot","2","20","0","1","96","50","1","1","616","1116","1","0","55","7","0.88","0.18","62","38","FFEnemyShipNocolors1","FFEnemyShipNocolors3","1","541","2024-04-17 16:11:29"
"test","FullPilot","2","21","0","2","72","23","1","0","600","1100","1","0","17","7","0.27","0.18","62","38","FFEnemyShipNocolors1","FFEnemyShipNocolors3","1","564","2024-04-17 16:11:32"
"test","FullPilot","2","22","1","2","77","28","1","0","533","1033","1","0","45","8","0.62","0.27","72","28","FFEnemyShipNocolors8","FFEnemyShipNoColors12","0","564","2024-04-17 16:11:35"
"test","FullPilot","2","23","0","1","49","15","1","1","616","1117","1","0","24","19","0.38","0.5","62","38","FFEnemyShipNocolors1","FFEnemyShipNocolors3","0","564","2024-04-17 16:11:39"
"test","FullPilot","2","24","0","1","46","33","1","1","616","1116","1","0","31","24","0.5","0.62","62","38","FFEnemyShipNocolors1","FFEnemyShipNocolors3","1","610","2024-04-17 16:11:42"
"test","FullPilot","2","25","0","1","61","21","1","1","615","1115","1","0","38","5","0.62","0.12","62","38","FFEnemyShipNocolors1","FFEnemyShipNocolors3","0","610","2024-04-17 16:11:45"
"test","FullPilot","2","26","1","1","33","32","1","1","533","1034","1","0","9","11","0.12","0.38","72","28","FFEnemyShipNocolors8","FFEnemyShipNoColors12","0","610","2024-04-17 16:11:48"
"test","FullPilot","2","27","0","2","31","46","1","0","616","1117","1","0","11","10","0.18","0.27","62","38","FFEnemyShipNocolors1","FFEnemyShipNocolors3","0","610","2024-04-17 16:11:52"
"test","FullPilot","2","28","0","2","55","25","1","0","616","1117","1","0","24","10","0.38","0.27","62","38","FFEnemyShipNocolors1","FFEnemyShipNocolors3","0","610","2024-04-17 16:11:55"
"test","FullPilot","2","29","1","1","78","33","1","1","550","1051","1","0","59","11","0.82","0.38","72","28","FFEnemyShipNocolors8","FFEnemyShipNoColors12","1","688","2024-04-17 16:11:58"
"test","FullPilot","2","30","0","1","79","53","1","1","633","1149","1","0","51","24","0.82","0.62","62","38","FFEnemyShipNocolors1","FFEnemyShipNocolors3","1","767","2024-04-17 16:12:01"
"test","FullPilot","2","31","0","1","16","8","1","1","616","1116","1","0","45","24","0.73","0.62","62","38","FFEnemyShipNocolors1","FFEnemyShipNocolors3","0","767","2024-04-17 16:12:04"
"test","FullPilot","2","32","1","2","95","4","1","0","517","1018","1","0","19","3","0.27","0.12","72","28","FFEnemyShipNocolors8","FFEnemyShipNoColors12","0","767","2024-04-17 16:12:08"
"test","FullPilot","2","33","0","1","57","15","1","1","616","1117","1","0","24","24","0.38","0.62","62","38","FFEnemyShipNocolors1","FFEnemyShipNocolors3","0","767","2024-04-17 16:12:11"
"test","FullPilot","2","34","1","2","69","7","1","0","533","1033","1","0","63","11","0.88","0.38","72","28","FFEnemyShipNocolors8","FFEnemyShipNoColors12","0","767","2024-04-17 16:12:15"
"test","FullPilot","2","35","1","2","42","22","1","0","533","1033","1","0","13","25","0.18","0.88","72","28","FFEnemyShipNocolors8","FFEnemyShipNoColors12","1","789","2024-04-17 16:12:18"
"test","FullPilot","2","36","1","1","79","20","1","1","533","1049","1","0","36","20","0.5","0.73","72","28","FFEnemyShipNocolors8","FFEnemyShipNoColors12","1","868","2024-04-17 16:12:21"
"test","FullPilot","2","37","1","2","54","32","1","0","534","1050","1","0","63","3","0.88","0.12","72","28","FFEnemyShipNocolors8","FFEnemyShipNoColors12","0","868","2024-04-17 16:12:24"
"test","FullPilot","2","38","0","1","49","49","1","1","600","1101","1","0","55","19","0.88","0.5","62","38","FFEnemyShipNocolors1","FFEnemyShipNocolors3","1","917","2024-04-17 16:12:27"
"test","FullPilot","2","39","0","2","47","27","1","0","616","1132","1","0","17","33","0.27","0.88","62","38","FFEnemyShipNocolors1","FFEnemyShipNocolors3","1","944","2024-04-17 16:12:30"
"test","FullPilot","2","40","0","1","67","24","1","1","616","1133","1","0","45","14","0.73","0.38","62","38","FFEnemyShipNocolors1","FFEnemyShipNocolors3","1","1011","2024-04-17 16:12:33"
"test","FullPilot","2","41","0","1","48","53","1","1","616","1117","1","0","38","33","0.62","0.88","62","38","FFEnemyShipNocolors1","FFEnemyShipNocolors3","1","1059","2024-04-17 16:12:36"
"test","FullPilot","2","42","1","2","92","14","1","0","533","1033","1","0","27","3","0.38","0.12","72","28","FFEnemyShipNocolors8","FFEnemyShipNoColors12","0","1059","2024-04-17 16:12:40"
"test","FullPilot","2","43","1","1","84","27","1","1","550","1050","1","0","63","8","0.88","0.27","72","28","FFEnemyShipNocolors8","FFEnemyShipNoColors12","1","1143","2024-04-17 16:12:43"
"test","FullPilot","2","44","0","2","37","43","1","0","599","1116","1","0","24","7","0.38","0.18","62","38","FFEnemyShipNocolors1","FFEnemyShipNocolors3","1","1186","2024-04-17 16:12:46"
"test","FullPilot","2","45","0","2","53","28","1","0","633","1133","1","0","24","33","0.38","0.88","62","38","FFEnemyShipNocolors1","FFEnemyShipNocolors3","1","1214","2024-04-17 16:12:49"
"test","FullPilot","2","46","0","2","80","57","1","0","616","1133","1","0","11","14","0.18","0.38","62","38","FFEnemyShipNocolors1","FFEnemyShipNocolors3","0","1214","2024-04-17 16:12:52"
"test","FullPilot","2","47","1","1","99","44","1","1","533","1033","1","0","13","3","0.18","0.12","72","28","FFEnemyShipNocolors8","FFEnemyShipNoColors12","1","1313","2024-04-17 16:12:56"
"test","FullPilot","2","48","1","1","93","41","1","1","516","1017","1","0","13","20","0.18","0.73","72","28","FFEnemyShipNocolors8","FFEnemyShipNoColors12","0","1313","2024-04-17 16:12:59"
"test","FullPilot","2","49","1","2","83","46","1","0","533","1034","1","0","36","8","0.5","0.27","72","28","FFEnemyShipNocolors8","FFEnemyShipNoColors12","0","1313","2024-04-17 16:13:02"
"test","FullPilot","2","50","1","2","94","46","1","0","533","1033","1","0","9","23","0.12","0.82","72","28","FFEnemyShipNocolors8","FFEnemyShipNoColors12","1","1359","2024-04-17 16:13:05"
"test","FullPilot","2","51","1","1","53","30","1","1","533","1050","1","0","9","17","0.12","0.62","72","28","FFEnemyShipNocolors8","FFEnemyShipNoColors12","0","1359","2024-04-17 16:13:09"
"test","FullPilot","2","52","0","1","73","51","1","1","616","1117","1","0","51","19","0.82","0.5","62","38","FFEnemyShipNocolors1","FFEnemyShipNocolors3","1","1432","2024-04-17 16:13:12"
"test","FullPilot","2","53","0","1","49","9","1","1","616","1133","1","0","7","28","0.12","0.73","62","38","FFEnemyShipNocolors1","FFEnemyShipNocolors3","0","1432","2024-04-17 16:13:15"
"test","FullPilot","2","54","0","1","46","45","1","1","600","1100","1","0","31","33","0.5","0.88","62","38","FFEnemyShipNocolors1","FFEnemyShipNocolors3","1","1478","2024-04-17 16:13:18"
"test","FullPilot","2","55","0","1","19","71","1","1","616","1116","1","0","24","31","0.38","0.82","62","38","FFEnemyShipNocolors1","FFEnemyShipNocolors3","0","1478","2024-04-17 16:13:21"
"test","FullPilot","2","56","0","1","42","30","1","1","633","1134","1","0","38","28","0.62","0.73","62","38","FFEnemyShipNocolors1","FFEnemyShipNocolors3","0","1478","2024-04-17 16:13:25"
"test","FullPilot","2","57","1","2","78","57","1","0","533","1033","1","0","9","14","0.12","0.5","72","28","FFEnemyShipNocolors8","FFEnemyShipNoColors12","1","1535","2024-04-17 16:13:28"
"test","FullPilot","2","58","1","2","84","12","1","0","533","1050","1","0","27","20","0.38","0.73","72","28","FFEnemyShipNocolors8","FFEnemyShipNoColors12","1","1547","2024-04-17 16:13:31"
"test","FullPilot","2","59","1","1","69","5","1","1","533","1033","1","0","53","23","0.73","0.82","72","28","FFEnemyShipNocolors8","FFEnemyShipNoColors12","0","1547","2024-04-17 16:13:34"
"test","FullPilot","2","60","0","1","42","40","1","1","616","1116","1","0","51","28","0.82","0.73","62","38","FFEnemyShipNocolors1","FFEnemyShipNocolors3","1","1589","2024-04-17 16:13:37"
"test","FullPilot","2","61","0","1","62","55","1","1","616","1133","1","0","31","14","0.5","0.38","62","38","FFEnemyShipNocolors1","FFEnemyShipNocolors3","0","1589","2024-04-17 16:13:41"
"test","FullPilot","2","62","0","2","89","43","1","0","633","1133","1","0","51","33","0.82","0.88","62","38","FFEnemyShipNocolors1","FFEnemyShipNocolors3","1","1632","2024-04-17 16:13:44"
"test","FullPilot","2","63","0","1","68","47","1","1","633","1133","1","0","45","7","0.73","0.18","62","38","FFEnemyShipNocolors1","FFEnemyShipNocolors3","1","1700","2024-04-17 16:13:47"
"test","FullPilot","2","64","1","2","70","5","1","0","533","1033","1","0","19","11","0.27","0.38","72","28","FFEnemyShipNocolors8","FFEnemyShipNoColors12","1","1705","2024-04-17 16:13:50"
"test","FullPilot","2","65","1","2","96","10","1","0","533","1033","1","0","63","20","0.88","0.73","72","28","FFEnemyShipNocolors8","FFEnemyShipNoColors12","1","1715","2024-04-17 16:13:53"
"test","FullPilot","2","66","0","1","28","26","1","1","616","1116","1","0","55","31","0.88","0.82","62","38","FFEnemyShipNocolors1","FFEnemyShipNocolors3","1","1743","2024-04-17 16:13:56"
"test","FullPilot","2","67","1","1","68","4","1","1","517","1033","1","0","13","14","0.18","0.5","72","28","FFEnemyShipNocolors8","FFEnemyShipNoColors12","0","1743","2024-04-17 16:14:00"
"test","FullPilot","2","68","1","2","67","10","1","0","550","1050","1","0","63","17","0.88","0.62","72","28","FFEnemyShipNocolors8","FFEnemyShipNoColors12","1","1753","2024-04-17 16:14:03"
"test","FullPilot","2","69","0","1","79","22","1","1","616","1133","1","0","7","33","0.12","0.88","62","38","FFEnemyShipNocolors1","FFEnemyShipNocolors3","0","1753","2024-04-17 16:14:06"
"test","FullPilot","2","70","0","1","55","76","1","1","616","1116","1","0","51","10","0.82","0.27","62","38","FFEnemyShipNocolors1","FFEnemyShipNocolors3","0","1753","2024-04-17 16:14:09"
"test","FullPilot","2","71","0","2","68","21","1","0","616","1117","1","0","7","10","0.12","0.27","62","38","FFEnemyShipNocolors1","FFEnemyShipNocolors3","1","1774","2024-04-17 16:14:13"
"test","FullPilot","2","72","0","2","34","7","1","0","616","1133","1","0","7","7","0.12","0.18","62","38","FFEnemyShipNocolors1","FFEnemyShipNocolors3","0","1774","2024-04-17 16:14:16"
"test","FullPilot","2","73","0","2","66","29","1","0","633","1134","1","0","7","7","0.12","0.18","62","38","FFEnemyShipNocolors1","FFEnemyShipNocolors3","0","1774","2024-04-17 16:14:19"
"test","FullPilot","2","74","0","1","51","41","1","1","600","1101","1","0","7","7","0.12","0.18","62","38","FFEnemyShipNocolors1","FFEnemyShipNocolors3","0","1774","2024-04-17 16:14:23"
"test","FullPilot","2","75","0","1","51","45","1","1","633","1133","1","0","7","7","0.12","0.18","62","38","FFEnemyShipNocolors1","FFEnemyShipNocolors3","0","1774","2024-04-17 16:14:26"
"test","FullPilot","2","76","0","2","70","42","1","0","616","1117","1","0","7","7","0.12","0.18","62","38","FFEnemyShipNocolors1","FFEnemyShipNocolors3","0","1774","2024-04-17 16:14:29"
"test","FullPilot","2","77","1","2","63","36","1","0","533","1034","1","0","9","5","0.12","0.18","72","28","FFEnemyShipNocolors8","FFEnemyShipNoColors12","0","1774","2024-04-17 16:14:33"
"test","FullPilot","2","78","1","1","73","56","1","1","533","1033","1","0","9","5","0.12","0.18","72","28","FFEnemyShipNocolors8","FFEnemyShipNoColors12","1","1847","2024-04-17 16:14:36"
"test","FullPilot","2","79","1","1","80","21","1","1","533","1050","1","0","9","5","0.12","0.18","72","28","FFEnemyShipNocolors8","FFEnemyShipNoColors12","0","1847","2024-04-17 16:14:39"
"test","FullPilot","2","80","1","2","65","31","1","0","533","1033","1","0","9","5","0.12","0.18","72","28","FFEnemyShipNocolors8","FFEnemyShipNoColors12","0","1847","2024-04-17 16:14:42"
"test","FullPilot","2","81","1","1","55","22","1","1","550","1050","1","0","9","5","0.12","0.18","72","28","FFEnemyShipNocolors8","FFEnemyShipNoColors12","0","1847","2024-04-17 16:14:46"
"test","FullPilot","2","82","0","2","57","60","1","0","616","1117","1","0","7","7","0.12","0.18","62","38","FFEnemyShipNocolors1","FFEnemyShipNocolors3","0","1847","2024-04-17 16:14:49"
"test","FullPilot","2","83","0","1","61","52","1","1","633","1133","1","0","7","7","0.12","0.18","62","38","FFEnemyShipNocolors1","FFEnemyShipNocolors3","0","1847","2024-04-17 16:14:52"
"test","FullPilot","2","84","0","1","81","22","1","1","616","1117","1","0","7","7","0.12","0.18","62","38","FFEnemyShipNocolors1","FFEnemyShipNocolors3","0","1847","2024-04-17 16:14:56"
"test","FullPilot","2","85","0","2","49","44","1","0","616","1117","1","0","7","7","0.12","0.18","62","38","FFEnemyShipNocolors1","FFEnemyShipNocolors3","0","1847","2024-04-17 16:14:59"
"test","FullPilot","2","86","0","2","52","52","1","0","617","1117","1","0","7","7","0.12","0.18","62","38","FFEnemyShipNocolors1","FFEnemyShipNocolors3","0","1847","2024-04-17 16:15:03"
"test","FullPilot","2","87","0","1","91","53","1","1","633","1134","1","0","7","7","0.12","0.18","62","38","FFEnemyShipNocolors1","FFEnemyShipNocolors3","0","1847","2024-04-17 16:15:06"
"test","FullPilot","2","0","1","1","79","28","1","1","536","1036","1","0","19","5","0.27","0.18","72","28","FFEnemyShipNoColors12","FFEnemyShipNocolors8","0","0","2024-04-17 16:22:10"
"test","FullPilot","2","1","1","2","48","5","1","0","537","1040","1","0","27","23","0.38","0.82","72","28","FFEnemyShipNoColors12","FFEnemyShipNocolors8","1","5","2024-04-17 16:22:13"
"test","FullPilot","1","0","-2","2","61","38","1","0","604","1104","1","0","67","33","1","1","67","33","FFEnemyShipNocolors2","FFEnemyShipNocolors5","1","38","2024-04-17 16:22:41"
"test","FullPilot","1","1","-2","2","52","24","1","0","607","1107","1","0","67","33","1","1","67","33","FFEnemyShipNocolors2","FFEnemyShipNocolors5","1","62","2024-04-17 16:22:44"
"test","FullPilot","1","2","-2","1","57","23","1","1","604","1106","1","0","67","33","1","1","67","33","FFEnemyShipNocolors2","FFEnemyShipNocolors5","1","119","2024-04-17 16:22:47"
"test","FullPilot","1","3","-2","1","88","51","1","1","614","1114","1","0","67","33","1","1","67","33","FFEnemyShipNocolors2","FFEnemyShipNocolors5","1","207","2024-04-17 16:22:50"
"test","FullPilot","1","4","-2","2","76","34","1","0","621","1122","1","0","67","33","1","1","67","33","FFEnemyShipNocolors2","FFEnemyShipNocolors5","1","241","2024-04-17 16:22:53"
"test","FullPilot","1","5","-2","1","84","37","1","1","608","1109","1","0","67","33","1","1","67","33","FFEnemyShipNocolors2","FFEnemyShipNocolors5","1","325","2024-04-17 16:22:56"
"test","FullPilot","1","6","-2","1","46","48","1","1","620","1121","1","0","67","33","1","1","67","33","FFEnemyShipNocolors2","FFEnemyShipNocolors5","1","371","2024-04-17 16:22:59"
"test","FullPilot","1","0","-2","1","81","21","1","1","618","1117","1","0","67","33","1","1","67","33","FFEnemyShipNocolors5","FFEnemyShipNocolors2","1","81","2024-04-17 16:23:15"
"test","FullPilot","1","1","-2","2","52","21","1","0","613","1113","1","0","67","33","1","1","67","33","FFEnemyShipNocolors5","FFEnemyShipNocolors2","1","102","2024-04-17 16:23:18"
"test","FullPilot","1","2","-2","1","56","41","1","1","601","1103","1","0","67","33","1","1","67","33","FFEnemyShipNocolors5","FFEnemyShipNocolors2","1","158","2024-04-17 16:23:21"
"test","FullPilot","1","3","-2","1","47","65","1","1","608","1110","1","0","67","33","1","1","67","33","FFEnemyShipNocolors5","FFEnemyShipNocolors2","1","205","2024-04-17 16:23:24"
"test","FullPilot","1","70","-2","1","44","6","1","1","612","1113","1","0","67","33","1","1","67","33","FFEnemyShipNocolors5","FFEnemyShipNocolors2","1","44","2024-04-17 16:24:09"
"test","FullPilot","1","71","-2","1","35","64","1","1","620","1123","1","0","67","33","1","1","67","33","FFEnemyShipNocolors5","FFEnemyShipNocolors2","1","79","2024-04-17 16:24:12"
"test","FullPilot","2","130","1","2","45","3","1","0","536","1036","1","0","59","8","0.82","0.27","72","28","FFEnemyShipNoColors12","FFEnemyShipNocolors8","1","3","2024-04-17 16:34:43"
"test","FullPilot","2","131","0","1","96","31","1","1","612","1115","1","0","51","14","0.82","0.38","62","38","FFEnemyShipNocolors3","FFEnemyShipNocolors1","1","99","2024-04-17 16:34:46"
"test","FullPilot","2","132","1","2","91","31","1","0","540","1040","1","0","59","14","0.82","0.5","72","28","FFEnemyShipNoColors12","FFEnemyShipNocolors8","0","99","2024-04-17 16:34:49"
"test","FullPilot","2","133","1","2","90","52","1","0","531","1033","1","0","59","17","0.82","0.62","72","28","FFEnemyShipNoColors12","FFEnemyShipNocolors8","1","151","2024-04-17 16:34:52"
"test","FullPilot","2","134","0","1","49","22","1","1","604","1107","1","0","51","28","0.82","0.73","62","38","FFEnemyShipNocolors3","FFEnemyShipNocolors1","1","200","2024-04-17 16:34:55"
"test","FullPilot","2","135","1","2","81","27","1","0","541","1043","1","0","59","25","0.82","0.88","72","28","FFEnemyShipNoColors12","FFEnemyShipNocolors8","1","227","2024-04-17 16:34:59"
"test","FullPilot","2","136","0","2","64","67","1","0","607","1108","1","0","55","5","0.88","0.12","62","38","FFEnemyShipNocolors3","FFEnemyShipNocolors1","0","227","2024-04-17 16:35:02"
"test","FullPilot","2","137","1","1","63","36","1","1","538","1040","1","0","63","5","0.88","0.18","72","28","FFEnemyShipNoColors12","FFEnemyShipNocolors8","1","290","2024-04-17 16:35:05"
"test","FullPilot","2","138","1","2","41","13","1","0","522","1023","1","0","63","8","0.88","0.27","72","28","FFEnemyShipNoColors12","FFEnemyShipNocolors8","1","303","2024-04-17 16:35:08"
"test","FullPilot","2","139","1","1","57","25","1","1","527","1029","1","0","63","11","0.88","0.38","72","28","FFEnemyShipNoColors12","FFEnemyShipNocolors8","1","360","2024-04-17 16:35:11"
"test","FullPilot","2","140","1","1","82","52","1","1","532","1035","1","0","63","14","0.88","0.5","72","28","FFEnemyShipNoColors12","FFEnemyShipNocolors8","1","442","2024-04-17 16:35:14"
"test","FullPilot","2","141","1","2","94","18","1","0","532","1035","1","0","63","17","0.88","0.62","72","28","FFEnemyShipNoColors12","FFEnemyShipNocolors8","0","442","2024-04-17 16:35:17"
"test","FullPilot","2","142","0","2","72","24","1","0","601","1104","1","0","55","28","0.88","0.73","62","38","FFEnemyShipNocolors3","FFEnemyShipNocolors1","1","466","2024-04-17 16:35:20"
"test","FullPilot","2","143","1","2","69","11","1","0","528","1029","1","0","63","23","0.88","0.82","72","28","FFEnemyShipNoColors12","FFEnemyShipNocolors8","0","466","2024-04-17 16:35:23"
"test","FullPilot","0","0","-1","1","50","50","1","1","550","1050","1","0","44","25","0.88","0.5","50","50","FFEnemyNeutral","FFEnemyNeutral","1","50","2024-04-17 17:09:21"
"test","FullPilot","0","1","-1","2","50","50","1","0","533","1033","1","0","9","37","0.18","0.73","50","50","FFEnemyNeutral","FFEnemyNeutral","1","100","2024-04-17 17:09:24"
"test","FullPilot","0","2","-1","1","50","50","1","1","533","1033","1","0","44","14","0.88","0.27","50","50","FFEnemyNeutral","FFEnemyNeutral","1","150","2024-04-17 17:09:27"
"test","FullPilot","0","3","-1","1","50","50","1","1","550","1066","1","0","31","9","0.62","0.18","50","50","FFEnemyNeutral","FFEnemyNeutral","0","150","2024-04-17 17:09:30"
"test","FullPilot","0","4","-1","1","50","50","1","1","533","1033","1","0","44","6","0.88","0.12","50","50","FFEnemyNeutral","FFEnemyNeutral","1","200","2024-04-17 17:09:33"
"test","FullPilot","0","5","-1","2","50","50","1","0","533","1033","1","0","37","6","0.73","0.12","50","50","FFEnemyNeutral","FFEnemyNeutral","0","200","2024-04-17 17:09:35"
"test","FullPilot","0","6","-1","2","50","50","1","0","533","1033","1","0","14","44","0.27","0.88","50","50","FFEnemyNeutral","FFEnemyNeutral","1","250","2024-04-17 17:09:38"
"test","FullPilot","0","7","-1","2","50","50","1","0","550","1050","1","0","25","41","0.5","0.82","50","50","FFEnemyNeutral","FFEnemyNeutral","0","250","2024-04-17 17:09:41"
"test","FullPilot","0","8","-1","2","50","50","1","0","533","1033","1","0","31","6","0.62","0.12","50","50","FFEnemyNeutral","FFEnemyNeutral","0","250","2024-04-17 17:09:44"
"test","FullPilot","0","9","-1","1","50","50","1","1","533","1033","1","0","19","44","0.38","0.88","50","50","FFEnemyNeutral","FFEnemyNeutral","0","250","2024-04-17 17:09:47"
"test","FullPilot","0","10","-1","1","50","50","1","1","533","1033","1","0","14","19","0.27","0.38","50","50","FFEnemyNeutral","FFEnemyNeutral","0","250","2024-04-17 17:09:50"
"test","FullPilot","0","11","-1","1","50","50","1","1","550","1050","1","0","41","19","0.82","0.38","50","50","FFEnemyNeutral","FFEnemyNeutral","1","300","2024-04-17 17:09:53"
"test","FullPilot","0","12","-1","1","50","50","1","1","533","1033","1","0","19","37","0.38","0.73","50","50","FFEnemyNeutral","FFEnemyNeutral","1","350","2024-04-17 17:09:56"
"test","FullPilot","0","13","-1","2","50","50","1","0","533","1033","1","0","31","44","0.62","0.88","50","50","FFEnemyNeutral","FFEnemyNeutral","1","400","2024-04-17 17:09:59"
"test","FullPilot","0","14","-1","2","50","50","1","0","550","1050","1","0","9","25","0.18","0.5","50","50","FFEnemyNeutral","FFEnemyNeutral","1","450","2024-04-17 17:10:02"
"test","FullPilot","0","15","-1","1","50","50","1","1","550","1066","1","0","14","25","0.27","0.5","50","50","FFEnemyNeutral","FFEnemyNeutral","0","450","2024-04-17 17:10:04"
"test","FullPilot","0","16","-1","2","50","50","1","0","533","1033","1","0","6","25","0.12","0.5","50","50","FFEnemyNeutral","FFEnemyNeutral","1","500","2024-04-17 17:10:07"
"test","FullPilot","0","17","-1","1","50","50","1","1","533","1033","1","0","25","9","0.5","0.18","50","50","FFEnemyNeutral","FFEnemyNeutral","1","550","2024-04-17 17:10:10"
"test","FullPilot","0","18","-1","2","50","50","1","0","533","1050","1","0","9","19","0.18","0.38","50","50","FFEnemyNeutral","FFEnemyNeutral","0","550","2024-04-17 17:10:13"
"test","FullPilot","0","19","-1","2","50","50","1","0","550","1066","1","0","25","6","0.5","0.12","50","50","FFEnemyNeutral","FFEnemyNeutral","0","550","2024-04-17 17:10:16"
"test","FullPilot","0","20","-1","2","50","50","1","0","516","1016","1","0","19","9","0.38","0.18","50","50","FFEnemyNeutral","FFEnemyNeutral","0","550","2024-04-17 17:10:19"
"test","FullPilot","0","21","-1","2","50","50","1","0","533","1033","1","0","14","31","0.27","0.62","50","50","FFEnemyNeutral","FFEnemyNeutral","0","550","2024-04-17 17:10:22"
"test","FullPilot","0","22","-1","2","50","50","1","0","533","1033","1","0","6","41","0.12","0.82","50","50","FFEnemyNeutral","FFEnemyNeutral","1","600","2024-04-17 17:10:25"
"test","FullPilot","0","23","-1","1","50","50","1","1","533","1050","1","0","44","31","0.88","0.62","50","50","FFEnemyNeutral","FFEnemyNeutral","1","650","2024-04-17 17:10:28"
"test","FullPilot","0","24","-1","2","50","50","1","0","533","1033","1","0","6","9","0.12","0.18","50","50","FFEnemyNeutral","FFEnemyNeutral","0","650","2024-04-17 17:10:31"
"test","FullPilot","0","25","-1","1","50","50","1","1","549","1050","1","0","14","37","0.27","0.73","50","50","FFEnemyNeutral","FFEnemyNeutral","0","650","2024-04-17 17:10:34"
"test","FullPilot","0","26","-1","1","50","50","1","1","550","1050","1","0","41","44","0.82","0.88","50","50","FFEnemyNeutral","FFEnemyNeutral","1","700","2024-04-17 17:10:37"
"test","FullPilot","0","27","-1","1","50","50","1","1","533","1033","1","0","25","14","0.5","0.27","50","50","FFEnemyNeutral","FFEnemyNeutral","1","750","2024-04-17 17:10:39"
"test","FullPilot","0","28","-1","1","50","50","1","1","550","1049","1","0","37","14","0.73","0.27","50","50","FFEnemyNeutral","FFEnemyNeutral","0","750","2024-04-17 17:10:42"
"test","FullPilot","0","29","-1","1","50","50","1","1","516","1033","1","0","41","9","0.82","0.18","50","50","FFEnemyNeutral","FFEnemyNeutral","1","800","2024-04-17 17:10:45"
"test","FullPilot","0","30","-1","2","50","50","1","0","550","1050","1","0","6","14","0.12","0.27","50","50","FFEnemyNeutral","FFEnemyNeutral","1","850","2024-04-17 17:10:48"
"test","FullPilot","0","31","-1","2","50","50","1","0","550","1049","1","0","6","44","0.12","0.88","50","50","FFEnemyNeutral","FFEnemyNeutral","1","900","2024-04-17 17:10:51"
"test","FullPilot","0","32","-1","1","50","50","1","1","533","1050","1","0","9","41","0.18","0.82","50","50","FFEnemyNeutral","FFEnemyNeutral","0","900","2024-04-17 17:10:54"
"test","FullPilot","0","33","-1","2","50","50","1","0","533","1033","1","0","41","6","0.82","0.12","50","50","FFEnemyNeutral","FFEnemyNeutral","0","900","2024-04-17 17:10:57"
"test","FullPilot","0","34","-1","1","50","50","1","1","533","1050","1","0","19","14","0.38","0.27","50","50","FFEnemyNeutral","FFEnemyNeutral","1","950","2024-04-17 17:11:00"
"test","FullPilot","0","35","-1","2","50","50","1","0","533","1033","1","0","6","19","0.12","0.38","50","50","FFEnemyNeutral","FFEnemyNeutral","0","950","2024-04-17 17:11:02"
"test","FullPilot","0","36","-1","1","50","50","1","1","533","1050","1","0","14","41","0.27","0.82","50","50","FFEnemyNeutral","FFEnemyNeutral","0","950","2024-04-17 17:11:05"
"test","FullPilot","0","37","-1","2","50","50","1","0","533","1033","1","0","19","6","0.38","0.12","50","50","FFEnemyNeutral","FFEnemyNeutral","0","950","2024-04-17 17:11:08"
"test","FullPilot","0","38","-1","2","50","50","1","0","533","1033","1","0","44","9","0.88","0.18","50","50","FFEnemyNeutral","FFEnemyNeutral","0","950","2024-04-17 17:11:11"
"test","FullPilot","0","39","-1","1","50","50","1","1","533","1033","1","0","25","31","0.5","0.62","50","50","FFEnemyNeutral","FFEnemyNeutral","1","1000","2024-04-17 17:11:14"
"test","FullPilot","0","40","-1","1","50","50","1","1","516","1033","1","0","37","31","0.73","0.62","50","50","FFEnemyNeutral","FFEnemyNeutral","1","1050","2024-04-17 17:11:17"
"test","FullPilot","0","41","-1","2","50","50","1","0","517","1033","1","0","37","9","0.73","0.18","50","50","FFEnemyNeutral","FFEnemyNeutral","0","1050","2024-04-17 17:11:20"
"test","FullPilot","0","42","-1","1","50","50","1","1","533","1033","1","0","19","25","0.38","0.5","50","50","FFEnemyNeutral","FFEnemyNeutral","0","1050","2024-04-17 17:11:23"
"test","FullPilot","0","43","-1","1","50","50","1","1","550","1050","1","0","37","41","0.73","0.82","50","50","FFEnemyNeutral","FFEnemyNeutral","0","1050","2024-04-17 17:11:26"
"test","FullPilot","0","44","-1","1","50","50","1","1","533","1033","1","0","14","9","0.27","0.18","50","50","FFEnemyNeutral","FFEnemyNeutral","0","1050","2024-04-17 17:11:29"
"test","FullPilot","0","45","-1","1","50","50","1","1","550","1050","1","0","37","19","0.73","0.38","50","50","FFEnemyNeutral","FFEnemyNeutral","1","1100","2024-04-17 17:11:32"
"test","FullPilot","0","46","-1","1","50","50","1","1","532","1032","1","0","31","14","0.62","0.27","50","50","FFEnemyNeutral","FFEnemyNeutral","0","1100","2024-04-17 17:11:35"
"test","FullPilot","0","47","-1","1","50","50","1","1","533","1033","1","0","19","31","0.38","0.62","50","50","FFEnemyNeutral","FFEnemyNeutral","0","1100","2024-04-17 17:11:38"
"test","FullPilot","0","48","-1","2","50","50","1","0","533","1033","1","0","31","25","0.62","0.5","50","50","FFEnemyNeutral","FFEnemyNeutral","0","1100","2024-04-17 17:11:41"
"test","FullPilot","0","49","-1","1","50","50","1","1","517","1033","1","0","6","37","0.12","0.73","50","50","FFEnemyNeutral","FFEnemyNeutral","0","1100","2024-04-17 17:11:44"
"test","FullPilot","0","50","-1","1","50","50","1","1","549","1050","1","0","41","25","0.82","0.5","50","50","FFEnemyNeutral","FFEnemyNeutral","1","1150","2024-04-17 17:11:47"
"test","FullPilot","0","51","-1","2","50","50","1","0","533","1050","1","0","44","19","0.88","0.38","50","50","FFEnemyNeutral","FFEnemyNeutral","1","1200","2024-04-17 17:11:50"
"test","FullPilot","0","52","-1","1","50","50","1","1","550","1050","1","0","9","14","0.18","0.27","50","50","FFEnemyNeutral","FFEnemyNeutral","0","1200","2024-04-17 17:11:52"
"test","FullPilot","0","53","-1","1","50","50","1","1","550","1066","1","0","41","37","0.82","0.73","50","50","FFEnemyNeutral","FFEnemyNeutral","0","1200","2024-04-17 17:11:55"
"test","FullPilot","0","54","-1","2","50","50","1","0","550","1049","1","0","9","31","0.18","0.62","50","50","FFEnemyNeutral","FFEnemyNeutral","0","1200","2024-04-17 17:11:58"
"test","FullPilot","0","55","-1","1","50","50","1","1","516","1016","1","0","25","44","0.5","0.88","50","50","FFEnemyNeutral","FFEnemyNeutral","0","1200","2024-04-17 17:12:01"
"test","FullPilot","0","56","-1","1","50","50","1","1","533","1050","1","0","37","25","0.73","0.5","50","50","FFEnemyNeutral","FFEnemyNeutral","1","1250","2024-04-17 17:12:04"
"test","FullPilot","0","57","-1","1","50","50","1","1","550","1066","1","0","41","14","0.82","0.27","50","50","FFEnemyNeutral","FFEnemyNeutral","1","1300","2024-04-17 17:12:07"
"test","FullPilot","0","58","-1","1","50","50","1","1","533","1033","1","0","19","41","0.38","0.82","50","50","FFEnemyNeutral","FFEnemyNeutral","1","1350","2024-04-17 17:12:10"
"test","FullPilot","0","59","-1","1","50","50","1","1","533","1033","1","0","9","6","0.18","0.12","50","50","FFEnemyNeutral","FFEnemyNeutral","0","1350","2024-04-17 17:12:13"
"test","FullPilot","0","60","-1","2","50","50","1","0","533","1033","1","0","25","19","0.5","0.38","50","50","FFEnemyNeutral","FFEnemyNeutral","1","1400","2024-04-17 17:12:16"
"test","FullPilot","0","61","-1","2","50","50","1","0","550","1050","1","0","14","6","0.27","0.12","50","50","FFEnemyNeutral","FFEnemyNeutral","0","1400","2024-04-17 17:12:19"
"test","FullPilot","0","62","-1","1","50","50","1","1","533","1033","1","0","25","37","0.5","0.73","50","50","FFEnemyNeutral","FFEnemyNeutral","1","1450","2024-04-17 17:12:22"
"test","FullPilot","0","63","-1","1","50","50","1","1","533","1033","1","0","44","37","0.88","0.73","50","50","FFEnemyNeutral","FFEnemyNeutral","1","1500","2024-04-17 17:12:24"
"test","FullPilot","0","64","-1","1","50","50","1","1","533","1033","1","0","41","31","0.82","0.62","50","50","FFEnemyNeutral","FFEnemyNeutral","1","1550","2024-04-17 17:12:27"
"test","FullPilot","0","65","-1","2","50","50","1","0","550","1066","1","0","31","37","0.62","0.73","50","50","FFEnemyNeutral","FFEnemyNeutral","1","1600","2024-04-17 17:12:30"
"test","FullPilot","0","66","-1","2","50","50","1","0","533","1050","1","0","44","41","0.88","0.82","50","50","FFEnemyNeutral","FFEnemyNeutral","1","1650","2024-04-17 17:12:33"
"test","FullPilot","0","67","-1","1","50","50","1","1","533","1033","1","0","6","31","0.12","0.62","50","50","FFEnemyNeutral","FFEnemyNeutral","0","1650","2024-04-17 17:12:36"
"test","FullPilot","0","68","-1","2","50","50","1","0","550","1050","1","0","31","19","0.62","0.38","50","50","FFEnemyNeutral","FFEnemyNeutral","0","1650","2024-04-17 17:12:39"
"test","FullPilot","0","69","-1","1","50","50","1","1","550","1050","1","0","37","44","0.73","0.88","50","50","FFEnemyNeutral","FFEnemyNeutral","0","1650","2024-04-17 17:12:42"
"test","FullPilot","0","70","-1","1","50","50","1","1","533","1050","1","0","31","41","0.62","0.82","50","50","FFEnemyNeutral","FFEnemyNeutral","1","1700","2024-04-17 17:12:45"
"test","FullPilot","0","71","-1","2","50","50","1","0","533","1050","1","0","9","44","0.18","0.88","50","50","FFEnemyNeutral","FFEnemyNeutral","1","1750","2024-04-17 17:12:47"
"test","FullPilot","1","0","-2","2","56","36","1","0","615","1115","1","0","67","33","1","1","67","33","FFEnemyShipNocolors2","FFEnemyShipNocolors5","1","36","2024-04-17 17:15:28"
"test","FullPilot","1","1","-2","2","69","37","1","0","600","1116","1","0","67","33","1","1","67","33","FFEnemyShipNocolors2","FFEnemyShipNocolors5","1","73","2024-04-17 17:15:32"
"test","FullPilot","1","2","-2","2","73","27","1","0","616","1117","1","0","67","33","1","1","67","33","FFEnemyShipNocolors2","FFEnemyShipNocolors5","1","100","2024-04-17 17:15:35"
"test","FullPilot","1","3","-2","2","63","30","1","0","617","1133","1","0","67","33","1","1","67","33","FFEnemyShipNocolors2","FFEnemyShipNocolors5","1","130","2024-04-17 17:15:38"
"test","FullPilot","1","4","-2","2","59","50","1","0","616","1116","1","0","67","33","1","1","67","33","FFEnemyShipNocolors2","FFEnemyShipNocolors5","1","180","2024-04-17 17:15:41"
"test","FullPilot","1","5","-2","2","62","20","1","0","616","1117","1","0","67","33","1","1","67","33","FFEnemyShipNocolors2","FFEnemyShipNocolors5","1","200","2024-04-17 17:15:44"
"test","FullPilot","1","6","-2","1","17","17","1","1","600","1116","1","0","67","33","1","1","67","33","FFEnemyShipNocolors2","FFEnemyShipNocolors5","1","217","2024-04-17 17:15:47"
"test","FullPilot","1","7","-2","1","69","55","1","1","634","1149","1","0","67","33","1","1","67","33","FFEnemyShipNocolors2","FFEnemyShipNocolors5","1","286","2024-04-17 17:15:50"
"test","FullPilot","1","8","-2","1","68","1","1","1","633","1133","1","0","67","33","1","1","67","33","FFEnemyShipNocolors2","FFEnemyShipNocolors5","1","354","2024-04-17 17:15:53"
"test","FullPilot","1","9","-2","1","75","18","1","1","601","1117","1","0","67","33","1","1","67","33","FFEnemyShipNocolors2","FFEnemyShipNocolors5","1","429","2024-04-17 17:15:56"
"test","FullPilot","1","10","-2","1","47","60","1","1","616","1133","1","0","67","33","1","1","67","33","FFEnemyShipNocolors2","FFEnemyShipNocolors5","1","476","2024-04-17 17:15:59"
"test","FullPilot","1","11","-2","2","93","49","1","0","616","1117","1","0","67","33","1","1","67","33","FFEnemyShipNocolors2","FFEnemyShipNocolors5","1","525","2024-04-17 17:16:02"
"test","FullPilot","1","12","-2","1","48","41","1","1","601","1116","1","0","67","33","1","1","67","33","FFEnemyShipNocolors2","FFEnemyShipNocolors5","1","573","2024-04-17 17:16:06"
"test","FullPilot","1","13","-2","2","37","14","1","0","600","1116","1","0","67","33","1","1","67","33","FFEnemyShipNocolors2","FFEnemyShipNocolors5","1","587","2024-04-17 17:16:09"
"test","FullPilot","1","14","-2","2","79","20","1","0","616","1116","1","0","67","33","1","1","67","33","FFEnemyShipNocolors2","FFEnemyShipNocolors5","1","607","2024-04-17 17:16:12"
"test","FullPilot","1","15","-2","1","60","39","1","1","600","1100","1","0","67","33","1","1","67","33","FFEnemyShipNocolors2","FFEnemyShipNocolors5","1","667","2024-04-17 17:16:15"
"test","FullPilot","1","16","-2","2","69","13","1","0","599","1116","1","0","67","33","1","1","67","33","FFEnemyShipNocolors2","FFEnemyShipNocolors5","1","680","2024-04-17 17:16:18"
"test","FullPilot","1","17","-2","1","37","25","1","1","616","1117","1","0","67","33","1","1","67","33","FFEnemyShipNocolors2","FFEnemyShipNocolors5","1","717","2024-04-17 17:16:21"
"test","FullPilot","1","18","-2","2","40","12","1","0","633","1133","1","0","67","33","1","1","67","33","FFEnemyShipNocolors2","FFEnemyShipNocolors5","1","729","2024-04-17 17:16:24"
"test","FullPilot","1","19","-2","2","52","10","1","0","600","1116","1","0","67","33","1","1","67","33","FFEnemyShipNocolors2","FFEnemyShipNocolors5","1","739","2024-04-17 17:16:27"
"test","FullPilot","1","20","-2","1","26","27","1","1","616","1117","1","0","67","33","1","1","67","33","FFEnemyShipNocolors2","FFEnemyShipNocolors5","1","765","2024-04-17 17:16:30"
"test","FullPilot","1","21","-2","1","91","41","1","1","600","1116","1","0","67","33","1","1","67","33","FFEnemyShipNocolors2","FFEnemyShipNocolors5","1","856","2024-04-17 17:16:33"
"test","FullPilot","1","22","-2","2","49","12","1","0","616","1133","1","0","67","33","1","1","67","33","FFEnemyShipNocolors2","FFEnemyShipNocolors5","1","868","2024-04-17 17:16:36"
"test","FullPilot","1","23","-2","1","61","17","1","1","616","1117","1","0","67","33","1","1","67","33","FFEnemyShipNocolors2","FFEnemyShipNocolors5","1","929","2024-04-17 17:16:40"
"test","FullPilot","1","24","-2","2","53","16","1","0","617","1116","1","0","67","33","1","1","67","33","FFEnemyShipNocolors2","FFEnemyShipNocolors5","1","945","2024-04-17 17:16:43"
"test","FullPilot","1","25","-2","1","55","39","1","1","616","1132","1","0","67","33","1","1","67","33","FFEnemyShipNocolors2","FFEnemyShipNocolors5","1","1000","2024-04-17 17:16:46"
"test","FullPilot","1","26","-2","1","82","12","1","1","616","1117","1","0","67","33","1","1","67","33","FFEnemyShipNocolors2","FFEnemyShipNocolors5","1","1082","2024-04-17 17:16:49"
"test","FullPilot","1","27","-2","2","56","3","1","0","600","1116","1","0","67","33","1","1","67","33","FFEnemyShipNocolors2","FFEnemyShipNocolors5","1","1085","2024-04-17 17:16:52"
"test","FullPilot","1","28","-2","1","35","66","1","1","600","1116","1","0","67","33","1","1","67","33","FFEnemyShipNocolors2","FFEnemyShipNocolors5","1","1120","2024-04-17 17:16:55"
"test","FullPilot","1","29","-2","1","85","45","1","1","616","1116","1","0","67","33","1","1","67","33","FFEnemyShipNocolors2","FFEnemyShipNocolors5","1","1205","2024-04-17 17:16:58"
"test","FullPilot","1","30","-2","1","80","38","1","1","633","1133","1","0","67","33","1","1","67","33","FFEnemyShipNocolors2","FFEnemyShipNocolors5","1","1285","2024-04-17 17:17:01"
"test","FullPilot","1","31","-2","2","71","83","1","0","616","1133","1","0","67","33","1","1","67","33","FFEnemyShipNocolors2","FFEnemyShipNocolors5","1","1368","2024-04-17 17:17:04"
"test","FullPilot","1","32","-2","2","82","6","1","0","633","1150","1","0","67","33","1","1","67","33","FFEnemyShipNocolors2","FFEnemyShipNocolors5","1","1374","2024-04-17 17:17:07"
"test","FullPilot","1","33","-2","2","88","54","1","0","633","1133","1","0","67","33","1","1","67","33","FFEnemyShipNocolors2","FFEnemyShipNocolors5","1","1428","2024-04-17 17:17:10"
"test","FullPilot","1","34","-2","1","82","26","1","1","616","1133","1","0","67","33","1","1","67","33","FFEnemyShipNocolors2","FFEnemyShipNocolors5","1","1510","2024-04-17 17:17:14"
"test","FullPilot","1","35","-2","2","79","65","1","0","616","1116","1","0","67","33","1","1","67","33","FFEnemyShipNocolors2","FFEnemyShipNocolors5","1","1575","2024-04-17 17:17:17"
"test","FullPilot","1","36","-2","2","81","58","1","0","600","1100","1","0","67","33","1","1","67","33","FFEnemyShipNocolors2","FFEnemyShipNocolors5","1","1633","2024-04-17 17:17:20"
"test","FullPilot","1","37","-2","1","68","13","1","1","616","1132","1","0","67","33","1","1","67","33","FFEnemyShipNocolors2","FFEnemyShipNocolors5","1","1701","2024-04-17 17:17:23"
"test","FullPilot","1","38","-2","2","59","71","1","0","616","1133","1","0","67","33","1","1","67","33","FFEnemyShipNocolors2","FFEnemyShipNocolors5","1","1772","2024-04-17 17:17:26"
"test","FullPilot","1","39","-2","1","54","10","1","1","633","1133","1","0","67","33","1","1","67","33","FFEnemyShipNocolors2","FFEnemyShipNocolors5","1","1826","2024-04-17 17:17:29"
"test","FullPilot","1","40","-2","2","38","35","1","0","599","1116","1","0","67","33","1","1","67","33","FFEnemyShipNocolors2","FFEnemyShipNocolors5","1","1861","2024-04-17 17:17:32"
"test","FullPilot","1","41","-2","2","63","1","1","0","616","1133","1","0","67","33","1","1","67","33","FFEnemyShipNocolors2","FFEnemyShipNocolors5","1","1862","2024-04-17 17:17:35"
"test","FullPilot","1","42","-2","1","49","16","1","1","616","1117","1","0","67","33","1","1","67","33","FFEnemyShipNocolors2","FFEnemyShipNocolors5","1","1911","2024-04-17 17:17:38"
"test","FullPilot","1","43","-2","1","98","55","1","1","601","1116","1","0","67","33","1","1","67","33","FFEnemyShipNocolors2","FFEnemyShipNocolors5","1","2009","2024-04-17 17:17:41"
"test","FullPilot","1","44","-2","2","78","25","1","0","600","1116","1","0","67","33","1","1","67","33","FFEnemyShipNocolors2","FFEnemyShipNocolors5","1","2034","2024-04-17 17:17:45"
"test","FullPilot","1","45","-2","2","70","65","1","0","616","1116","1","0","67","33","1","1","67","33","FFEnemyShipNocolors2","FFEnemyShipNocolors5","1","2099","2024-04-17 17:17:48"
"test","FullPilot","1","46","-2","2","68","50","1","0","600","1100","1","0","67","33","1","1","67","33","FFEnemyShipNocolors2","FFEnemyShipNocolors5","1","2149","2024-04-17 17:17:51"
"test","FullPilot","1","47","-2","1","45","37","1","1","600","1116","1","0","67","33","1","1","67","33","FFEnemyShipNocolors2","FFEnemyShipNocolors5","1","2194","2024-04-17 17:17:54"
"test","FullPilot","1","48","-2","1","72","17","1","1","616","1116","1","0","67","33","1","1","67","33","FFEnemyShipNocolors2","FFEnemyShipNocolors5","1","2266","2024-04-17 17:17:57"
"test","FullPilot","1","49","-2","1","26","33","1","1","616","1133","1","0","67","33","1","1","67","33","FFEnemyShipNocolors2","FFEnemyShipNocolors5","1","2292","2024-04-17 17:18:00"
"test","FullPilot","1","50","-2","2","39","44","1","0","599","1115","1","0","67","33","1","1","67","33","FFEnemyShipNocolors2","FFEnemyShipNocolors5","1","2336","2024-04-17 17:18:03"
"test","FullPilot","1","51","-2","1","65","12","1","1","616","1116","1","0","67","33","1","1","67","33","FFEnemyShipNocolors2","FFEnemyShipNocolors5","1","2401","2024-04-17 17:18:06"
"test","FullPilot","1","52","-2","1","42","37","1","1","600","1100","1","0","67","33","1","1","67","33","FFEnemyShipNocolors2","FFEnemyShipNocolors5","1","2443","2024-04-17 17:18:09"
"test","FullPilot","1","53","-2","2","57","42","1","0","599","1115","1","0","67","33","1","1","67","33","FFEnemyShipNocolors2","FFEnemyShipNocolors5","1","2485","2024-04-17 17:18:12"
"test","FullPilot","1","54","-2","1","34","25","1","1","617","1117","1","0","67","33","1","1","67","33","FFEnemyShipNocolors2","FFEnemyShipNocolors5","1","2519","2024-04-17 17:18:15"
"test","FullPilot","1","55","-2","1","43","30","1","1","616","1132","1","0","67","33","1","1","67","33","FFEnemyShipNocolors2","FFEnemyShipNocolors5","1","2562","2024-04-17 17:18:19"
"test","FullPilot","1","56","-2","2","40","11","1","0","600","1115","1","0","67","33","1","1","67","33","FFEnemyShipNocolors2","FFEnemyShipNocolors5","1","2573","2024-04-17 17:18:22"
"test","FullPilot","1","57","-2","1","62","51","1","1","616","1116","1","0","67","33","1","1","67","33","FFEnemyShipNocolors2","FFEnemyShipNocolors5","1","2635","2024-04-17 17:18:25"
"test","FullPilot","1","58","-2","2","63","68","1","0","617","1117","1","0","67","33","1","1","67","33","FFEnemyShipNocolors2","FFEnemyShipNocolors5","1","2703","2024-04-17 17:18:28"
"test","FullPilot","1","59","-2","2","71","46","1","0","600","1116","1","0","67","33","1","1","67","33","FFEnemyShipNocolors2","FFEnemyShipNocolors5","1","2749","2024-04-17 17:18:31"
"test","FullPilot","1","60","-2","2","81","33","1","0","600","1139","1","0","67","33","1","1","67","33","FFEnemyShipNocolors2","FFEnemyShipNocolors5","1","2782","2024-04-17 17:18:34"
"test","FullPilot","1","61","-2","1","69","27","1","1","616","1117","1","0","67","33","1","1","67","33","FFEnemyShipNocolors2","FFEnemyShipNocolors5","1","2851","2024-04-17 17:18:37"
"test","FullPilot","1","62","-2","2","71","33","1","0","600","1116","1","0","67","33","1","1","67","33","FFEnemyShipNocolors2","FFEnemyShipNocolors5","1","2884","2024-04-17 17:18:40"
"test","FullPilot","1","63","-2","1","65","43","1","1","616","1133","1","0","67","33","1","1","67","33","FFEnemyShipNocolors2","FFEnemyShipNocolors5","1","2949","2024-04-17 17:18:43"
"test","FullPilot","1","64","-2","2","85","48","1","0","616","1116","1","0","67","33","1","1","67","33","FFEnemyShipNocolors2","FFEnemyShipNocolors5","1","2997","2024-04-17 17:18:46"
"test","FullPilot","1","65","-2","1","29","34","1","1","600","1116","1","0","67","33","1","1","67","33","FFEnemyShipNocolors2","FFEnemyShipNocolors5","1","3026","2024-04-17 17:18:49"
"test","FullPilot","1","66","-2","1","57","3","1","1","616","1116","1","0","67","33","1","1","67","33","FFEnemyShipNocolors2","FFEnemyShipNocolors5","1","3083","2024-04-17 17:18:53"
"test","FullPilot","1","67","-2","2","72","21","1","0","616","1117","1","0","67","33","1","1","67","33","FFEnemyShipNocolors2","FFEnemyShipNocolors5","1","3104","2024-04-17 17:18:56"
"test","FullPilot","1","68","-2","1","78","81","1","1","616","1117","1","0","67","33","1","1","67","33","FFEnemyShipNocolors2","FFEnemyShipNocolors5","1","3182","2024-04-17 17:18:59"
"test","FullPilot","1","69","-2","2","67","8","1","0","616","1116","1","0","67","33","1","1","67","33","FFEnemyShipNocolors2","FFEnemyShipNocolors5","1","3190","2024-04-17 17:19:02"
"test","FullPilot","1","70","-2","2","87","61","1","0","616","1116","1","0","67","33","1","1","67","33","FFEnemyShipNocolors2","FFEnemyShipNocolors5","1","3251","2024-04-17 17:19:05"
"test","FullPilot","1","71","-2","2","55","19","1","0","616","1133","1","0","67","33","1","1","67","33","FFEnemyShipNocolors2","FFEnemyShipNocolors5","1","3270","2024-04-17 17:19:08"
"test","FullPilot","2","0","1","1","77","17","1","1","533","1033","1","0","9","5","0.12","0.18","72","28","FFEnemyShipNoColors12","FFEnemyShipNocolors8","0","0","2024-04-17 17:21:50"
"test","FullPilot","2","1","1","2","52","40","1","0","516","1033","1","0","9","8","0.12","0.27","72","28","FFEnemyShipNoColors12","FFEnemyShipNocolors8","0","0","2024-04-17 17:21:53"
"test","FullPilot","2","2","1","1","81","33","1","1","517","1017","1","0","9","11","0.12","0.38","72","28","FFEnemyShipNoColors12","FFEnemyShipNocolors8","0","0","2024-04-17 17:21:56"
"test","FullPilot","2","3","0","1","70","5","1","1","600","1116","1","0","7","19","0.12","0.5","62","38","FFEnemyShipNocolors3","FFEnemyShipNocolors1","0","0","2024-04-17 17:22:00"
"test","FullPilot","2","4","1","2","15","27","1","0","517","1017","1","0","9","17","0.12","0.62","72","28","FFEnemyShipNoColors12","FFEnemyShipNocolors8","0","0","2024-04-17 17:22:03"
"test","FullPilot","2","5","0","1","64","12","1","1","617","1133","1","0","7","28","0.12","0.73","62","38","FFEnemyShipNocolors3","FFEnemyShipNocolors1","0","0","2024-04-17 17:22:06"
"test","FullPilot","2","6","0","2","56","80","1","0","600","1116","1","0","7","31","0.12","0.82","62","38","FFEnemyShipNocolors3","FFEnemyShipNocolors1","0","0","2024-04-17 17:22:10"
"test","FullPilot","2","7","0","1","60","39","1","1","600","1101","1","0","7","33","0.12","0.88","62","38","FFEnemyShipNocolors3","FFEnemyShipNocolors1","0","0","2024-04-17 17:22:13"
"test","FullPilot","2","8","0","1","68","45","1","1","600","1116","1","0","11","5","0.18","0.12","62","38","FFEnemyShipNocolors3","FFEnemyShipNocolors1","0","0","2024-04-17 17:22:17"
"test","FullPilot","2","9","1","2","54","38","1","0","550","1050","1","0","13","8","0.18","0.27","72","28","FFEnemyShipNoColors12","FFEnemyShipNocolors8","0","0","2024-04-17 17:22:20"
"test","FullPilot","2","10","0","2","45","40","1","0","600","1116","1","0","11","14","0.18","0.38","62","38","FFEnemyShipNocolors3","FFEnemyShipNocolors1","0","0","2024-04-17 17:22:23"
"test","FullPilot","2","11","0","2","94","54","1","0","600","1116","1","0","11","19","0.18","0.5","62","38","FFEnemyShipNocolors3","FFEnemyShipNocolors1","1","54","2024-04-17 17:22:26"
"test","FullPilot","2","12","1","1","87","19","1","1","533","1034","1","0","13","17","0.18","0.62","72","28","FFEnemyShipNoColors12","FFEnemyShipNocolors8","0","54","2024-04-17 17:22:30"
"test","FullPilot","2","13","0","1","51","60","1","1","617","1117","1","0","11","28","0.18","0.73","62","38","FFEnemyShipNocolors3","FFEnemyShipNocolors1","0","54","2024-04-17 17:22:33"
"test","FullPilot","2","14","0","1","80","33","1","1","616","1133","1","0","11","31","0.18","0.82","62","38","FFEnemyShipNocolors3","FFEnemyShipNocolors1","0","54","2024-04-17 17:22:36"
"test","FullPilot","2","15","0","1","29","43","1","1","616","1117","1","0","11","33","0.18","0.88","62","38","FFEnemyShipNocolors3","FFEnemyShipNocolors1","0","54","2024-04-17 17:22:40"
"test","FullPilot","2","16","0","1","44","63","1","1","633","1134","1","0","17","5","0.27","0.12","62","38","FFEnemyShipNocolors3","FFEnemyShipNocolors1","0","54","2024-04-17 17:22:43"
"test","FullPilot","2","17","0","2","60","21","1","0","616","1117","1","0","17","7","0.27","0.18","62","38","FFEnemyShipNocolors3","FFEnemyShipNocolors1","0","54","2024-04-17 17:22:46"
"test","FullPilot","2","18","1","1","69","6","1","1","550","1050","1","0","19","11","0.27","0.38","72","28","FFEnemyShipNoColors12","FFEnemyShipNocolors8","1","123","2024-04-17 17:22:49"
"test","FullPilot","2","19","1","1","57","38","1","1","533","1050","1","0","19","14","0.27","0.5","72","28","FFEnemyShipNoColors12","FFEnemyShipNocolors8","0","123","2024-04-17 17:22:53"
"test","FullPilot","2","20","0","2","75","46","1","0","616","1133","1","0","17","24","0.27","0.62","62","38","FFEnemyShipNocolors3","FFEnemyShipNocolors1","1","169","2024-04-17 17:22:56"
"test","FullPilot","2","21","0","1","24","42","1","1","616","1116","1","0","17","28","0.27","0.73","62","38","FFEnemyShipNocolors3","FFEnemyShipNocolors1","0","169","2024-04-17 17:22:59"
"test","FullPilot","2","22","1","1","50","15","1","1","533","1033","1","0","19","23","0.27","0.82","72","28","FFEnemyShipNoColors12","FFEnemyShipNocolors8","1","219","2024-04-17 17:23:02"
"test","FullPilot","2","23","0","2","50","31","1","0","617","1116","1","0","17","33","0.27","0.88","62","38","FFEnemyShipNocolors3","FFEnemyShipNocolors1","1","250","2024-04-17 17:23:05"
"test","FullPilot","2","24","0","2","67","9","1","0","616","1132","1","0","24","5","0.38","0.12","62","38","FFEnemyShipNocolors3","FFEnemyShipNocolors1","0","250","2024-04-17 17:23:09"
"test","FullPilot","2","25","1","1","75","52","1","1","533","1050","1","0","27","5","0.38","0.18","72","28","FFEnemyShipNoColors12","FFEnemyShipNocolors8","0","250","2024-04-17 17:23:12"
"test","FullPilot","2","26","0","2","27","47","1","0","600","1116","1","0","24","10","0.38","0.27","62","38","FFEnemyShipNocolors3","FFEnemyShipNocolors1","0","250","2024-04-17 17:23:15"
"test","FullPilot","2","27","1","2","39","14","1","0","516","1016","1","0","27","14","0.38","0.5","72","28","FFEnemyShipNoColors12","FFEnemyShipNocolors8","0","250","2024-04-17 17:23:19"
"test","FullPilot","2","28","1","2","39","11","1","0","533","1049","1","0","27","17","0.38","0.62","72","28","FFEnemyShipNoColors12","FFEnemyShipNocolors8","1","261","2024-04-17 17:23:22"
"test","FullPilot","2","29","1","2","68","50","1","0","533","1033","1","0","27","20","0.38","0.73","72","28","FFEnemyShipNoColors12","FFEnemyShipNocolors8","1","311","2024-04-17 17:23:25"
"test","FullPilot","2","30","0","2","87","34","1","0","600","1117","1","0","24","31","0.38","0.82","62","38","FFEnemyShipNocolors3","FFEnemyShipNocolors1","1","345","2024-04-17 17:23:28"
"test","FullPilot","2","31","0","1","49","56","1","1","616","1133","1","0","24","33","0.38","0.88","62","38","FFEnemyShipNocolors3","FFEnemyShipNocolors1","1","394","2024-04-17 17:23:31"
"test","FullPilot","2","32","0","2","79","26","1","0","616","1117","1","0","31","5","0.5","0.12","62","38","FFEnemyShipNocolors3","FFEnemyShipNocolors1","0","394","2024-04-17 17:23:34"
"test","FullPilot","2","33","1","1","57","11","1","1","549","1050","1","0","36","5","0.5","0.18","72","28","FFEnemyShipNoColors12","FFEnemyShipNocolors8","1","451","2024-04-17 17:23:38"
"test","FullPilot","2","34","1","1","62","37","1","1","550","1050","1","0","36","8","0.5","0.27","72","28","FFEnemyShipNoColors12","FFEnemyShipNocolors8","0","451","2024-04-17 17:23:41"
"test","FullPilot","2","35","1","2","82","14","1","0","549","1050","1","0","36","11","0.5","0.38","72","28","FFEnemyShipNoColors12","FFEnemyShipNocolors8","1","465","2024-04-17 17:23:44"
"test","FullPilot","2","36","1","2","68","6","1","0","516","1033","1","0","36","17","0.5","0.62","72","28","FFEnemyShipNoColors12","FFEnemyShipNocolors8","1","471","2024-04-17 17:23:47"
"test","FullPilot","2","37","0","2","39","78","1","0","616","1116","1","0","31","28","0.5","0.73","62","38","FFEnemyShipNocolors3","FFEnemyShipNocolors1","0","471","2024-04-17 17:23:51"
"test","FullPilot","2","38","1","2","57","5","1","0","517","1033","1","0","36","23","0.5","0.82","72","28","FFEnemyShipNoColors12","FFEnemyShipNocolors8","1","476","2024-04-17 17:23:54"
"test","FullPilot","2","39","1","1","60","8","1","1","533","1033","1","0","36","25","0.5","0.88","72","28","FFEnemyShipNoColors12","FFEnemyShipNocolors8","1","536","2024-04-17 17:23:57"
"test","FullPilot","2","40","1","2","62","32","1","0","533","1034","1","0","45","3","0.62","0.12","72","28","FFEnemyShipNoColors12","FFEnemyShipNocolors8","1","568","2024-04-17 17:24:00"
"test","FullPilot","2","41","1","2","58","12","1","0","517","1033","1","0","45","5","0.62","0.18","72","28","FFEnemyShipNoColors12","FFEnemyShipNocolors8","0","568","2024-04-17 17:24:03"
"test","FullPilot","2","42","1","2","38","21","1","0","533","1033","1","0","45","8","0.62","0.27","72","28","FFEnemyShipNoColors12","FFEnemyShipNocolors8","0","568","2024-04-17 17:24:07"
"test","FullPilot","2","43","1","2","56","31","1","0","517","1033","1","0","45","11","0.62","0.38","72","28","FFEnemyShipNoColors12","FFEnemyShipNocolors8","0","568","2024-04-17 17:24:10"
"test","FullPilot","2","44","0","1","98","31","1","1","633","1150","1","0","38","19","0.62","0.5","62","38","FFEnemyShipNocolors3","FFEnemyShipNocolors1","1","666","2024-04-17 17:24:13"
"test","FullPilot","2","45","1","2","36","3","1","0","533","1033","1","0","45","20","0.62","0.73","72","28","FFEnemyShipNoColors12","FFEnemyShipNocolors8","1","669","2024-04-17 17:24:16"
"test","FullPilot","2","46","0","1","47","38","1","1","617","1133","1","0","38","31","0.62","0.82","62","38","FFEnemyShipNocolors3","FFEnemyShipNocolors1","1","716","2024-04-17 17:24:19"
"test","FullPilot","2","47","0","2","47","44","1","0","600","1116","1","0","38","33","0.62","0.88","62","38","FFEnemyShipNocolors3","FFEnemyShipNocolors1","0","716","2024-04-17 17:24:23"
"test","FullPilot","2","48","1","1","92","46","1","1","533","1050","1","0","53","3","0.73","0.12","72","28","FFEnemyShipNoColors12","FFEnemyShipNocolors8","1","808","2024-04-17 17:24:26"
"test","FullPilot","2","49","1","1","40","21","1","1","550","1050","1","0","53","5","0.73","0.18","72","28","FFEnemyShipNoColors12","FFEnemyShipNocolors8","1","848","2024-04-17 17:24:29"
"test","FullPilot","2","50","0","1","51","27","1","1","616","1133","1","0","45","10","0.73","0.27","62","38","FFEnemyShipNocolors3","FFEnemyShipNocolors1","0","848","2024-04-17 17:24:32"
"test","FullPilot","2","51","1","1","65","39","1","1","533","1050","1","0","53","11","0.73","0.38","72","28","FFEnemyShipNoColors12","FFEnemyShipNocolors8","1","913","2024-04-17 17:24:35"
"test","FullPilot","2","52","1","1","82","47","1","1","533","1033","1","0","53","14","0.73","0.5","72","28","FFEnemyShipNoColors12","FFEnemyShipNocolors8","0","913","2024-04-17 17:24:39"
"test","FullPilot","2","53","0","2","66","35","1","0","616","1116","1","0","45","24","0.73","0.62","62","38","FFEnemyShipNocolors3","FFEnemyShipNocolors1","0","913","2024-04-17 17:24:42"
"test","FullPilot","2","54","0","2","37","48","1","0","616","1117","1","0","45","31","0.73","0.82","62","38","FFEnemyShipNocolors3","FFEnemyShipNocolors1","1","961","2024-04-17 17:24:45"
"test","FullPilot","2","55","0","1","86","40","1","1","616","1133","1","0","45","33","0.73","0.88","62","38","FFEnemyShipNocolors3","FFEnemyShipNocolors1","0","961","2024-04-17 17:24:48"
"test","FullPilot","2","56","1","1","86","30","1","1","534","1051","1","0","59","3","0.82","0.12","72","28","FFEnemyShipNoColors12","FFEnemyShipNocolors8","1","1047","2024-04-17 17:24:52"
"test","FullPilot","2","57","0","2","50","17","1","0","616","1133","1","0","51","7","0.82","0.18","62","38","FFEnemyShipNocolors3","FFEnemyShipNocolors1","0","1047","2024-04-17 17:24:55"
"test","FullPilot","2","58","1","2","41","27","1","0","516","1033","1","0","59","8","0.82","0.27","72","28","FFEnemyShipNoColors12","FFEnemyShipNocolors8","0","1047","2024-04-17 17:24:58"
"test","FullPilot","2","59","0","1","77","36","1","1","633","1150","1","0","51","14","0.82","0.38","62","38","FFEnemyShipNocolors3","FFEnemyShipNocolors1","1","1124","2024-04-17 17:25:01"
"test","FullPilot","2","60","1","2","60","24","1","0","533","1033","1","0","59","14","0.82","0.5","72","28","FFEnemyShipNoColors12","FFEnemyShipNocolors8","1","1148","2024-04-17 17:25:04"
"test","FullPilot","2","61","0","1","62","51","1","1","600","1116","1","0","51","24","0.82","0.62","62","38","FFEnemyShipNocolors3","FFEnemyShipNocolors1","1","1210","2024-04-17 17:25:08"
"test","FullPilot","2","62","0","1","62","60","1","1","600","1116","1","0","51","28","0.82","0.73","62","38","FFEnemyShipNocolors3","FFEnemyShipNocolors1","1","1272","2024-04-17 17:25:11"
"test","FullPilot","2","63","0","2","32","93","1","0","619","1119","1","0","51","33","0.82","0.88","62","38","FFEnemyShipNocolors3","FFEnemyShipNocolors1","1","1365","2024-04-17 17:25:14"
"test","FullPilot","2","64","0","2","57","45","1","0","601","1116","1","0","55","5","0.88","0.12","62","38","FFEnemyShipNocolors3","FFEnemyShipNocolors1","0","1365","2024-04-17 17:25:17"
"test","FullPilot","2","65","0","2","64","33","1","0","600","1117","1","0","55","7","0.88","0.18","62","38","FFEnemyShipNocolors3","FFEnemyShipNocolors1","0","1365","2024-04-17 17:25:20"
"test","FullPilot","2","66","1","2","91","27","1","0","534","1050","1","0","63","8","0.88","0.27","72","28","FFEnemyShipNoColors12","FFEnemyShipNocolors8","0","1365","2024-04-17 17:25:24"
"test","FullPilot","2","67","0","2","86","37","1","0","600","1116","1","0","55","14","0.88","0.38","62","38","FFEnemyShipNocolors3","FFEnemyShipNocolors1","0","1365","2024-04-17 17:25:27"
"test","FullPilot","2","68","0","1","53","27","1","1","616","1134","1","0","55","19","0.88","0.5","62","38","FFEnemyShipNocolors3","FFEnemyShipNocolors1","1","1418","2024-04-17 17:25:30"
"test","FullPilot","2","69","0","2","83","44","1","0","633","1133","1","0","55","24","0.88","0.62","62","38","FFEnemyShipNocolors3","FFEnemyShipNocolors1","1","1462","2024-04-17 17:25:33"
"test","FullPilot","2","70","1","1","78","18","1","1","549","1050","1","0","63","20","0.88","0.73","72","28","FFEnemyShipNoColors12","FFEnemyShipNocolors8","1","1540","2024-04-17 17:25:36"
"test","FullPilot","2","71","1","2","72","19","1","0","533","1050","1","0","63","23","0.88","0.82","72","28","FFEnemyShipNoColors12","FFEnemyShipNocolors8","1","1559","2024-04-17 17:25:40"
"test","FullPilot","2","72","0","2","71","39","1","0","616","1133","1","0","7","7","0.12","0.18","62","38","FFEnemyShipNocolors3","FFEnemyShipNocolors1","0","1559","2024-04-17 17:25:43"
"test","FullPilot","2","73","1","1","79","18","1","1","516","1016","1","0","9","8","0.12","0.27","72","28","FFEnemyShipNoColors12","FFEnemyShipNocolors8","0","1559","2024-04-17 17:25:46"
"test","FullPilot","2","74","0","1","59","50","1","1","616","1116","1","0","7","14","0.12","0.38","62","38","FFEnemyShipNocolors3","FFEnemyShipNocolors1","0","1559","2024-04-17 17:25:50"
"test","FullPilot","2","75","0","1","61","36","1","1","616","1116","1","0","7","19","0.12","0.5","62","38","FFEnemyShipNocolors3","FFEnemyShipNocolors1","0","1559","2024-04-17 17:25:53"
"test","FullPilot","2","76","1","2","45","33","1","0","550","1050","1","0","9","17","0.12","0.62","72","28","FFEnemyShipNoColors12","FFEnemyShipNocolors8","0","1559","2024-04-17 17:25:56"
"test","FullPilot","2","77","0","2","62","44","1","0","616","1116","1","0","7","28","0.12","0.73","62","38","FFEnemyShipNocolors3","FFEnemyShipNocolors1","1","1603","2024-04-17 17:25:59"
"test","FullPilot","2","78","1","1","72","46","1","1","517","1034","1","0","9","23","0.12","0.82","72","28","FFEnemyShipNoColors12","FFEnemyShipNocolors8","0","1603","2024-04-17 17:26:03"
"test","FullPilot","2","79","1","2","71","43","1","0","533","1033","1","0","9","25","0.12","0.88","72","28","FFEnemyShipNoColors12","FFEnemyShipNocolors8","1","1646","2024-04-17 17:26:06"
"test","FullPilot","2","80","1","2","54","76","1","0","533","1033","1","0","13","3","0.18","0.12","72","28","FFEnemyShipNoColors12","FFEnemyShipNocolors8","0","1646","2024-04-17 17:26:09"
"test","FullPilot","2","81","1","1","64","27","1","1","533","1050","1","0","13","8","0.18","0.27","72","28","FFEnemyShipNoColors12","FFEnemyShipNocolors8","0","1646","2024-04-17 17:26:12"
"test","FullPilot","2","82","1","2","66","38","1","0","533","1032","1","0","13","11","0.18","0.38","72","28","FFEnemyShipNoColors12","FFEnemyShipNocolors8","0","1646","2024-04-17 17:26:16"
"test","FullPilot","2","83","1","2","58","20","1","0","549","1049","1","0","13","14","0.18","0.5","72","28","FFEnemyShipNoColors12","FFEnemyShipNocolors8","1","1666","2024-04-17 17:26:19"
"test","FullPilot","2","84","1","1","70","15","1","1","550","1050","1","0","13","17","0.18","0.62","72","28","FFEnemyShipNoColors12","FFEnemyShipNocolors8","0","1666","2024-04-17 17:26:22"
"test","FullPilot","2","85","1","2","90","61","1","0","550","1050","1","0","13","20","0.18","0.73","72","28","FFEnemyShipNoColors12","FFEnemyShipNocolors8","1","1727","2024-04-17 17:26:25"
"test","FullPilot","2","86","1","1","37","35","1","1","517","1033","1","0","13","23","0.18","0.82","72","28","FFEnemyShipNoColors12","FFEnemyShipNocolors8","0","1727","2024-04-17 17:26:29"
"test","FullPilot","2","87","1","2","31","62","1","0","533","1050","1","0","13","25","0.18","0.88","72","28","FFEnemyShipNoColors12","FFEnemyShipNocolors8","1","1789","2024-04-17 17:26:32"
"test","FullPilot","2","88","1","1","95","39","1","1","550","1066","1","0","19","3","0.27","0.12","72","28","FFEnemyShipNoColors12","FFEnemyShipNocolors8","1","1884","2024-04-17 17:26:35"
"test","FullPilot","2","89","1","1","78","32","1","1","550","1050","1","0","19","5","0.27","0.18","72","28","FFEnemyShipNoColors12","FFEnemyShipNocolors8","1","1962","2024-04-17 17:26:38"
"test","FullPilot","2","90","1","1","73","29","1","1","533","1033","1","0","19","11","0.27","0.38","72","28","FFEnemyShipNoColors12","FFEnemyShipNocolors8","0","1962","2024-04-17 17:26:41"
"test","FullPilot","2","91","0","1","43","46","1","1","601","1116","1","0","17","19","0.27","0.5","62","38","FFEnemyShipNocolors3","FFEnemyShipNocolors1","1","2005","2024-04-17 17:26:44"
"test","FullPilot","2","92","0","1","49","29","1","1","616","1133","1","0","17","24","0.27","0.62","62","38","FFEnemyShipNocolors3","FFEnemyShipNocolors1","0","2005","2024-04-17 17:26:48"
"test","FullPilot","2","93","0","2","59","40","1","0","616","1133","1","0","17","28","0.27","0.73","62","38","FFEnemyShipNocolors3","FFEnemyShipNocolors1","0","2005","2024-04-17 17:26:51"
"test","FullPilot","2","94","0","2","76","52","1","0","616","1116","1","0","17","31","0.27","0.82","62","38","FFEnemyShipNocolors3","FFEnemyShipNocolors1","1","2057","2024-04-17 17:26:54"
"test","FullPilot","2","95","0","1","74","4","1","1","616","1117","1","0","17","33","0.27","0.88","62","38","FFEnemyShipNocolors3","FFEnemyShipNocolors1","0","2057","2024-04-17 17:26:58"
"test","FullPilot","2","96","1","2","52","21","1","0","550","1050","1","0","27","3","0.38","0.12","72","28","FFEnemyShipNoColors12","FFEnemyShipNocolors8","0","2057","2024-04-17 17:27:01"
"test","FullPilot","2","97","0","2","55","51","1","0","633","1134","1","0","24","7","0.38","0.18","62","38","FFEnemyShipNocolors3","FFEnemyShipNocolors1","0","2057","2024-04-17 17:27:04"
"test","FullPilot","2","98","1","1","84","9","1","1","533","1033","1","0","27","8","0.38","0.27","72","28","FFEnemyShipNoColors12","FFEnemyShipNocolors8","1","2141","2024-04-17 17:27:07"
"test","FullPilot","2","99","0","1","42","27","1","1","601","1117","1","0","24","19","0.38","0.5","62","38","FFEnemyShipNocolors3","FFEnemyShipNocolors1","1","2183","2024-04-17 17:27:10"
"test","FullPilot","2","100","1","2","37","44","1","0","516","1033","1","0","27","17","0.38","0.62","72","28","FFEnemyShipNoColors12","FFEnemyShipNocolors8","1","2227","2024-04-17 17:27:13"
"test","FullPilot","2","101","0","1","65","48","1","1","617","1133","1","0","24","28","0.38","0.73","62","38","FFEnemyShipNocolors3","FFEnemyShipNocolors1","0","2227","2024-04-17 17:27:17"
"test","FullPilot","2","102","1","2","64","20","1","0","532","1033","1","0","27","23","0.38","0.82","72","28","FFEnemyShipNoColors12","FFEnemyShipNocolors8","1","2247","2024-04-17 17:27:20"
"test","FullPilot","2","103","1","1","60","5","1","1","533","1033","1","0","27","25","0.38","0.88","72","28","FFEnemyShipNoColors12","FFEnemyShipNocolors8","1","2307","2024-04-17 17:27:23"
"test","FullPilot","2","104","0","1","65","53","1","1","633","1150","1","0","31","5","0.5","0.12","62","38","FFEnemyShipNocolors3","FFEnemyShipNocolors1","1","2372","2024-04-17 17:27:26"
"test","FullPilot","2","105","1","2","71","52","1","0","533","1033","1","0","36","5","0.5","0.18","72","28","FFEnemyShipNoColors12","FFEnemyShipNocolors8","0","2372","2024-04-17 17:27:30"
"test","FullPilot","2","106","0","1","45","68","1","1","633","1133","1","0","31","10","0.5","0.27","62","38","FFEnemyShipNocolors3","FFEnemyShipNocolors1","1","2417","2024-04-17 17:27:33"
"test","FullPilot","2","107","1","1","58","18","1","1","533","1033","1","0","36","11","0.5","0.38","72","28","FFEnemyShipNoColors12","FFEnemyShipNocolors8","0","2417","2024-04-17 17:27:36"
"test","FullPilot","2","108","0","1","87","13","1","1","616","1117","1","0","31","24","0.5","0.62","62","38","FFEnemyShipNocolors3","FFEnemyShipNocolors1","0","2417","2024-04-17 17:27:39"
"test","FullPilot","2","109","0","2","43","47","1","0","616","1117","1","0","31","28","0.5","0.73","62","38","FFEnemyShipNocolors3","FFEnemyShipNocolors1","1","2464","2024-04-17 17:27:43"
"test","FullPilot","2","110","1","1","43","27","1","1","533","1050","1","0","36","23","0.5","0.82","72","28","FFEnemyShipNoColors12","FFEnemyShipNocolors8","0","2464","2024-04-17 17:27:46"
"test","FullPilot","2","111","1","1","74","29","1","1","517","1017","1","0","36","25","0.5","0.88","72","28","FFEnemyShipNoColors12","FFEnemyShipNocolors8","0","2464","2024-04-17 17:27:49"
"test","FullPilot","2","112","1","2","59","30","1","0","550","1050","1","0","45","3","0.62","0.12","72","28","FFEnemyShipNoColors12","FFEnemyShipNocolors8","0","2464","2024-04-17 17:27:53"
"test","FullPilot","2","113","1","1","75","28","1","1","517","1017","1","0","45","5","0.62","0.18","72","28","FFEnemyShipNoColors12","FFEnemyShipNocolors8","0","2464","2024-04-17 17:27:56"
"test","FullPilot","2","114","0","1","59","43","1","1","616","1117","1","0","38","10","0.62","0.27","62","38","FFEnemyShipNocolors3","FFEnemyShipNocolors1","1","2523","2024-04-17 17:27:59"
"test","FullPilot","2","115","0","2","29","43","1","0","616","1116","1","0","38","14","0.62","0.38","62","38","FFEnemyShipNocolors3","FFEnemyShipNocolors1","1","2566","2024-04-17 17:28:02"
"test","FullPilot","2","116","1","2","66","31","1","0","517","1033","1","0","45","14","0.62","0.5","72","28","FFEnemyShipNoColors12","FFEnemyShipNocolors8","0","2566","2024-04-17 17:28:05"
"test","FullPilot","2","117","1","1","80","65","1","1","534","1034","1","0","45","20","0.62","0.73","72","28","FFEnemyShipNoColors12","FFEnemyShipNocolors8","1","2646","2024-04-17 17:28:09"
"test","FullPilot","2","118","1","2","100","54","1","0","533","1049","1","0","45","23","0.62","0.82","72","28","FFEnemyShipNoColors12","FFEnemyShipNocolors8","1","2700","2024-04-17 17:28:12"
"test","FullPilot","2","119","1","1","69","10","1","1","549","1049","1","0","45","25","0.62","0.88","72","28","FFEnemyShipNoColors12","FFEnemyShipNocolors8","1","2769","2024-04-17 17:28:15"
"test","FullPilot","2","120","1","2","80","3","1","0","534","1050","1","0","53","3","0.73","0.12","72","28","FFEnemyShipNoColors12","FFEnemyShipNocolors8","0","2769","2024-04-17 17:28:18"
"test","FullPilot","2","121","0","2","21","15","1","0","617","1116","1","0","45","7","0.73","0.18","62","38","FFEnemyShipNocolors3","FFEnemyShipNocolors1","0","2769","2024-04-17 17:28:21"
"test","FullPilot","2","122","1","2","42","29","1","0","533","1033","1","0","53","8","0.73","0.27","72","28","FFEnemyShipNoColors12","FFEnemyShipNocolors8","1","2798","2024-04-17 17:28:24"
"test","FullPilot","2","123","0","1","85","55","1","1","616","1116","1","0","45","14","0.73","0.38","62","38","FFEnemyShipNocolors3","FFEnemyShipNocolors1","1","2883","2024-04-17 17:28:28"
"test","FullPilot","2","124","1","2","90","15","1","0","533","1050","1","0","53","14","0.73","0.5","72","28","FFEnemyShipNoColors12","FFEnemyShipNocolors8","0","2883","2024-04-17 17:28:31"
"test","FullPilot","2","125","1","1","65","9","1","1","533","1033","1","0","53","17","0.73","0.62","72","28","FFEnemyShipNoColors12","FFEnemyShipNocolors8","1","2948","2024-04-17 17:28:34"
"test","FullPilot","2","126","0","2","60","38","1","0","600","1116","1","0","45","31","0.73","0.82","62","38","FFEnemyShipNocolors3","FFEnemyShipNocolors1","1","2986","2024-04-17 17:28:37"
"test","FullPilot","2","127","0","1","48","23","1","1","632","1133","1","0","45","33","0.73","0.88","62","38","FFEnemyShipNocolors3","FFEnemyShipNocolors1","1","3034","2024-04-17 17:28:40"
"test","FullPilot","2","128","0","1","61","43","1","1","633","1133","1","0","51","5","0.82","0.12","62","38","FFEnemyShipNocolors3","FFEnemyShipNocolors1","1","3095","2024-04-17 17:28:43"
"test","FullPilot","2","129","1","2","91","42","1","0","533","1050","1","0","59","5","0.82","0.18","72","28","FFEnemyShipNoColors12","FFEnemyShipNocolors8","0","3095","2024-04-17 17:28:47"
"test","FullPilot","2","130","1","2","81","48","1","0","517","1034","1","0","59","8","0.82","0.27","72","28","FFEnemyShipNoColors12","FFEnemyShipNocolors8","1","3143","2024-04-17 17:28:50"
"test","FullPilot","2","131","0","2","46","16","1","0","617","1117","1","0","51","14","0.82","0.38","62","38","FFEnemyShipNocolors3","FFEnemyShipNocolors1","0","3143","2024-04-17 17:28:53"
"test","FullPilot","2","132","0","2","86","59","1","0","617","1117","1","0","51","19","0.82","0.5","62","38","FFEnemyShipNocolors3","FFEnemyShipNocolors1","1","3202","2024-04-17 17:28:56"
"test","FullPilot","2","133","0","2","51","51","1","0","617","1133","1","0","51","24","0.82","0.62","62","38","FFEnemyShipNocolors3","FFEnemyShipNocolors1","1","3253","2024-04-17 17:28:59"
"test","FullPilot","2","134","0","2","68","48","1","0","633","1149","1","0","51","28","0.82","0.73","62","38","FFEnemyShipNocolors3","FFEnemyShipNocolors1","1","3301","2024-04-17 17:29:02"
"test","FullPilot","2","135","0","2","63","1","1","0","633","1133","1","0","51","33","0.82","0.88","62","38","FFEnemyShipNocolors3","FFEnemyShipNocolors1","1","3302","2024-04-17 17:29:05"
"test","FullPilot","2","136","0","1","69","52","1","1","617","1134","1","0","55","5","0.88","0.12","62","38","FFEnemyShipNocolors3","FFEnemyShipNocolors1","1","3371","2024-04-17 17:29:08"
"test","FullPilot","2","137","0","1","89","46","1","1","616","1116","1","0","55","7","0.88","0.18","62","38","FFEnemyShipNocolors3","FFEnemyShipNocolors1","1","3460","2024-04-17 17:29:12"
"test","FullPilot","2","138","0","1","59","14","1","1","616","1117","1","0","55","10","0.88","0.27","62","38","FFEnemyShipNocolors3","FFEnemyShipNocolors1","1","3519","2024-04-17 17:29:15"
"test","FullPilot","2","139","1","1","95","44","1","1","517","1033","1","0","63","11","0.88","0.38","72","28","FFEnemyShipNoColors12","FFEnemyShipNocolors8","1","3614","2024-04-17 17:29:18"
"test","FullPilot","2","140","0","1","49","15","1","1","617","1133","1","0","55","19","0.88","0.5","62","38","FFEnemyShipNocolors3","FFEnemyShipNocolors1","1","3663","2024-04-17 17:29:21"
"test","FullPilot","2","141","0","2","51","61","1","0","616","1116","1","0","55","24","0.88","0.62","62","38","FFEnemyShipNocolors3","FFEnemyShipNocolors1","0","3663","2024-04-17 17:29:24"
"test","FullPilot","2","142","1","1","64","56","1","1","550","1050","1","0","63","20","0.88","0.73","72","28","FFEnemyShipNoColors12","FFEnemyShipNocolors8","1","3727","2024-04-17 17:29:27"
"test","FullPilot","2","143","0","2","55","84","1","0","601","1101","1","0","55","31","0.88","0.82","62","38","FFEnemyShipNocolors3","FFEnemyShipNocolors1","1","3811","2024-04-17 17:29:30"
"test","FullPilot","0","0","-1","2","50","50","1","0","533","1033","1","0","6","37","0.12","0.73","50","50","FFEnemyNeutral","FFEnemyNeutral","1","50","2024-04-17 17:46:53"
"test","FullPilot","0","1","-1","2","50","50","1","0","533","1049","1","0","25","41","0.5","0.82","50","50","FFEnemyNeutral","FFEnemyNeutral","1","100","2024-04-17 17:46:55"
"test","FullPilot","0","2","-1","2","50","50","1","0","533","1033","1","0","44","31","0.88","0.62","50","50","FFEnemyNeutral","FFEnemyNeutral","1","150","2024-04-17 17:46:58"
"test","FullPilot","0","3","-1","2","50","50","1","0","533","1033","1","0","6","25","0.12","0.5","50","50","FFEnemyNeutral","FFEnemyNeutral","0","150","2024-04-17 17:47:01"
"test","FullPilot","0","4","-1","1","50","50","1","1","533","1050","1","0","14","6","0.27","0.12","50","50","FFEnemyNeutral","FFEnemyNeutral","0","150","2024-04-17 17:47:04"
"test","FullPilot","0","5","-1","1","50","50","1","1","533","1033","1","0","25","31","0.5","0.62","50","50","FFEnemyNeutral","FFEnemyNeutral","1","200","2024-04-17 17:47:07"
"test","FullPilot","0","6","-1","1","50","50","1","1","533","1050","1","0","41","6","0.82","0.12","50","50","FFEnemyNeutral","FFEnemyNeutral","1","250","2024-04-17 17:47:10"
"test","FullPilot","0","7","-1","2","50","50","1","0","533","1050","1","0","14","19","0.27","0.38","50","50","FFEnemyNeutral","FFEnemyNeutral","1","300","2024-04-17 17:47:13"
"test","FullPilot","0","8","-1","1","50","50","1","1","533","1033","1","0","44","37","0.88","0.73","50","50","FFEnemyNeutral","FFEnemyNeutral","1","350","2024-04-17 17:47:15"
"test","FullPilot","0","9","-1","1","50","50","1","1","550","1066","1","0","9","44","0.18","0.88","50","50","FFEnemyNeutral","FFEnemyNeutral","0","350","2024-04-17 17:47:18"
"test","FullPilot","0","10","-1","2","50","50","1","0","533","1033","1","0","9","14","0.18","0.27","50","50","FFEnemyNeutral","FFEnemyNeutral","0","350","2024-04-17 17:47:21"
"test","FullPilot","0","11","-1","2","50","50","1","0","533","1033","1","0","14","31","0.27","0.62","50","50","FFEnemyNeutral","FFEnemyNeutral","0","350","2024-04-17 17:47:24"
"test","FullPilot","0","12","-1","2","50","50","1","0","533","1033","1","0","31","19","0.62","0.38","50","50","FFEnemyNeutral","FFEnemyNeutral","1","400","2024-04-17 17:47:27"
"test","FullPilot","0","13","-1","1","50","50","1","1","533","1033","1","0","19","37","0.38","0.73","50","50","FFEnemyNeutral","FFEnemyNeutral","0","400","2024-04-17 17:47:30"
"test","FullPilot","0","14","-1","1","50","50","1","1","549","1050","1","0","9","25","0.18","0.5","50","50","FFEnemyNeutral","FFEnemyNeutral","0","400","2024-04-17 17:47:33"
"test","FullPilot","0","15","-1","1","50","50","1","1","550","1066","1","0","41","37","0.82","0.73","50","50","FFEnemyNeutral","FFEnemyNeutral","1","450","2024-04-17 17:47:36"
"test","FullPilot","0","16","-1","1","50","50","1","1","533","1050","1","0","41","9","0.82","0.18","50","50","FFEnemyNeutral","FFEnemyNeutral","1","500","2024-04-17 17:47:39"
"test","FullPilot","0","17","-1","1","50","50","1","1","533","1033","1","0","19","14","0.38","0.27","50","50","FFEnemyNeutral","FFEnemyNeutral","0","500","2024-04-17 17:47:42"
"test","FullPilot","0","18","-1","2","50","50","1","0","550","1050","1","0","9","37","0.18","0.73","50","50","FFEnemyNeutral","FFEnemyNeutral","1","550","2024-04-17 17:47:45"
"test","FullPilot","0","19","-1","1","50","50","1","1","550","1050","1","0","31","37","0.62","0.73","50","50","FFEnemyNeutral","FFEnemyNeutral","1","600","2024-04-17 17:47:47"
"test","FullPilot","0","20","-1","2","50","50","1","0","549","1050","1","0","9","19","0.18","0.38","50","50","FFEnemyNeutral","FFEnemyNeutral","0","600","2024-04-17 17:47:50"
"test","FullPilot","0","21","-1","2","50","50","1","0","533","1033","1","0","25","19","0.5","0.38","50","50","FFEnemyNeutral","FFEnemyNeutral","0","600","2024-04-17 17:47:53"
"test","FullPilot","0","22","-1","2","50","50","1","0","533","1033","1","0","37","9","0.73","0.18","50","50","FFEnemyNeutral","FFEnemyNeutral","0","600","2024-04-17 17:47:56"
"test","FullPilot","0","23","-1","1","50","50","1","1","550","1050","1","0","44","6","0.88","0.12","50","50","FFEnemyNeutral","FFEnemyNeutral","1","650","2024-04-17 17:47:59"
"test","FullPilot","0","24","-1","2","50","50","1","0","550","1050","1","0","19","9","0.38","0.18","50","50","FFEnemyNeutral","FFEnemyNeutral","0","650","2024-04-17 17:48:02"
"test","FullPilot","0","25","-1","1","50","50","1","1","550","1050","1","0","41","44","0.82","0.88","50","50","FFEnemyNeutral","FFEnemyNeutral","0","650","2024-04-17 17:48:05"
"test","FullPilot","0","26","-1","1","50","50","1","1","533","1033","1","0","44","19","0.88","0.38","50","50","FFEnemyNeutral","FFEnemyNeutral","0","650","2024-04-17 17:48:08"
"test","FullPilot","0","27","-1","2","50","50","1","0","516","1033","1","0","25","14","0.5","0.27","50","50","FFEnemyNeutral","FFEnemyNeutral","1","700","2024-04-17 17:48:11"
"test","FullPilot","0","28","-1","2","50","50","1","0","533","1033","1","0","31","44","0.62","0.88","50","50","FFEnemyNeutral","FFEnemyNeutral","1","750","2024-04-17 17:48:14"
"test","FullPilot","0","29","-1","2","50","50","1","0","533","1049","1","0","14","41","0.27","0.82","50","50","FFEnemyNeutral","FFEnemyNeutral","1","800","2024-04-17 17:48:17"
"test","FullPilot","0","30","-1","2","50","50","1","0","550","1067","1","0","37","14","0.73","0.27","50","50","FFEnemyNeutral","FFEnemyNeutral","1","850","2024-04-17 17:48:19"
"test","FullPilot","0","31","-1","1","50","50","1","1","533","1033","1","0","44","25","0.88","0.5","50","50","FFEnemyNeutral","FFEnemyNeutral","1","900","2024-04-17 17:48:22"
"test","FullPilot","0","32","-1","1","50","50","1","1","533","1050","1","0","37","19","0.73","0.38","50","50","FFEnemyNeutral","FFEnemyNeutral","1","950","2024-04-17 17:48:25"
"test","FullPilot","0","33","-1","2","50","50","1","0","533","1033","1","0","9","41","0.18","0.82","50","50","FFEnemyNeutral","FFEnemyNeutral","1","1000","2024-04-17 17:48:28"
"test","FullPilot","0","34","-1","2","50","50","1","0","533","1033","1","0","19","31","0.38","0.62","50","50","FFEnemyNeutral","FFEnemyNeutral","1","1050","2024-04-17 17:48:31"
"test","FullPilot","0","35","-1","2","50","50","1","0","533","1050","1","0","44","9","0.88","0.18","50","50","FFEnemyNeutral","FFEnemyNeutral","0","1050","2024-04-17 17:48:33"
"test","FullPilot","0","36","-1","1","50","50","1","1","550","1050","1","0","31","14","0.62","0.27","50","50","FFEnemyNeutral","FFEnemyNeutral","0","1050","2024-04-17 17:48:36"
"test","FullPilot","0","37","-1","2","50","50","1","0","533","1050","1","0","25","44","0.5","0.88","50","50","FFEnemyNeutral","FFEnemyNeutral","0","1050","2024-04-17 17:48:40"
"test","FullPilot","0","38","-1","2","50","50","1","0","549","1049","1","0","6","41","0.12","0.82","50","50","FFEnemyNeutral","FFEnemyNeutral","0","1050","2024-04-17 17:48:43"
"test","FullPilot","0","39","-1","2","50","50","1","0","550","1050","1","0","31","41","0.62","0.82","50","50","FFEnemyNeutral","FFEnemyNeutral","1","1100","2024-04-17 17:48:45"
"test","FullPilot","0","40","-1","2","50","50","1","0","550","1050","1","0","41","14","0.82","0.27","50","50","FFEnemyNeutral","FFEnemyNeutral","0","1100","2024-04-17 17:48:48"
"test","FullPilot","0","41","-1","2","50","50","1","0","533","1033","1","0","19","44","0.38","0.88","50","50","FFEnemyNeutral","FFEnemyNeutral","1","1150","2024-04-17 17:48:51"
"test","FullPilot","0","42","-1","2","50","50","1","0","550","1050","1","0","6","9","0.12","0.18","50","50","FFEnemyNeutral","FFEnemyNeutral","1","1200","2024-04-17 17:48:54"
"test","FullPilot","0","43","-1","1","50","50","1","1","549","1049","1","0","37","31","0.73","0.62","50","50","FFEnemyNeutral","FFEnemyNeutral","0","1200","2024-04-17 17:48:57"
"test","FullPilot","0","44","-1","1","50","50","1","1","533","1050","1","0","14","9","0.27","0.18","50","50","FFEnemyNeutral","FFEnemyNeutral","0","1200","2024-04-17 17:49:00"
"test","FullPilot","0","45","-1","2","50","50","1","0","533","1033","1","0","37","44","0.73","0.88","50","50","FFEnemyNeutral","FFEnemyNeutral","1","1250","2024-04-17 17:49:03"
"test","FullPilot","0","46","-1","2","50","50","1","0","516","1033","1","0","37","41","0.73","0.82","50","50","FFEnemyNeutral","FFEnemyNeutral","1","1300","2024-04-17 17:49:06"
"test","FullPilot","0","47","-1","1","50","50","1","1","533","1033","1","0","9","6","0.18","0.12","50","50","FFEnemyNeutral","FFEnemyNeutral","0","1300","2024-04-17 17:49:08"
"test","FullPilot","0","48","-1","1","50","50","1","1","533","1033","1","0","6","44","0.12","0.88","50","50","FFEnemyNeutral","FFEnemyNeutral","0","1300","2024-04-17 17:49:11"
"test","FullPilot","0","49","-1","2","50","50","1","0","550","1050","1","0","14","37","0.27","0.73","50","50","FFEnemyNeutral","FFEnemyNeutral","0","1300","2024-04-17 17:49:14"
"test","FullPilot","0","50","-1","1","50","50","1","1","549","1050","1","0","25","9","0.5","0.18","50","50","FFEnemyNeutral","FFEnemyNeutral","1","1350","2024-04-17 17:49:17"
"test","FullPilot","0","51","-1","1","50","50","1","1","533","1033","1","0","41","19","0.82","0.38","50","50","FFEnemyNeutral","FFEnemyNeutral","1","1400","2024-04-17 17:49:20"
"test","FullPilot","0","52","-1","2","50","50","1","0","550","1050","1","0","9","31","0.18","0.62","50","50","FFEnemyNeutral","FFEnemyNeutral","1","1450","2024-04-17 17:49:23"
"test","FullPilot","0","53","-1","2","50","50","1","0","533","1033","1","0","19","41","0.38","0.82","50","50","FFEnemyNeutral","FFEnemyNeutral","1","1500","2024-04-17 17:49:26"
"test","FullPilot","0","54","-1","1","50","50","1","1","533","1033","1","0","37","25","0.73","0.5","50","50","FFEnemyNeutral","FFEnemyNeutral","1","1550","2024-04-17 17:49:28"
"test","FullPilot","0","55","-1","1","50","50","1","1","533","1033","1","0","31","6","0.62","0.12","50","50","FFEnemyNeutral","FFEnemyNeutral","1","1600","2024-04-17 17:49:31"
"test","FullPilot","0","56","-1","1","50","50","1","1","533","1033","1","0","31","9","0.62","0.18","50","50","FFEnemyNeutral","FFEnemyNeutral","0","1600","2024-04-17 17:49:34"
"test","FullPilot","0","57","-1","1","50","50","1","1","549","1049","1","0","44","14","0.88","0.27","50","50","FFEnemyNeutral","FFEnemyNeutral","0","1600","2024-04-17 17:49:37"
"test","FullPilot","0","58","-1","2","50","50","1","0","516","1033","1","0","25","37","0.5","0.73","50","50","FFEnemyNeutral","FFEnemyNeutral","1","1650","2024-04-17 17:49:40"
"test","FullPilot","0","59","-1","2","50","50","1","0","550","1050","1","0","41","31","0.82","0.62","50","50","FFEnemyNeutral","FFEnemyNeutral","1","1700","2024-04-17 17:49:43"
"test","FullPilot","0","60","-1","1","50","50","1","1","533","1033","1","0","41","25","0.82","0.5","50","50","FFEnemyNeutral","FFEnemyNeutral","1","1750","2024-04-17 17:49:46"
"test","FullPilot","0","61","-1","2","50","50","1","0","533","1033","1","0","14","44","0.27","0.88","50","50","FFEnemyNeutral","FFEnemyNeutral","1","1800","2024-04-17 17:49:48"
"test","FullPilot","0","62","-1","2","50","50","1","0","533","1034","1","0","14","25","0.27","0.5","50","50","FFEnemyNeutral","FFEnemyNeutral","1","1850","2024-04-17 17:49:51"
"test","FullPilot","0","63","-1","1","50","50","1","1","533","1033","1","0","6","19","0.12","0.38","50","50","FFEnemyNeutral","FFEnemyNeutral","0","1850","2024-04-17 17:49:54"
"test","FullPilot","0","64","-1","2","50","50","1","0","533","1049","1","0","25","6","0.5","0.12","50","50","FFEnemyNeutral","FFEnemyNeutral","0","1850","2024-04-17 17:49:57"
"test","FullPilot","0","65","-1","2","50","50","1","0","549","1050","1","0","31","25","0.62","0.5","50","50","FFEnemyNeutral","FFEnemyNeutral","0","1850","2024-04-17 17:50:00"
"test","FullPilot","0","66","-1","1","50","50","1","1","533","1033","1","0","44","41","0.88","0.82","50","50","FFEnemyNeutral","FFEnemyNeutral","1","1900","2024-04-17 17:50:03"
"test","FullPilot","0","67","-1","1","50","50","1","1","550","1050","1","0","6","31","0.12","0.62","50","50","FFEnemyNeutral","FFEnemyNeutral","0","1900","2024-04-17 17:50:06"
"test","FullPilot","0","68","-1","1","50","50","1","1","549","1048","1","0","37","6","0.73","0.12","50","50","FFEnemyNeutral","FFEnemyNeutral","1","1950","2024-04-17 17:50:09"
"test","FullPilot","0","69","-1","1","50","50","1","1","533","1033","1","0","19","6","0.38","0.12","50","50","FFEnemyNeutral","FFEnemyNeutral","0","1950","2024-04-17 17:50:12"
"test","FullPilot","0","70","-1","2","50","50","1","0","532","1032","1","0","6","14","0.12","0.27","50","50","FFEnemyNeutral","FFEnemyNeutral","0","1950","2024-04-17 17:50:15"
"test","FullPilot","0","71","-1","2","50","50","1","0","516","1033","1","0","19","25","0.38","0.5","50","50","FFEnemyNeutral","FFEnemyNeutral","0","1950","2024-04-17 17:50:17"
"test456","FullPilot","0","0","-1","2","50","50","1","0","549","1066","1","0","19","25","0.38","0.5","50","50","FFEnemyNeutral","FFEnemyNeutral","1","50","2024-04-17 17:55:24"
"test456","FullPilot","0","1","-1","1","50","50","1","1","550","1050","1","0","19","41","0.38","0.82","50","50","FFEnemyNeutral","FFEnemyNeutral","0","50","2024-04-17 17:55:27"
"test456","FullPilot","0","2","-1","2","50","50","1","0","533","1050","1","0","25","37","0.5","0.73","50","50","FFEnemyNeutral","FFEnemyNeutral","1","100","2024-04-17 17:55:30"
"test456","FullPilot","0","3","-1","1","50","50","1","1","533","1033","1","0","31","14","0.62","0.27","50","50","FFEnemyNeutral","FFEnemyNeutral","1","150","2024-04-17 17:55:32"
"test456","FullPilot","0","4","-1","2","50","50","1","0","533","1033","1","0","25","9","0.5","0.18","50","50","FFEnemyNeutral","FFEnemyNeutral","0","150","2024-04-17 17:55:35"
"test456","FullPilot","0","5","-1","1","50","50","1","1","533","1033","1","0","37","25","0.73","0.5","50","50","FFEnemyNeutral","FFEnemyNeutral","1","200","2024-04-17 17:55:38"
"test456","FullPilot","0","6","-1","2","50","50","1","0","516","1033","1","0","41","9","0.82","0.18","50","50","FFEnemyNeutral","FFEnemyNeutral","0","200","2024-04-17 17:55:41"
"test456","FullPilot","0","7","-1","2","50","50","1","0","533","1033","1","0","41","31","0.82","0.62","50","50","FFEnemyNeutral","FFEnemyNeutral","1","250","2024-04-17 17:55:44"
"test456","FullPilot","0","8","-1","1","50","50","1","1","516","1033","1","0","6","19","0.12","0.38","50","50","FFEnemyNeutral","FFEnemyNeutral","0","250","2024-04-17 17:55:47"
"test456","FullPilot","0","9","-1","2","50","50","1","0","533","1033","1","0","6","9","0.12","0.18","50","50","FFEnemyNeutral","FFEnemyNeutral","0","250","2024-04-17 17:55:50"
"test456","FullPilot","0","10","-1","1","50","50","1","1","549","1049","1","0","41","44","0.82","0.88","50","50","FFEnemyNeutral","FFEnemyNeutral","0","250","2024-04-17 17:55:53"
"test456","FullPilot","0","11","-1","1","50","50","1","1","550","1050","1","0","41","6","0.82","0.12","50","50","FFEnemyNeutral","FFEnemyNeutral","1","300","2024-04-17 17:55:56"
"test456","FullPilot","0","12","-1","2","50","50","1","0","533","1033","1","0","37","6","0.73","0.12","50","50","FFEnemyNeutral","FFEnemyNeutral","0","300","2024-04-17 17:55:59"
"test456","FullPilot","0","13","-1","2","50","50","1","0","533","1033","1","0","37","31","0.73","0.62","50","50","FFEnemyNeutral","FFEnemyNeutral","0","300","2024-04-17 17:56:02"
"test456","FullPilot","0","14","-1","1","50","50","1","1","533","1033","1","0","41","14","0.82","0.27","50","50","FFEnemyNeutral","FFEnemyNeutral","1","350","2024-04-17 17:56:05"
"test456","FullPilot","0","15","-1","2","50","50","1","0","533","1033","1","0","44","19","0.88","0.38","50","50","FFEnemyNeutral","FFEnemyNeutral","1","400","2024-04-17 17:56:07"
"test456","FullPilot","0","16","-1","1","50","50","1","1","550","1050","1","0","14","31","0.27","0.62","50","50","FFEnemyNeutral","FFEnemyNeutral","0","400","2024-04-17 17:56:10"
"test456","FullPilot","0","17","-1","2","50","50","1","0","533","1033","1","0","44","6","0.88","0.12","50","50","FFEnemyNeutral","FFEnemyNeutral","0","400","2024-04-17 17:56:13"
"test456","FullPilot","0","18","-1","2","50","50","1","0","550","1050","1","0","14","19","0.27","0.38","50","50","FFEnemyNeutral","FFEnemyNeutral","0","400","2024-04-17 17:56:16"
"test456","FullPilot","0","19","-1","2","50","50","1","0","549","1066","1","0","14","25","0.27","0.5","50","50","FFEnemyNeutral","FFEnemyNeutral","0","400","2024-04-17 17:56:19"
"test456","FullPilot","0","20","-1","1","50","50","1","1","533","1033","1","0","25","44","0.5","0.88","50","50","FFEnemyNeutral","FFEnemyNeutral","1","450","2024-04-17 17:56:22"
"test456","FullPilot","0","21","-1","2","50","50","1","0","533","1049","1","0","44","25","0.88","0.5","50","50","FFEnemyNeutral","FFEnemyNeutral","0","450","2024-04-17 17:56:25"
"test456","FullPilot","0","22","-1","1","50","50","1","1","550","1049","1","0","44","37","0.88","0.73","50","50","FFEnemyNeutral","FFEnemyNeutral","1","500","2024-04-17 17:56:28"
"test456","FullPilot","0","23","-1","2","50","50","1","0","533","1033","1","0","44","31","0.88","0.62","50","50","FFEnemyNeutral","FFEnemyNeutral","1","550","2024-04-17 17:56:31"
"test456","FullPilot","0","24","-1","1","50","50","1","1","533","1033","1","0","19","14","0.38","0.27","50","50","FFEnemyNeutral","FFEnemyNeutral","0","550","2024-04-17 17:56:34"
"test456","FullPilot","0","25","-1","1","50","50","1","1","550","1066","1","0","37","14","0.73","0.27","50","50","FFEnemyNeutral","FFEnemyNeutral","1","600","2024-04-17 17:56:36"
"test456","FullPilot","0","26","-1","1","50","50","1","1","550","1050","1","0","31","41","0.62","0.82","50","50","FFEnemyNeutral","FFEnemyNeutral","0","600","2024-04-17 17:56:39"
"test456","FullPilot","0","27","-1","1","50","50","1","1","550","1067","1","0","9","19","0.18","0.38","50","50","FFEnemyNeutral","FFEnemyNeutral","0","600","2024-04-17 17:56:42"
"test456","FullPilot","0","28","-1","2","50","50","1","0","533","1049","1","0","19","44","0.38","0.88","50","50","FFEnemyNeutral","FFEnemyNeutral","1","650","2024-04-17 17:56:45"
"test456","FullPilot","0","29","-1","2","50","50","1","0","533","1033","1","0","19","31","0.38","0.62","50","50","FFEnemyNeutral","FFEnemyNeutral","0","650","2024-04-17 17:56:48"
"test456","FullPilot","0","30","-1","2","50","50","1","0","550","1050","1","0","9","14","0.18","0.27","50","50","FFEnemyNeutral","FFEnemyNeutral","0","650","2024-04-17 17:56:51"
"test456","FullPilot","0","31","-1","1","50","50","1","1","533","1033","1","0","37","41","0.73","0.82","50","50","FFEnemyNeutral","FFEnemyNeutral","0","650","2024-04-17 17:56:54"
"test456","FullPilot","0","32","-1","2","50","50","1","0","516","1032","1","0","41","19","0.82","0.38","50","50","FFEnemyNeutral","FFEnemyNeutral","0","650","2024-04-17 17:56:57"
"test456","FullPilot","0","33","-1","1","50","50","1","1","533","1033","1","0","31","37","0.62","0.73","50","50","FFEnemyNeutral","FFEnemyNeutral","1","700","2024-04-17 17:57:00"
"test456","FullPilot","0","34","-1","1","50","50","1","1","549","1049","1","0","14","9","0.27","0.18","50","50","FFEnemyNeutral","FFEnemyNeutral","0","700","2024-04-17 17:57:03"
"test456","FullPilot","0","35","-1","1","50","50","1","1","515","1031","1","0","37","44","0.73","0.88","50","50","FFEnemyNeutral","FFEnemyNeutral","1","750","2024-04-17 17:57:06"
"test456","FullPilot","0","36","-1","2","50","50","1","0","517","1033","1","0","9","41","0.18","0.82","50","50","FFEnemyNeutral","FFEnemyNeutral","1","800","2024-04-17 17:57:09"
"test456","FullPilot","0","37","-1","2","50","50","1","0","533","1033","1","0","9","31","0.18","0.62","50","50","FFEnemyNeutral","FFEnemyNeutral","0","800","2024-04-17 17:57:12"
"test456","FullPilot","0","38","-1","1","50","50","1","1","533","1050","1","0","19","37","0.38","0.73","50","50","FFEnemyNeutral","FFEnemyNeutral","0","800","2024-04-17 17:57:15"
"test456","FullPilot","0","39","-1","1","50","50","1","1","533","1033","1","0","31","25","0.62","0.5","50","50","FFEnemyNeutral","FFEnemyNeutral","0","800","2024-04-17 17:57:18"
"test456","FullPilot","0","40","-1","1","50","50","1","1","533","1049","1","0","25","19","0.5","0.38","50","50","FFEnemyNeutral","FFEnemyNeutral","0","800","2024-04-17 17:57:21"
"test456","FullPilot","0","41","-1","1","50","50","1","1","516","1033","1","0","44","14","0.88","0.27","50","50","FFEnemyNeutral","FFEnemyNeutral","1","850","2024-04-17 17:57:24"
"test456","FullPilot","0","42","-1","2","50","50","1","0","550","1050","1","0","6","37","0.12","0.73","50","50","FFEnemyNeutral","FFEnemyNeutral","1","900","2024-04-17 17:57:26"
"test456","FullPilot","0","43","-1","1","50","50","1","1","550","1050","1","0","19","9","0.38","0.18","50","50","FFEnemyNeutral","FFEnemyNeutral","0","900","2024-04-17 17:57:29"
"test456","FullPilot","0","44","-1","2","50","50","1","0","533","1050","1","0","6","44","0.12","0.88","50","50","FFEnemyNeutral","FFEnemyNeutral","1","950","2024-04-17 17:57:32"
"test456","FullPilot","0","45","-1","2","50","50","1","0","533","1050","1","0","9","25","0.18","0.5","50","50","FFEnemyNeutral","FFEnemyNeutral","0","950","2024-04-17 17:57:35"
"test456","FullPilot","0","46","-1","1","50","50","1","1","533","1050","1","0","25","14","0.5","0.27","50","50","FFEnemyNeutral","FFEnemyNeutral","0","950","2024-04-17 17:57:38"
"test456","FullPilot","0","47","-1","2","50","50","1","0","516","1033","1","0","6","41","0.12","0.82","50","50","FFEnemyNeutral","FFEnemyNeutral","1","1000","2024-04-17 17:57:41"
"test456","FullPilot","0","48","-1","2","50","50","1","0","533","1034","1","0","37","19","0.73","0.38","50","50","FFEnemyNeutral","FFEnemyNeutral","1","1050","2024-04-17 17:57:44"
"test456","FullPilot","0","49","-1","1","50","50","1","1","550","1050","1","0","14","44","0.27","0.88","50","50","FFEnemyNeutral","FFEnemyNeutral","0","1050","2024-04-17 17:57:47"
"test456","FullPilot","0","50","-1","2","50","50","1","0","550","1066","1","0","9","44","0.18","0.88","50","50","FFEnemyNeutral","FFEnemyNeutral","1","1100","2024-04-17 17:57:50"
"test456","FullPilot","0","51","-1","2","50","50","1","0","550","1050","1","0","6","25","0.12","0.5","50","50","FFEnemyNeutral","FFEnemyNeutral","0","1100","2024-04-17 17:57:52"
"test456","FullPilot","0","52","-1","1","50","50","1","1","533","1033","1","0","25","6","0.5","0.12","50","50","FFEnemyNeutral","FFEnemyNeutral","0","1100","2024-04-17 17:57:55"
"test456","FullPilot","0","53","-1","1","50","50","1","1","517","1033","1","0","14","37","0.27","0.73","50","50","FFEnemyNeutral","FFEnemyNeutral","0","1100","2024-04-17 17:57:58"
"test456","FullPilot","0","54","-1","2","50","50","1","0","533","1033","1","0","25","41","0.5","0.82","50","50","FFEnemyNeutral","FFEnemyNeutral","1","1150","2024-04-17 17:58:01"
"test456","FullPilot","0","55","-1","2","50","50","1","0","533","1033","1","0","14","6","0.27","0.12","50","50","FFEnemyNeutral","FFEnemyNeutral","0","1150","2024-04-17 17:58:04"
"test456","FullPilot","0","56","-1","2","50","50","1","0","533","1049","1","0","19","6","0.38","0.12","50","50","FFEnemyNeutral","FFEnemyNeutral","1","1200","2024-04-17 17:58:07"
"test456","FullPilot","0","57","-1","2","50","50","1","0","533","1049","1","0","9","6","0.18","0.12","50","50","FFEnemyNeutral","FFEnemyNeutral","1","1250","2024-04-17 17:58:10"
"test456","FullPilot","0","58","-1","2","50","50","1","0","550","1050","1","0","9","37","0.18","0.73","50","50","FFEnemyNeutral","FFEnemyNeutral","1","1300","2024-04-17 17:58:13"
"test456","FullPilot","0","59","-1","2","50","50","1","0","533","1033","1","0","6","14","0.12","0.27","50","50","FFEnemyNeutral","FFEnemyNeutral","0","1300","2024-04-17 17:58:16"
"test456","FullPilot","0","60","-1","1","50","50","1","1","516","1033","1","0","44","41","0.88","0.82","50","50","FFEnemyNeutral","FFEnemyNeutral","1","1350","2024-04-17 17:58:18"
"test456","FullPilot","0","61","-1","1","50","50","1","1","517","1033","1","0","31","9","0.62","0.18","50","50","FFEnemyNeutral","FFEnemyNeutral","0","1350","2024-04-17 17:58:21"
"test456","FullPilot","0","62","-1","2","50","50","1","0","532","1049","1","0","31","44","0.62","0.88","50","50","FFEnemyNeutral","FFEnemyNeutral","1","1400","2024-04-17 17:58:24"
"test456","FullPilot","0","63","-1","2","50","50","1","0","550","1050","1","0","31","6","0.62","0.12","50","50","FFEnemyNeutral","FFEnemyNeutral","0","1400","2024-04-17 17:58:27"
"test456","FullPilot","0","64","-1","2","50","50","1","0","533","1033","1","0","25","31","0.5","0.62","50","50","FFEnemyNeutral","FFEnemyNeutral","0","1400","2024-04-17 17:58:30"
"test456","FullPilot","0","65","-1","1","50","50","1","1","533","1033","1","0","41","37","0.82","0.73","50","50","FFEnemyNeutral","FFEnemyNeutral","0","1400","2024-04-17 17:58:33"
"test456","FullPilot","0","66","-1","1","50","50","1","1","518","1033","1","0","14","41","0.27","0.82","50","50","FFEnemyNeutral","FFEnemyNeutral","0","1400","2024-04-17 17:58:36"
"test456","FullPilot","0","67","-1","2","50","50","1","0","549","1049","1","0","31","19","0.62","0.38","50","50","FFEnemyNeutral","FFEnemyNeutral","0","1400","2024-04-17 17:58:39"
"test456","FullPilot","0","68","-1","2","50","50","1","0","550","1050","1","0","41","25","0.82","0.5","50","50","FFEnemyNeutral","FFEnemyNeutral","1","1450","2024-04-17 17:58:42"
"test456","FullPilot","0","69","-1","1","50","50","1","1","516","1033","1","0","6","31","0.12","0.62","50","50","FFEnemyNeutral","FFEnemyNeutral","0","1450","2024-04-17 17:58:45"
"test456","FullPilot","0","70","-1","2","50","50","1","0","550","1050","1","0","37","9","0.73","0.18","50","50","FFEnemyNeutral","FFEnemyNeutral","0","1450","2024-04-17 17:58:48"
"test456","FullPilot","0","71","-1","2","50","50","1","0","549","1050","1","0","44","9","0.88","0.18","50","50","FFEnemyNeutral","FFEnemyNeutral","0","1450","2024-04-17 17:58:51"
"test456","FullPilot","1","0","-2","1","83","8","1","1","616","1115","1","0","67","33","1","1","67","33","FFEnemyShipNocolors5","FFEnemyShipNocolors2","1","83","2024-04-17 18:00:02"
"test456","FullPilot","1","1","-2","2","83","30","1","0","600","1116","1","0","67","33","1","1","67","33","FFEnemyShipNocolors5","FFEnemyShipNocolors2","1","113","2024-04-17 18:00:06"
"test456","FullPilot","1","2","-2","1","78","46","1","1","616","1116","1","0","67","33","1","1","67","33","FFEnemyShipNocolors5","FFEnemyShipNocolors2","1","191","2024-04-17 18:00:09"
"test456","FullPilot","1","3","-2","2","76","38","1","0","616","1116","1","0","67","33","1","1","67","33","FFEnemyShipNocolors5","FFEnemyShipNocolors2","1","229","2024-04-17 18:00:12"
"test456","FullPilot","1","4","-2","1","64","11","1","1","616","1116","1","0","67","33","1","1","67","33","FFEnemyShipNocolors5","FFEnemyShipNocolors2","1","293","2024-04-17 18:00:15"
"test456","FullPilot","1","5","-2","1","45","40","1","1","616","1117","1","0","67","33","1","1","67","33","FFEnemyShipNocolors5","FFEnemyShipNocolors2","1","338","2024-04-17 18:00:18"
"test456","FullPilot","1","6","-2","2","29","19","1","0","616","1116","1","0","67","33","1","1","67","33","FFEnemyShipNocolors5","FFEnemyShipNocolors2","1","357","2024-04-17 18:00:21"
"test456","FullPilot","1","7","-2","2","71","46","1","0","616","1133","1","0","67","33","1","1","67","33","FFEnemyShipNocolors5","FFEnemyShipNocolors2","1","403","2024-04-17 18:00:24"
"test456","FullPilot","1","8","-2","2","71","41","1","0","616","1116","1","0","67","33","1","1","67","33","FFEnemyShipNocolors5","FFEnemyShipNocolors2","1","444","2024-04-17 18:00:27"
"test456","FullPilot","1","9","-2","1","100","36","1","1","621","1121","1","0","67","33","1","1","67","33","FFEnemyShipNocolors5","FFEnemyShipNocolors2","1","544","2024-04-17 18:00:30"
"test456","FullPilot","1","10","-2","2","32","47","1","0","633","1133","1","0","67","33","1","1","67","33","FFEnemyShipNocolors5","FFEnemyShipNocolors2","1","591","2024-04-17 18:00:33"
"test456","FullPilot","1","11","-2","2","89","22","1","0","616","1116","1","0","67","33","1","1","67","33","FFEnemyShipNocolors5","FFEnemyShipNocolors2","1","613","2024-04-17 18:00:37"
"test456","FullPilot","1","12","-2","1","85","88","1","1","633","1150","1","0","67","33","1","1","67","33","FFEnemyShipNocolors5","FFEnemyShipNocolors2","1","698","2024-04-17 18:00:40"
"test456","FullPilot","1","13","-2","2","60","25","1","0","633","1133","1","0","67","33","1","1","67","33","FFEnemyShipNocolors5","FFEnemyShipNocolors2","1","723","2024-04-17 18:00:43"
"test456","FullPilot","1","14","-2","2","71","13","1","0","616","1116","1","0","67","33","1","1","67","33","FFEnemyShipNocolors5","FFEnemyShipNocolors2","1","736","2024-04-17 18:00:46"
"test456","FullPilot","1","15","-2","1","23","12","1","1","616","1116","1","0","67","33","1","1","67","33","FFEnemyShipNocolors5","FFEnemyShipNocolors2","1","759","2024-04-17 18:00:49"
"test456","FullPilot","1","16","-2","2","77","25","1","0","617","1133","1","0","67","33","1","1","67","33","FFEnemyShipNocolors5","FFEnemyShipNocolors2","1","784","2024-04-17 18:00:52"
"test456","FullPilot","1","17","-2","2","51","33","1","0","616","1116","1","0","67","33","1","1","67","33","FFEnemyShipNocolors5","FFEnemyShipNocolors2","1","817","2024-04-17 18:00:55"
"test456","FullPilot","1","18","-2","2","40","48","1","0","616","1116","1","0","67","33","1","1","67","33","FFEnemyShipNocolors5","FFEnemyShipNocolors2","1","865","2024-04-17 18:00:58"
"test456","FullPilot","1","19","-2","1","95","46","1","1","616","1116","1","0","67","33","1","1","67","33","FFEnemyShipNocolors5","FFEnemyShipNocolors2","1","960","2024-04-17 18:01:01"
"test456","FullPilot","1","20","-2","1","57","41","1","1","616","1133","1","0","67","33","1","1","67","33","FFEnemyShipNocolors5","FFEnemyShipNocolors2","1","1017","2024-04-17 18:01:04"
"test456","FullPilot","1","21","-2","2","96","19","1","0","616","1133","1","0","67","33","1","1","67","33","FFEnemyShipNocolors5","FFEnemyShipNocolors2","1","1036","2024-04-17 18:01:07"
"test456","FullPilot","1","22","-2","1","84","49","1","1","616","1116","1","0","67","33","1","1","67","33","FFEnemyShipNocolors5","FFEnemyShipNocolors2","1","1120","2024-04-17 18:01:11"
"test456","FullPilot","1","23","-2","2","60","57","1","0","616","1116","1","0","67","33","1","1","67","33","FFEnemyShipNocolors5","FFEnemyShipNocolors2","1","1177","2024-04-17 18:01:14"
"test456","FullPilot","1","24","-2","1","67","4","1","1","616","1133","1","0","67","33","1","1","67","33","FFEnemyShipNocolors5","FFEnemyShipNocolors2","1","1244","2024-04-17 18:01:17"
"test456","FullPilot","1","25","-2","1","44","57","1","1","616","1116","1","0","67","33","1","1","67","33","FFEnemyShipNocolors5","FFEnemyShipNocolors2","1","1288","2024-04-17 18:01:20"
"test456","FullPilot","1","26","-2","1","52","4","1","1","616","1116","1","0","67","33","1","1","67","33","FFEnemyShipNocolors5","FFEnemyShipNocolors2","1","1340","2024-04-17 18:01:23"
"test456","FullPilot","1","27","-2","2","64","74","1","0","616","1116","1","0","67","33","1","1","67","33","FFEnemyShipNocolors5","FFEnemyShipNocolors2","1","1414","2024-04-17 18:01:26"
"test456","FullPilot","1","28","-2","2","63","44","1","0","617","1128","1","0","67","33","1","1","67","33","FFEnemyShipNocolors5","FFEnemyShipNocolors2","1","1458","2024-04-17 18:01:29"
"test456","FullPilot","1","29","-2","1","65","14","1","1","600","1116","1","0","67","33","1","1","67","33","FFEnemyShipNocolors5","FFEnemyShipNocolors2","1","1523","2024-04-17 18:01:32"
"test456","FullPilot","1","30","-2","1","65","30","1","1","616","1133","1","0","67","33","1","1","67","33","FFEnemyShipNocolors5","FFEnemyShipNocolors2","1","1588","2024-04-17 18:01:35"
"test456","FullPilot","1","31","-2","2","93","51","1","0","616","1133","1","0","67","33","1","1","67","33","FFEnemyShipNocolors5","FFEnemyShipNocolors2","1","1639","2024-04-17 18:01:38"
"test456","FullPilot","1","32","-2","2","78","20","1","0","600","1116","1","0","67","33","1","1","67","33","FFEnemyShipNocolors5","FFEnemyShipNocolors2","1","1659","2024-04-17 18:01:42"
"test456","FullPilot","1","33","-2","2","34","71","1","0","600","1116","1","0","67","33","1","1","67","33","FFEnemyShipNocolors5","FFEnemyShipNocolors2","1","1730","2024-04-17 18:01:45"
"test456","FullPilot","1","34","-2","2","82","24","1","0","616","1116","1","0","67","33","1","1","67","33","FFEnemyShipNocolors5","FFEnemyShipNocolors2","1","1754","2024-04-17 18:01:48"
"test456","FullPilot","1","35","-2","1","74","28","1","1","616","1133","1","0","67","33","1","1","67","33","FFEnemyShipNocolors5","FFEnemyShipNocolors2","1","1828","2024-04-17 18:01:51"
"test456","FullPilot","1","36","-2","2","75","51","1","0","600","1116","1","0","67","33","1","1","67","33","FFEnemyShipNocolors5","FFEnemyShipNocolors2","1","1879","2024-04-17 18:01:54"
"test456","FullPilot","1","37","-2","2","43","31","1","0","616","1133","1","0","67","33","1","1","67","33","FFEnemyShipNocolors5","FFEnemyShipNocolors2","1","1910","2024-04-17 18:01:57"
"test456","FullPilot","1","38","-2","1","69","53","1","1","633","1133","1","0","67","33","1","1","67","33","FFEnemyShipNocolors5","FFEnemyShipNocolors2","1","1979","2024-04-17 18:02:00"
"test456","FullPilot","1","39","-2","1","66","18","1","1","633","1133","1","0","67","33","1","1","67","33","FFEnemyShipNocolors5","FFEnemyShipNocolors2","1","2045","2024-04-17 18:02:03"
"test456","FullPilot","1","40","-2","2","86","39","1","0","616","1133","1","0","67","33","1","1","67","33","FFEnemyShipNocolors5","FFEnemyShipNocolors2","1","2084","2024-04-17 18:02:06"
"test456","FullPilot","1","41","-2","1","83","40","1","1","600","1116","1","0","67","33","1","1","67","33","FFEnemyShipNocolors5","FFEnemyShipNocolors2","1","2167","2024-04-17 18:02:09"
"test456","FullPilot","1","42","-2","2","68","37","1","0","633","1150","1","0","67","33","1","1","67","33","FFEnemyShipNocolors5","FFEnemyShipNocolors2","1","2204","2024-04-17 18:02:13"
"test456","FullPilot","1","43","-2","1","57","58","1","1","616","1133","1","0","67","33","1","1","67","33","FFEnemyShipNocolors5","FFEnemyShipNocolors2","1","2261","2024-04-17 18:02:16"
"test456","FullPilot","1","44","-2","1","79","42","1","1","633","1133","1","0","67","33","1","1","67","33","FFEnemyShipNocolors5","FFEnemyShipNocolors2","1","2340","2024-04-17 18:02:19"
"test456","FullPilot","1","45","-2","1","80","53","1","1","633","1133","1","0","67","33","1","1","67","33","FFEnemyShipNocolors5","FFEnemyShipNocolors2","1","2420","2024-04-17 18:02:22"
"test456","FullPilot","1","46","-2","1","92","40","1","1","616","1116","1","0","67","33","1","1","67","33","FFEnemyShipNocolors5","FFEnemyShipNocolors2","1","2512","2024-04-17 18:02:25"
"test456","FullPilot","1","47","-2","1","65","44","1","1","616","1116","1","0","67","33","1","1","67","33","FFEnemyShipNocolors5","FFEnemyShipNocolors2","1","2577","2024-04-17 18:02:28"
"test456","FullPilot","1","48","-2","2","74","19","1","0","616","1133","1","0","67","33","1","1","67","33","FFEnemyShipNocolors5","FFEnemyShipNocolors2","1","2596","2024-04-17 18:02:31"
"test456","FullPilot","1","49","-2","2","51","42","1","0","600","1116","1","0","67","33","1","1","67","33","FFEnemyShipNocolors5","FFEnemyShipNocolors2","1","2638","2024-04-17 18:02:34"
"test456","FullPilot","1","50","-2","1","70","62","1","1","616","1116","1","0","67","33","1","1","67","33","FFEnemyShipNocolors5","FFEnemyShipNocolors2","1","2708","2024-04-17 18:02:37"
"test456","FullPilot","1","51","-2","2","73","46","1","0","616","1133","1","0","67","33","1","1","67","33","FFEnemyShipNocolors5","FFEnemyShipNocolors2","1","2754","2024-04-17 18:02:40"
"test456","FullPilot","1","52","-2","2","56","65","1","0","617","1117","1","0","67","33","1","1","67","33","FFEnemyShipNocolors5","FFEnemyShipNocolors2","1","2819","2024-04-17 18:02:43"
"test456","FullPilot","1","53","-2","1","76","30","1","1","616","1133","1","0","67","33","1","1","67","33","FFEnemyShipNocolors5","FFEnemyShipNocolors2","1","2895","2024-04-17 18:02:46"
"test456","FullPilot","1","54","-2","2","79","45","1","0","617","1116","1","0","67","33","1","1","67","33","FFEnemyShipNocolors5","FFEnemyShipNocolors2","1","2940","2024-04-17 18:02:50"
"test456","FullPilot","1","55","-2","2","81","26","1","0","616","1133","1","0","67","33","1","1","67","33","FFEnemyShipNocolors5","FFEnemyShipNocolors2","1","2966","2024-04-17 18:02:53"
"test456","FullPilot","1","56","-2","1","80","28","1","1","616","1116","1","0","67","33","1","1","67","33","FFEnemyShipNocolors5","FFEnemyShipNocolors2","1","3046","2024-04-17 18:02:56"
"test456","FullPilot","1","57","-2","2","60","52","1","0","616","1116","1","0","67","33","1","1","67","33","FFEnemyShipNocolors5","FFEnemyShipNocolors2","1","3098","2024-04-17 18:02:59"
"test456","FullPilot","1","58","-2","1","70","38","1","1","616","1116","1","0","67","33","1","1","67","33","FFEnemyShipNocolors5","FFEnemyShipNocolors2","1","3168","2024-04-17 18:03:02"
"test456","FullPilot","1","59","-2","1","49","13","1","1","616","1116","1","0","67","33","1","1","67","33","FFEnemyShipNocolors5","FFEnemyShipNocolors2","1","3217","2024-04-17 18:03:05"
"test456","FullPilot","1","60","-2","1","75","48","1","1","600","1100","1","0","67","33","1","1","67","33","FFEnemyShipNocolors5","FFEnemyShipNocolors2","1","3292","2024-04-17 18:03:08"
"test456","FullPilot","1","61","-2","2","75","0","1","0","633","1133","1","0","67","33","1","1","67","33","FFEnemyShipNocolors5","FFEnemyShipNocolors2","1","3292","2024-04-17 18:03:11"
"test456","FullPilot","1","62","-2","2","56","46","1","0","633","1133","1","0","67","33","1","1","67","33","FFEnemyShipNocolors5","FFEnemyShipNocolors2","1","3338","2024-04-17 18:03:14"
"test456","FullPilot","1","63","-2","2","97","41","1","0","616","1133","1","0","67","33","1","1","67","33","FFEnemyShipNocolors5","FFEnemyShipNocolors2","1","3379","2024-04-17 18:03:17"
"test456","FullPilot","1","64","-2","2","69","57","1","0","616","1133","1","0","67","33","1","1","67","33","FFEnemyShipNocolors5","FFEnemyShipNocolors2","1","3436","2024-04-17 18:03:21"
"test456","FullPilot","1","65","-2","2","77","33","1","0","633","1133","1","0","67","33","1","1","67","33","FFEnemyShipNocolors5","FFEnemyShipNocolors2","1","3469","2024-04-17 18:03:24"
"test456","FullPilot","1","66","-2","1","35","60","1","1","616","1117","1","0","67","33","1","1","67","33","FFEnemyShipNocolors5","FFEnemyShipNocolors2","1","3504","2024-04-17 18:03:27"
"test456","FullPilot","1","67","-2","1","40","14","1","1","617","1116","1","0","67","33","1","1","67","33","FFEnemyShipNocolors5","FFEnemyShipNocolors2","1","3544","2024-04-17 18:03:30"
"test456","FullPilot","1","68","-2","1","43","14","1","1","616","1133","1","0","67","33","1","1","67","33","FFEnemyShipNocolors5","FFEnemyShipNocolors2","1","3587","2024-04-17 18:03:33"
"test456","FullPilot","1","69","-2","2","95","29","1","0","616","1116","1","0","67","33","1","1","67","33","FFEnemyShipNocolors5","FFEnemyShipNocolors2","1","3616","2024-04-17 18:03:36"
"test456","FullPilot","1","70","-2","2","96","1","1","0","600","1100","1","0","67","33","1","1","67","33","FFEnemyShipNocolors5","FFEnemyShipNocolors2","1","3617","2024-04-17 18:03:39"
"test456","FullPilot","1","71","-2","1","54","25","1","1","617","1116","1","0","67","33","1","1","67","33","FFEnemyShipNocolors5","FFEnemyShipNocolors2","1","3671","2024-04-17 18:03:42"
"test456","FullPilot","2","0","1","1","60","27","1","1","517","1033","1","0","9","5","0.12","0.18","72","28","FFEnemyShipNocolors8","FFEnemyShipNoColors12","0","0","2024-04-17 18:03:59"
"test456","FullPilot","2","1","0","2","48","36","1","0","617","1118","1","0","7","10","0.12","0.27","62","38","FFEnemyShipNocolors1","FFEnemyShipNocolors3","0","0","2024-04-17 18:04:03"
"test456","FullPilot","2","2","0","1","71","68","1","1","616","1117","1","0","7","14","0.12","0.38","62","38","FFEnemyShipNocolors1","FFEnemyShipNocolors3","0","0","2024-04-17 18:04:06"
"test456","FullPilot","2","3","1","2","79","23","1","0","550","1050","1","0","9","14","0.12","0.5","72","28","FFEnemyShipNocolors8","FFEnemyShipNoColors12","0","0","2024-04-17 18:04:09"
"test456","FullPilot","2","4","1","2","79","40","1","0","550","1050","1","0","9","17","0.12","0.62","72","28","FFEnemyShipNocolors8","FFEnemyShipNoColors12","1","40","2024-04-17 18:04:12"
"test456","FullPilot","2","5","0","2","61","10","1","0","600","1100","1","0","7","28","0.12","0.73","62","38","FFEnemyShipNocolors1","FFEnemyShipNocolors3","0","40","2024-04-17 18:04:16"
"test456","FullPilot","2","6","1","1","74","9","1","1","533","1035","1","0","9","23","0.12","0.82","72","28","FFEnemyShipNocolors8","FFEnemyShipNoColors12","0","40","2024-04-17 18:04:19"
"test456","FullPilot","2","7","0","1","45","33","1","1","616","1117","1","0","7","33","0.12","0.88","62","38","FFEnemyShipNocolors1","FFEnemyShipNocolors3","1","85","2024-04-17 18:04:22"
"test456","FullPilot","2","8","0","1","51","46","1","1","616","1116","1","0","11","5","0.18","0.12","62","38","FFEnemyShipNocolors1","FFEnemyShipNocolors3","0","85","2024-04-17 18:04:26"
"test456","FullPilot","2","9","0","2","57","51","1","0","616","1117","1","0","11","10","0.18","0.27","62","38","FFEnemyShipNocolors1","FFEnemyShipNocolors3","0","85","2024-04-17 18:04:29"
"test456","FullPilot","2","10","0","1","78","42","1","1","616","1117","1","0","11","14","0.18","0.38","62","38","FFEnemyShipNocolors1","FFEnemyShipNocolors3","0","85","2024-04-17 18:04:32"
"test456","FullPilot","2","11","0","1","36","17","1","1","616","1118","1","0","11","19","0.18","0.5","62","38","FFEnemyShipNocolors1","FFEnemyShipNocolors3","0","85","2024-04-17 18:04:36"
"test456","FullPilot","2","12","0","2","66","53","1","0","616","1117","1","0","11","24","0.18","0.62","62","38","FFEnemyShipNocolors1","FFEnemyShipNocolors3","1","138","2024-04-17 18:04:39"
"test456","FullPilot","2","13","1","2","69","31","1","0","550","1050","1","0","13","20","0.18","0.73","72","28","FFEnemyShipNocolors8","FFEnemyShipNoColors12","1","169","2024-04-17 18:04:42"
"test456","FullPilot","2","14","0","1","66","26","1","1","616","1116","1","0","11","31","0.18","0.82","62","38","FFEnemyShipNocolors1","FFEnemyShipNocolors3","0","169","2024-04-17 18:04:45"
"test456","FullPilot","2","15","1","2","84","35","1","0","550","1050","1","0","13","25","0.18","0.88","72","28","FFEnemyShipNocolors8","FFEnemyShipNoColors12","1","204","2024-04-17 18:04:48"
"test456","FullPilot","2","16","1","1","72","31","1","1","550","1067","1","0","19","3","0.27","0.12","72","28","FFEnemyShipNocolors8","FFEnemyShipNoColors12","1","276","2024-04-17 18:04:51"
"test456","FullPilot","2","17","0","1","69","73","1","1","633","1133","1","0","17","7","0.27","0.18","62","38","FFEnemyShipNocolors1","FFEnemyShipNocolors3","1","345","2024-04-17 18:04:55"
"test456","FullPilot","2","18","0","2","82","46","1","0","616","1128","1","0","17","14","0.27","0.38","62","38","FFEnemyShipNocolors1","FFEnemyShipNocolors3","0","345","2024-04-17 18:04:58"
"test456","FullPilot","2","19","0","1","30","51","1","1","599","1101","1","0","17","19","0.27","0.5","62","38","FFEnemyShipNocolors1","FFEnemyShipNocolors3","0","345","2024-04-17 18:05:01"
"test456","FullPilot","2","20","1","2","89","53","1","0","533","1034","1","0","19","17","0.27","0.62","72","28","FFEnemyShipNocolors8","FFEnemyShipNoColors12","0","345","2024-04-17 18:05:05"
"test456","FullPilot","2","21","0","1","37","47","1","1","617","1134","1","0","17","28","0.27","0.73","62","38","FFEnemyShipNocolors1","FFEnemyShipNocolors3","0","345","2024-04-17 18:05:08"
"test456","FullPilot","2","22","0","2","55","52","1","0","616","1117","1","0","17","31","0.27","0.82","62","38","FFEnemyShipNocolors1","FFEnemyShipNocolors3","1","397","2024-04-17 18:05:11"
"test456","FullPilot","2","23","0","1","74","53","1","1","600","1116","1","0","17","33","0.27","0.88","62","38","FFEnemyShipNocolors1","FFEnemyShipNocolors3","0","397","2024-04-17 18:05:14"
"test456","FullPilot","2","24","0","1","82","47","1","1","616","1117","1","0","24","5","0.38","0.12","62","38","FFEnemyShipNocolors1","FFEnemyShipNocolors3","1","479","2024-04-17 18:05:17"
"test456","FullPilot","2","25","1","2","100","28","1","0","550","1050","1","0","27","5","0.38","0.18","72","28","FFEnemyShipNocolors8","FFEnemyShipNoColors12","0","479","2024-04-17 18:05:21"
"test456","FullPilot","2","26","1","2","87","31","1","0","533","1033","1","0","27","8","0.38","0.27","72","28","FFEnemyShipNocolors8","FFEnemyShipNoColors12","0","479","2024-04-17 18:05:24"
"test456","FullPilot","2","27","0","1","43","37","1","1","616","1117","1","0","24","19","0.38","0.5","62","38","FFEnemyShipNocolors1","FFEnemyShipNocolors3","1","522","2024-04-17 18:05:27"
"test456","FullPilot","2","28","1","2","93","46","1","0","533","1033","1","0","27","17","0.38","0.62","72","28","FFEnemyShipNocolors8","FFEnemyShipNoColors12","1","568","2024-04-17 18:05:30"
"test456","FullPilot","2","29","0","2","72","46","1","0","616","1133","1","0","24","28","0.38","0.73","62","38","FFEnemyShipNocolors1","FFEnemyShipNocolors3","1","614","2024-04-17 18:05:34"
"test456","FullPilot","2","30","0","2","20","41","1","0","616","1116","1","0","24","31","0.38","0.82","62","38","FFEnemyShipNocolors1","FFEnemyShipNocolors3","1","655","2024-04-17 18:05:37"
"test456","FullPilot","2","31","0","2","42","32","1","0","616","1116","1","0","24","33","0.38","0.88","62","38","FFEnemyShipNocolors1","FFEnemyShipNocolors3","1","687","2024-04-17 18:05:40"
"test456","FullPilot","2","32","1","2","76","41","1","0","533","1033","1","0","36","3","0.5","0.12","72","28","FFEnemyShipNocolors8","FFEnemyShipNoColors12","0","687","2024-04-17 18:05:43"
"test456","FullPilot","2","33","1","2","72","38","1","0","533","1033","1","0","36","5","0.5","0.18","72","28","FFEnemyShipNocolors8","FFEnemyShipNoColors12","1","725","2024-04-17 18:05:46"
"test456","FullPilot","2","34","1","1","71","72","1","1","533","1033","1","0","36","8","0.5","0.27","72","28","FFEnemyShipNocolors8","FFEnemyShipNoColors12","1","796","2024-04-17 18:05:49"
"test456","FullPilot","2","35","1","1","49","47","1","1","517","1033","1","0","36","11","0.5","0.38","72","28","FFEnemyShipNocolors8","FFEnemyShipNoColors12","0","796","2024-04-17 18:05:53"
"test456","FullPilot","2","36","0","1","48","46","1","1","616","1117","1","0","31","24","0.5","0.62","62","38","FFEnemyShipNocolors1","FFEnemyShipNocolors3","1","844","2024-04-17 18:05:56"
"test456","FullPilot","2","37","1","1","70","35","1","1","533","1049","1","0","36","20","0.5","0.73","72","28","FFEnemyShipNocolors8","FFEnemyShipNoColors12","1","914","2024-04-17 18:05:59"
"test456","FullPilot","2","38","0","1","93","29","1","1","616","1116","1","0","31","31","0.5","0.82","62","38","FFEnemyShipNocolors1","FFEnemyShipNocolors3","1","1007","2024-04-17 18:06:02"
"test456","FullPilot","2","39","1","2","84","14","1","0","533","1033","1","0","36","25","0.5","0.88","72","28","FFEnemyShipNocolors8","FFEnemyShipNoColors12","1","1021","2024-04-17 18:06:05"
"test456","FullPilot","2","40","0","2","69","48","1","0","600","1116","1","0","38","5","0.62","0.12","62","38","FFEnemyShipNocolors1","FFEnemyShipNocolors3","0","1021","2024-04-17 18:06:08"
"test456","FullPilot","2","41","0","1","61","60","1","1","616","1117","1","0","38","7","0.62","0.18","62","38","FFEnemyShipNocolors1","FFEnemyShipNocolors3","0","1021","2024-04-17 18:06:12"
"test456","FullPilot","2","42","0","1","46","9","1","1","600","1101","1","0","38","10","0.62","0.27","62","38","FFEnemyShipNocolors1","FFEnemyShipNocolors3","1","1067","2024-04-17 18:06:15"
"test456","FullPilot","2","43","1","1","64","38","1","1","533","1033","1","0","45","11","0.62","0.38","72","28","FFEnemyShipNocolors8","FFEnemyShipNoColors12","0","1067","2024-04-17 18:06:18"
"test456","FullPilot","2","44","0","1","74","60","1","1","616","1117","1","0","38","19","0.62","0.5","62","38","FFEnemyShipNocolors1","FFEnemyShipNocolors3","0","1067","2024-04-17 18:06:22"
"test456","FullPilot","2","45","1","2","88","26","1","0","533","1033","1","0","45","20","0.62","0.73","72","28","FFEnemyShipNocolors8","FFEnemyShipNoColors12","1","1093","2024-04-17 18:06:25"
"test456","FullPilot","2","46","1","1","78","21","1","1","533","1033","1","0","45","23","0.62","0.82","72","28","FFEnemyShipNocolors8","FFEnemyShipNoColors12","1","1171","2024-04-17 18:06:28"
"test456","FullPilot","2","47","0","1","52","50","1","1","616","1116","1","0","38","33","0.62","0.88","62","38","FFEnemyShipNocolors1","FFEnemyShipNocolors3","1","1223","2024-04-17 18:06:31"
"test456","FullPilot","2","48","1","2","63","0","1","0","533","1049","1","0","53","3","0.73","0.12","72","28","FFEnemyShipNocolors8","FFEnemyShipNoColors12","0","1223","2024-04-17 18:06:34"
"test456","FullPilot","2","49","1","2","60","37","1","0","550","1051","1","0","53","5","0.73","0.18","72","28","FFEnemyShipNocolors8","FFEnemyShipNoColors12","0","1223","2024-04-17 18:06:38"
"test456","FullPilot","2","50","1","1","73","53","1","1","533","1033","1","0","53","8","0.73","0.27","72","28","FFEnemyShipNocolors8","FFEnemyShipNoColors12","1","1296","2024-04-17 18:06:41"
"test456","FullPilot","2","51","1","2","82","30","1","0","533","1033","1","0","53","11","0.73","0.38","72","28","FFEnemyShipNocolors8","FFEnemyShipNoColors12","0","1296","2024-04-17 18:06:44"
"test456","FullPilot","2","52","0","1","89","45","1","1","633","1133","1","0","45","19","0.73","0.5","62","38","FFEnemyShipNocolors1","FFEnemyShipNocolors3","1","1385","2024-04-17 18:06:47"
"test456","FullPilot","2","53","0","2","68","20","1","0","599","1100","1","0","45","24","0.73","0.62","62","38","FFEnemyShipNocolors1","FFEnemyShipNocolors3","1","1405","2024-04-17 18:06:50"
"test456","FullPilot","2","54","1","2","65","71","1","0","550","1066","1","0","53","23","0.73","0.82","72","28","FFEnemyShipNocolors8","FFEnemyShipNoColors12","1","1476","2024-04-17 18:06:53"
"test456","FullPilot","2","55","0","1","74","18","1","1","616","1116","1","0","45","33","0.73","0.88","62","38","FFEnemyShipNocolors1","FFEnemyShipNocolors3","1","1550","2024-04-17 18:06:56"
"test456","FullPilot","2","56","1","2","42","25","1","0","533","1050","1","0","59","3","0.82","0.12","72","28","FFEnemyShipNocolors8","FFEnemyShipNoColors12","0","1550","2024-04-17 18:07:00"
"test456","FullPilot","2","57","1","2","33","53","1","0","533","1033","1","0","59","5","0.82","0.18","72","28","FFEnemyShipNocolors8","FFEnemyShipNoColors12","0","1550","2024-04-17 18:07:03"
"test456","FullPilot","2","58","0","2","26","36","1","0","616","1117","1","0","51","10","0.82","0.27","62","38","FFEnemyShipNocolors1","FFEnemyShipNocolors3","0","1550","2024-04-17 18:07:06"
"test456","FullPilot","2","59","0","2","66","50","1","0","633","1134","1","0","51","14","0.82","0.38","62","38","FFEnemyShipNocolors1","FFEnemyShipNocolors3","0","1550","2024-04-17 18:07:10"
"test456","FullPilot","2","60","1","2","64","22","1","0","533","1033","1","0","59","14","0.82","0.5","72","28","FFEnemyShipNocolors8","FFEnemyShipNoColors12","1","1572","2024-04-17 18:07:13"
"test456","FullPilot","2","61","1","1","64","53","1","1","533","1049","1","0","59","17","0.82","0.62","72","28","FFEnemyShipNocolors8","FFEnemyShipNoColors12","1","1636","2024-04-17 18:07:16"
"test456","FullPilot","2","62","0","2","80","22","1","0","616","1116","1","0","51","28","0.82","0.73","62","38","FFEnemyShipNocolors1","FFEnemyShipNocolors3","1","1658","2024-04-17 18:07:19"
"test456","FullPilot","2","63","0","2","86","29","1","0","616","1116","1","0","51","33","0.82","0.88","62","38","FFEnemyShipNocolors1","FFEnemyShipNocolors3","1","1687","2024-04-17 18:07:22"
"test456","FullPilot","2","64","1","2","61","12","1","0","550","1049","1","0","63","3","0.88","0.12","72","28","FFEnemyShipNocolors8","FFEnemyShipNoColors12","0","1687","2024-04-17 18:07:26"
"test456","FullPilot","2","65","1","1","100","16","1","1","517","1034","1","0","63","5","0.88","0.18","72","28","FFEnemyShipNocolors8","FFEnemyShipNoColors12","1","1787","2024-04-17 18:07:29"
"test456","FullPilot","2","66","1","1","61","6","1","1","533","1033","1","0","63","8","0.88","0.27","72","28","FFEnemyShipNocolors8","FFEnemyShipNoColors12","0","1787","2024-04-17 18:07:32"
"test456","FullPilot","2","67","1","1","52","21","1","1","550","1051","1","0","63","11","0.88","0.38","72","28","FFEnemyShipNocolors8","FFEnemyShipNoColors12","1","1839","2024-04-17 18:07:35"
"test456","FullPilot","2","68","0","1","60","53","1","1","600","1100","1","0","55","19","0.88","0.5","62","38","FFEnemyShipNocolors1","FFEnemyShipNocolors3","1","1899","2024-04-17 18:07:38"
"test456","FullPilot","2","69","1","1","67","28","1","1","550","1066","1","0","63","17","0.88","0.62","72","28","FFEnemyShipNocolors8","FFEnemyShipNoColors12","1","1966","2024-04-17 18:07:41"
"test456","FullPilot","2","70","0","2","71","55","1","0","599","1116","1","0","55","28","0.88","0.73","62","38","FFEnemyShipNocolors1","FFEnemyShipNocolors3","0","1966","2024-04-17 18:07:45"
"test456","FullPilot","2","71","1","2","95","65","1","0","533","1033","1","0","63","23","0.88","0.82","72","28","FFEnemyShipNocolors8","FFEnemyShipNoColors12","1","2031","2024-04-17 18:07:48"
"test456","FullPilot","2","72","0","2","30","67","1","0","616","1116","1","0","7","7","0.12","0.18","62","38","FFEnemyShipNocolors1","FFEnemyShipNocolors3","0","2031","2024-04-17 18:07:51"
"test456","FullPilot","2","73","1","2","73","25","1","0","533","1034","1","0","9","8","0.12","0.27","72","28","FFEnemyShipNocolors8","FFEnemyShipNoColors12","1","2056","2024-04-17 18:07:54"
"test456","FullPilot","2","74","0","2","54","26","1","0","600","1117","1","0","7","14","0.12","0.38","62","38","FFEnemyShipNocolors1","FFEnemyShipNocolors3","1","2082","2024-04-17 18:07:57"
"test456","FullPilot","2","75","0","2","90","34","1","0","633","1133","1","0","7","19","0.12","0.5","62","38","FFEnemyShipNocolors1","FFEnemyShipNocolors3","1","2116","2024-04-17 18:08:00"
"test456","FullPilot","2","76","0","1","73","23","1","1","600","1100","1","0","7","24","0.12","0.62","62","38","FFEnemyShipNocolors1","FFEnemyShipNocolors3","0","2116","2024-04-17 18:08:04"
"test456","FullPilot","2","77","1","1","72","37","1","1","522","1032","1","0","9","20","0.12","0.73","72","28","FFEnemyShipNocolors8","FFEnemyShipNoColors12","0","2116","2024-04-17 18:08:07"
"test456","FullPilot","2","78","0","1","27","35","1","1","616","1117","1","0","7","31","0.12","0.82","62","38","FFEnemyShipNocolors1","FFEnemyShipNocolors3","0","2116","2024-04-17 18:08:11"
"test456","FullPilot","2","79","1","2","67","28","1","0","550","1051","1","0","9","25","0.12","0.88","72","28","FFEnemyShipNocolors8","FFEnemyShipNoColors12","1","2144","2024-04-17 18:08:14"
"test456","FullPilot","2","80","1","2","81","72","1","0","533","1050","1","0","13","3","0.18","0.12","72","28","FFEnemyShipNocolors8","FFEnemyShipNoColors12","0","2144","2024-04-17 18:08:17"
"test456","FullPilot","2","81","1","1","93","8","1","1","516","1017","1","0","13","8","0.18","0.27","72","28","FFEnemyShipNocolors8","FFEnemyShipNoColors12","0","2144","2024-04-17 18:08:20"
"test456","FullPilot","2","82","0","1","68","17","1","1","600","1101","1","0","11","14","0.18","0.38","62","38","FFEnemyShipNocolors1","FFEnemyShipNocolors3","0","2144","2024-04-17 18:08:24"
"test456","FullPilot","2","83","0","2","26","57","1","0","599","1099","1","0","11","19","0.18","0.5","62","38","FFEnemyShipNocolors1","FFEnemyShipNocolors3","1","2201","2024-04-17 18:08:27"
"test456","FullPilot","2","84","1","2","59","46","1","0","533","1033","1","0","13","17","0.18","0.62","72","28","FFEnemyShipNocolors8","FFEnemyShipNoColors12","0","2201","2024-04-17 18:08:30"
"test456","FullPilot","2","85","0","1","51","12","1","1","600","1101","1","0","11","28","0.18","0.73","62","38","FFEnemyShipNocolors1","FFEnemyShipNocolors3","0","2201","2024-04-17 18:08:34"
"test456","FullPilot","2","86","0","1","89","57","1","1","633","1133","1","0","11","31","0.18","0.82","62","38","FFEnemyShipNocolors1","FFEnemyShipNocolors3","1","2290","2024-04-17 18:08:37"
"test456","FullPilot","2","87","0","1","45","71","1","1","616","1116","1","0","11","33","0.18","0.88","62","38","FFEnemyShipNocolors1","FFEnemyShipNocolors3","0","2290","2024-04-17 18:08:40"
"test456","FullPilot","2","88","1","1","38","21","1","1","533","1033","1","0","19","3","0.27","0.12","72","28","FFEnemyShipNocolors8","FFEnemyShipNoColors12","0","2290","2024-04-17 18:08:43"
"test456","FullPilot","2","89","1","2","96","1","1","0","549","1051","1","0","19","5","0.27","0.18","72","28","FFEnemyShipNocolors8","FFEnemyShipNoColors12","1","2291","2024-04-17 18:08:47"
"test456","FullPilot","2","90","0","2","50","12","1","0","616","1116","1","0","17","14","0.27","0.38","62","38","FFEnemyShipNocolors1","FFEnemyShipNocolors3","0","2291","2024-04-17 18:08:50"
"test456","FullPilot","2","91","1","1","72","16","1","1","533","1033","1","0","19","14","0.27","0.5","72","28","FFEnemyShipNocolors8","FFEnemyShipNoColors12","1","2363","2024-04-17 18:08:53"
"test456","FullPilot","2","92","0","2","72","29","1","0","616","1116","1","0","17","24","0.27","0.62","62","38","FFEnemyShipNocolors1","FFEnemyShipNocolors3","1","2392","2024-04-17 18:08:56"
"test456","FullPilot","2","93","1","2","91","6","1","0","516","1033","1","0","19","20","0.27","0.73","72","28","FFEnemyShipNocolors8","FFEnemyShipNoColors12","1","2398","2024-04-17 18:08:59"
"test456","FullPilot","2","94","1","2","98","33","1","0","533","1033","1","0","19","23","0.27","0.82","72","28","FFEnemyShipNocolors8","FFEnemyShipNoColors12","0","2398","2024-04-17 18:09:03"
"test456","FullPilot","2","95","1","2","71","58","1","0","550","1050","1","0","19","25","0.27","0.88","72","28","FFEnemyShipNocolors8","FFEnemyShipNoColors12","1","2456","2024-04-17 18:09:06"
"test456","FullPilot","2","96","1","2","82","22","1","0","549","1050","1","0","27","3","0.38","0.12","72","28","FFEnemyShipNocolors8","FFEnemyShipNoColors12","0","2456","2024-04-17 18:09:09"
"test456","FullPilot","2","97","1","2","70","27","1","0","550","1051","1","0","27","5","0.38","0.18","72","28","FFEnemyShipNocolors8","FFEnemyShipNoColors12","0","2456","2024-04-17 18:09:12"
"test456","FullPilot","2","98","0","2","42","31","1","0","617","1118","1","0","24","10","0.38","0.27","62","38","FFEnemyShipNocolors1","FFEnemyShipNocolors3","1","2487","2024-04-17 18:09:16"
"test456","FullPilot","2","99","1","2","58","21","1","0","533","1033","1","0","27","14","0.38","0.5","72","28","FFEnemyShipNocolors8","FFEnemyShipNoColors12","0","2487","2024-04-17 18:09:19"
"test456","FullPilot","2","100","1","1","48","15","1","1","533","1033","1","0","27","17","0.38","0.62","72","28","FFEnemyShipNocolors8","FFEnemyShipNoColors12","1","2535","2024-04-17 18:09:22"
"test456","FullPilot","2","101","1","2","55","50","1","0","533","1049","1","0","27","20","0.38","0.73","72","28","FFEnemyShipNocolors8","FFEnemyShipNoColors12","0","2535","2024-04-17 18:09:26"
"test456","FullPilot","2","102","0","1","55","51","1","1","616","1116","1","0","24","31","0.38","0.82","62","38","FFEnemyShipNocolors1","FFEnemyShipNocolors3","0","2535","2024-04-17 18:09:29"
"test456","FullPilot","2","103","1","2","75","25","1","0","533","1034","1","0","27","25","0.38","0.88","72","28","FFEnemyShipNocolors8","FFEnemyShipNoColors12","1","2560","2024-04-17 18:09:32"
"test456","FullPilot","2","104","0","1","66","56","1","1","616","1116","1","0","31","5","0.5","0.12","62","38","FFEnemyShipNocolors1","FFEnemyShipNocolors3","1","2626","2024-04-17 18:09:35"
"test456","FullPilot","2","105","1","2","89","31","1","0","533","1033","1","0","36","5","0.5","0.18","72","28","FFEnemyShipNocolors8","FFEnemyShipNoColors12","0","2626","2024-04-17 18:09:38"
"test456","FullPilot","2","106","0","2","41","62","1","0","633","1134","1","0","31","10","0.5","0.27","62","38","FFEnemyShipNocolors1","FFEnemyShipNocolors3","0","2626","2024-04-17 18:09:42"
"test456","FullPilot","2","107","1","1","54","13","1","1","533","1033","1","0","36","11","0.5","0.38","72","28","FFEnemyShipNocolors8","FFEnemyShipNoColors12","1","2680","2024-04-17 18:09:45"
"test456","FullPilot","2","108","1","1","13","48","1","1","533","1033","1","0","36","17","0.5","0.62","72","28","FFEnemyShipNocolors8","FFEnemyShipNoColors12","0","2680","2024-04-17 18:09:48"
"test456","FullPilot","2","109","1","1","62","24","1","1","533","1034","1","0","36","20","0.5","0.73","72","28","FFEnemyShipNocolors8","FFEnemyShipNoColors12","1","2742","2024-04-17 18:09:51"
"test456","FullPilot","2","110","1","1","74","53","1","1","533","1033","1","0","36","23","0.5","0.82","72","28","FFEnemyShipNocolors8","FFEnemyShipNoColors12","1","2816","2024-04-17 18:09:54"
"test456","FullPilot","2","111","0","1","59","38","1","1","616","1116","1","0","31","33","0.5","0.88","62","38","FFEnemyShipNocolors1","FFEnemyShipNocolors3","1","2875","2024-04-17 18:09:58"
"test456","FullPilot","2","112","0","2","78","51","1","0","616","1116","1","0","38","5","0.62","0.12","62","38","FFEnemyShipNocolors1","FFEnemyShipNocolors3","0","2875","2024-04-17 18:10:01"
"test456","FullPilot","2","113","1","2","41","14","1","0","533","1034","1","0","45","5","0.62","0.18","72","28","FFEnemyShipNocolors8","FFEnemyShipNoColors12","0","2875","2024-04-17 18:10:04"
"test456","FullPilot","2","114","0","1","63","36","1","1","600","1100","1","0","38","10","0.62","0.27","62","38","FFEnemyShipNocolors1","FFEnemyShipNocolors3","0","2875","2024-04-17 18:10:08"
"test456","FullPilot","2","115","1","2","89","30","1","0","533","1033","1","0","45","11","0.62","0.38","72","28","FFEnemyShipNocolors8","FFEnemyShipNoColors12","1","2905","2024-04-17 18:10:11"
"test456","FullPilot","2","116","1","1","89","8","1","1","533","1033","1","0","45","14","0.62","0.5","72","28","FFEnemyShipNocolors8","FFEnemyShipNoColors12","0","2905","2024-04-17 18:10:14"
"test456","FullPilot","2","117","1","2","76","39","1","0","533","1033","1","0","45","20","0.62","0.73","72","28","FFEnemyShipNocolors8","FFEnemyShipNoColors12","0","2905","2024-04-17 18:10:17"
"test456","FullPilot","2","118","0","1","83","45","1","1","616","1117","1","0","38","31","0.62","0.82","62","38","FFEnemyShipNocolors1","FFEnemyShipNocolors3","0","2905","2024-04-17 18:10:21"
"test456","FullPilot","2","119","0","2","37","50","1","0","616","1118","1","0","38","33","0.62","0.88","62","38","FFEnemyShipNocolors1","FFEnemyShipNocolors3","1","2955","2024-04-17 18:10:24"
"test456","FullPilot","2","120","0","1","37","47","1","1","616","1133","1","0","45","5","0.73","0.12","62","38","FFEnemyShipNocolors1","FFEnemyShipNocolors3","0","2955","2024-04-17 18:10:27"
"test456","FullPilot","2","121","0","1","63","26","1","1","616","1118","1","0","45","7","0.73","0.18","62","38","FFEnemyShipNocolors1","FFEnemyShipNocolors3","1","3018","2024-04-17 18:10:30"
"test456","FullPilot","2","122","0","1","83","20","1","1","600","1116","1","0","45","10","0.73","0.27","62","38","FFEnemyShipNocolors1","FFEnemyShipNocolors3","0","3018","2024-04-17 18:10:34"
"test456","FullPilot","2","123","1","2","64","16","1","0","533","1033","1","0","53","11","0.73","0.38","72","28","FFEnemyShipNocolors8","FFEnemyShipNoColors12","1","3034","2024-04-17 18:10:37"
"test456","FullPilot","2","124","1","2","100","18","1","0","533","1033","1","0","53","14","0.73","0.5","72","28","FFEnemyShipNocolors8","FFEnemyShipNoColors12","0","3034","2024-04-17 18:10:40"
"test456","FullPilot","2","125","0","2","24","50","1","0","617","1117","1","0","45","24","0.73","0.62","62","38","FFEnemyShipNocolors1","FFEnemyShipNocolors3","1","3084","2024-04-17 18:10:43"
"test456","FullPilot","2","126","0","2","46","35","1","0","616","1116","1","0","45","31","0.73","0.82","62","38","FFEnemyShipNocolors1","FFEnemyShipNocolors3","0","3084","2024-04-17 18:10:47"
"test456","FullPilot","2","127","0","2","49","1","1","0","616","1116","1","0","45","33","0.73","0.88","62","38","FFEnemyShipNocolors1","FFEnemyShipNocolors3","1","3085","2024-04-17 18:10:50"
"test456","FullPilot","2","128","1","2","50","22","1","0","533","1049","1","0","59","3","0.82","0.12","72","28","FFEnemyShipNocolors8","FFEnemyShipNoColors12","0","3085","2024-04-17 18:10:53"
"test456","FullPilot","2","129","0","2","68","32","1","0","600","1100","1","0","51","7","0.82","0.18","62","38","FFEnemyShipNocolors1","FFEnemyShipNocolors3","0","3085","2024-04-17 18:10:56"
"test456","FullPilot","2","130","1","1","76","31","1","1","533","1033","1","0","59","8","0.82","0.27","72","28","FFEnemyShipNocolors8","FFEnemyShipNoColors12","1","3161","2024-04-17 18:11:00"
"test456","FullPilot","2","131","0","2","71","27","1","0","616","1116","1","0","51","14","0.82","0.38","62","38","FFEnemyShipNocolors1","FFEnemyShipNocolors3","1","3188","2024-04-17 18:11:03"
"test456","FullPilot","2","132","0","2","48","24","1","0","616","1133","1","0","51","19","0.82","0.5","62","38","FFEnemyShipNocolors1","FFEnemyShipNocolors3","0","3188","2024-04-17 18:11:06"
"test456","FullPilot","2","133","0","2","84","37","1","0","616","1117","1","0","51","24","0.82","0.62","62","38","FFEnemyShipNocolors1","FFEnemyShipNocolors3","1","3225","2024-04-17 18:11:09"
"test456","FullPilot","2","134","1","2","87","44","1","0","533","1050","1","0","59","20","0.82","0.73","72","28","FFEnemyShipNocolors8","FFEnemyShipNoColors12","0","3225","2024-04-17 18:11:13"
"test456","FullPilot","2","135","1","1","82","31","1","1","551","1067","1","0","59","25","0.82","0.88","72","28","FFEnemyShipNocolors8","FFEnemyShipNoColors12","1","3307","2024-04-17 18:11:16"
"test456","FullPilot","2","136","0","1","75","61","1","1","616","1133","1","0","55","5","0.88","0.12","62","38","FFEnemyShipNocolors1","FFEnemyShipNocolors3","1","3382","2024-04-17 18:11:19"
"test456","FullPilot","2","137","0","1","71","50","1","1","616","1116","1","0","55","7","0.88","0.18","62","38","FFEnemyShipNocolors1","FFEnemyShipNocolors3","1","3453","2024-04-17 18:11:22"
"test456","FullPilot","2","138","1","2","79","33","1","0","531","1178","1","0","63","8","0.88","0.27","72","28","FFEnemyShipNocolors8","FFEnemyShipNoColors12","0","3453","2024-04-17 18:11:27"
"test456","FullPilot","2","139","0","1","64","34","1","1","1999","3999","1","0","55","14","0.88","0.38","62","38","FFEnemyShipNocolors1","FFEnemyShipNocolors3","0","3453","2024-04-17 18:11:39"
"test456","FullPilot","2","140","1","1","68","45","1","1","1000","3001","1","0","63","14","0.88","0.5","72","28","FFEnemyShipNocolors8","FFEnemyShipNoColors12","1","3521","2024-04-17 18:11:51"
"test456","FullPilot","2","141","1","2","74","16","1","0","1000","2999","1","0","63","17","0.88","0.62","72","28","FFEnemyShipNocolors8","FFEnemyShipNoColors12","0","3521","2024-04-17 18:12:03"
"test456","FullPilot","2","142","1","1","82","30","1","1","1001","3001","1","0","63","20","0.88","0.73","72","28","FFEnemyShipNocolors8","FFEnemyShipNoColors12","1","3603","2024-04-17 18:12:15"
"test456","FullPilot","2","143","0","2","83","45","1","0","2000","4002","1","0","55","31","0.88","0.82","62","38","FFEnemyShipNocolors1","FFEnemyShipNocolors3","0","3603","2024-04-17 18:12:27"
"test","FullPilot","1","0","-2","2","44","19","1","0","607","1120","1","0","67","33","1","1","67","33","FFEnemyShipNocolors2","FFEnemyShipNocolors5","1","19","2024-04-17 18:24:11"
"test","FullPilot","2","140","0","1","77","42","1","1","608","1108","1","0","55","19","0.88","0.5","62","38","FFEnemyShipNocolors1","FFEnemyShipNocolors3","1","77","2024-04-17 18:24:37"
"test","FullPilot","2","141","1","2","57","55","1","0","535","1036","1","0","63","17","0.88","0.62","72","28","FFEnemyShipNoColors12","FFEnemyShipNocolors8","1","132","2024-04-17 18:24:40"
"test","FullPilot","2","142","0","1","70","38","1","1","603","1104","1","0","55","28","0.88","0.73","62","38","FFEnemyShipNocolors1","FFEnemyShipNocolors3","1","202","2024-04-17 18:24:43"
"test","FullPilot","2","143","0","1","70","13","1","1","606","1106","1","0","55","31","0.88","0.82","62","38","FFEnemyShipNocolors1","FFEnemyShipNocolors3","1","272","2024-04-17 18:24:46"
"test","FullPilot","2","140","1","2","41","10","1","0","539","1041","1","0","63","14","0.88","0.5","72","28","FFEnemyShipNocolors8","FFEnemyShipNoColors12","0","0","2024-04-17 18:26:41"
"test","FullPilot","2","141","0","1","55","35","1","1","606","1106","1","0","55","24","0.88","0.62","62","38","FFEnemyShipNocolors1","FFEnemyShipNocolors3","1","55","2024-04-17 18:26:44"
"test","FullPilot","2","142","1","2","67","31","1","0","526","1027","1","0","63","20","0.88","0.73","72","28","FFEnemyShipNocolors8","FFEnemyShipNoColors12","1","86","2024-04-17 18:26:47"
"test","FullPilot","2","143","0","1","36","40","1","1","619","1119","1","0","55","31","0.88","0.82","62","38","FFEnemyShipNocolors1","FFEnemyShipNocolors3","0","86","2024-04-17 18:26:51"
"test","FullPilot","2","140","0","2","58","48","1","0","600","1102","1","0","55","19","0.88","0.5","62","38","FFEnemyShipNocolors1","FFEnemyShipNocolors3","1","48","2024-04-17 18:28:59"
"test","FullPilot","2","141","0","1","57","53","1","1","617","1119","1","0","55","24","0.88","0.62","62","38","FFEnemyShipNocolors1","FFEnemyShipNocolors3","1","105","2024-04-17 18:29:02"
"test","FullPilot","2","142","0","2","46","53","1","0","603","1106","1","0","55","28","0.88","0.73","62","38","FFEnemyShipNocolors1","FFEnemyShipNocolors3","1","158","2024-04-17 18:29:05"
"test","FullPilot","2","143","0","1","32","20","1","1","605","1105","1","0","55","31","0.88","0.82","62","38","FFEnemyShipNocolors1","FFEnemyShipNocolors3","1","190","2024-04-17 18:29:08"
"test","FullPilot","2","140","1","2","54","65","1","0","538","1038","1","0","63","14","0.88","0.5","72","28","FFEnemyShipNoColors12","FFEnemyShipNocolors8","1","65","2024-04-17 18:34:53"
"test","FullPilot","2","141","1","1","74","35","1","1","528","1029","1","0","63","17","0.88","0.62","72","28","FFEnemyShipNoColors12","FFEnemyShipNocolors8","1","139","2024-04-17 18:34:56"
"test","FullPilot","2","142","0","2","49","26","1","0","619","1119","1","0","55","28","0.88","0.73","62","38","FFEnemyShipNocolors1","FFEnemyShipNocolors3","1","165","2024-04-17 18:34:59"
"test","FullPilot","2","143","1","1","74","14","1","1","526","1028","1","0","63","23","0.88","0.82","72","28","FFEnemyShipNoColors12","FFEnemyShipNocolors8","0","165","2024-04-17 18:35:02"
"test","FullPilot","2","142","0","2","36","44","1","0","609","1110","1","0","55","28","0.88","0.73","62","38","FFEnemyShipNocolors3","FFEnemyShipNocolors1","1","44","2024-04-17 18:51:02"
"test","FullPilot","2","143","0","2","33","52","1","0","610","1113","1","0","55","31","0.88","0.82","62","38","FFEnemyShipNocolors3","FFEnemyShipNocolors1","1","96","2024-04-17 18:51:05"
"test","FullPilot","2","142","0","2","81","70","1","0","605","1106","1","0","55","28","0.88","0.73","62","38","FFEnemyShipNocolors3","FFEnemyShipNocolors1","0","0","2024-04-17 18:54:20"
"test","FullPilot","2","143","0","1","83","50","1","1","616","1118","1","0","55","31","0.88","0.82","62","38","FFEnemyShipNocolors3","FFEnemyShipNocolors1","1","83","2024-04-17 18:54:23"
"test","FullPilot","2","142","0","1","92","37","1","1","602","1102","1","0","55","28","0.88","0.73","62","38","FFEnemyShipNocolors1","FFEnemyShipNocolors3","1","92","2024-04-17 19:09:42"
"test","FullPilot","2","143","0","1","59","21","1","1","607","1108","1","0","55","31","0.88","0.82","62","38","FFEnemyShipNocolors1","FFEnemyShipNocolors3","1","151","2024-04-17 19:09:45"
"test","FullPilot","3","142","0","1","92","37","1","1","610","1113","1","0","55","28","0.88","0.73","62","38","FFEnemyShipNocolors1","FFEnemyShipNocolors3","1","243","2024-04-17 19:09:52"
"test","FullPilot","3","143","0","2","59","21","1","0","609","1111","1","0","55","31","0.88","0.82","62","38","FFEnemyShipNocolors1","FFEnemyShipNocolors3","1","264","2024-04-17 19:09:55"
"test","FullPilot","2","142","1","2","70","20","1","0","532","1032","1","0","63","20","0.88","0.73","72","28","FFEnemyShipNoColors12","FFEnemyShipNocolors8","1","20","2024-04-17 19:10:56"
"test","FullPilot","2","143","0","1","33","47","1","1","606","1106","1","0","55","31","0.88","0.82","62","38","FFEnemyShipNocolors3","FFEnemyShipNocolors1","1","53","2024-04-17 19:10:59"
"test","FullPilot","3","142","1","1","70","20","1","1","532","1033","1","0","63","20","0.88","0.73","72","28","FFEnemyShipNoColors12","FFEnemyShipNocolors8","1","123","2024-04-17 19:11:05"
"test","FullPilot","2","142","0","1","72","19","1","1","618","1120","1","0","55","28","0.88","0.73","62","38","FFEnemyShipNocolors1","FFEnemyShipNocolors3","1","72","2024-04-17 19:11:56"
"test","FullPilot","2","143","1","2","45","19","1","0","520","1020","1","0","63","23","0.88","0.82","72","28","FFEnemyShipNocolors8","FFEnemyShipNoColors12","1","91","2024-04-17 19:11:59"
"test","FullPilot","3","142","0","1","72","19","1","1","606","1108","1","0","55","28","0.88","0.73","62","38","FFEnemyShipNocolors1","FFEnemyShipNocolors3","1","163","2024-04-17 19:12:07"
"test","FullPilot","3","143","1","2","45","19","1","0","523","1023","1","0","63","23","0.88","0.82","72","28","FFEnemyShipNocolors8","FFEnemyShipNoColors12","1","182","2024-04-17 19:12:10"
"test","FullPilot","2","142","0","2","76","40","1","0","614","1116","1","0","55","28","0.88","0.73","62","38","FFEnemyShipNocolors1","FFEnemyShipNocolors3","0","0","2024-04-17 19:13:09"
"test","FullPilot","2","143","1","1","67","29","1","1","533","1034","1","0","63","23","0.88","0.82","72","28","FFEnemyShipNoColors12","FFEnemyShipNocolors8","1","67","2024-04-17 19:13:12"
"test","FullPilot","3","142","0","2","76","40","1","0","602","1103","1","0","55","28","0.88","0.73","62","38","FFEnemyShipNocolors1","FFEnemyShipNocolors3","1","107","2024-04-17 19:13:21"
"test","FullPilot","3","143","1","1","67","29","1","1","534","1035","1","0","63","23","0.88","0.82","72","28","FFEnemyShipNoColors12","FFEnemyShipNocolors8","1","174","2024-04-17 19:13:24"
"test","FullPilot","2","142","1","2","72","63","1","0","524","1027","1","0","63","20","0.88","0.73","72","28","FFEnemyShipNocolors8","FFEnemyShipNoColors12","1","63","2024-04-17 19:24:36"
"test","FullPilot","2","143","1","1","69","32","1","1","533","1034","1","0","63","23","0.88","0.82","72","28","FFEnemyShipNocolors8","FFEnemyShipNoColors12","1","132","2024-04-17 19:24:39"
"test","FullPilot","3","142","1","2","72","63","1","0","320","822","1","0","63","20","0.88","0.73","72","28","FFEnemyShipNoColors9","FFEnemyShipNocolors7","1","195","2024-04-17 19:24:47"
"test","FullPilot","3","143","1","1","69","32","1","1","339","842","1","0","63","23","0.88","0.82","72","28","FFEnemyShipNoColors9","FFEnemyShipNocolors7","1","264","2024-04-17 19:24:50"
"test","FullPilot","2","142","0","1","47","18","1","1","610","1110","1","0","55","28","0.88","0.73","62","38","FFEnemyShipNocolors3","FFEnemyShipNocolors1","1","47","2024-04-17 19:26:01"
"test","FullPilot","2","143","1","2","66","42","1","0","536","1037","1","0","63","23","0.88","0.82","72","28","FFEnemyShipNoColors12","FFEnemyShipNocolors8","0","47","2024-04-17 19:26:04"
"test","FullPilot","3","0","1","2","66","42","1","0","321","824","1","0","9","5","0.12","0.18","72","28","FFEnemyShipNocolors7","FFEnemyShipNoColors9","0","47","2024-04-17 19:26:13"
"test","FullPilot","2","142","0","1","55","29","1","1","619","1118","1","0","55","28","0.88","0.73","62","38","FFEnemyShipNocolors1","FFEnemyShipNocolors3","1","55","2024-04-17 19:28:30"
"test","FullPilot","2","143","1","1","76","10","1","1","532","1033","1","0","63","23","0.88","0.82","72","28","FFEnemyShipNoColors12","FFEnemyShipNocolors8","1","131","2024-04-17 19:28:33"
"test","FullPilot","3","0","0","1","55","29","1","1","338","838","1","0","7","7","0.12","0.18","62","38","FFEnemyShipNocolors6","FFEnemyShipNoColors11","0","131","2024-04-17 19:28:41"
"test","FullPilot","3","1","1","2","76","10","1","0","327","829","1","0","9","8","0.12","0.27","72","28","FFEnemyShipNoColors9","FFEnemyShipNocolors7","0","131","2024-04-17 19:28:45"
"test","FullPilot","3","2","0","2","77","25","1","0","324","826","1","0","7","14","0.12","0.38","62","38","FFEnemyShipNocolors6","FFEnemyShipNoColors11","1","156","2024-04-17 19:28:48"
"test","FullPilot","3","3","0","1","51","20","1","1","325","826","1","0","7","19","0.12","0.5","62","38","FFEnemyShipNocolors6","FFEnemyShipNoColors11","0","156","2024-04-17 19:28:51"
"test","FullPilot","3","4","1","1","64","42","1","1","330","831","1","0","9","17","0.12","0.62","72","28","FFEnemyShipNoColors9","FFEnemyShipNocolors7","0","156","2024-04-17 19:28:54"
"test","FullPilot","3","5","1","1","40","22","1","1","332","834","1","0","9","20","0.12","0.73","72","28","FFEnemyShipNoColors9","FFEnemyShipNocolors7","0","156","2024-04-17 19:28:57"
"test","FullPilot","3","6","1","1","64","19","1","1","337","838","1","0","9","23","0.12","0.82","72","28","FFEnemyShipNoColors9","FFEnemyShipNocolors7","1","220","2024-04-17 19:29:01"
"test","FullPilot","2","142","1","2","43","43","1","0","531","1033","1","0","63","20","0.88","0.73","72","28","FFEnemyShipNoColors12","FFEnemyShipNocolors8","0","0","2024-04-17 19:30:35"
"test","FullPilot","2","143","1","1","55","15","1","1","523","1025","1","0","63","23","0.88","0.82","72","28","FFEnemyShipNoColors12","FFEnemyShipNocolors8","1","55","2024-04-17 19:30:38"
"test","FullPilot","3","0","1","1","43","43","1","1","321","823","1","0","9","5","0.12","0.18","72","28","FFEnemyShipNocolors7","FFEnemyShipNoColors9","1","98","2024-04-17 19:30:47"
"test","FullPilot","3","1","1","1","55","15","1","1","321","824","1","0","9","8","0.12","0.27","72","28","FFEnemyShipNocolors7","FFEnemyShipNoColors9","0","98","2024-04-17 19:30:50"
"test","FullPilot","3","2","1","1","90","8","1","1","336","837","1","0","9","11","0.12","0.38","72","28","FFEnemyShipNocolors7","FFEnemyShipNoColors9","0","98","2024-04-17 19:30:53"
"test","FullPilot","3","3","0","2","42","35","1","0","331","834","1","0","7","19","0.12","0.5","62","38","FFEnemyShipNoColors11","FFEnemyShipNocolors6","1","133","2024-04-17 19:30:56"
"test","FullPilot","3","4","1","2","51","23","1","0","338","842","1","0","9","17","0.12","0.62","72","28","FFEnemyShipNocolors7","FFEnemyShipNoColors9","0","133","2024-04-17 19:30:59"
"test","FullPilot","3","5","0","1","52","32","1","1","322","822","1","0","7","28","0.12","0.73","62","38","FFEnemyShipNoColors11","FFEnemyShipNocolors6","0","133","2024-04-17 19:31:03"
"test","FullPilot","3","6","0","1","75","56","1","1","333","833","1","0","7","31","0.12","0.82","62","38","FFEnemyShipNoColors11","FFEnemyShipNocolors6","0","133","2024-04-17 19:31:06"
"test","FullPilot","3","7","1","2","69","26","1","0","323","824","1","0","9","25","0.12","0.88","72","28","FFEnemyShipNocolors7","FFEnemyShipNoColors9","0","133","2024-04-17 19:31:09"
"test","FullPilot","3","8","0","1","54","60","1","1","323","823","1","0","11","5","0.18","0.12","62","38","FFEnemyShipNoColors11","FFEnemyShipNocolors6","0","133","2024-04-17 19:31:13"
"test","FullPilot","2","142","1","2","71","1","1","0","525","1024","1","0","63","20","0.88","0.73","72","28","FFEnemyShipNocolors8","FFEnemyShipNoColors12","1","1","2024-04-17 19:33:11"
"test","FullPilot","2","143","0","2","73","46","1","0","601","1101","1","0","55","31","0.88","0.82","62","38","FFEnemyShipNocolors1","FFEnemyShipNocolors3","1","47","2024-04-17 19:33:14"
"test","FullPilot","3","0","0","1","73","46","1","1","331","832","1","0","7","7","0.12","0.18","62","38","FFEnemyShipNocolors6","FFEnemyShipNoColors11","0","47","2024-04-17 19:33:23"
"test","FullPilot","3","1","0","2","53","45","1","0","331","830","1","0","7","10","0.12","0.27","62","38","FFEnemyShipNocolors6","FFEnemyShipNoColors11","0","47","2024-04-17 19:33:26"
"test","FullPilot","3","2","0","2","58","27","1","0","322","822","1","0","7","14","0.12","0.38","62","38","FFEnemyShipNocolors6","FFEnemyShipNoColors11","1","74","2024-04-17 19:33:29"
"test","FullPilot","3","3","0","2","40","28","1","0","326","828","1","0","7","19","0.12","0.5","62","38","FFEnemyShipNocolors6","FFEnemyShipNoColors11","1","102","2024-04-17 19:33:32"
"test","FullPilot","3","4","1","2","71","1","1","0","326","829","1","0","9","17","0.12","0.62","72","28","FFEnemyShipNoColors9","FFEnemyShipNocolors7","1","103","2024-04-17 19:33:35"
"test","FullPilot","2","142","0","2","51","35","1","0","620","1119","1","0","55","28","0.88","0.73","62","38","FFEnemyShipNocolors3","FFEnemyShipNocolors1","1","35","2024-04-17 19:37:14"
"test","FullPilot","2","143","0","1","37","1","1","1","605","1106","1","0","55","31","0.88","0.82","62","38","FFEnemyShipNocolors3","FFEnemyShipNocolors1","1","72","2024-04-17 19:37:17"
"test","FullPilot","3","0","1","1","87","25","1","1","533","1034","1","0","9","5","0.12","0.18","72","28","FFEnemyShipNocolors7","FFEnemyShipNoColors9","0","72","2024-04-17 19:39:17"
"test","FullPilot","3","1","1","2","37","21","1","0","528","1029","1","0","9","8","0.12","0.27","72","28","FFEnemyShipNocolors7","FFEnemyShipNoColors9","0","72","2024-04-17 19:39:20"
"test","FullPilot","2","142","0","1","64","21","1","1","616","1120","1","0","55","28","0.88","0.73","62","38","FFEnemyShipNocolors1","FFEnemyShipNocolors3","1","64","2024-04-17 19:41:16"
"test","FullPilot","2","143","1","2","97","54","1","0","529","1035","1","0","63","23","0.88","0.82","72","28","FFEnemyShipNocolors8","FFEnemyShipNoColors12","1","118","2024-04-17 19:41:19"
"test","FullPilot","3","0","1","1","97","54","1","1","538","1043","1","0","9","5","0.12","0.18","72","28","FFEnemyShipNocolors7","FFEnemyShipNoColors9","0","118","2024-04-17 19:41:27"
"test","FullPilot","3","1","1","2","53","49","1","0","531","1035","1","0","9","8","0.12","0.27","72","28","FFEnemyShipNocolors7","FFEnemyShipNoColors9","0","118","2024-04-17 19:41:31"
"test","FullPilot","3","2","0","1","64","21","1","1","281","786","1","0","7","14","0.12","0.38","62","38","FFEnemyShipNoColors11","FFEnemyShipNocolors6","0","118","2024-04-17 19:41:34"
"test","FullPilot","3","3","1","1","90","36","1","1","522","1030","1","0","9","14","0.12","0.5","72","28","FFEnemyShipNocolors7","FFEnemyShipNoColors9","0","118","2024-04-17 19:41:37"
"test","FullPilot","3","4","1","2","69","70","1","0","530","1033","1","0","9","17","0.12","0.62","72","28","FFEnemyShipNocolors7","FFEnemyShipNoColors9","1","188","2024-04-17 19:41:40"
"test","FullPilot","3","5","1","1","80","20","1","1","527","1029","1","0","9","20","0.12","0.73","72","28","FFEnemyShipNocolors7","FFEnemyShipNoColors9","0","188","2024-04-17 19:41:44"
"test","FullPilot","3","6","1","2","85","80","1","0","532","1034","1","0","9","23","0.12","0.82","72","28","FFEnemyShipNocolors7","FFEnemyShipNoColors9","1","268","2024-04-17 19:41:47"
"test","FullPilot","3","7","0","1","55","64","1","1","283","785","1","0","7","33","0.12","0.88","62","38","FFEnemyShipNoColors11","FFEnemyShipNocolors6","0","268","2024-04-17 19:42:25"
"test","FullPilot","3","8","0","2","64","31","1","0","290","792","1","0","11","5","0.18","0.12","62","38","FFEnemyShipNoColors11","FFEnemyShipNocolors6","0","268","2024-04-17 19:42:29"
"test","FullPilot","2","142","0","2","89","57","1","0","609","1110","1","0","55","28","0.88","0.73","62","38","FFEnemyShipNocolors3","FFEnemyShipNocolors1","1","57","2024-04-17 19:42:44"
"test","FullPilot","2","143","0","2","53","48","1","0","609","1111","1","0","55","31","0.88","0.82","62","38","FFEnemyShipNocolors3","FFEnemyShipNocolors1","1","105","2024-04-17 19:42:47"
"test","FullPilot","3","0","0","1","89","57","1","1","286","787","1","0","7","7","0.12","0.18","62","38","FFEnemyShipNocolors6","FFEnemyShipNoColors11","0","105","2024-04-17 19:42:55"
"test","FullPilot","3","1","1","2","57","10","1","0","525","1028","1","0","9","8","0.12","0.27","72","28","FFEnemyShipNocolors7","FFEnemyShipNoColors9","0","105","2024-04-17 19:42:59"
"test","FullPilot","2","142","0","1","64","61","1","1","611","1113","1","0","55","28","0.88","0.73","62","38","FFEnemyShipNocolors3","FFEnemyShipNocolors1","1","64","2024-04-17 19:43:20"
"test","FullPilot","2","143","0","2","56","54","1","0","602","1104","1","0","55","31","0.88","0.82","62","38","FFEnemyShipNocolors3","FFEnemyShipNocolors1","1","118","2024-04-17 19:43:23"
"test","FullPilot","3","0","0","2","64","61","1","0","293","794","1","0","7","7","0.12","0.18","62","38","FFEnemyShipNoColors11","FFEnemyShipNocolors6","0","118","2024-04-17 19:43:31"
"test","FullPilot","3","1","1","1","82","57","1","1","528","1028","1","0","9","8","0.12","0.27","72","28","FFEnemyShipNocolors7","FFEnemyShipNoColors9","0","118","2024-04-17 19:43:34"
"test","FullPilot","3","2","1","1","62","35","1","1","533","1034","1","0","9","11","0.12","0.38","72","28","FFEnemyShipNocolors7","FFEnemyShipNoColors9","0","118","2024-04-17 19:43:38"
"test","FullPilot","2","142","1","2","86","30","1","0","524","1025","1","0","63","20","0.88","0.73","72","28","FFEnemyShipNoColors12","FFEnemyShipNocolors8","1","30","2024-04-17 19:44:03"
"test","FullPilot","2","143","0","1","69","16","1","1","611","1112","1","0","55","31","0.88","0.82","62","38","FFEnemyShipNocolors3","FFEnemyShipNocolors1","0","30","2024-04-17 19:44:07"
"test","FullPilot","3","0","0","2","69","16","1","0","293","797","1","0","7","7","0.12","0.18","62","38","FFEnemyShipNocolors6","FFEnemyShipNoColors11","0","30","2024-04-17 19:44:15"
"test","FullPilot","3","1","0","2","48","56","1","0","283","783","1","0","7","10","0.12","0.27","62","38","FFEnemyShipNocolors6","FFEnemyShipNoColors11","0","30","2024-04-17 19:44:19"
"test","FullPilot","2","142","0","1","30","47","1","1","608","1115","1","0","55","28","0.88","0.73","62","38","FFEnemyShipNocolors3","FFEnemyShipNocolors1","1","30","2024-04-17 19:44:53"
"test","FullPilot","2","143","1","1","84","30","1","1","541","1045","1","0","63","23","0.88","0.82","72","28","FFEnemyShipNocolors8","FFEnemyShipNoColors12","1","114","2024-04-17 19:44:56"
"test","FullPilot","3","0","0","2","30","47","1","0","290","792","1","0","7","7","0.12","0.18","62","38","FFEnemyShipNocolors6","FFEnemyShipNoColors11","0","114","2024-04-17 19:45:05"
"test","FullPilot","3","1","0","2","56","28","1","0","282","782","1","0","7","10","0.12","0.27","62","38","FFEnemyShipNocolors6","FFEnemyShipNoColors11","0","114","2024-04-17 19:45:08"
"test","FullPilot","3","2","1","2","84","30","1","0","282","787","1","0","9","11","0.12","0.38","72","28","FFEnemyShipNocolors7","FFEnemyShipNoColors9","0","114","2024-04-17 19:45:11"
"test","FullPilot","3","3","0","1","76","48","1","1","288","793","1","0","7","19","0.12","0.5","62","38","FFEnemyShipNocolors6","FFEnemyShipNoColors11","0","114","2024-04-17 19:45:15"
"test","FullPilot","2","142","0","2","80","72","1","0","614","1116","1","0","55","28","0.88","0.73","62","38","FFEnemyShipNocolors3","FFEnemyShipNocolors1","0","0","2024-04-17 19:45:39"
"test","FullPilot","2","143","1","1","99","24","1","1","538","1038","1","0","63","23","0.88","0.82","72","28","FFEnemyShipNoColors12","FFEnemyShipNocolors8","1","99","2024-04-17 19:45:42"
"test","FullPilot","3","0","1","2","99","24","1","0","286","790","1","0","9","5","0.12","0.18","72","28","FFEnemyShipNocolors7","FFEnemyShipNoColors9","0","99","2024-04-17 19:45:51"
"test","FullPilot","3","1","1","2","98","15","1","0","283","783","1","0","9","8","0.12","0.27","72","28","FFEnemyShipNocolors7","FFEnemyShipNoColors9","0","99","2024-04-17 19:45:54"
"test","FullPilot","3","2","0","1","80","72","1","1","293","793","1","0","7","14","0.12","0.38","62","38","FFEnemyShipNocolors6","FFEnemyShipNoColors11","1","179","2024-04-17 19:45:57"
"test","FullPilot","2","142","0","1","65","44","1","1","616","1117","1","0","55","28","0.88","0.73","62","38","FFEnemyShipNocolors3","FFEnemyShipNocolors1","1","65","2024-04-17 19:46:42"
"test","FullPilot","2","143","1","1","89","41","1","1","532","1032","1","0","63","23","0.88","0.82","72","28","FFEnemyShipNocolors8","FFEnemyShipNoColors12","1","154","2024-04-17 19:46:45"
"test","FullPilot","3","0","1","2","89","41","1","0","299","801","1","0","9","5","0.12","0.18","72","28","FFEnemyShipNocolors7","FFEnemyShipNoColors9","0","154","2024-04-17 19:46:53"
"test","FullPilot","3","1","1","1","62","51","1","1","291","793","1","0","9","8","0.12","0.27","72","28","FFEnemyShipNocolors7","FFEnemyShipNoColors9","0","154","2024-04-17 19:46:56"
"test","FullPilot","3","2","1","1","60","17","1","1","289","790","1","0","9","11","0.12","0.38","72","28","FFEnemyShipNocolors7","FFEnemyShipNoColors9","0","154","2024-04-17 19:47:00"
"test","FullPilot","3","3","0","1","65","44","1","1","295","795","1","0","7","19","0.12","0.5","62","38","FFEnemyShipNoColors11","FFEnemyShipNocolors6","0","154","2024-04-17 19:47:03"
"test","FullPilot","3","4","1","1","89","23","1","1","280","782","1","0","9","17","0.12","0.62","72","28","FFEnemyShipNocolors7","FFEnemyShipNoColors9","0","154","2024-04-17 19:47:06"
"test","FullPilot","3","5","0","1","97","30","1","1","297","799","1","0","7","28","0.12","0.73","62","38","FFEnemyShipNoColors11","FFEnemyShipNocolors6","0","154","2024-04-17 19:47:35"
"test","FullPilot","3","6","1","2","35","14","1","0","294","796","1","0","9","23","0.12","0.82","72","28","FFEnemyShipNocolors7","FFEnemyShipNoColors9","1","168","2024-04-17 19:47:38"
"test","FullPilot","3","7","0","2","57","4","1","0","280","782","1","0","7","33","0.12","0.88","62","38","FFEnemyShipNoColors11","FFEnemyShipNocolors6","1","172","2024-04-17 19:47:41"
"test","FullPilot","3","8","0","2","81","53","1","0","282","783","1","0","11","5","0.18","0.12","62","38","FFEnemyShipNoColors11","FFEnemyShipNocolors6","0","172","2024-04-17 19:47:57"
"test","FullPilot","2","142","0","2","80","62","1","0","617","1116","1","0","55","28","0.88","0.73","62","38","FFEnemyShipNocolors3","FFEnemyShipNocolors1","0","0","2024-04-17 19:48:44"
"test","FullPilot","2","143","1","1","40","11","1","1","526","1027","1","0","63","23","0.88","0.82","72","28","FFEnemyShipNoColors12","FFEnemyShipNocolors8","1","40","2024-04-17 19:48:47"
"test","FullPilot","3","0","1","1","40","11","1","1","294","797","1","0","9","5","0.12","0.18","72","28","FFEnemyShipNocolors7","FFEnemyShipNoColors9","0","40","2024-04-17 19:48:55"
"test","FullPilot","3","1","1","2","97","65","1","0","300","801","1","0","9","8","0.12","0.27","72","28","FFEnemyShipNocolors7","FFEnemyShipNoColors9","0","40","2024-04-17 19:48:59"
"test","FullPilot","3","2","0","2","80","62","1","0","287","789","1","0","7","14","0.12","0.38","62","38","FFEnemyShipNoColors11","FFEnemyShipNocolors6","1","102","2024-04-17 19:49:02"
"test","FullPilot","3","3","1","2","68","57","1","0","291","791","1","0","9","14","0.12","0.5","72","28","FFEnemyShipNocolors7","FFEnemyShipNoColors9","1","159","2024-04-17 19:49:05"
"test","FullPilot","2","142","0","1","55","56","1","1","623","1122","1","0","55","28","0.88","0.73","62","38","FFEnemyShipNocolors1","FFEnemyShipNocolors3","1","55","2024-04-17 19:50:50"
"test","FullPilot","2","143","1","2","72","17","1","0","535","1039","1","0","63","23","0.88","0.82","72","28","FFEnemyShipNocolors8","FFEnemyShipNoColors12","1","72","2024-04-17 19:50:53"
"test","FullPilot","3","0","0","2","55","56","1","0","288","788","1","0","7","7","0.12","0.18","62","38","FFEnemyShipNocolors6","FFEnemyShipNoColors11","0","72","2024-04-17 19:51:01"
"test","FullPilot","3","1","1","1","72","17","1","1","283","785","1","0","9","8","0.12","0.27","72","28","FFEnemyShipNoColors9","FFEnemyShipNocolors7","0","72","2024-04-17 19:51:05"
"test","FullPilot","3","2","1","1","71","55","1","1","294","796","1","0","9","11","0.12","0.38","72","28","FFEnemyShipNoColors9","FFEnemyShipNocolors7","0","72","2024-04-17 19:51:08"
"test","FullPilot","3","3","1","1","76","42","1","1","283","783","1","0","9","14","0.12","0.5","72","28","FFEnemyShipNoColors9","FFEnemyShipNocolors7","0","72","2024-04-17 19:51:11"
"test","FullPilot","3","4","0","2","94","36","1","0","293","793","1","0","7","24","0.12","0.62","62","38","FFEnemyShipNocolors6","FFEnemyShipNoColors11","1","108","2024-04-17 19:51:14"
"test","FullPilot","3","5","0","1","54","67","1","1","284","784","1","0","7","28","0.12","0.73","62","38","FFEnemyShipNocolors6","FFEnemyShipNoColors11","0","108","2024-04-17 19:51:17"
"test","FullPilot","3","6","1","2","67","31","1","0","283","784","1","0","9","23","0.12","0.82","72","28","FFEnemyShipNoColors9","FFEnemyShipNocolors7","0","108","2024-04-17 19:51:21"
"test","FullPilot","3","7","1","2","92","23","1","0","298","800","1","0","9","25","0.12","0.88","72","28","FFEnemyShipNoColors9","FFEnemyShipNocolors7","1","131","2024-04-17 19:51:24"
"test","FullPilot","3","8","0","1","43","12","1","1","296","797","1","0","11","5","0.18","0.12","62","38","FFEnemyShipNocolors6","FFEnemyShipNoColors11","0","131","2024-04-17 19:51:27"
"test","FullPilot","2","142","0","1","41","41","1","1","616","1118","1","0","55","28","0.88","0.73","62","38","FFEnemyShipNocolors3","FFEnemyShipNocolors1","1","41","2024-04-17 19:53:29"
"test","FullPilot","2","143","1","2","89","13","1","0","529","1031","1","0","63","23","0.88","0.82","72","28","FFEnemyShipNoColors12","FFEnemyShipNocolors8","1","54","2024-04-17 19:53:33"
"test","FullPilot","3","0","0","0","41","41","0","0","0","0","0","0","7","7","0.12","0.18","62","38","FFEnemyShipNoColors11","FFEnemyShipNocolors6","0","54","2024-04-17 19:53:39"
"test","FullPilot","3","1","0","2","64","23","1","0","0","0","0","0","7","10","0.12","0.27","62","38","FFEnemyShipNoColors11","FFEnemyShipNocolors6","0","54","2024-04-17 19:53:41"
"test","FullPilot","3","2","0","0","63","48","0","1","0","781","0","0","7","14","0.12","0.38","62","38","FFEnemyShipNoColors11","FFEnemyShipNocolors6","1","54","2024-04-17 19:53:43"
"test","FullPilot","3","3","1","0","89","13","0","1","0","745","0","0","9","14","0.12","0.5","72","28","FFEnemyShipNocolors7","FFEnemyShipNoColors9","0","54","2024-04-17 19:53:44"
"test","FullPilot","3","4","1","1","87","26","1","1","0","878","0","0","9","17","0.12","0.62","72","28","FFEnemyShipNocolors7","FFEnemyShipNoColors9","0","54","2024-04-17 19:53:46"
"test","FullPilot","3","5","1","1","44","32","1","1","0","1039","0","0","9","20","0.12","0.73","72","28","FFEnemyShipNocolors7","FFEnemyShipNoColors9","0","54","2024-04-17 19:53:47"
"test","FullPilot","2","142","0","2","79","71","1","0","605","1105","1","0","55","28","0.88","0.73","62","38","FFEnemyShipNocolors1","FFEnemyShipNocolors3","0","0","2024-04-17 19:55:06"
"test","FullPilot","2","143","0","2","38","1","1","0","620","1121","1","0","55","31","0.88","0.82","62","38","FFEnemyShipNocolors1","FFEnemyShipNocolors3","1","1","2024-04-17 19:55:09"
"test","FullPilot","3","0","0","1","79","71","1","1","296","796","1","0","7","7","0.12","0.18","62","38","FFEnemyShipNoColors11","FFEnemyShipNocolors6","0","1","2024-04-17 19:55:18"
"test","FullPilot","3","1","1","2","54","46","1","0","298","800","1","0","9","8","0.12","0.27","72","28","FFEnemyShipNocolors7","FFEnemyShipNoColors9","0","1","2024-04-17 19:55:21"
"test","FullPilot","3","2","1","1","55","4","1","1","286","788","1","0","9","11","0.12","0.38","72","28","FFEnemyShipNocolors7","FFEnemyShipNoColors9","0","1","2024-04-17 19:55:24"
"test","FullPilot","2","142","1","1","94","50","1","1","524","1024","1","0","63","20","0.88","0.73","72","28","FFEnemyShipNoColors12","FFEnemyShipNocolors8","1","94","2024-04-17 19:58:31"
"test","FullPilot","2","143","1","2","80","14","1","0","530","1035","1","0","63","23","0.88","0.82","72","28","FFEnemyShipNoColors12","FFEnemyShipNocolors8","1","108","2024-04-17 19:58:34"
"test","FullPilot","3","0","0","1","67","38","1","1","281","788","1","0","7","7","0.12","0.18","62","38","FFEnemyShipNoColors11","FFEnemyShipNocolors6","0","108","2024-04-17 19:58:43"
"test","FullPilot","3","1","0","2","87","22","1","0","295","800","1","0","7","10","0.12","0.27","62","38","FFEnemyShipNoColors11","FFEnemyShipNocolors6","0","108","2024-04-17 19:58:46"
"test","FullPilot","3","2","1","1","94","50","1","1","299","799","1","0","9","11","0.12","0.38","72","28","FFEnemyShipNocolors7","FFEnemyShipNoColors9","0","108","2024-04-17 19:58:50"
"test","FullPilot","3","3","1","1","80","14","1","1","289","792","1","0","9","14","0.12","0.5","72","28","FFEnemyShipNocolors7","FFEnemyShipNoColors9","0","108","2024-04-17 19:58:53"
"test","FullPilot","3","4","1","1","85","79","1","1","292","794","1","0","9","17","0.12","0.62","72","28","FFEnemyShipNocolors7","FFEnemyShipNoColors9","0","108","2024-04-17 19:58:56"
"test","FullPilot","2","142","0","2","54","59","1","0","607","1108","1","0","55","28","0.88","0.73","62","38","FFEnemyShipNocolors1","FFEnemyShipNocolors3","1","59","2024-04-17 19:59:40"
"test","FullPilot","2","143","1","1","76","44","1","1","525","1025","1","0","63","23","0.88","0.82","72","28","FFEnemyShipNocolors8","FFEnemyShipNoColors12","1","135","2024-04-17 19:59:43"
"test","FullPilot","3","0","0","2","54","59","1","0","289","791","1","0","7","7","0.12","0.18","62","38","FFEnemyShipNoColors11","FFEnemyShipNocolors6","0","135","2024-04-17 19:59:52"
"test","FullPilot","3","1","1","1","76","44","1","1","291","790","1","0","9","8","0.12","0.27","72","28","FFEnemyShipNocolors7","FFEnemyShipNoColors9","0","135","2024-04-17 19:59:55"
"test","FullPilot","3","2","0","1","22","52","1","1","294","798","1","0","7","14","0.12","0.38","62","38","FFEnemyShipNoColors11","FFEnemyShipNocolors6","0","135","2024-04-17 19:59:58"
"test","FullPilot","3","3","0","1","72","55","1","1","283","786","1","0","7","19","0.12","0.5","62","38","FFEnemyShipNoColors11","FFEnemyShipNocolors6","0","135","2024-04-17 20:00:02"
"test","FullPilot","2","142","0","2","66","43","1","0","620","1120","1","0","55","28","0.88","0.73","62","38","FFEnemyShipNocolors3","FFEnemyShipNocolors1","0","0","2024-04-17 20:00:28"
"test","FullPilot","2","143","0","2","49","9","1","0","603","1104","1","0","55","31","0.88","0.82","62","38","FFEnemyShipNocolors3","FFEnemyShipNocolors1","1","9","2024-04-17 20:00:31"
"test","FullPilot","3","0","1","2","81","13","1","0","291","794","1","0","9","5","0.12","0.18","72","28","FFEnemyShipNoColors9","FFEnemyShipNocolors7","0","9","2024-04-17 20:00:39"
"test","FullPilot","3","1","0","1","66","43","1","1","288","791","1","0","7","10","0.12","0.27","62","38","FFEnemyShipNocolors6","FFEnemyShipNoColors11","0","9","2024-04-17 20:00:43"
"test","FullPilot","3","2","1","2","54","48","1","0","297","797","1","0","9","11","0.12","0.38","72","28","FFEnemyShipNoColors9","FFEnemyShipNocolors7","1","57","2024-04-17 20:00:46"
"test","FullPilot","2","142","0","1","77","36","1","1","604","1106","1","0","55","28","0.88","0.73","62","38","FFEnemyShipNocolors3","FFEnemyShipNocolors1","1","77","2024-04-17 20:02:03"
"test","FullPilot","2","143","0","1","80","38","1","1","619","1120","1","0","55","31","0.88","0.82","62","38","FFEnemyShipNocolors3","FFEnemyShipNocolors1","1","157","2024-04-17 20:02:06"
"test","FullPilot","3","0","1","2","80","56","1","0","287","789","1","0","9","5","0.12","0.18","72","28","FFEnemyShipNocolors7","FFEnemyShipNoColors9","0","157","2024-04-17 20:02:15"
"test","FullPilot","3","1","0","1","77","36","1","1","282","785","1","0","7","10","0.12","0.27","62","38","FFEnemyShipNoColors11","FFEnemyShipNocolors6","0","157","2024-04-17 20:02:18"
"test","FullPilot","2","142","1","1","86","3","1","1","527","1027","1","0","63","20","0.88","0.73","72","28","FFEnemyShipNoColors12","FFEnemyShipNocolors8","1","86","2024-04-17 20:06:52"
"test","FullPilot","2","143","1","2","71","48","1","0","523","1023","1","0","63","23","0.88","0.82","72","28","FFEnemyShipNoColors12","FFEnemyShipNocolors8","1","134","2024-04-17 20:06:55"
"test","FullPilot","3","0","0","2","66","76","1","0","283","783","1","0","7","7","0.12","0.18","62","38","FFEnemyShipNoColors11","FFEnemyShipNocolors6","0","134","2024-04-17 20:07:03"
"test","FullPilot","3","1","1","1","86","3","1","1","299","801","1","0","9","8","0.12","0.27","72","28","FFEnemyShipNoColors9","FFEnemyShipNocolors7","0","134","2024-04-17 20:07:06"
"test","FullPilot","3","2","0","1","62","33","1","1","278","780","1","0","7","14","0.12","0.38","62","38","FFEnemyShipNoColors11","FFEnemyShipNocolors6","0","134","2024-04-17 20:07:10"
"test","FullPilot","3","3","1","2","71","48","1","0","290","791","1","0","9","14","0.12","0.5","72","28","FFEnemyShipNoColors9","FFEnemyShipNocolors7","1","182","2024-04-17 20:07:13"
"test","FullPilot","2","142","1","2","68","16","1","0","529","1030","1","0","63","20","0.88","0.73","72","28","FFEnemyShipNocolors8","FFEnemyShipNoColors12","1","16","2024-04-17 20:07:42"
"test","FullPilot","2","143","0","1","48","64","1","1","601","1102","1","0","55","31","0.88","0.82","62","38","FFEnemyShipNocolors3","FFEnemyShipNocolors1","0","16","2024-04-17 20:07:45"
"test","FullPilot","3","0","0","1","48","64","1","1","289","790","1","0","7","7","0.12","0.18","62","38","FFEnemyShipNoColors11","FFEnemyShipNocolors6","1","64","2024-04-17 20:07:54"
"test","FullPilot","3","1","0","2","57","29","1","0","287","787","1","0","7","10","0.12","0.27","62","38","FFEnemyShipNoColors11","FFEnemyShipNocolors6","1","93","2024-04-17 20:07:57"
"test","FullPilot","3","2","1","2","68","16","1","0","285","786","1","0","9","11","0.12","0.38","72","28","FFEnemyShipNoColors9","FFEnemyShipNocolors7","1","109","2024-04-17 20:08:00"
"test","FullPilot","3","3","0","2","17","34","1","0","283","784","1","0","7","19","0.12","0.5","62","38","FFEnemyShipNoColors11","FFEnemyShipNocolors6","0","109","2024-04-17 20:08:03"
"test","FullPilot","3","4","1","1","71","46","1","1","292","792","1","0","9","17","0.12","0.62","72","28","FFEnemyShipNoColors9","FFEnemyShipNocolors7","1","180","2024-04-17 20:08:06"
"test","FullPilot","3","5","1","2","77","32","1","0","284","784","1","0","9","20","0.12","0.73","72","28","FFEnemyShipNoColors9","FFEnemyShipNocolors7","1","212","2024-04-17 20:08:09"
"test","FullPilot","2","142","1","2","91","57","1","0","539","1045","1","0","63","20","0.88","0.73","72","28","FFEnemyShipNocolors8","FFEnemyShipNoColors12","1","57","2024-04-17 20:09:07"
"test","FullPilot","2","143","0","1","93","4","1","1","606","1111","1","0","55","31","0.88","0.82","62","38","FFEnemyShipNocolors3","FFEnemyShipNocolors1","1","150","2024-04-17 20:09:10"
"test","FullPilot","3","0","1","1","91","57","1","1","291","797","1","0","9","5","0.12","0.18","72","28","FFEnemyShipNoColors9","FFEnemyShipNocolors7","0","150","2024-04-17 20:09:19"
"test","FullPilot","3","1","0","1","93","4","1","1","293","793","1","0","7","10","0.12","0.27","62","38","FFEnemyShipNocolors6","FFEnemyShipNoColors11","0","150","2024-04-17 20:09:22"
"test","FullPilot","2","142","1","2","65","33","1","0","541","1042","1","0","63","20","0.88","0.73","72","28","FFEnemyShipNocolors8","FFEnemyShipNoColors12","1","33","2024-04-17 20:09:59"
"test","FullPilot","2","143","1","1","82","66","1","1","539","1042","1","0","63","23","0.88","0.82","72","28","FFEnemyShipNocolors8","FFEnemyShipNoColors12","0","33","2024-04-17 20:10:02"
"test","FullPilot","3","0","0","2","34","24","1","0","273","773","1","0","7","7","0.12","0.18","62","38","FFEnemyShipNoColors11","FFEnemyShipNocolors6","0","33","2024-04-17 20:10:11"
"test","FullPilot","3","1","1","1","65","33","1","1","300","808","1","0","9","8","0.12","0.27","72","28","FFEnemyShipNoColors9","FFEnemyShipNocolors7","0","33","2024-04-17 20:10:14"
"test","FullPilot","3","2","1","2","82","66","1","0","281","781","1","0","9","11","0.12","0.38","72","28","FFEnemyShipNoColors9","FFEnemyShipNocolors7","1","99","2024-04-17 20:10:17"
"test","FullPilot","3","3","1","1","46","7","1","1","289","789","1","0","9","14","0.12","0.5","72","28","FFEnemyShipNoColors9","FFEnemyShipNocolors7","0","99","2024-04-17 20:10:20"
"test","FullPilot","3","4","1","2","93","30","1","0","291","792","1","0","9","17","0.12","0.62","72","28","FFEnemyShipNoColors9","FFEnemyShipNocolors7","1","129","2024-04-17 20:10:23"
"test","FullPilot","3","5","1","2","58","9","1","0","292","805","1","0","9","20","0.12","0.73","72","28","FFEnemyShipNoColors9","FFEnemyShipNocolors7","1","138","2024-04-17 20:10:26"
"test","FullPilot","3","6","1","2","81","54","1","0","290","791","1","0","9","23","0.12","0.82","72","28","FFEnemyShipNoColors9","FFEnemyShipNocolors7","0","138","2024-04-17 20:10:30"
"test","FullPilot","3","7","1","1","77","33","1","1","286","788","1","0","9","25","0.12","0.88","72","28","FFEnemyShipNoColors9","FFEnemyShipNocolors7","0","138","2024-04-17 20:10:33"
"test","FullPilot","3","8","1","2","65","3","1","0","302","804","1","0","13","3","0.18","0.12","72","28","FFEnemyShipNoColors9","FFEnemyShipNocolors7","0","138","2024-04-17 20:10:36"
"test","FullPilot","3","9","1","2","78","13","1","0","285","787","1","0","13","8","0.18","0.27","72","28","FFEnemyShipNoColors9","FFEnemyShipNocolors7","0","138","2024-04-17 20:10:39"
"test","FullPilot","3","10","0","1","75","15","1","1","289","790","1","0","11","14","0.18","0.38","62","38","FFEnemyShipNoColors11","FFEnemyShipNocolors6","1","213","2024-04-17 20:10:43"
"test","FullPilot","3","11","1","2","48","57","1","0","307","810","1","0","13","14","0.18","0.5","72","28","FFEnemyShipNoColors9","FFEnemyShipNocolors7","0","213","2024-04-17 20:10:46"
"test","FullPilot","3","12","0","1","55","48","1","1","299","800","1","0","11","24","0.18","0.62","62","38","FFEnemyShipNoColors11","FFEnemyShipNocolors6","0","213","2024-04-17 20:10:49"
"test","FullPilot","3","13","0","1","51","33","1","1","293","794","1","0","11","28","0.18","0.73","62","38","FFEnemyShipNoColors11","FFEnemyShipNocolors6","0","213","2024-04-17 20:10:52"
"test","FullPilot","3","14","1","2","65","14","1","0","293","805","1","0","13","23","0.18","0.82","72","28","FFEnemyShipNoColors9","FFEnemyShipNocolors7","1","227","2024-04-17 20:10:55"
"test","FullPilot","2","142","1","1","85","54","1","1","526","1043","1","0","63","20","0.88","0.73","72","28","FFEnemyShipNoColors12","FFEnemyShipNocolors8","1","85","2024-04-17 20:11:21"
"test","FullPilot","2","143","1","1","64","26","1","1","530","1035","1","0","63","23","0.88","0.82","72","28","FFEnemyShipNoColors12","FFEnemyShipNocolors8","1","149","2024-04-17 20:11:24"
"test","FullPilot","3","0","1","1","85","54","1","1","294","798","1","0","9","5","0.12","0.18","72","28","FFEnemyShipNoColors9","FFEnemyShipNocolors7","0","149","2024-04-17 20:11:32"
"test","FullPilot","3","1","0","2","69","13","1","0","300","800","1","0","7","10","0.12","0.27","62","38","FFEnemyShipNocolors6","FFEnemyShipNoColors11","0","149","2024-04-17 20:11:36"
"test","FullPilot","3","2","1","2","64","26","1","0","279","785","1","0","9","11","0.12","0.38","72","28","FFEnemyShipNoColors9","FFEnemyShipNocolors7","0","149","2024-04-17 20:11:39"
"test","FullPilot","3","3","1","1","61","46","1","1","275","791","1","0","9","14","0.12","0.5","72","28","FFEnemyShipNoColors9","FFEnemyShipNocolors7","0","149","2024-04-17 20:11:42"
"test","FullPilot","3","4","0","1","96","34","1","1","283","784","1","0","7","24","0.12","0.62","62","38","FFEnemyShipNocolors6","FFEnemyShipNoColors11","0","149","2024-04-17 20:11:46"
"test","FullPilot","2","142","0","2","37","70","1","0","613","1116","1","0","55","28","0.88","0.73","62","38","FFEnemyShipNocolors3","FFEnemyShipNocolors1","1","70","2024-04-17 20:12:19"
"test","FullPilot","2","143","1","2","77","48","1","0","529","1029","1","0","63","23","0.88","0.82","72","28","FFEnemyShipNocolors8","FFEnemyShipNoColors12","1","118","2024-04-17 20:12:22"
"test","FullPilot","3","0","0","2","37","70","1","0","298","799","1","0","7","7","0.12","0.18","62","38","FFEnemyShipNocolors6","FFEnemyShipNoColors11","0","118","2024-04-17 20:12:30"
"test","FullPilot","3","1","1","2","77","48","1","0","295","796","1","0","9","8","0.12","0.27","72","28","FFEnemyShipNocolors7","FFEnemyShipNoColors9","0","118","2024-04-17 20:12:34"
"test","FullPilot","3","2","0","1","19","40","1","1","297","798","1","0","7","14","0.12","0.38","62","38","FFEnemyShipNocolors6","FFEnemyShipNoColors11","0","118","2024-04-17 20:12:37"
"test","FullPilot","2","142","0","2","31","45","1","0","603","1105","1","0","55","28","0.88","0.73","62","38","FFEnemyShipNocolors3","FFEnemyShipNocolors1","1","45","2024-04-17 20:15:07"
"test","FullPilot","2","143","1","1","81","15","1","1","523","1026","1","0","63","23","0.88","0.82","72","28","FFEnemyShipNoColors12","FFEnemyShipNocolors8","1","126","2024-04-17 20:15:10"
"test","FullPilot","3","142","0","2","31","45","1","0","279","781","1","0","55","28","0.88","0.73","62","38","FFEnemyShipNocolors6","FFEnemyShipNoColors11","1","171","2024-04-17 20:15:19"
"test455","FullPilot","0","0","-1","1","50","50","1","1","533","1049","1","0","14","41","0.27","0.82","50","50","FFEnemyNeutral","FFEnemyNeutral","1","50","2024-04-17 20:26:12"
"test455","FullPilot","0","1","-1","1","50","50","1","1","533","1033","1","0","31","25","0.62","0.5","50","50","FFEnemyNeutral","FFEnemyNeutral","0","50","2024-04-17 20:26:15"
"test43","FullPilot","0","0","-1","1","50","50","1","1","550","1049","1","0","6","31","0.12","0.62","50","50","FFEnemyNeutral","FFEnemyNeutral","0","0","2024-04-17 20:30:04"
"test43","FullPilot","0","1","-1","1","50","50","1","1","550","1050","1","0","14","25","0.27","0.5","50","50","FFEnemyNeutral","FFEnemyNeutral","0","0","2024-04-17 20:30:07"
"test43","FullPilot","0","2","-1","2","50","50","1","0","550","1050","1","0","9","37","0.18","0.73","50","50","FFEnemyNeutral","FFEnemyNeutral","1","50","2024-04-17 20:30:10"
"test43","FullPilot","0","3","-1","2","50","50","1","0","550","1066","1","0","19","6","0.38","0.12","50","50","FFEnemyNeutral","FFEnemyNeutral","0","50","2024-04-17 20:30:13"
"test43","FullPilot","0","4","-1","2","50","50","1","0","533","1033","1","0","44","31","0.88","0.62","50","50","FFEnemyNeutral","FFEnemyNeutral","1","100","2024-04-17 20:30:16"
"test43","FullPilot","0","5","-1","2","50","50","1","0","533","1033","1","0","41","9","0.82","0.18","50","50","FFEnemyNeutral","FFEnemyNeutral","1","150","2024-04-17 20:30:18"
"test43","FullPilot","0","6","-1","1","50","50","1","1","533","1033","1","0","31","14","0.62","0.27","50","50","FFEnemyNeutral","FFEnemyNeutral","1","200","2024-04-17 20:30:21"
"test43","FullPilot","0","7","-1","2","50","50","1","0","533","1033","1","0","19","9","0.38","0.18","50","50","FFEnemyNeutral","FFEnemyNeutral","0","200","2024-04-17 20:30:24"
"test43","FullPilot","0","8","-1","2","50","50","1","0","533","1033","1","0","25","19","0.5","0.38","50","50","FFEnemyNeutral","FFEnemyNeutral","0","200","2024-04-17 20:30:27"
"test43","FullPilot","0","9","-1","2","50","50","1","0","533","1033","1","0","25","14","0.5","0.27","50","50","FFEnemyNeutral","FFEnemyNeutral","0","200","2024-04-17 20:30:30"
"test43","FullPilot","0","10","-1","2","50","50","1","0","533","1033","1","0","19","14","0.38","0.27","50","50","FFEnemyNeutral","FFEnemyNeutral","1","250","2024-04-17 20:30:33"
"test43","FullPilot","0","11","-1","1","50","50","1","1","549","1049","1","0","9","6","0.18","0.12","50","50","FFEnemyNeutral","FFEnemyNeutral","0","250","2024-04-17 20:30:36"
"test43","FullPilot","0","12","-1","1","50","50","1","1","533","1050","1","0","25","6","0.5","0.12","50","50","FFEnemyNeutral","FFEnemyNeutral","0","250","2024-04-17 20:30:39"
"test43","FullPilot","0","13","-1","2","50","50","1","0","516","1016","1","0","41","14","0.82","0.27","50","50","FFEnemyNeutral","FFEnemyNeutral","1","300","2024-04-17 20:30:42"
"test43","FullPilot","0","14","-1","2","50","50","1","0","533","1033","1","0","25","37","0.5","0.73","50","50","FFEnemyNeutral","FFEnemyNeutral","1","350","2024-04-17 20:30:45"
"test43","FullPilot","0","15","-1","2","50","50","1","0","533","1049","1","0","41","44","0.82","0.88","50","50","FFEnemyNeutral","FFEnemyNeutral","1","400","2024-04-17 20:30:47"
"test43","FullPilot","0","16","-1","1","50","50","1","1","533","1033","1","0","14","9","0.27","0.18","50","50","FFEnemyNeutral","FFEnemyNeutral","1","450","2024-04-17 20:30:50"
"test43","FullPilot","0","17","-1","1","50","50","1","1","533","1033","1","0","44","25","0.88","0.5","50","50","FFEnemyNeutral","FFEnemyNeutral","1","500","2024-04-17 20:30:53"
"test43","FullPilot","0","18","-1","1","50","50","1","1","533","1033","1","0","14","31","0.27","0.62","50","50","FFEnemyNeutral","FFEnemyNeutral","0","500","2024-04-17 20:30:56"
"test43","FullPilot","0","19","-1","2","50","50","1","0","550","1066","1","0","6","37","0.12","0.73","50","50","FFEnemyNeutral","FFEnemyNeutral","0","500","2024-04-17 20:30:59"
"test43","FullPilot","0","20","-1","2","50","50","1","0","533","1033","1","0","37","14","0.73","0.27","50","50","FFEnemyNeutral","FFEnemyNeutral","1","550","2024-04-17 20:31:02"
"test43","FullPilot","0","21","-1","2","50","50","1","0","533","1033","1","0","41","25","0.82","0.5","50","50","FFEnemyNeutral","FFEnemyNeutral","1","600","2024-04-17 20:31:05"
"test43","FullPilot","0","22","-1","1","50","50","1","1","549","1066","1","0","6","41","0.12","0.82","50","50","FFEnemyNeutral","FFEnemyNeutral","1","650","2024-04-17 20:31:08"
"test43","FullPilot","0","23","-1","2","50","50","1","0","533","1049","1","0","19","25","0.38","0.5","50","50","FFEnemyNeutral","FFEnemyNeutral","1","700","2024-04-17 20:31:10"
"test43","FullPilot","0","24","-1","2","50","50","1","0","533","1033","1","0","25","9","0.5","0.18","50","50","FFEnemyNeutral","FFEnemyNeutral","1","750","2024-04-17 20:31:13"
"test43","FullPilot","0","25","-1","1","50","50","1","1","533","1033","1","0","41","19","0.82","0.38","50","50","FFEnemyNeutral","FFEnemyNeutral","0","750","2024-04-17 20:31:16"
"test43","FullPilot","0","26","-1","1","50","50","1","1","533","1033","1","0","19","37","0.38","0.73","50","50","FFEnemyNeutral","FFEnemyNeutral","1","800","2024-04-17 20:31:19"
"test43","FullPilot","0","27","-1","1","50","50","1","1","550","1054","1","0","37","31","0.73","0.62","50","50","FFEnemyNeutral","FFEnemyNeutral","1","850","2024-04-17 20:31:22"
"test43","FullPilot","0","28","-1","1","50","50","1","1","550","1066","1","0","6","44","0.12","0.88","50","50","FFEnemyNeutral","FFEnemyNeutral","0","850","2024-04-17 20:31:25"
"test43","FullPilot","0","29","-1","1","50","50","1","1","533","1033","1","0","19","41","0.38","0.82","50","50","FFEnemyNeutral","FFEnemyNeutral","1","900","2024-04-17 20:31:27"
"test43","FullPilot","0","30","-1","1","50","50","1","1","550","1050","1","0","31","6","0.62","0.12","50","50","FFEnemyNeutral","FFEnemyNeutral","0","900","2024-04-17 20:31:30"
"test43","FullPilot","0","31","-1","2","50","50","1","0","533","1050","1","0","37","25","0.73","0.5","50","50","FFEnemyNeutral","FFEnemyNeutral","0","900","2024-04-17 20:31:33"
"test43","FullPilot","0","32","-1","2","50","50","1","0","516","1033","1","0","37","9","0.73","0.18","50","50","FFEnemyNeutral","FFEnemyNeutral","1","950","2024-04-17 20:31:36"
"test43","FullPilot","0","33","-1","1","50","50","1","1","533","1033","1","0","9","19","0.18","0.38","50","50","FFEnemyNeutral","FFEnemyNeutral","0","950","2024-04-17 20:31:39"
"test43","FullPilot","0","34","-1","1","50","50","1","1","516","1033","1","0","41","37","0.82","0.73","50","50","FFEnemyNeutral","FFEnemyNeutral","1","1000","2024-04-17 20:31:42"
"test43","FullPilot","0","35","-1","2","50","50","1","0","517","1033","1","0","14","37","0.27","0.73","50","50","FFEnemyNeutral","FFEnemyNeutral","1","1050","2024-04-17 20:31:45"
"test43","FullPilot","0","36","-1","1","50","50","1","1","550","1050","1","0","44","19","0.88","0.38","50","50","FFEnemyNeutral","FFEnemyNeutral","1","1100","2024-04-17 20:31:48"
"test43","FullPilot","0","37","-1","1","50","50","1","1","533","1033","1","0","44","6","0.88","0.12","50","50","FFEnemyNeutral","FFEnemyNeutral","1","1150","2024-04-17 20:31:51"
"test43","FullPilot","0","38","-1","1","50","50","1","1","533","1033","1","0","37","6","0.73","0.12","50","50","FFEnemyNeutral","FFEnemyNeutral","1","1200","2024-04-17 20:31:53"
"test43","FullPilot","0","39","-1","2","50","50","1","0","549","1050","1","0","9","44","0.18","0.88","50","50","FFEnemyNeutral","FFEnemyNeutral","1","1250","2024-04-17 20:31:56"
"test43","FullPilot","0","40","-1","1","50","50","1","1","533","1033","1","0","14","44","0.27","0.88","50","50","FFEnemyNeutral","FFEnemyNeutral","1","1300","2024-04-17 20:31:59"
"test43","FullPilot","0","41","-1","2","50","50","1","0","533","1033","1","0","9","31","0.18","0.62","50","50","FFEnemyNeutral","FFEnemyNeutral","1","1350","2024-04-17 20:32:02"
"test43","FullPilot","0","42","-1","2","50","50","1","0","533","1033","1","0","31","37","0.62","0.73","50","50","FFEnemyNeutral","FFEnemyNeutral","1","1400","2024-04-17 20:32:05"
"test43","FullPilot","0","43","-1","1","50","50","1","1","516","1033","1","0","44","41","0.88","0.82","50","50","FFEnemyNeutral","FFEnemyNeutral","1","1450","2024-04-17 20:32:07"
"test43","FullPilot","0","44","-1","2","50","50","1","0","516","1033","1","0","19","31","0.38","0.62","50","50","FFEnemyNeutral","FFEnemyNeutral","1","1500","2024-04-17 20:32:10"
"test43","FullPilot","0","45","-1","2","50","50","1","0","516","1033","1","0","6","25","0.12","0.5","50","50","FFEnemyNeutral","FFEnemyNeutral","0","1500","2024-04-17 20:32:13"
"test43","FullPilot","0","46","-1","2","50","50","1","0","533","1033","1","0","14","6","0.27","0.12","50","50","FFEnemyNeutral","FFEnemyNeutral","0","1500","2024-04-17 20:32:16"
"test43","FullPilot","0","47","-1","2","50","50","1","0","550","1050","1","0","31","9","0.62","0.18","50","50","FFEnemyNeutral","FFEnemyNeutral","1","1550","2024-04-17 20:32:19"
"test43","FullPilot","0","48","-1","1","50","50","1","1","533","1033","1","0","41","31","0.82","0.62","50","50","FFEnemyNeutral","FFEnemyNeutral","1","1600","2024-04-17 20:32:22"
"test43","FullPilot","0","49","-1","1","50","50","1","1","533","1050","1","0","31","44","0.62","0.88","50","50","FFEnemyNeutral","FFEnemyNeutral","1","1650","2024-04-17 20:32:25"
"test43","FullPilot","0","50","-1","1","50","50","1","1","533","1049","1","0","19","44","0.38","0.88","50","50","FFEnemyNeutral","FFEnemyNeutral","1","1700","2024-04-17 20:32:27"
"test43","FullPilot","0","51","-1","2","50","50","1","0","533","1049","1","0","6","19","0.12","0.38","50","50","FFEnemyNeutral","FFEnemyNeutral","0","1700","2024-04-17 20:32:30"
"test43","FullPilot","0","52","-1","1","50","50","1","1","533","1049","1","0","6","14","0.12","0.27","50","50","FFEnemyNeutral","FFEnemyNeutral","1","1750","2024-04-17 20:32:33"
"test43","FullPilot","0","53","-1","1","50","50","1","1","549","1049","1","0","31","19","0.62","0.38","50","50","FFEnemyNeutral","FFEnemyNeutral","0","1750","2024-04-17 20:32:36"
"test43","FullPilot","0","54","-1","2","50","50","1","0","533","1033","1","0","41","6","0.82","0.12","50","50","FFEnemyNeutral","FFEnemyNeutral","0","1750","2024-04-17 20:32:39"
"test43","FullPilot","0","55","-1","1","50","50","1","1","550","1066","1","0","9","25","0.18","0.5","50","50","FFEnemyNeutral","FFEnemyNeutral","0","1750","2024-04-17 20:32:42"
"test43","FullPilot","0","56","-1","1","50","50","1","1","533","1033","1","0","25","44","0.5","0.88","50","50","FFEnemyNeutral","FFEnemyNeutral","0","1750","2024-04-17 20:32:45"
"test43","FullPilot","0","57","-1","2","50","50","1","0","550","1050","1","0","37","44","0.73","0.88","50","50","FFEnemyNeutral","FFEnemyNeutral","1","1800","2024-04-17 20:32:48"
"test43","FullPilot","0","58","-1","1","50","50","1","1","549","1049","1","0","9","14","0.18","0.27","50","50","FFEnemyNeutral","FFEnemyNeutral","0","1800","2024-04-17 20:32:51"
"test43","FullPilot","0","59","-1","2","50","50","1","0","550","1050","1","0","9","41","0.18","0.82","50","50","FFEnemyNeutral","FFEnemyNeutral","1","1850","2024-04-17 20:32:54"
"test43","FullPilot","0","60","-1","1","50","50","1","1","550","1066","1","0","25","41","0.5","0.82","50","50","FFEnemyNeutral","FFEnemyNeutral","0","1850","2024-04-17 20:32:56"
"test43","FullPilot","0","61","-1","1","50","50","1","1","533","1033","1","0","37","41","0.73","0.82","50","50","FFEnemyNeutral","FFEnemyNeutral","0","1850","2024-04-17 20:33:00"
"test43","FullPilot","0","62","-1","1","50","50","1","1","533","1050","1","0","6","9","0.12","0.18","50","50","FFEnemyNeutral","FFEnemyNeutral","0","1850","2024-04-17 20:33:03"
"test43","FullPilot","0","63","-1","2","50","50","1","0","533","1033","1","0","31","41","0.62","0.82","50","50","FFEnemyNeutral","FFEnemyNeutral","1","1900","2024-04-17 20:33:06"
"test43","FullPilot","0","64","-1","2","50","50","1","0","533","1033","1","0","14","19","0.27","0.38","50","50","FFEnemyNeutral","FFEnemyNeutral","0","1900","2024-04-17 20:33:08"
"test43","FullPilot","0","65","-1","2","50","50","1","0","549","1050","1","0","37","19","0.73","0.38","50","50","FFEnemyNeutral","FFEnemyNeutral","1","1950","2024-04-17 20:33:11"
"test43","FullPilot","0","66","-1","2","50","50","1","0","550","1050","1","0","44","9","0.88","0.18","50","50","FFEnemyNeutral","FFEnemyNeutral","1","2000","2024-04-17 20:33:14"
"test43","FullPilot","0","67","-1","2","50","50","1","0","533","1033","1","0","44","14","0.88","0.27","50","50","FFEnemyNeutral","FFEnemyNeutral","0","2000","2024-04-17 20:33:17"
"test43","FullPilot","0","68","-1","1","50","50","1","1","550","1050","1","0","25","31","0.5","0.62","50","50","FFEnemyNeutral","FFEnemyNeutral","0","2000","2024-04-17 20:33:20"
"test43","FullPilot","0","69","-1","1","50","50","1","1","533","1033","1","0","31","25","0.62","0.5","50","50","FFEnemyNeutral","FFEnemyNeutral","1","2050","2024-04-17 20:33:23"
"test43","FullPilot","0","70","-1","2","50","50","1","0","533","1050","1","0","44","37","0.88","0.73","50","50","FFEnemyNeutral","FFEnemyNeutral","0","2050","2024-04-17 20:33:26"
"test43","FullPilot","0","71","-1","2","50","50","1","0","533","1050","1","0","14","41","0.27","0.82","50","50","FFEnemyNeutral","FFEnemyNeutral","1","2100","2024-04-17 20:33:29"
"test43","FullPilot","1","0","-2","1","57","23","1","1","616","1132","1","0","67","33","1","1","67","33","FFEnemyShipNocolors2","FFEnemyShipNocolors5","1","57","2024-04-17 20:34:36"
"test43","FullPilot","1","1","-2","2","96","32","1","0","633","1133","1","0","67","33","1","1","67","33","FFEnemyShipNocolors2","FFEnemyShipNocolors5","1","89","2024-04-17 20:34:39"
"test43","FullPilot","1","2","-2","2","74","47","1","0","633","1133","1","0","67","33","1","1","67","33","FFEnemyShipNocolors2","FFEnemyShipNocolors5","1","136","2024-04-17 20:34:43"
"test43","FullPilot","1","3","-2","1","72","42","1","1","616","1116","1","0","67","33","1","1","67","33","FFEnemyShipNocolors2","FFEnemyShipNocolors5","1","208","2024-04-17 20:34:46"
"test43","FullPilot","1","4","-2","1","87","10","1","1","616","1133","1","0","67","33","1","1","67","33","FFEnemyShipNocolors2","FFEnemyShipNocolors5","1","295","2024-04-17 20:34:49"
"test43","FullPilot","1","5","-2","2","82","27","1","0","616","1116","1","0","67","33","1","1","67","33","FFEnemyShipNocolors2","FFEnemyShipNocolors5","1","322","2024-04-17 20:34:52"
"test43","FullPilot","1","6","-2","1","64","39","1","1","616","1133","1","0","67","33","1","1","67","33","FFEnemyShipNocolors2","FFEnemyShipNocolors5","1","386","2024-04-17 20:34:55"
"test43","FullPilot","1","7","-2","1","77","49","1","1","616","1117","1","0","67","33","1","1","67","33","FFEnemyShipNocolors2","FFEnemyShipNocolors5","1","463","2024-04-17 20:34:58"
"test43","FullPilot","1","8","-2","1","46","21","1","1","615","1115","1","0","67","33","1","1","67","33","FFEnemyShipNocolors2","FFEnemyShipNocolors5","1","509","2024-04-17 20:35:01"
"test43","FullPilot","1","9","-2","1","92","45","1","1","616","1133","1","0","67","33","1","1","67","33","FFEnemyShipNocolors2","FFEnemyShipNocolors5","1","601","2024-04-17 20:35:04"
"test43","FullPilot","1","10","-2","1","85","19","1","1","616","1133","1","0","67","33","1","1","67","33","FFEnemyShipNocolors2","FFEnemyShipNocolors5","1","686","2024-04-17 20:35:07"
"test43","FullPilot","1","11","-2","1","71","19","1","1","616","1133","1","0","67","33","1","1","67","33","FFEnemyShipNocolors2","FFEnemyShipNocolors5","1","757","2024-04-17 20:35:10"
"test43","FullPilot","1","12","-2","1","56","53","1","1","616","1133","1","0","67","33","1","1","67","33","FFEnemyShipNocolors2","FFEnemyShipNocolors5","1","813","2024-04-17 20:35:14"
"test43","FullPilot","1","13","-2","1","58","42","1","1","616","1133","1","0","67","33","1","1","67","33","FFEnemyShipNocolors2","FFEnemyShipNocolors5","1","871","2024-04-17 20:35:17"
"test43","FullPilot","1","14","-2","1","82","22","1","1","616","1116","1","0","67","33","1","1","67","33","FFEnemyShipNocolors2","FFEnemyShipNocolors5","1","953","2024-04-17 20:35:20"
"test43","FullPilot","1","15","-2","1","48","24","1","1","616","1116","1","0","67","33","1","1","67","33","FFEnemyShipNocolors2","FFEnemyShipNocolors5","1","1001","2024-04-17 20:35:23"
"test43","FullPilot","1","16","-2","2","76","31","1","0","633","1133","1","0","67","33","1","1","67","33","FFEnemyShipNocolors2","FFEnemyShipNocolors5","1","1032","2024-04-17 20:35:26"
"test43","FullPilot","1","17","-2","2","62","30","1","0","616","1133","1","0","67","33","1","1","67","33","FFEnemyShipNocolors2","FFEnemyShipNocolors5","1","1062","2024-04-17 20:35:29"
"test43","FullPilot","1","18","-2","1","38","29","1","1","633","1133","1","0","67","33","1","1","67","33","FFEnemyShipNocolors2","FFEnemyShipNocolors5","1","1100","2024-04-17 20:35:32"
"test43","FullPilot","1","19","-2","1","72","35","1","1","616","1133","1","0","67","33","1","1","67","33","FFEnemyShipNocolors2","FFEnemyShipNocolors5","1","1172","2024-04-17 20:35:35"
"test43","FullPilot","1","20","-2","1","41","35","1","1","616","1116","1","0","67","33","1","1","67","33","FFEnemyShipNocolors2","FFEnemyShipNocolors5","1","1213","2024-04-17 20:35:38"
"test43","FullPilot","1","21","-2","2","46","18","1","0","616","1116","1","0","67","33","1","1","67","33","FFEnemyShipNocolors2","FFEnemyShipNocolors5","1","1231","2024-04-17 20:35:41"
"test43","FullPilot","1","22","-2","2","95","43","1","0","616","1133","1","0","67","33","1","1","67","33","FFEnemyShipNocolors2","FFEnemyShipNocolors5","1","1274","2024-04-17 20:35:44"
"test43","FullPilot","1","23","-2","1","79","65","1","1","616","1116","1","0","67","33","1","1","67","33","FFEnemyShipNocolors2","FFEnemyShipNocolors5","1","1353","2024-04-17 20:35:48"
"test43","FullPilot","1","24","-2","1","80","45","1","1","616","1116","1","0","67","33","1","1","67","33","FFEnemyShipNocolors2","FFEnemyShipNocolors5","1","1433","2024-04-17 20:35:51"
"test43","FullPilot","1","25","-2","1","65","51","1","1","600","1100","1","0","67","33","1","1","67","33","FFEnemyShipNocolors2","FFEnemyShipNocolors5","1","1498","2024-04-17 20:35:54"
"test43","FullPilot","1","26","-2","2","87","60","1","0","633","1150","1","0","67","33","1","1","67","33","FFEnemyShipNocolors2","FFEnemyShipNocolors5","1","1558","2024-04-17 20:35:57"
"test43","FullPilot","1","27","-2","2","84","33","1","0","633","1133","1","0","67","33","1","1","67","33","FFEnemyShipNocolors2","FFEnemyShipNocolors5","1","1591","2024-04-17 20:36:00"
"test43","FullPilot","1","28","-2","2","77","71","1","0","616","1116","1","0","67","33","1","1","67","33","FFEnemyShipNocolors2","FFEnemyShipNocolors5","1","1662","2024-04-17 20:36:03"
"test43","FullPilot","1","29","-2","2","70","44","1","0","633","1133","1","0","67","33","1","1","67","33","FFEnemyShipNocolors2","FFEnemyShipNocolors5","1","1706","2024-04-17 20:36:06"
"test43","FullPilot","1","30","-2","2","78","50","1","0","616","1133","1","0","67","33","1","1","67","33","FFEnemyShipNocolors2","FFEnemyShipNocolors5","1","1756","2024-04-17 20:36:09"
"test43","FullPilot","1","31","-2","2","58","27","1","0","616","1116","1","0","67","33","1","1","67","33","FFEnemyShipNocolors2","FFEnemyShipNocolors5","1","1783","2024-04-17 20:36:12"
"test43","FullPilot","1","32","-2","1","67","76","1","1","616","1116","1","0","67","33","1","1","67","33","FFEnemyShipNocolors2","FFEnemyShipNocolors5","1","1850","2024-04-17 20:36:15"
"test43","FullPilot","1","33","-2","1","73","11","1","1","616","1117","1","0","67","33","1","1","67","33","FFEnemyShipNocolors2","FFEnemyShipNocolors5","1","1923","2024-04-17 20:36:19"
"test43","FullPilot","1","34","-2","1","81","14","1","1","616","1133","1","0","67","33","1","1","67","33","FFEnemyShipNocolors2","FFEnemyShipNocolors5","1","2004","2024-04-17 20:36:22"
"test43","FullPilot","1","35","-2","2","89","42","1","0","616","1116","1","0","67","33","1","1","67","33","FFEnemyShipNocolors2","FFEnemyShipNocolors5","1","2046","2024-04-17 20:36:25"
"test43","FullPilot","1","36","-2","2","68","26","1","0","616","1133","1","0","67","33","1","1","67","33","FFEnemyShipNocolors2","FFEnemyShipNocolors5","1","2072","2024-04-17 20:36:28"
"test43","FullPilot","1","37","-2","2","70","28","1","0","616","1116","1","0","67","33","1","1","67","33","FFEnemyShipNocolors2","FFEnemyShipNocolors5","1","2100","2024-04-17 20:36:31"
"test43","FullPilot","1","38","-2","1","90","45","1","1","616","1116","1","0","67","33","1","1","67","33","FFEnemyShipNocolors2","FFEnemyShipNocolors5","1","2190","2024-04-17 20:36:34"
"test43","FullPilot","1","39","-2","2","78","56","1","0","616","1116","1","0","67","33","1","1","67","33","FFEnemyShipNocolors2","FFEnemyShipNocolors5","1","2246","2024-04-17 20:36:37"
"test43","FullPilot","1","40","-2","2","66","34","1","0","600","1100","1","0","67","33","1","1","67","33","FFEnemyShipNocolors2","FFEnemyShipNocolors5","1","2280","2024-04-17 20:36:40"
"test43","FullPilot","1","41","-2","1","47","34","1","1","616","1116","1","0","67","33","1","1","67","33","FFEnemyShipNocolors2","FFEnemyShipNocolors5","1","2327","2024-04-17 20:36:43"
"test43","FullPilot","1","42","-2","1","53","24","1","1","600","1100","1","0","67","33","1","1","67","33","FFEnemyShipNocolors2","FFEnemyShipNocolors5","1","2380","2024-04-17 20:36:46"
"test43","FullPilot","1","43","-2","1","68","63","1","1","599","1100","1","0","67","33","1","1","67","33","FFEnemyShipNocolors2","FFEnemyShipNocolors5","1","2448","2024-04-17 20:36:49"
"test43","FullPilot","1","44","-2","2","62","57","1","0","616","1133","1","0","67","33","1","1","67","33","FFEnemyShipNocolors2","FFEnemyShipNocolors5","1","2505","2024-04-17 20:36:53"
"test43","FullPilot","1","45","-2","1","90","22","1","1","616","1116","1","0","67","33","1","1","67","33","FFEnemyShipNocolors2","FFEnemyShipNocolors5","1","2595","2024-04-17 20:36:56"
"test43","FullPilot","1","46","-2","2","74","16","1","0","600","1100","1","0","67","33","1","1","67","33","FFEnemyShipNocolors2","FFEnemyShipNocolors5","1","2611","2024-04-17 20:36:59"
"test43","FullPilot","1","47","-2","2","85","25","1","0","616","1133","1","0","67","33","1","1","67","33","FFEnemyShipNocolors2","FFEnemyShipNocolors5","1","2636","2024-04-17 20:37:02"
"test43","FullPilot","1","48","-2","1","51","44","1","1","616","1116","1","0","67","33","1","1","67","33","FFEnemyShipNocolors2","FFEnemyShipNocolors5","1","2687","2024-04-17 20:37:05"
"test43","FullPilot","1","49","-2","2","73","56","1","0","600","1116","1","0","67","33","1","1","67","33","FFEnemyShipNocolors2","FFEnemyShipNocolors5","1","2743","2024-04-17 20:37:08"
"test43","FullPilot","1","50","-2","1","52","5","1","1","600","1100","1","0","67","33","1","1","67","33","FFEnemyShipNocolors2","FFEnemyShipNocolors5","1","2795","2024-04-17 20:37:11"
"test43","FullPilot","1","51","-2","2","45","41","1","0","600","1116","1","0","67","33","1","1","67","33","FFEnemyShipNocolors2","FFEnemyShipNocolors5","1","2836","2024-04-17 20:37:14"
"test43","FullPilot","1","52","-2","1","88","43","1","1","616","1116","1","0","67","33","1","1","67","33","FFEnemyShipNocolors2","FFEnemyShipNocolors5","1","2924","2024-04-17 20:37:17"
"test43","FullPilot","1","53","-2","1","56","33","1","1","616","1116","1","0","67","33","1","1","67","33","FFEnemyShipNocolors2","FFEnemyShipNocolors5","1","2980","2024-04-17 20:37:20"
"test43","FullPilot","1","54","-2","2","54","18","1","0","616","1116","1","0","67","33","1","1","67","33","FFEnemyShipNocolors2","FFEnemyShipNocolors5","1","2998","2024-04-17 20:37:23"
"test43","FullPilot","1","55","-2","1","94","42","1","1","616","1133","1","0","67","33","1","1","67","33","FFEnemyShipNocolors2","FFEnemyShipNocolors5","1","3092","2024-04-17 20:37:27"
"test43","FullPilot","1","56","-2","1","68","19","1","1","616","1116","1","0","67","33","1","1","67","33","FFEnemyShipNocolors2","FFEnemyShipNocolors5","1","3160","2024-04-17 20:37:30"
"test43","FullPilot","1","57","-2","1","55","36","1","1","616","1116","1","0","67","33","1","1","67","33","FFEnemyShipNocolors2","FFEnemyShipNocolors5","1","3215","2024-04-17 20:37:33"
"test43","FullPilot","1","58","-2","2","98","14","1","0","616","1133","1","0","67","33","1","1","67","33","FFEnemyShipNocolors2","FFEnemyShipNocolors5","1","3229","2024-04-17 20:37:36"
"test43","FullPilot","1","59","-2","1","56","35","1","1","616","1133","1","0","67","33","1","1","67","33","FFEnemyShipNocolors2","FFEnemyShipNocolors5","1","3285","2024-04-17 20:37:39"
"test43","FullPilot","1","60","-2","2","87","44","1","0","617","1133","1","0","67","33","1","1","67","33","FFEnemyShipNocolors2","FFEnemyShipNocolors5","1","3329","2024-04-17 20:37:42"
"test43","FullPilot","1","61","-2","2","61","31","1","0","617","1133","1","0","67","33","1","1","67","33","FFEnemyShipNocolors2","FFEnemyShipNocolors5","1","3360","2024-04-17 20:37:45"
"test43","FullPilot","1","62","-2","1","64","14","1","1","616","1134","1","0","67","33","1","1","67","33","FFEnemyShipNocolors2","FFEnemyShipNocolors5","1","3424","2024-04-17 20:37:48"
"test43","FullPilot","1","63","-2","2","64","30","1","0","616","1133","1","0","67","33","1","1","67","33","FFEnemyShipNocolors2","FFEnemyShipNocolors5","1","3454","2024-04-17 20:37:51"
"test43","FullPilot","1","64","-2","1","83","57","1","1","616","1116","1","0","67","33","1","1","67","33","FFEnemyShipNocolors2","FFEnemyShipNocolors5","1","3537","2024-04-17 20:37:54"
"test43","FullPilot","1","65","-2","2","68","48","1","0","600","1116","1","0","67","33","1","1","67","33","FFEnemyShipNocolors2","FFEnemyShipNocolors5","1","3585","2024-04-17 20:37:57"
"test43","FullPilot","1","66","-2","1","93","25","1","1","616","1116","1","0","67","33","1","1","67","33","FFEnemyShipNocolors2","FFEnemyShipNocolors5","1","3678","2024-04-17 20:38:01"
"test43","FullPilot","1","67","-2","1","65","37","1","1","616","1116","1","0","67","33","1","1","67","33","FFEnemyShipNocolors2","FFEnemyShipNocolors5","1","3743","2024-04-17 20:38:04"
"test43","FullPilot","1","68","-2","2","88","10","1","0","616","1116","1","0","67","33","1","1","67","33","FFEnemyShipNocolors2","FFEnemyShipNocolors5","1","3753","2024-04-17 20:38:07"
"test43","FullPilot","1","69","-2","2","70","54","1","0","616","1116","1","0","67","33","1","1","67","33","FFEnemyShipNocolors2","FFEnemyShipNocolors5","1","3807","2024-04-17 20:38:10"
"test43","FullPilot","1","70","-2","2","89","21","1","0","616","1116","1","0","67","33","1","1","67","33","FFEnemyShipNocolors2","FFEnemyShipNocolors5","1","3828","2024-04-17 20:38:13"
"test43","FullPilot","1","71","-2","2","55","44","1","0","616","1116","1","0","67","33","1","1","67","33","FFEnemyShipNocolors2","FFEnemyShipNocolors5","1","3872","2024-04-17 20:38:16"
"test43","FullPilot","2","0","0","1","56","23","1","1","632","1132","1","0","7","7","0.12","0.18","62","38","FFEnemyShipNocolors3","FFEnemyShipNocolors1","0","0","2024-04-17 20:38:56"
"test43","FullPilot","2","1","0","2","33","47","1","0","616","1117","1","0","7","10","0.12","0.27","62","38","FFEnemyShipNocolors3","FFEnemyShipNocolors1","1","47","2024-04-17 20:38:59"
"test43","FullPilot","2","2","1","1","54","12","1","1","533","1033","1","0","9","11","0.12","0.38","72","28","FFEnemyShipNoColors12","FFEnemyShipNocolors8","0","47","2024-04-17 20:39:02"
"test43","FullPilot","2","3","0","2","10","20","1","0","616","1133","1","0","7","19","0.12","0.5","62","38","FFEnemyShipNocolors3","FFEnemyShipNocolors1","0","47","2024-04-17 20:39:05"
"test43","FullPilot","2","4","0","2","83","20","1","0","633","1133","1","0","7","24","0.12","0.62","62","38","FFEnemyShipNocolors3","FFEnemyShipNocolors1","0","47","2024-04-17 20:39:09"
"test43","FullPilot","2","5","0","2","48","48","1","0","616","1118","1","0","7","28","0.12","0.73","62","38","FFEnemyShipNocolors3","FFEnemyShipNocolors1","0","47","2024-04-17 20:39:12"
"test43","FullPilot","2","6","1","1","63","49","1","1","533","1033","1","0","9","23","0.12","0.82","72","28","FFEnemyShipNoColors12","FFEnemyShipNocolors8","1","110","2024-04-17 20:39:15"
"test43","FullPilot","2","7","1","2","80","41","1","0","533","1033","1","0","9","25","0.12","0.88","72","28","FFEnemyShipNoColors12","FFEnemyShipNocolors8","1","151","2024-04-17 20:39:18"
"test43","FullPilot","2","8","1","1","75","42","1","1","533","1033","1","0","13","3","0.18","0.12","72","28","FFEnemyShipNoColors12","FFEnemyShipNocolors8","0","151","2024-04-17 20:39:22"
"test43","FullPilot","2","9","0","1","47","39","1","1","616","1117","1","0","11","10","0.18","0.27","62","38","FFEnemyShipNocolors3","FFEnemyShipNocolors1","1","198","2024-04-17 20:39:25"
"test43","FullPilot","2","10","0","1","8","25","1","1","617","1116","1","0","11","14","0.18","0.38","62","38","FFEnemyShipNocolors3","FFEnemyShipNocolors1","0","198","2024-04-17 20:39:28"
"test43","FullPilot","2","11","0","2","86","35","1","0","616","1117","1","0","11","19","0.18","0.5","62","38","FFEnemyShipNocolors3","FFEnemyShipNocolors1","1","233","2024-04-17 20:39:31"
"test43","FullPilot","2","12","0","1","29","37","1","1","616","1116","1","0","11","24","0.18","0.62","62","38","FFEnemyShipNocolors3","FFEnemyShipNocolors1","1","262","2024-04-17 20:39:34"
"test43","FullPilot","2","13","0","1","48","44","1","1","616","1116","1","0","11","28","0.18","0.73","62","38","FFEnemyShipNocolors3","FFEnemyShipNocolors1","0","262","2024-04-17 20:39:38"
"test43","FullPilot","2","14","1","1","79","17","1","1","533","1033","1","0","13","23","0.18","0.82","72","28","FFEnemyShipNoColors12","FFEnemyShipNocolors8","0","262","2024-04-17 20:39:41"
"test43","FullPilot","2","15","1","2","92","26","1","0","533","1033","1","0","13","25","0.18","0.88","72","28","FFEnemyShipNoColors12","FFEnemyShipNocolors8","1","288","2024-04-17 20:39:44"
"test43","FullPilot","2","16","1","1","37","7","1","1","531","1031","1","0","19","3","0.27","0.12","72","28","FFEnemyShipNoColors12","FFEnemyShipNocolors8","0","288","2024-04-17 20:39:47"
"test43","FullPilot","2","17","1","1","64","88","1","1","533","1033","1","0","19","5","0.27","0.18","72","28","FFEnemyShipNoColors12","FFEnemyShipNocolors8","0","288","2024-04-17 20:39:51"
"test43","FullPilot","2","18","0","2","49","49","1","0","616","1116","1","0","17","14","0.27","0.38","62","38","FFEnemyShipNocolors3","FFEnemyShipNocolors1","0","288","2024-04-17 20:39:54"
"test43","FullPilot","2","19","0","2","82","4","1","0","616","1116","1","0","17","19","0.27","0.5","62","38","FFEnemyShipNocolors3","FFEnemyShipNocolors1","1","292","2024-04-17 20:39:57"
"test43","FullPilot","2","20","0","1","60","23","1","1","616","1116","1","0","17","24","0.27","0.62","62","38","FFEnemyShipNocolors3","FFEnemyShipNocolors1","0","292","2024-04-17 20:40:01"
"test43","FullPilot","2","21","1","1","88","21","1","1","533","1033","1","0","19","20","0.27","0.73","72","28","FFEnemyShipNoColors12","FFEnemyShipNocolors8","0","292","2024-04-17 20:40:04"
"test43","FullPilot","2","22","1","1","73","2","1","1","533","1033","1","0","19","23","0.27","0.82","72","28","FFEnemyShipNoColors12","FFEnemyShipNocolors8","0","292","2024-04-17 20:40:07"
"test43","FullPilot","2","23","0","1","78","47","1","1","617","1117","1","0","17","33","0.27","0.88","62","38","FFEnemyShipNocolors3","FFEnemyShipNocolors1","1","370","2024-04-17 20:40:10"
"test43","FullPilot","2","24","1","1","84","35","1","1","533","1033","1","0","27","3","0.38","0.12","72","28","FFEnemyShipNoColors12","FFEnemyShipNocolors8","0","370","2024-04-17 20:40:14"
"test43","FullPilot","2","25","1","2","62","46","1","0","533","1050","1","0","27","5","0.38","0.18","72","28","FFEnemyShipNoColors12","FFEnemyShipNocolors8","0","370","2024-04-17 20:40:17"
"test43","FullPilot","2","26","1","1","78","54","1","1","533","1033","1","0","27","8","0.38","0.27","72","28","FFEnemyShipNoColors12","FFEnemyShipNocolors8","0","370","2024-04-17 20:40:20"
"test43","FullPilot","2","27","0","2","53","23","1","0","616","1117","1","0","24","19","0.38","0.5","62","38","FFEnemyShipNocolors3","FFEnemyShipNocolors1","1","393","2024-04-17 20:40:23"
"test43","FullPilot","2","28","1","2","36","2","1","0","533","1050","1","0","27","17","0.38","0.62","72","28","FFEnemyShipNoColors12","FFEnemyShipNocolors8","1","395","2024-04-17 20:40:27"
"test43","FullPilot","2","29","1","1","85","23","1","1","533","1033","1","0","27","20","0.38","0.73","72","28","FFEnemyShipNoColors12","FFEnemyShipNocolors8","0","395","2024-04-17 20:40:30"
"test43","FullPilot","2","30","0","1","56","21","1","1","599","1101","1","0","24","31","0.38","0.82","62","38","FFEnemyShipNocolors3","FFEnemyShipNocolors1","1","451","2024-04-17 20:40:33"
"test43","FullPilot","2","31","1","2","68","35","1","0","516","1028","1","0","27","25","0.38","0.88","72","28","FFEnemyShipNoColors12","FFEnemyShipNocolors8","1","486","2024-04-17 20:40:36"
"test43","FullPilot","2","32","0","2","92","31","1","0","616","1116","1","0","31","5","0.5","0.12","62","38","FFEnemyShipNocolors3","FFEnemyShipNocolors1","0","486","2024-04-17 20:40:39"
"test43","FullPilot","2","33","0","2","44","65","1","0","616","1117","1","0","31","7","0.5","0.18","62","38","FFEnemyShipNocolors3","FFEnemyShipNocolors1","0","486","2024-04-17 20:40:43"
"test43","FullPilot","2","34","0","2","74","12","1","0","616","1116","1","0","31","10","0.5","0.27","62","38","FFEnemyShipNocolors3","FFEnemyShipNocolors1","0","486","2024-04-17 20:40:46"
"test43","FullPilot","2","35","0","1","56","49","1","1","600","1100","1","0","31","14","0.5","0.38","62","38","FFEnemyShipNocolors3","FFEnemyShipNocolors1","1","542","2024-04-17 20:40:49"
"test43","FullPilot","2","36","1","1","51","28","1","1","533","1035","1","0","36","17","0.5","0.62","72","28","FFEnemyShipNoColors12","FFEnemyShipNocolors8","0","542","2024-04-17 20:40:53"
"test43","FullPilot","2","37","0","2","46","58","1","0","616","1117","1","0","31","28","0.5","0.73","62","38","FFEnemyShipNocolors3","FFEnemyShipNocolors1","1","600","2024-04-17 20:40:56"
"test43","FullPilot","2","38","0","2","78","22","1","0","616","1116","1","0","31","31","0.5","0.82","62","38","FFEnemyShipNocolors3","FFEnemyShipNocolors1","1","622","2024-04-17 20:40:59"
"test43","FullPilot","2","39","1","2","88","40","1","0","534","1050","1","0","36","25","0.5","0.88","72","28","FFEnemyShipNoColors12","FFEnemyShipNocolors8","1","662","2024-04-17 20:41:02"
"test43","FullPilot","2","40","1","1","80","39","1","1","516","1016","1","0","45","3","0.62","0.12","72","28","FFEnemyShipNoColors12","FFEnemyShipNocolors8","1","742","2024-04-17 20:41:05"
"test43","FullPilot","2","41","1","2","95","62","1","0","516","1016","1","0","45","5","0.62","0.18","72","28","FFEnemyShipNoColors12","FFEnemyShipNocolors8","1","804","2024-04-17 20:41:08"
"test43","FullPilot","2","42","0","1","58","1","1","1","600","1100","1","0","38","10","0.62","0.27","62","38","FFEnemyShipNocolors3","FFEnemyShipNocolors1","0","804","2024-04-17 20:41:11"
"test43","FullPilot","2","43","0","2","91","49","1","0","616","1117","1","0","38","14","0.62","0.38","62","38","FFEnemyShipNocolors3","FFEnemyShipNocolors1","1","853","2024-04-17 20:41:14"
"test43","FullPilot","2","44","1","1","78","28","1","1","533","1033","1","0","45","14","0.62","0.5","72","28","FFEnemyShipNoColors12","FFEnemyShipNocolors8","1","931","2024-04-17 20:41:18"
"test43","FullPilot","2","45","0","2","31","62","1","0","616","1133","1","0","38","28","0.62","0.73","62","38","FFEnemyShipNocolors3","FFEnemyShipNocolors1","1","993","2024-04-17 20:41:21"
"test43","FullPilot","2","46","1","2","78","28","1","0","516","1016","1","0","45","23","0.62","0.82","72","28","FFEnemyShipNoColors12","FFEnemyShipNocolors8","1","1021","2024-04-17 20:41:24"
"test43","FullPilot","2","47","1","2","52","38","1","0","549","1050","1","0","45","25","0.62","0.88","72","28","FFEnemyShipNoColors12","FFEnemyShipNocolors8","1","1059","2024-04-17 20:41:27"
"test43","FullPilot","2","48","1","2","47","21","1","0","516","1016","1","0","53","3","0.73","0.12","72","28","FFEnemyShipNoColors12","FFEnemyShipNocolors8","0","1059","2024-04-17 20:41:30"
"test43","FullPilot","2","49","1","1","86","30","1","1","516","1017","1","0","53","5","0.73","0.18","72","28","FFEnemyShipNoColors12","FFEnemyShipNocolors8","1","1145","2024-04-17 20:41:33"
"test43","FullPilot","2","50","0","2","92","28","1","0","600","1100","1","0","45","10","0.73","0.27","62","38","FFEnemyShipNocolors3","FFEnemyShipNocolors1","0","1145","2024-04-17 20:41:37"
"test43","FullPilot","2","51","0","1","25","12","1","1","616","1116","1","0","45","14","0.73","0.38","62","38","FFEnemyShipNocolors3","FFEnemyShipNocolors1","1","1170","2024-04-17 20:41:40"
"test43","FullPilot","2","52","1","2","89","19","1","0","516","1033","1","0","53","14","0.73","0.5","72","28","FFEnemyShipNoColors12","FFEnemyShipNocolors8","1","1189","2024-04-17 20:41:43"
"test43","FullPilot","2","53","0","1","66","17","1","1","616","1116","1","0","45","24","0.73","0.62","62","38","FFEnemyShipNocolors3","FFEnemyShipNocolors1","0","1189","2024-04-17 20:41:46"
"test43","FullPilot","2","54","1","2","67","39","1","0","533","1033","1","0","53","23","0.73","0.82","72","28","FFEnemyShipNoColors12","FFEnemyShipNocolors8","1","1228","2024-04-17 20:41:49"
"test43","FullPilot","2","55","0","1","85","34","1","1","616","1116","1","0","45","33","0.73","0.88","62","38","FFEnemyShipNocolors3","FFEnemyShipNocolors1","0","1228","2024-04-17 20:41:53"
"test43","FullPilot","2","56","1","2","69","2","1","0","533","1050","1","0","59","3","0.82","0.12","72","28","FFEnemyShipNoColors12","FFEnemyShipNocolors8","0","1228","2024-04-17 20:41:56"
"test43","FullPilot","2","57","1","2","63","19","1","0","533","1033","1","0","59","5","0.82","0.18","72","28","FFEnemyShipNoColors12","FFEnemyShipNocolors8","0","1228","2024-04-17 20:41:59"
"test43","FullPilot","2","58","0","2","35","67","1","0","616","1116","1","0","51","10","0.82","0.27","62","38","FFEnemyShipNocolors3","FFEnemyShipNocolors1","0","1228","2024-04-17 20:42:03"
"test43","FullPilot","2","59","1","1","52","26","1","1","533","1033","1","0","59","11","0.82","0.38","72","28","FFEnemyShipNoColors12","FFEnemyShipNocolors8","1","1280","2024-04-17 20:42:06"
"test43","FullPilot","2","60","0","2","47","18","1","0","616","1116","1","0","51","19","0.82","0.5","62","38","FFEnemyShipNocolors3","FFEnemyShipNocolors1","1","1298","2024-04-17 20:42:09"
"test43","FullPilot","2","61","1","1","74","24","1","1","549","1050","1","0","59","17","0.82","0.62","72","28","FFEnemyShipNoColors12","FFEnemyShipNocolors8","1","1372","2024-04-17 20:42:12"
"test43","FullPilot","2","62","0","2","66","34","1","0","616","1116","1","0","51","28","0.82","0.73","62","38","FFEnemyShipNocolors3","FFEnemyShipNocolors1","1","1406","2024-04-17 20:42:15"
"test43","FullPilot","2","63","1","2","68","26","1","0","533","1037","1","0","59","25","0.82","0.88","72","28","FFEnemyShipNoColors12","FFEnemyShipNocolors8","1","1432","2024-04-17 20:42:18"
"test43","FullPilot","2","64","1","2","61","58","1","0","533","1034","1","0","63","3","0.88","0.12","72","28","FFEnemyShipNoColors12","FFEnemyShipNocolors8","0","1432","2024-04-17 20:42:21"
"test43","FullPilot","2","65","0","2","47","41","1","0","633","1134","1","0","55","7","0.88","0.18","62","38","FFEnemyShipNocolors3","FFEnemyShipNocolors1","1","1473","2024-04-17 20:42:25"
"test43","FullPilot","2","66","1","2","56","30","1","0","530","1047","1","0","63","8","0.88","0.27","72","28","FFEnemyShipNoColors12","FFEnemyShipNocolors8","0","1473","2024-04-17 20:42:28"
"test43","FullPilot","2","67","0","1","38","32","1","1","616","1117","1","0","55","14","0.88","0.38","62","38","FFEnemyShipNocolors3","FFEnemyShipNocolors1","0","1473","2024-04-17 20:42:31"
"test43","FullPilot","2","68","1","1","70","13","1","1","516","1016","1","0","63","14","0.88","0.5","72","28","FFEnemyShipNoColors12","FFEnemyShipNocolors8","1","1543","2024-04-17 20:42:34"
"test43","FullPilot","2","69","0","1","55","26","1","1","600","1100","1","0","55","24","0.88","0.62","62","38","FFEnemyShipNocolors3","FFEnemyShipNocolors1","0","1543","2024-04-17 20:42:38"
"test43","FullPilot","2","70","0","1","65","41","1","1","615","1116","1","0","55","28","0.88","0.73","62","38","FFEnemyShipNocolors3","FFEnemyShipNocolors1","1","1608","2024-04-17 20:42:41"
"test43","FullPilot","2","71","0","2","77","20","1","0","617","1133","1","0","55","31","0.88","0.82","62","38","FFEnemyShipNocolors3","FFEnemyShipNocolors1","1","1628","2024-04-17 20:42:44"
"test43","FullPilot","2","72","1","2","100","16","1","0","533","1050","1","0","9","5","0.12","0.18","72","28","FFEnemyShipNoColors12","FFEnemyShipNocolors8","1","1644","2024-04-17 20:42:47"
"test43","FullPilot","2","73","1","2","69","5","1","0","533","1033","1","0","9","8","0.12","0.27","72","28","FFEnemyShipNoColors12","FFEnemyShipNocolors8","1","1649","2024-04-17 20:42:50"
"test43","FullPilot","2","74","1","1","63","9","1","1","533","1033","1","0","9","11","0.12","0.38","72","28","FFEnemyShipNoColors12","FFEnemyShipNocolors8","0","1649","2024-04-17 20:42:54"
"test43","FullPilot","2","75","1","2","63","6","1","0","533","1035","1","0","9","14","0.12","0.5","72","28","FFEnemyShipNoColors12","FFEnemyShipNocolors8","1","1655","2024-04-17 20:42:57"
"test43","FullPilot","2","76","0","1","75","23","1","1","600","1116","1","0","7","24","0.12","0.62","62","38","FFEnemyShipNocolors3","FFEnemyShipNocolors1","0","1655","2024-04-17 20:43:00"
"test43","FullPilot","2","77","0","2","54","47","1","0","617","1136","1","0","7","28","0.12","0.73","62","38","FFEnemyShipNocolors3","FFEnemyShipNocolors1","1","1702","2024-04-17 20:43:03"
"test43","FullPilot","2","78","1","2","59","25","1","0","533","1033","1","0","9","23","0.12","0.82","72","28","FFEnemyShipNoColors12","FFEnemyShipNocolors8","0","1702","2024-04-17 20:43:06"
"test43","FullPilot","2","79","0","1","87","49","1","1","599","1100","1","0","7","33","0.12","0.88","62","38","FFEnemyShipNocolors3","FFEnemyShipNocolors1","0","1702","2024-04-17 20:43:10"
"test43","FullPilot","2","80","0","2","90","25","1","0","616","1116","1","0","11","5","0.18","0.12","62","38","FFEnemyShipNocolors3","FFEnemyShipNocolors1","0","1702","2024-04-17 20:43:13"
"test43","FullPilot","2","81","0","1","81","67","1","1","599","1100","1","0","11","10","0.18","0.27","62","38","FFEnemyShipNocolors3","FFEnemyShipNocolors1","0","1702","2024-04-17 20:43:16"
"test43","FullPilot","2","82","0","1","96","22","1","1","616","1117","1","0","11","14","0.18","0.38","62","38","FFEnemyShipNocolors3","FFEnemyShipNocolors1","0","1702","2024-04-17 20:43:20"
"test43","FullPilot","2","83","1","2","94","40","1","0","533","1033","1","0","13","14","0.18","0.5","72","28","FFEnemyShipNoColors12","FFEnemyShipNocolors8","1","1742","2024-04-17 20:43:23"
"test43","FullPilot","2","84","1","1","77","45","1","1","516","1033","1","0","13","17","0.18","0.62","72","28","FFEnemyShipNoColors12","FFEnemyShipNocolors8","0","1742","2024-04-17 20:43:26"
"test43","FullPilot","2","85","0","2","52","36","1","0","631","1131","1","0","11","28","0.18","0.73","62","38","FFEnemyShipNocolors3","FFEnemyShipNocolors1","1","1778","2024-04-17 20:43:29"
"test43","FullPilot","2","86","1","2","59","46","1","0","516","1016","1","0","13","23","0.18","0.82","72","28","FFEnemyShipNoColors12","FFEnemyShipNocolors8","1","1824","2024-04-17 20:43:32"
"test43","FullPilot","2","87","1","2","93","19","1","0","533","1049","1","0","13","25","0.18","0.88","72","28","FFEnemyShipNoColors12","FFEnemyShipNocolors8","1","1843","2024-04-17 20:43:35"
"test43","FullPilot","2","88","1","2","64","54","1","0","533","1034","1","0","19","3","0.27","0.12","72","28","FFEnemyShipNoColors12","FFEnemyShipNocolors8","0","1843","2024-04-17 20:43:39"
"test43","FullPilot","2","89","0","2","91","36","1","0","600","1100","1","0","17","7","0.27","0.18","62","38","FFEnemyShipNocolors3","FFEnemyShipNocolors1","0","1843","2024-04-17 20:43:42"
"test43","FullPilot","2","90","0","1","45","42","1","1","616","1116","1","0","17","14","0.27","0.38","62","38","FFEnemyShipNocolors3","FFEnemyShipNocolors1","1","1888","2024-04-17 20:43:45"
"test43","FullPilot","2","91","0","1","45","80","1","1","600","1100","1","0","17","19","0.27","0.5","62","38","FFEnemyShipNocolors3","FFEnemyShipNocolors1","0","1888","2024-04-17 20:43:49"
"test43","FullPilot","2","92","0","1","95","51","1","1","616","1117","1","0","17","24","0.27","0.62","62","38","FFEnemyShipNocolors3","FFEnemyShipNocolors1","0","1888","2024-04-17 20:43:52"
"test43","FullPilot","2","93","1","2","78","36","1","0","533","1033","1","0","19","20","0.27","0.73","72","28","FFEnemyShipNoColors12","FFEnemyShipNocolors8","1","1924","2024-04-17 20:43:55"
"test43","FullPilot","2","94","1","1","83","32","1","1","533","1033","1","0","19","23","0.27","0.82","72","28","FFEnemyShipNoColors12","FFEnemyShipNocolors8","0","1924","2024-04-17 20:43:58"
"test43","FullPilot","2","95","0","1","67","18","1","1","599","1101","1","0","17","33","0.27","0.88","62","38","FFEnemyShipNocolors3","FFEnemyShipNocolors1","0","1924","2024-04-17 20:44:02"
"test43","FullPilot","2","96","1","1","89","9","1","1","533","1034","1","0","27","3","0.38","0.12","72","28","FFEnemyShipNoColors12","FFEnemyShipNocolors8","1","2013","2024-04-17 20:44:05"
"test43","FullPilot","2","97","1","1","86","32","1","1","533","1050","1","0","27","5","0.38","0.18","72","28","FFEnemyShipNoColors12","FFEnemyShipNocolors8","0","2013","2024-04-17 20:44:08"
"test43","FullPilot","2","98","1","2","44","17","1","0","533","1033","1","0","27","8","0.38","0.27","72","28","FFEnemyShipNoColors12","FFEnemyShipNocolors8","1","2030","2024-04-17 20:44:11"
"test43","FullPilot","2","99","0","1","72","61","1","1","616","1133","1","0","24","19","0.38","0.5","62","38","FFEnemyShipNocolors3","FFEnemyShipNocolors1","0","2030","2024-04-17 20:44:15"
"test43","FullPilot","2","100","0","1","56","48","1","1","616","1116","1","0","24","24","0.38","0.62","62","38","FFEnemyShipNocolors3","FFEnemyShipNocolors1","1","2086","2024-04-17 20:44:18"
"test43","FullPilot","2","101","1","1","96","21","1","1","533","1033","1","0","27","20","0.38","0.73","72","28","FFEnemyShipNoColors12","FFEnemyShipNocolors8","0","2086","2024-04-17 20:44:21"
"test43","FullPilot","2","102","0","2","76","36","1","0","616","1116","1","0","24","31","0.38","0.82","62","38","FFEnemyShipNocolors3","FFEnemyShipNocolors1","0","2086","2024-04-17 20:44:25"
"test43","FullPilot","2","103","1","2","61","23","1","0","533","1034","1","0","27","25","0.38","0.88","72","28","FFEnemyShipNoColors12","FFEnemyShipNocolors8","1","2109","2024-04-17 20:44:28"
"test43","FullPilot","2","104","1","1","67","54","1","1","533","1033","1","0","36","3","0.5","0.12","72","28","FFEnemyShipNoColors12","FFEnemyShipNocolors8","1","2176","2024-04-17 20:44:31"
"test43","FullPilot","2","105","0","2","51","5","1","0","616","1116","1","0","31","7","0.5","0.18","62","38","FFEnemyShipNocolors3","FFEnemyShipNocolors1","0","2176","2024-04-17 20:44:34"
"test43","FullPilot","2","106","1","2","71","33","1","0","533","1034","1","0","36","8","0.5","0.27","72","28","FFEnemyShipNoColors12","FFEnemyShipNocolors8","0","2176","2024-04-17 20:44:38"
"test43","FullPilot","2","107","1","2","72","45","1","0","533","1034","1","0","36","11","0.5","0.38","72","28","FFEnemyShipNoColors12","FFEnemyShipNocolors8","0","2176","2024-04-17 20:44:41"
"test43","FullPilot","2","108","1","1","38","52","1","1","533","1033","1","0","36","17","0.5","0.62","72","28","FFEnemyShipNoColors12","FFEnemyShipNocolors8","0","2176","2024-04-17 20:44:44"
"test43","FullPilot","2","109","1","1","59","25","1","1","550","1050","1","0","36","20","0.5","0.73","72","28","FFEnemyShipNoColors12","FFEnemyShipNocolors8","1","2235","2024-04-17 20:44:48"
"test43","FullPilot","2","110","1","1","91","26","1","1","516","1016","1","0","36","23","0.5","0.82","72","28","FFEnemyShipNoColors12","FFEnemyShipNocolors8","0","2235","2024-04-17 20:44:51"
"test43","FullPilot","2","111","1","1","70","6","1","1","550","1052","1","0","36","25","0.5","0.88","72","28","FFEnemyShipNoColors12","FFEnemyShipNocolors8","0","2235","2024-04-17 20:44:54"
"test43","FullPilot","2","112","0","2","58","50","1","0","616","1118","1","0","38","5","0.62","0.12","62","38","FFEnemyShipNocolors3","FFEnemyShipNocolors1","1","2285","2024-04-17 20:44:57"
"test43","FullPilot","2","113","1","1","58","25","1","1","533","1033","1","0","45","5","0.62","0.18","72","28","FFEnemyShipNoColors12","FFEnemyShipNocolors8","1","2343","2024-04-17 20:45:00"
"test43","FullPilot","2","114","0","1","32","38","1","1","616","1116","1","0","38","10","0.62","0.27","62","38","FFEnemyShipNocolors3","FFEnemyShipNocolors1","0","2343","2024-04-17 20:45:04"
"test43","FullPilot","2","115","0","2","54","81","1","0","599","1101","1","0","38","14","0.62","0.38","62","38","FFEnemyShipNocolors3","FFEnemyShipNocolors1","0","2343","2024-04-17 20:45:07"
"test43","FullPilot","2","116","1","1","52","27","1","1","549","1050","1","0","45","14","0.62","0.5","72","28","FFEnemyShipNoColors12","FFEnemyShipNocolors8","1","2395","2024-04-17 20:45:10"
"test43","FullPilot","2","117","0","2","51","43","1","0","616","1117","1","0","38","28","0.62","0.73","62","38","FFEnemyShipNocolors3","FFEnemyShipNocolors1","1","2438","2024-04-17 20:45:13"
"test43","FullPilot","2","118","0","1","71","47","1","1","616","1116","1","0","38","31","0.62","0.82","62","38","FFEnemyShipNocolors3","FFEnemyShipNocolors1","1","2509","2024-04-17 20:45:17"
"test43","FullPilot","2","119","0","1","77","29","1","1","616","1133","1","0","38","33","0.62","0.88","62","38","FFEnemyShipNocolors3","FFEnemyShipNocolors1","0","2509","2024-04-17 20:45:20"
"test43","FullPilot","2","120","0","2","35","52","1","0","616","1117","1","0","45","5","0.73","0.12","62","38","FFEnemyShipNocolors3","FFEnemyShipNocolors1","0","2509","2024-04-17 20:45:23"
"test43","FullPilot","2","121","1","1","52","21","1","1","533","1035","1","0","53","5","0.73","0.18","72","28","FFEnemyShipNoColors12","FFEnemyShipNocolors8","1","2561","2024-04-17 20:45:26"
"test43","FullPilot","2","122","1","1","55","14","1","1","533","1050","1","0","53","8","0.73","0.27","72","28","FFEnemyShipNoColors12","FFEnemyShipNocolors8","0","2561","2024-04-17 20:45:30"
"test43","FullPilot","2","123","0","1","48","38","1","1","616","1116","1","0","45","14","0.73","0.38","62","38","FFEnemyShipNocolors3","FFEnemyShipNocolors1","0","2561","2024-04-17 20:45:33"
"test43","FullPilot","2","124","1","1","37","10","1","1","550","1050","1","0","53","14","0.73","0.5","72","28","FFEnemyShipNoColors12","FFEnemyShipNocolors8","0","2561","2024-04-17 20:45:36"
"test43","FullPilot","2","125","0","1","68","55","1","1","616","1116","1","0","45","24","0.73","0.62","62","38","FFEnemyShipNocolors3","FFEnemyShipNocolors1","0","2561","2024-04-17 20:45:40"
"test43","FullPilot","2","126","1","1","46","6","1","1","533","1033","1","0","53","23","0.73","0.82","72","28","FFEnemyShipNoColors12","FFEnemyShipNocolors8","0","2561","2024-04-17 20:45:43"
"test43","FullPilot","2","127","0","1","74","37","1","1","617","1133","1","0","45","33","0.73","0.88","62","38","FFEnemyShipNocolors3","FFEnemyShipNocolors1","0","2561","2024-04-17 20:45:47"
"test43","FullPilot","2","128","1","2","27","51","1","0","533","1033","1","0","59","3","0.82","0.12","72","28","FFEnemyShipNoColors12","FFEnemyShipNocolors8","0","2561","2024-04-17 20:45:50"
"test43","FullPilot","2","129","0","1","34","58","1","1","616","1133","1","0","51","7","0.82","0.18","62","38","FFEnemyShipNocolors3","FFEnemyShipNocolors1","1","2595","2024-04-17 20:45:53"
"test43","FullPilot","2","130","1","2","71","52","1","0","533","1050","1","0","59","8","0.82","0.27","72","28","FFEnemyShipNoColors12","FFEnemyShipNocolors8","0","2595","2024-04-17 20:45:56"
"test43","FullPilot","2","131","0","1","55","25","1","1","616","1117","1","0","51","14","0.82","0.38","62","38","FFEnemyShipNocolors3","FFEnemyShipNocolors1","1","2650","2024-04-17 20:45:59"
"test43","FullPilot","2","132","0","1","83","35","1","1","616","1116","1","0","51","19","0.82","0.5","62","38","FFEnemyShipNocolors3","FFEnemyShipNocolors1","0","2650","2024-04-17 20:46:03"
"test43","FullPilot","2","133","0","1","53","7","1","1","616","1116","1","0","51","24","0.82","0.62","62","38","FFEnemyShipNocolors3","FFEnemyShipNocolors1","1","2703","2024-04-17 20:46:06"
"test43","FullPilot","2","134","0","1","50","32","1","1","616","1133","1","0","51","28","0.82","0.73","62","38","FFEnemyShipNocolors3","FFEnemyShipNocolors1","1","2753","2024-04-17 20:46:09"
"test43","FullPilot","2","135","0","1","33","34","1","1","616","1116","1","0","51","33","0.82","0.88","62","38","FFEnemyShipNocolors3","FFEnemyShipNocolors1","1","2786","2024-04-17 20:46:12"
"test43","FullPilot","2","136","1","1","68","65","1","1","533","1049","1","0","63","3","0.88","0.12","72","28","FFEnemyShipNoColors12","FFEnemyShipNocolors8","1","2854","2024-04-17 20:46:15"
"test43","FullPilot","2","137","0","2","83","51","1","0","601","1116","1","0","55","7","0.88","0.18","62","38","FFEnemyShipNocolors3","FFEnemyShipNocolors1","0","2854","2024-04-17 20:46:19"
"test43","FullPilot","2","138","1","2","83","46","1","0","533","1033","1","0","63","8","0.88","0.27","72","28","FFEnemyShipNoColors12","FFEnemyShipNocolors8","1","2900","2024-04-17 20:46:22"
"test43","FullPilot","2","139","1","1","51","55","1","1","533","1033","1","0","63","11","0.88","0.38","72","28","FFEnemyShipNoColors12","FFEnemyShipNocolors8","1","2951","2024-04-17 20:46:25"
"test43","FullPilot","2","140","0","1","53","23","1","1","616","1116","1","0","55","19","0.88","0.5","62","38","FFEnemyShipNocolors3","FFEnemyShipNocolors1","1","3004","2024-04-17 20:46:28"
"test43","FullPilot","2","141","0","2","76","22","1","0","600","1117","1","0","55","24","0.88","0.62","62","38","FFEnemyShipNocolors3","FFEnemyShipNocolors1","1","3026","2024-04-17 20:46:31"
"test43","FullPilot","2","142","1","1","89","10","1","1","533","1050","1","0","63","20","0.88","0.73","72","28","FFEnemyShipNoColors12","FFEnemyShipNocolors8","1","3115","2024-04-17 20:46:34"
"test43","FullPilot","2","143","1","2","86","6","1","0","533","1033","1","0","63","23","0.88","0.82","72","28","FFEnemyShipNoColors12","FFEnemyShipNocolors8","1","3121","2024-04-17 20:46:37"
"test43","FullPilot","3","0","0","1","56","23","1","1","285","801","1","0","7","7","0.12","0.18","62","38","FFEnemyShipNocolors6","FFEnemyShipNoColors11","0","3121","2024-04-17 20:46:46"
"test43","FullPilot","3","1","0","2","33","47","1","0","283","783","1","0","7","10","0.12","0.27","62","38","FFEnemyShipNocolors6","FFEnemyShipNoColors11","1","3168","2024-04-17 20:46:49"
"test43","FullPilot","3","2","1","2","54","12","1","0","315","815","1","0","9","11","0.12","0.38","72","28","FFEnemyShipNoColors9","FFEnemyShipNocolors7","0","3168","2024-04-17 20:46:52"
"test43","FullPilot","3","3","0","1","10","20","1","1","283","784","1","0","7","19","0.12","0.5","62","38","FFEnemyShipNocolors6","FFEnemyShipNoColors11","0","3168","2024-04-17 20:46:56"
"test43","FullPilot","3","4","0","1","83","20","1","1","299","800","1","0","7","24","0.12","0.62","62","38","FFEnemyShipNocolors6","FFEnemyShipNoColors11","0","3168","2024-04-17 20:46:59"
"test43","FullPilot","3","5","0","2","48","48","1","0","300","801","1","0","7","28","0.12","0.73","62","38","FFEnemyShipNocolors6","FFEnemyShipNoColors11","1","3216","2024-04-17 20:47:02"
"test43","FullPilot","3","6","1","1","63","49","1","1","283","800","1","0","9","23","0.12","0.82","72","28","FFEnemyShipNoColors9","FFEnemyShipNocolors7","0","3216","2024-04-17 20:47:05"
"test43","FullPilot","3","7","1","2","80","41","1","0","266","783","1","0","9","25","0.12","0.88","72","28","FFEnemyShipNoColors9","FFEnemyShipNocolors7","1","3257","2024-04-17 20:47:09"
"test43","FullPilot","3","8","1","1","75","42","1","1","283","783","1","0","13","3","0.18","0.12","72","28","FFEnemyShipNoColors9","FFEnemyShipNocolors7","1","3332","2024-04-17 20:47:12"
"test43","FullPilot","3","9","0","2","47","39","1","0","300","800","1","0","11","10","0.18","0.27","62","38","FFEnemyShipNocolors6","FFEnemyShipNoColors11","1","3371","2024-04-17 20:47:15"
"test43","FullPilot","3","10","0","1","8","25","1","1","283","783","1","0","11","14","0.18","0.38","62","38","FFEnemyShipNocolors6","FFEnemyShipNoColors11","0","3371","2024-04-17 20:47:18"
"test43","FullPilot","3","11","0","1","86","35","1","1","283","783","1","0","11","19","0.18","0.5","62","38","FFEnemyShipNocolors6","FFEnemyShipNoColors11","0","3371","2024-04-17 20:47:21"
"test43","FullPilot","3","12","0","1","29","37","1","1","300","801","1","0","11","24","0.18","0.62","62","38","FFEnemyShipNocolors6","FFEnemyShipNoColors11","1","3400","2024-04-17 20:47:25"
"test43","FullPilot","3","13","0","1","48","44","1","1","287","800","1","0","11","28","0.18","0.73","62","38","FFEnemyShipNocolors6","FFEnemyShipNoColors11","1","3448","2024-04-17 20:47:28"
"test43","FullPilot","3","14","1","1","79","17","1","1","299","800","1","0","13","23","0.18","0.82","72","28","FFEnemyShipNoColors9","FFEnemyShipNocolors7","1","3527","2024-04-17 20:47:31"
"test43","FullPilot","3","15","1","1","92","26","1","1","283","783","1","0","13","25","0.18","0.88","72","28","FFEnemyShipNoColors9","FFEnemyShipNocolors7","0","3527","2024-04-17 20:47:34"
"test43","FullPilot","3","16","1","1","37","7","1","1","285","801","1","0","19","3","0.27","0.12","72","28","FFEnemyShipNoColors9","FFEnemyShipNocolors7","0","3527","2024-04-17 20:47:37"
"test43","FullPilot","3","17","1","2","64","88","1","0","299","801","1","0","19","5","0.27","0.18","72","28","FFEnemyShipNoColors9","FFEnemyShipNocolors7","0","3527","2024-04-17 20:47:41"
"test43","FullPilot","3","18","0","1","49","49","1","1","300","800","1","0","17","14","0.27","0.38","62","38","FFEnemyShipNocolors6","FFEnemyShipNoColors11","0","3527","2024-04-17 20:47:44"
"test43","FullPilot","3","19","0","1","82","4","1","1","300","800","1","0","17","19","0.27","0.5","62","38","FFEnemyShipNocolors6","FFEnemyShipNoColors11","0","3527","2024-04-17 20:47:48"
"test43","FullPilot","3","20","0","2","60","23","1","0","300","800","1","0","17","24","0.27","0.62","62","38","FFEnemyShipNocolors6","FFEnemyShipNoColors11","1","3550","2024-04-17 20:47:51"
"test43","FullPilot","3","21","1","1","88","21","1","1","286","800","1","0","19","20","0.27","0.73","72","28","FFEnemyShipNoColors9","FFEnemyShipNocolors7","0","3550","2024-04-17 20:47:54"
"test43","FullPilot","3","22","1","1","73","2","1","1","300","801","1","0","19","23","0.27","0.82","72","28","FFEnemyShipNoColors9","FFEnemyShipNocolors7","0","3550","2024-04-17 20:47:57"
"test43","FullPilot","3","23","0","2","78","47","1","0","300","801","1","0","17","33","0.27","0.88","62","38","FFEnemyShipNocolors6","FFEnemyShipNoColors11","1","3597","2024-04-17 20:48:01"
"test43","FullPilot","3","24","1","1","84","35","1","1","283","800","1","0","27","3","0.38","0.12","72","28","FFEnemyShipNoColors9","FFEnemyShipNocolors7","0","3597","2024-04-17 20:48:04"
"test43","FullPilot","3","25","1","1","62","46","1","1","283","783","1","0","27","5","0.38","0.18","72","28","FFEnemyShipNoColors9","FFEnemyShipNocolors7","0","3597","2024-04-17 20:48:07"
"test43","FullPilot","3","26","1","2","78","54","1","0","299","800","1","0","27","8","0.38","0.27","72","28","FFEnemyShipNoColors9","FFEnemyShipNocolors7","0","3597","2024-04-17 20:48:11"
"test43","FullPilot","3","27","0","1","53","23","1","1","300","801","1","0","24","19","0.38","0.5","62","38","FFEnemyShipNocolors6","FFEnemyShipNoColors11","1","3650","2024-04-17 20:48:14"
"test43","FullPilot","3","28","1","2","36","2","1","0","283","783","1","0","27","17","0.38","0.62","72","28","FFEnemyShipNoColors9","FFEnemyShipNocolors7","1","3652","2024-04-17 20:48:17"
"test43","FullPilot","3","29","1","1","85","23","1","1","284","800","1","0","27","20","0.38","0.73","72","28","FFEnemyShipNoColors9","FFEnemyShipNocolors7","0","3652","2024-04-17 20:48:20"
"test43","FullPilot","3","30","0","2","56","21","1","0","300","801","1","0","24","31","0.38","0.82","62","38","FFEnemyShipNocolors6","FFEnemyShipNoColors11","0","3652","2024-04-17 20:48:24"
"test43","FullPilot","3","31","1","2","68","35","1","0","300","801","1","0","27","25","0.38","0.88","72","28","FFEnemyShipNoColors9","FFEnemyShipNocolors7","1","3687","2024-04-17 20:48:27"
"test43","FullPilot","3","32","0","2","92","31","1","0","300","817","1","0","31","5","0.5","0.12","62","38","FFEnemyShipNocolors6","FFEnemyShipNoColors11","0","3687","2024-04-17 20:48:30"
"test43","FullPilot","3","33","0","2","44","65","1","0","300","802","1","0","31","7","0.5","0.18","62","38","FFEnemyShipNocolors6","FFEnemyShipNoColors11","0","3687","2024-04-17 20:48:33"
"test43","FullPilot","3","34","0","2","74","12","1","0","283","783","1","0","31","10","0.5","0.27","62","38","FFEnemyShipNocolors6","FFEnemyShipNoColors11","0","3687","2024-04-17 20:48:37"
"test43","FullPilot","3","35","0","2","56","49","1","0","300","801","1","0","31","14","0.5","0.38","62","38","FFEnemyShipNocolors6","FFEnemyShipNoColors11","0","3687","2024-04-17 20:48:40"
"test43","FullPilot","3","36","1","2","51","28","1","0","300","800","1","0","36","17","0.5","0.62","72","28","FFEnemyShipNoColors9","FFEnemyShipNocolors7","0","3687","2024-04-17 20:48:43"
"test43","FullPilot","3","37","0","1","46","58","1","1","300","800","1","0","31","28","0.5","0.73","62","38","FFEnemyShipNocolors6","FFEnemyShipNoColors11","1","3733","2024-04-17 20:48:47"
"test43","FullPilot","3","38","0","2","78","22","1","0","283","783","1","0","31","31","0.5","0.82","62","38","FFEnemyShipNocolors6","FFEnemyShipNoColors11","1","3755","2024-04-17 20:48:50"
"test43","FullPilot","3","39","1","2","88","40","1","0","300","800","1","0","36","25","0.5","0.88","72","28","FFEnemyShipNoColors9","FFEnemyShipNocolors7","1","3795","2024-04-17 20:48:53"
"test43","FullPilot","3","40","1","2","80","39","1","0","300","800","1","0","45","3","0.62","0.12","72","28","FFEnemyShipNoColors9","FFEnemyShipNocolors7","0","3795","2024-04-17 20:48:56"
"test43","FullPilot","3","41","1","2","95","62","1","0","283","784","1","0","45","5","0.62","0.18","72","28","FFEnemyShipNoColors9","FFEnemyShipNocolors7","0","3795","2024-04-17 20:48:59"
"test43","FullPilot","3","42","0","2","58","1","1","0","300","801","1","0","38","10","0.62","0.27","62","38","FFEnemyShipNocolors6","FFEnemyShipNoColors11","0","3795","2024-04-17 20:49:03"
"test43","FullPilot","3","43","0","2","91","49","1","0","300","800","1","0","38","14","0.62","0.38","62","38","FFEnemyShipNocolors6","FFEnemyShipNoColors11","0","3795","2024-04-17 20:49:06"
"test43","FullPilot","3","44","1","2","78","28","1","0","300","801","1","0","45","14","0.62","0.5","72","28","FFEnemyShipNoColors9","FFEnemyShipNocolors7","1","3823","2024-04-17 20:49:09"
"test43","FullPilot","3","45","0","2","31","62","1","0","300","816","1","0","38","28","0.62","0.73","62","38","FFEnemyShipNocolors6","FFEnemyShipNoColors11","0","3823","2024-04-17 20:49:13"
"test43","FullPilot","3","46","1","2","78","28","1","0","300","800","1","0","45","23","0.62","0.82","72","28","FFEnemyShipNoColors9","FFEnemyShipNocolors7","1","3851","2024-04-17 20:49:16"
"test43","FullPilot","3","47","1","2","52","38","1","0","299","799","1","0","45","25","0.62","0.88","72","28","FFEnemyShipNoColors9","FFEnemyShipNocolors7","1","3889","2024-04-17 20:49:19"
"test43","FullPilot","3","48","1","2","47","21","1","0","300","816","1","0","53","3","0.73","0.12","72","28","FFEnemyShipNoColors9","FFEnemyShipNocolors7","0","3889","2024-04-17 20:49:22"
"test43","FullPilot","3","49","1","2","86","30","1","0","300","800","1","0","53","5","0.73","0.18","72","28","FFEnemyShipNoColors9","FFEnemyShipNocolors7","0","3889","2024-04-17 20:49:26"
"test43","FullPilot","3","50","0","2","92","28","1","0","300","800","1","0","45","10","0.73","0.27","62","38","FFEnemyShipNocolors6","FFEnemyShipNoColors11","0","3889","2024-04-17 20:49:29"
"test43","FullPilot","3","51","0","1","25","12","1","1","300","816","1","0","45","14","0.73","0.38","62","38","FFEnemyShipNocolors6","FFEnemyShipNoColors11","0","3889","2024-04-17 20:49:32"
"test43","FullPilot","3","52","1","2","89","19","1","0","300","801","1","0","53","14","0.73","0.5","72","28","FFEnemyShipNoColors9","FFEnemyShipNocolors7","1","3908","2024-04-17 20:49:35"
"test43","FullPilot","3","53","0","2","66","17","1","0","283","783","1","0","45","24","0.73","0.62","62","38","FFEnemyShipNocolors6","FFEnemyShipNoColors11","1","3925","2024-04-17 20:49:39"
"test43","FullPilot","3","54","1","1","67","39","1","1","300","800","1","0","53","23","0.73","0.82","72","28","FFEnemyShipNoColors9","FFEnemyShipNocolors7","0","3925","2024-04-17 20:49:42"
"test43","FullPilot","3","55","0","2","85","34","1","0","283","784","1","0","45","33","0.73","0.88","62","38","FFEnemyShipNocolors6","FFEnemyShipNoColors11","1","3959","2024-04-17 20:49:45"
"test43","FullPilot","3","56","1","1","69","2","1","1","283","799","1","0","59","3","0.82","0.12","72","28","FFEnemyShipNoColors9","FFEnemyShipNocolors7","0","3959","2024-04-17 20:49:48"
"test43","FullPilot","3","57","1","1","63","19","1","1","300","800","1","0","59","5","0.82","0.18","72","28","FFEnemyShipNoColors9","FFEnemyShipNocolors7","1","4022","2024-04-17 20:49:51"
"test43","FullPilot","3","58","0","2","35","67","1","0","299","800","1","0","51","10","0.82","0.27","62","38","FFEnemyShipNocolors6","FFEnemyShipNoColors11","0","4022","2024-04-17 20:49:55"
"test43","FullPilot","3","59","1","1","52","26","1","1","300","816","1","0","59","11","0.82","0.38","72","28","FFEnemyShipNoColors9","FFEnemyShipNocolors7","1","4074","2024-04-17 20:49:58"
"test43","FullPilot","3","60","0","1","47","18","1","1","300","817","1","0","51","19","0.82","0.5","62","38","FFEnemyShipNocolors6","FFEnemyShipNoColors11","1","4121","2024-04-17 20:50:01"
"test43","FullPilot","3","61","1","2","74","24","1","0","300","816","1","0","59","17","0.82","0.62","72","28","FFEnemyShipNoColors9","FFEnemyShipNocolors7","0","4121","2024-04-17 20:50:04"
"test43","FullPilot","3","62","0","1","66","34","1","1","300","800","1","0","51","28","0.82","0.73","62","38","FFEnemyShipNocolors6","FFEnemyShipNoColors11","0","4121","2024-04-17 20:50:08"
"test43","FullPilot","3","63","1","2","68","26","1","0","300","800","1","0","59","25","0.82","0.88","72","28","FFEnemyShipNoColors9","FFEnemyShipNocolors7","1","4147","2024-04-17 20:50:11"
"test43","FullPilot","3","64","1","2","61","58","1","0","300","817","1","0","63","3","0.88","0.12","72","28","FFEnemyShipNoColors9","FFEnemyShipNocolors7","0","4147","2024-04-17 20:50:14"
"test43","FullPilot","3","65","0","2","47","41","1","0","283","784","1","0","55","7","0.88","0.18","62","38","FFEnemyShipNocolors6","FFEnemyShipNoColors11","1","4188","2024-04-17 20:50:17"
"test43","FullPilot","3","66","1","1","56","30","1","1","283","783","1","0","63","8","0.88","0.27","72","28","FFEnemyShipNoColors9","FFEnemyShipNocolors7","1","4244","2024-04-17 20:50:20"
"test43","FullPilot","3","67","0","2","38","32","1","0","300","816","1","0","55","14","0.88","0.38","62","38","FFEnemyShipNocolors6","FFEnemyShipNoColors11","0","4244","2024-04-17 20:50:24"
"test43","FullPilot","3","68","1","1","70","13","1","1","300","800","1","0","63","14","0.88","0.5","72","28","FFEnemyShipNoColors9","FFEnemyShipNocolors7","1","4314","2024-04-17 20:50:27"
"test43","FullPilot","3","69","0","1","55","26","1","1","300","817","1","0","55","24","0.88","0.62","62","38","FFEnemyShipNocolors6","FFEnemyShipNoColors11","1","4369","2024-04-17 20:50:30"
"test43","FullPilot","3","70","0","1","65","41","1","1","300","800","1","0","55","28","0.88","0.73","62","38","FFEnemyShipNocolors6","FFEnemyShipNoColors11","1","4434","2024-04-17 20:50:33"
"test43","FullPilot","3","71","0","2","77","20","1","0","300","800","1","0","55","31","0.88","0.82","62","38","FFEnemyShipNocolors6","FFEnemyShipNoColors11","0","4434","2024-04-17 20:50:36"
"test43","FullPilot","3","72","1","2","100","16","1","0","300","800","1","0","9","5","0.12","0.18","72","28","FFEnemyShipNoColors9","FFEnemyShipNocolors7","0","4434","2024-04-17 20:50:40"
"test43","FullPilot","3","73","1","2","69","5","1","0","266","767","1","0","9","8","0.12","0.27","72","28","FFEnemyShipNoColors9","FFEnemyShipNocolors7","0","4434","2024-04-17 20:50:43"
"test43","FullPilot","3","74","1","2","63","9","1","0","300","801","1","0","9","11","0.12","0.38","72","28","FFEnemyShipNoColors9","FFEnemyShipNocolors7","0","4434","2024-04-17 20:50:46"
"test43","FullPilot","3","75","1","2","63","6","1","0","300","801","1","0","9","14","0.12","0.5","72","28","FFEnemyShipNoColors9","FFEnemyShipNocolors7","0","4434","2024-04-17 20:50:50"
"test43","FullPilot","3","76","0","2","75","23","1","0","300","800","1","0","7","24","0.12","0.62","62","38","FFEnemyShipNocolors6","FFEnemyShipNoColors11","1","4457","2024-04-17 20:50:53"
"test43","FullPilot","3","77","0","1","54","47","1","1","300","817","1","0","7","28","0.12","0.73","62","38","FFEnemyShipNocolors6","FFEnemyShipNoColors11","0","4457","2024-04-17 20:50:56"
"test43","FullPilot","3","78","1","2","59","25","1","0","299","800","1","0","9","23","0.12","0.82","72","28","FFEnemyShipNoColors9","FFEnemyShipNocolors7","1","4482","2024-04-17 20:50:59"
"test43","FullPilot","3","79","0","2","87","49","1","0","283","783","1","0","7","33","0.12","0.88","62","38","FFEnemyShipNocolors6","FFEnemyShipNoColors11","1","4531","2024-04-17 20:51:02"
"test43","FullPilot","3","80","0","2","90","25","1","0","283","783","1","0","11","5","0.18","0.12","62","38","FFEnemyShipNocolors6","FFEnemyShipNoColors11","0","4531","2024-04-17 20:51:06"
"test43","FullPilot","3","81","0","2","81","67","1","0","300","801","1","0","11","10","0.18","0.27","62","38","FFEnemyShipNocolors6","FFEnemyShipNoColors11","1","4598","2024-04-17 20:51:09"
"test43","FullPilot","3","82","0","2","96","22","1","0","300","816","1","0","11","14","0.18","0.38","62","38","FFEnemyShipNocolors6","FFEnemyShipNoColors11","0","4598","2024-04-17 20:51:12"
"test43","FullPilot","3","83","1","2","94","40","1","0","300","800","1","0","13","14","0.18","0.5","72","28","FFEnemyShipNoColors9","FFEnemyShipNocolors7","0","4598","2024-04-17 20:51:16"
"test43","FullPilot","3","84","1","1","77","45","1","1","300","800","1","0","13","17","0.18","0.62","72","28","FFEnemyShipNoColors9","FFEnemyShipNocolors7","0","4598","2024-04-17 20:51:19"
"test43","FullPilot","3","85","0","2","52","36","1","0","300","800","1","0","11","28","0.18","0.73","62","38","FFEnemyShipNocolors6","FFEnemyShipNoColors11","1","4634","2024-04-17 20:51:22"
"test43","FullPilot","3","86","1","1","59","46","1","1","283","783","1","0","13","23","0.18","0.82","72","28","FFEnemyShipNoColors9","FFEnemyShipNocolors7","0","4634","2024-04-17 20:51:25"
"test43","FullPilot","3","87","1","1","93","19","1","1","300","801","1","0","13","25","0.18","0.88","72","28","FFEnemyShipNoColors9","FFEnemyShipNocolors7","0","4634","2024-04-17 20:51:29"
"test43","FullPilot","3","88","1","1","64","54","1","1","300","800","1","0","19","3","0.27","0.12","72","28","FFEnemyShipNoColors9","FFEnemyShipNocolors7","0","4634","2024-04-17 20:51:32"
"test43","FullPilot","3","89","0","2","91","36","1","0","300","801","1","0","17","7","0.27","0.18","62","38","FFEnemyShipNocolors6","FFEnemyShipNoColors11","0","4634","2024-04-17 20:51:35"
"test43","FullPilot","3","90","0","2","45","42","1","0","283","783","1","0","17","14","0.27","0.38","62","38","FFEnemyShipNocolors6","FFEnemyShipNoColors11","0","4634","2024-04-17 20:51:39"
"test43","FullPilot","3","91","0","2","45","80","1","0","300","800","1","0","17","19","0.27","0.5","62","38","FFEnemyShipNocolors6","FFEnemyShipNoColors11","1","4714","2024-04-17 20:51:42"
"test43","FullPilot","3","92","0","2","95","51","1","0","283","799","1","0","17","24","0.27","0.62","62","38","FFEnemyShipNocolors6","FFEnemyShipNoColors11","0","4714","2024-04-17 20:51:45"
"test43","FullPilot","3","93","1","1","78","36","1","1","283","783","1","0","19","20","0.27","0.73","72","28","FFEnemyShipNoColors9","FFEnemyShipNocolors7","0","4714","2024-04-17 20:51:49"
"test43","FullPilot","3","94","1","2","83","32","1","0","299","800","1","0","19","23","0.27","0.82","72","28","FFEnemyShipNoColors9","FFEnemyShipNocolors7","1","4746","2024-04-17 20:51:52"
"test43","FullPilot","3","95","0","2","67","18","1","0","299","816","1","0","17","33","0.27","0.88","62","38","FFEnemyShipNocolors6","FFEnemyShipNoColors11","1","4764","2024-04-17 20:51:55"
"test43","FullPilot","3","96","1","1","89","9","1","1","300","816","1","0","27","3","0.38","0.12","72","28","FFEnemyShipNoColors9","FFEnemyShipNocolors7","0","4764","2024-04-17 20:51:58"
"test43","FullPilot","3","97","1","2","86","32","1","0","283","785","1","0","27","5","0.38","0.18","72","28","FFEnemyShipNoColors9","FFEnemyShipNocolors7","0","4764","2024-04-17 20:52:01"
"test43","FullPilot","3","98","1","2","44","17","1","0","299","800","1","0","27","8","0.38","0.27","72","28","FFEnemyShipNoColors9","FFEnemyShipNocolors7","0","4764","2024-04-17 20:52:05"
"test43","FullPilot","3","99","0","2","72","61","1","0","283","785","1","0","24","19","0.38","0.5","62","38","FFEnemyShipNocolors6","FFEnemyShipNoColors11","0","4764","2024-04-17 20:52:08"
"test43","FullPilot","3","100","0","2","56","48","1","0","300","800","1","0","24","24","0.38","0.62","62","38","FFEnemyShipNocolors6","FFEnemyShipNoColors11","1","4812","2024-04-17 20:52:11"
"test43","FullPilot","3","101","1","1","96","21","1","1","283","783","1","0","27","20","0.38","0.73","72","28","FFEnemyShipNoColors9","FFEnemyShipNocolors7","0","4812","2024-04-17 20:52:15"
"test43","FullPilot","3","102","0","1","76","36","1","1","300","800","1","0","24","31","0.38","0.82","62","38","FFEnemyShipNocolors6","FFEnemyShipNoColors11","0","4812","2024-04-17 20:52:18"
"test43","FullPilot","3","103","1","2","61","23","1","0","283","783","1","0","27","25","0.38","0.88","72","28","FFEnemyShipNoColors9","FFEnemyShipNocolors7","1","4835","2024-04-17 20:52:21"
"test43","FullPilot","3","104","1","2","67","54","1","0","300","800","1","0","36","3","0.5","0.12","72","28","FFEnemyShipNoColors9","FFEnemyShipNocolors7","0","4835","2024-04-17 20:52:25"
"test43","FullPilot","3","105","0","2","51","5","1","0","283","784","1","0","31","7","0.5","0.18","62","38","FFEnemyShipNocolors6","FFEnemyShipNoColors11","1","4840","2024-04-17 20:52:28"
"test43","FullPilot","3","106","1","2","71","33","1","0","283","800","1","0","36","8","0.5","0.27","72","28","FFEnemyShipNoColors9","FFEnemyShipNocolors7","0","4840","2024-04-17 20:52:31"
"test43","FullPilot","3","107","1","1","72","45","1","1","283","784","1","0","36","11","0.5","0.38","72","28","FFEnemyShipNoColors9","FFEnemyShipNocolors7","0","4840","2024-04-17 20:52:34"
"test43","FullPilot","3","108","1","1","38","52","1","1","300","800","1","0","36","17","0.5","0.62","72","28","FFEnemyShipNoColors9","FFEnemyShipNocolors7","0","4840","2024-04-17 20:52:38"
"test43","FullPilot","3","109","1","1","59","25","1","1","299","801","1","0","36","20","0.5","0.73","72","28","FFEnemyShipNoColors9","FFEnemyShipNocolors7","0","4840","2024-04-17 20:52:41"
"test43","FullPilot","3","110","1","1","91","26","1","1","299","800","1","0","36","23","0.5","0.82","72","28","FFEnemyShipNoColors9","FFEnemyShipNocolors7","0","4840","2024-04-17 20:52:44"
"test43","FullPilot","3","111","1","1","70","6","1","1","300","801","1","0","36","25","0.5","0.88","72","28","FFEnemyShipNoColors9","FFEnemyShipNocolors7","1","4910","2024-04-17 20:52:48"
"test43","FullPilot","3","112","0","1","58","50","1","1","300","800","1","0","38","5","0.62","0.12","62","38","FFEnemyShipNocolors6","FFEnemyShipNoColors11","1","4968","2024-04-17 20:52:51"
"test43","FullPilot","3","113","1","2","58","25","1","0","300","816","1","0","45","5","0.62","0.18","72","28","FFEnemyShipNoColors9","FFEnemyShipNocolors7","0","4968","2024-04-17 20:52:54"
"test43","FullPilot","3","114","0","1","32","38","1","1","300","801","1","0","38","10","0.62","0.27","62","38","FFEnemyShipNocolors6","FFEnemyShipNoColors11","1","5000","2024-04-17 20:52:57"
"test43","FullPilot","3","115","0","2","54","81","1","0","300","816","1","0","38","14","0.62","0.38","62","38","FFEnemyShipNocolors6","FFEnemyShipNoColors11","0","5000","2024-04-17 20:53:01"
"test43","FullPilot","3","116","1","2","52","27","1","0","283","784","1","0","45","14","0.62","0.5","72","28","FFEnemyShipNoColors9","FFEnemyShipNocolors7","0","5000","2024-04-17 20:53:04"
"test43","FullPilot","3","117","0","1","51","43","1","1","283","784","1","0","38","28","0.62","0.73","62","38","FFEnemyShipNocolors6","FFEnemyShipNoColors11","1","5051","2024-04-17 20:53:07"
"test43","FullPilot","3","118","0","1","71","47","1","1","300","800","1","0","38","31","0.62","0.82","62","38","FFEnemyShipNocolors6","FFEnemyShipNoColors11","1","5122","2024-04-17 20:53:10"
"test43","FullPilot","3","119","0","1","77","29","1","1","283","783","1","0","38","33","0.62","0.88","62","38","FFEnemyShipNocolors6","FFEnemyShipNoColors11","1","5199","2024-04-17 20:53:13"
"test43","FullPilot","3","120","0","2","35","52","1","0","283","783","1","0","45","5","0.73","0.12","62","38","FFEnemyShipNocolors6","FFEnemyShipNoColors11","0","5199","2024-04-17 20:53:17"
"test43","FullPilot","3","121","1","1","52","21","1","1","283","783","1","0","53","5","0.73","0.18","72","28","FFEnemyShipNoColors9","FFEnemyShipNocolors7","1","5251","2024-04-17 20:53:20"
"test43","FullPilot","3","122","1","1","55","14","1","1","300","800","1","0","53","8","0.73","0.27","72","28","FFEnemyShipNoColors9","FFEnemyShipNocolors7","0","5251","2024-04-17 20:53:23"
"test43","FullPilot","3","123","0","1","48","38","1","1","300","802","1","0","45","14","0.73","0.38","62","38","FFEnemyShipNocolors6","FFEnemyShipNoColors11","1","5299","2024-04-17 20:53:26"
"test43","FullPilot","3","124","1","1","37","10","1","1","300","800","1","0","53","14","0.73","0.5","72","28","FFEnemyShipNoColors9","FFEnemyShipNocolors7","1","5336","2024-04-17 20:53:29"
"test43","FullPilot","3","125","0","1","68","55","1","1","300","800","1","0","45","24","0.73","0.62","62","38","FFEnemyShipNocolors6","FFEnemyShipNoColors11","0","5336","2024-04-17 20:53:32"
"test43","FullPilot","3","126","1","2","46","6","1","0","283","783","1","0","53","23","0.73","0.82","72","28","FFEnemyShipNoColors9","FFEnemyShipNocolors7","1","5342","2024-04-17 20:53:36"
"test43","FullPilot","3","127","0","2","74","37","1","0","300","800","1","0","45","33","0.73","0.88","62","38","FFEnemyShipNocolors6","FFEnemyShipNoColors11","1","5379","2024-04-17 20:53:39"
"test43","FullPilot","3","128","1","1","27","51","1","1","299","800","1","0","59","3","0.82","0.12","72","28","FFEnemyShipNoColors9","FFEnemyShipNocolors7","1","5406","2024-04-17 20:53:42"
"test43","FullPilot","3","129","0","1","34","58","1","1","300","800","1","0","51","7","0.82","0.18","62","38","FFEnemyShipNocolors6","FFEnemyShipNoColors11","0","5406","2024-04-17 20:53:45"
"test43","FullPilot","3","130","1","2","71","52","1","0","300","800","1","0","59","8","0.82","0.27","72","28","FFEnemyShipNoColors9","FFEnemyShipNocolors7","0","5406","2024-04-17 20:53:48"
"test43","FullPilot","3","131","0","1","55","25","1","1","299","799","1","0","51","14","0.82","0.38","62","38","FFEnemyShipNocolors6","FFEnemyShipNoColors11","1","5461","2024-04-17 20:53:52"
"test43","FullPilot","3","132","0","1","83","35","1","1","299","800","1","0","51","19","0.82","0.5","62","38","FFEnemyShipNocolors6","FFEnemyShipNoColors11","1","5544","2024-04-17 20:53:55"
"test43","FullPilot","3","133","0","1","53","7","1","1","300","800","1","0","51","24","0.82","0.62","62","38","FFEnemyShipNocolors6","FFEnemyShipNoColors11","1","5597","2024-04-17 20:53:58"
"test43","FullPilot","3","134","0","1","50","32","1","1","283","783","1","0","51","28","0.82","0.73","62","38","FFEnemyShipNocolors6","FFEnemyShipNoColors11","1","5647","2024-04-17 20:54:01"
"test43","FullPilot","3","135","0","1","33","34","1","1","300","816","1","0","51","33","0.82","0.88","62","38","FFEnemyShipNocolors6","FFEnemyShipNoColors11","0","5647","2024-04-17 20:54:04"
"test43","FullPilot","3","136","1","1","68","65","1","1","300","801","1","0","63","3","0.88","0.12","72","28","FFEnemyShipNoColors9","FFEnemyShipNocolors7","1","5715","2024-04-17 20:54:07"
"test43","FullPilot","3","137","0","2","83","51","1","0","300","816","1","0","55","7","0.88","0.18","62","38","FFEnemyShipNocolors6","FFEnemyShipNoColors11","1","5766","2024-04-17 20:54:10"
"test43","FullPilot","3","138","1","1","83","46","1","1","300","816","1","0","63","8","0.88","0.27","72","28","FFEnemyShipNoColors9","FFEnemyShipNocolors7","1","5849","2024-04-17 20:54:13"
"test43","FullPilot","3","139","1","1","51","55","1","1","300","816","1","0","63","11","0.88","0.38","72","28","FFEnemyShipNoColors9","FFEnemyShipNocolors7","1","5900","2024-04-17 20:54:17"
"test43","FullPilot","3","140","0","2","53","23","1","0","283","783","1","0","55","19","0.88","0.5","62","38","FFEnemyShipNocolors6","FFEnemyShipNoColors11","0","5900","2024-04-17 20:54:20"
"test43","FullPilot","3","141","0","1","76","22","1","1","283","783","1","0","55","24","0.88","0.62","62","38","FFEnemyShipNocolors6","FFEnemyShipNoColors11","1","5976","2024-04-17 20:54:23"
"test43","FullPilot","3","142","1","1","89","10","1","1","300","800","1","0","63","20","0.88","0.73","72","28","FFEnemyShipNoColors9","FFEnemyShipNocolors7","1","6065","2024-04-17 20:54:26"
"test43","FullPilot","3","143","1","2","86","6","1","0","300","817","1","0","63","23","0.88","0.82","72","28","FFEnemyShipNoColors9","FFEnemyShipNocolors7","1","6071","2024-04-17 20:54:29"
"test","FullPilot","2","0","0","1","87","22","1","1","603","1102","1","0","7","7","0.12","0.18","62","38","FFEnemyShipNocolors1","FFEnemyShipNocolors3","0","0","2024-04-17 21:05:55"
"test","FullPilot","2","1","1","1","78","22","1","1","538","2640","1","0","9","8","0.12","0.27","72","28","FFEnemyShipNocolors8","FFEnemyShipNoColors12","0","0","2024-04-17 21:06:02"
"test43","FullPilot","0","0","-1","2","50","50","1","0","532","1049","1","0","9","14","0.18","0.27","50","50","FFEnemyNeutral","FFEnemyNeutral","0","0","2024-04-17 21:10:55"
"test43","FullPilot","0","1","-1","2","50","50","1","0","533","1033","1","0","6","14","0.12","0.27","50","50","FFEnemyNeutral","FFEnemyNeutral","0","0","2024-04-17 21:10:59"
"test43","FullPilot","0","2","-1","2","50","50","1","0","533","1033","1","0","9","19","0.18","0.38","50","50","FFEnemyNeutral","FFEnemyNeutral","1","50","2024-04-17 21:11:02"
"test43","FullPilot","0","3","-1","2","50","50","1","0","533","1049","1","0","14","37","0.27","0.73","50","50","FFEnemyNeutral","FFEnemyNeutral","1","100","2024-04-17 21:11:05"
"test43","FullPilot","0","4","-1","2","50","50","1","0","533","1034","1","0","19","37","0.38","0.73","50","50","FFEnemyNeutral","FFEnemyNeutral","0","100","2024-04-17 21:11:08"
"test43","FullPilot","0","5","-1","2","50","50","1","0","751","1256","1","0","6","44","0.12","0.88","50","50","FFEnemyNeutral","FFEnemyNeutral","1","150","2024-04-17 21:11:12"
"test43","FullPilot","0","6","-1","2","50","50","1","0","550","1050","1","0","9","25","0.18","0.5","50","50","FFEnemyNeutral","FFEnemyNeutral","0","150","2024-04-17 21:11:14"
"test43","FullPilot","0","7","-1","1","50","50","1","1","517","1016","1","0","19","41","0.38","0.82","50","50","FFEnemyNeutral","FFEnemyNeutral","0","150","2024-04-17 21:11:18"
"test43","FullPilot","0","8","-1","1","50","50","1","1","533","1033","1","0","44","41","0.88","0.82","50","50","FFEnemyNeutral","FFEnemyNeutral","1","200","2024-04-17 21:11:20"
"test43","FullPilot","0","9","-1","1","50","50","1","1","533","1050","1","0","37","25","0.73","0.5","50","50","FFEnemyNeutral","FFEnemyNeutral","1","250","2024-04-17 21:11:23"
"test43","FullPilot","0","10","-1","2","50","50","1","0","550","1067","1","0","25","44","0.5","0.88","50","50","FFEnemyNeutral","FFEnemyNeutral","1","300","2024-04-17 21:11:26"
"test43","FullPilot","0","11","-1","1","50","50","1","1","533","1033","1","0","41","31","0.82","0.62","50","50","FFEnemyNeutral","FFEnemyNeutral","0","300","2024-04-17 21:11:29"
"test43","FullPilot","0","12","-1","1","50","50","1","1","533","1033","1","0","44","6","0.88","0.12","50","50","FFEnemyNeutral","FFEnemyNeutral","1","350","2024-04-17 21:11:32"
"test43","FullPilot","0","13","-1","2","50","50","1","0","533","1050","1","0","31","25","0.62","0.5","50","50","FFEnemyNeutral","FFEnemyNeutral","0","350","2024-04-17 21:11:35"
"test43","FullPilot","0","14","-1","1","50","50","1","1","533","1033","1","0","41","6","0.82","0.12","50","50","FFEnemyNeutral","FFEnemyNeutral","1","400","2024-04-17 21:11:38"
"test43","FullPilot","2","0","1","2","47","18","1","0","550","1050","1","0","9","5","0.12","0.18","72","28","FFEnemyShipNoColors12","FFEnemyShipNocolors8","1","18","2024-04-17 21:11:39"
"test43","FullPilot","0","0","-1","2","50","50","1","0","533","1050","1","0","14","41","0.27","0.82","50","50","FFEnemyNeutral","FFEnemyNeutral","0","0","2024-04-17 21:19:41"
"test43","FullPilot","1","0","-2","2","42","46","1","0","616","1115","1","0","67","33","1","1","67","33","FFEnemyShipNocolors5","FFEnemyShipNocolors2","1","46","2024-04-17 21:20:03"
"test43","FullPilot","1","1","-2","1","92","1","1","1","616","1116","1","0","67","33","1","1","67","33","FFEnemyShipNocolors5","FFEnemyShipNocolors2","1","138","2024-04-17 21:20:06"
"test43","FullPilot","1","2","-2","1","39","54","1","1","616","1133","1","0","67","33","1","1","67","33","FFEnemyShipNocolors5","FFEnemyShipNocolors2","1","177","2024-04-17 21:20:09"
"test43","FullPilot","1","3","-2","1","62","33","1","1","616","1133","1","0","67","33","1","1","67","33","FFEnemyShipNocolors5","FFEnemyShipNocolors2","1","239","2024-04-17 21:20:13"
"test43","FullPilot","1","4","-2","1","92","36","1","1","616","1116","1","0","67","33","1","1","67","33","FFEnemyShipNocolors5","FFEnemyShipNocolors2","1","331","2024-04-17 21:20:16"
"test43","FullPilot","1","5","-2","1","55","35","1","1","633","1149","1","0","67","33","1","1","67","33","FFEnemyShipNocolors5","FFEnemyShipNocolors2","1","386","2024-04-17 21:20:19"
"basile","FullPilot","0","0","-1","2","50","50","0","1","537","1040","1","1","31","14","0.62","0.27","50","50","FFEnemyNeutral","FFEnemyNeutral","1","50","2024-04-18 08:31:53"
"test","FullPilot","1","0","-2","1","87","49","1","1","1900","2001","1","0","67","33","1","1","67","33","FFEnemyShipNocolors2","FFEnemyShipNocolors5","1","87","2024-04-18 11:45:23"
"test","FullPilot","1","1","-2","2","75","48","0","1","7895","8013","0","1","67","33","1","1","67","33","FFEnemyShipNocolors2","FFEnemyShipNocolors5","1","135","2024-04-18 11:45:33"
"test","FullPilot","1","2","-2","1","56","10","1","1","1918","2089","1","0","67","33","1","1","67","33","FFEnemyShipNocolors2","FFEnemyShipNocolors5","1","191","2024-04-18 11:45:37"
"testing","FullPilot","0","0","-1","1","50","50","1","1","532","1049","1","0","6","9","0.12","0.18","50","50","FFEnemyNeutral","FFEnemyNeutral","0","0","2024-04-18 16:37:10"
"testing","FullPilot","0","1","-1","2","50","50","1","0","550","1050","1","0","6","14","0.12","0.27","50","50","FFEnemyNeutral","FFEnemyNeutral","0","0","2024-04-18 16:37:13"
"testing","FullPilot","2","0","1","1","49","51","1","1","533","1034","1","0","9","5","0.12","0.18","72","28","FFEnemyShipNoColors12","FFEnemyShipNocolors8","0","0","2024-04-18 16:39:35"
"testing","FullPilot","2","1","0","1","48","14","1","1","616","1118","1","0","7","10","0.12","0.27","62","38","FFEnemyShipNocolors1","FFEnemyShipNocolors3","0","0","2024-04-18 16:39:38"
"testing","FullPilot","2","2","0","2","74","21","1","0","600","1116","1","0","7","14","0.12","0.38","62","38","FFEnemyShipNocolors1","FFEnemyShipNocolors3","0","0","2024-04-18 16:39:42"
"testing","FullPilot","2","3","1","1","73","43","1","1","517","1033","1","0","9","14","0.12","0.5","72","28","FFEnemyShipNoColors12","FFEnemyShipNocolors8","0","0","2024-04-18 16:39:45"
"testing","FullPilot","2","4","0","1","74","58","1","1","613","1114","1","0","7","24","0.12","0.62","62","38","FFEnemyShipNocolors1","FFEnemyShipNocolors3","0","0","2024-04-18 16:39:48"
"testing","FullPilot","2","5","1","2","25","49","1","0","537","1050","1","0","9","20","0.12","0.73","72","28","FFEnemyShipNoColors12","FFEnemyShipNocolors8","1","49","2024-04-18 16:39:52"
"testing","FullPilot","2","6","0","1","57","15","1","1","600","1116","1","0","7","31","0.12","0.82","62","38","FFEnemyShipNocolors1","FFEnemyShipNocolors3","0","49","2024-04-18 16:39:55"
"testing","FullPilot","2","7","1","2","71","85","1","0","533","1033","1","0","9","25","0.12","0.88","72","28","FFEnemyShipNoColors12","FFEnemyShipNocolors8","1","134","2024-04-18 16:39:58"
"testing","FullPilot","2","8","1","1","97","7","1","1","549","1050","1","0","13","3","0.18","0.12","72","28","FFEnemyShipNoColors12","FFEnemyShipNocolors8","1","231","2024-04-18 16:40:01"
"testing","FullPilot","2","9","0","2","63","42","1","0","614","1115","1","0","11","10","0.18","0.27","62","38","FFEnemyShipNocolors1","FFEnemyShipNocolors3","0","231","2024-04-18 16:40:04"
"testing","FullPilot","2","10","0","1","23","24","1","1","600","1117","1","0","11","14","0.18","0.38","62","38","FFEnemyShipNocolors1","FFEnemyShipNocolors3","0","231","2024-04-18 16:40:08"
"testing","FullPilot","2","11","0","1","66","16","1","1","615","1132","1","0","11","19","0.18","0.5","62","38","FFEnemyShipNocolors1","FFEnemyShipNocolors3","0","231","2024-04-18 16:40:11"
"testing","FullPilot","2","12","1","2","65","35","1","0","532","1032","1","0","13","17","0.18","0.62","72","28","FFEnemyShipNoColors12","FFEnemyShipNocolors8","1","266","2024-04-18 16:40:14"
"testing","FullPilot","2","13","0","2","62","12","1","0","600","1116","1","0","11","28","0.18","0.73","62","38","FFEnemyShipNocolors1","FFEnemyShipNocolors3","0","266","2024-04-18 16:40:18"
"testing","FullPilot","2","14","1","2","77","28","1","0","518","1017","1","0","13","23","0.18","0.82","72","28","FFEnemyShipNoColors12","FFEnemyShipNocolors8","1","294","2024-04-18 16:40:21"
"testing","FullPilot","2","15","1","1","58","22","1","1","532","1034","1","0","13","25","0.18","0.88","72","28","FFEnemyShipNoColors12","FFEnemyShipNocolors8","0","294","2024-04-18 16:40:24"
"testing","FullPilot","2","16","1","2","56","1","1","0","549","1048","1","0","19","3","0.27","0.12","72","28","FFEnemyShipNoColors12","FFEnemyShipNocolors8","0","294","2024-04-18 16:40:27"
"testing","FullPilot","2","17","1","2","60","9","1","0","549","1050","1","0","19","5","0.27","0.18","72","28","FFEnemyShipNoColors12","FFEnemyShipNocolors8","1","303","2024-04-18 16:40:31"
"testing","FullPilot","2","18","1","1","64","32","1","1","548","1064","1","0","19","11","0.27","0.38","72","28","FFEnemyShipNoColors12","FFEnemyShipNocolors8","0","303","2024-04-18 16:40:34"
"testing","FullPilot","2","19","1","2","81","60","1","0","517","1034","1","0","19","14","0.27","0.5","72","28","FFEnemyShipNoColors12","FFEnemyShipNocolors8","1","363","2024-04-18 16:40:37"
"testing","FullPilot","2","20","1","2","57","20","1","0","519","1018","1","0","19","17","0.27","0.62","72","28","FFEnemyShipNoColors12","FFEnemyShipNocolors8","0","363","2024-04-18 16:40:40"
"testing","FullPilot","2","21","1","2","50","25","1","0","535","1034","1","0","19","20","0.27","0.73","72","28","FFEnemyShipNoColors12","FFEnemyShipNocolors8","0","363","2024-04-18 16:40:44"
"testing","FullPilot","2","22","1","2","71","56","1","0","534","1048","1","0","19","23","0.27","0.82","72","28","FFEnemyShipNoColors12","FFEnemyShipNocolors8","1","419","2024-04-18 16:40:47"
"testing","FullPilot","2","23","0","1","94","29","1","1","616","1133","1","0","17","33","0.27","0.88","62","38","FFEnemyShipNocolors1","FFEnemyShipNocolors3","0","419","2024-04-18 16:40:50"
"testing","FullPilot","2","24","0","2","75","8","1","0","600","1117","1","0","24","5","0.38","0.12","62","38","FFEnemyShipNocolors1","FFEnemyShipNocolors3","0","419","2024-04-18 16:40:53"
"testing","FullPilot","2","25","0","2","55","6","1","0","617","1134","1","0","24","7","0.38","0.18","62","38","FFEnemyShipNocolors1","FFEnemyShipNocolors3","0","419","2024-04-18 16:40:57"
"testing","FullPilot","2","26","1","2","96","7","1","0","534","1050","1","0","27","8","0.38","0.27","72","28","FFEnemyShipNoColors12","FFEnemyShipNocolors8","0","419","2024-04-18 16:41:00"
"testing","FullPilot","2","27","0","1","77","30","1","1","600","1116","1","0","24","19","0.38","0.5","62","38","FFEnemyShipNocolors1","FFEnemyShipNocolors3","0","419","2024-04-18 16:41:04"
"testing","FullPilot","2","28","0","1","48","23","1","1","598","1115","1","0","24","24","0.38","0.62","62","38","FFEnemyShipNocolors1","FFEnemyShipNocolors3","0","419","2024-04-18 16:41:07"
"testing","FullPilot","2","29","1","1","44","56","1","1","532","1032","1","0","27","20","0.38","0.73","72","28","FFEnemyShipNoColors12","FFEnemyShipNocolors8","1","463","2024-04-18 16:41:10"
"testing","FullPilot","2","30","1","1","82","56","1","1","549","1049","1","0","27","23","0.38","0.82","72","28","FFEnemyShipNoColors12","FFEnemyShipNocolors8","0","463","2024-04-18 16:41:13"
"testing","FullPilot","2","31","0","1","37","67","1","1","616","1117","1","0","24","33","0.38","0.88","62","38","FFEnemyShipNocolors1","FFEnemyShipNocolors3","1","500","2024-04-18 16:41:16"
"testing","FullPilot","2","32","1","2","35","18","1","0","533","1053","1","0","36","3","0.5","0.12","72","28","FFEnemyShipNoColors12","FFEnemyShipNocolors8","0","500","2024-04-18 16:41:20"
"testing","FullPilot","2","33","0","1","64","25","1","1","600","1100","1","0","31","7","0.5","0.18","62","38","FFEnemyShipNocolors1","FFEnemyShipNocolors3","1","564","2024-04-18 16:41:23"
"testing","FullPilot","2","34","0","2","54","45","1","0","617","1134","1","0","31","10","0.5","0.27","62","38","FFEnemyShipNocolors1","FFEnemyShipNocolors3","0","564","2024-04-18 16:41:26"
"testing","FullPilot","2","35","0","2","62","38","1","0","615","1115","1","0","31","14","0.5","0.38","62","38","FFEnemyShipNocolors1","FFEnemyShipNocolors3","0","564","2024-04-18 16:41:30"
"testing","FullPilot","2","36","0","1","71","35","1","1","616","1116","1","0","31","24","0.5","0.62","62","38","FFEnemyShipNocolors1","FFEnemyShipNocolors3","1","635","2024-04-18 16:41:33"
"testing","FullPilot","2","37","1","1","49","13","1","1","533","1049","1","0","36","20","0.5","0.73","72","28","FFEnemyShipNoColors12","FFEnemyShipNocolors8","0","635","2024-04-18 16:41:36"
"testing","FullPilot","2","38","0","1","53","23","1","1","617","1123","1","0","31","31","0.5","0.82","62","38","FFEnemyShipNocolors1","FFEnemyShipNocolors3","1","688","2024-04-18 16:41:39"
"testing","FullPilot","2","39","0","2","47","78","1","0","616","1116","1","0","31","33","0.5","0.88","62","38","FFEnemyShipNocolors1","FFEnemyShipNocolors3","1","766","2024-04-18 16:41:42"
"testing","FullPilot","2","40","0","2","52","31","1","0","616","1118","1","0","38","5","0.62","0.12","62","38","FFEnemyShipNocolors1","FFEnemyShipNocolors3","0","766","2024-04-18 16:41:46"
"testing","FullPilot","2","41","0","1","68","16","1","1","600","1117","1","0","38","7","0.62","0.18","62","38","FFEnemyShipNocolors1","FFEnemyShipNocolors3","1","834","2024-04-18 16:41:49"
"testing","FullPilot","2","42","1","1","84","18","1","1","551","1065","1","0","45","8","0.62","0.27","72","28","FFEnemyShipNoColors12","FFEnemyShipNocolors8","0","834","2024-04-18 16:41:52"
"testing","FullPilot","2","43","1","2","71","28","1","0","534","1051","1","0","45","11","0.62","0.38","72","28","FFEnemyShipNoColors12","FFEnemyShipNocolors8","0","834","2024-04-18 16:41:55"
"testing","FullPilot","2","44","1","2","14","0","1","0","518","1034","1","0","45","14","0.62","0.5","72","28","FFEnemyShipNoColors12","FFEnemyShipNocolors8","1","834","2024-04-18 16:41:59"
"testing","FullPilot","2","45","1","2","74","22","1","0","533","1033","1","0","45","20","0.62","0.73","72","28","FFEnemyShipNoColors12","FFEnemyShipNocolors8","0","834","2024-04-18 16:42:02"
"testing","FullPilot","2","46","0","1","53","39","1","1","601","1116","1","0","38","31","0.62","0.82","62","38","FFEnemyShipNocolors1","FFEnemyShipNocolors3","0","834","2024-04-18 16:42:05"
"testing","FullPilot","2","47","1","2","75","43","1","0","549","1050","1","0","45","25","0.62","0.88","72","28","FFEnemyShipNoColors12","FFEnemyShipNocolors8","1","877","2024-04-18 16:42:08"
"testing","FullPilot","2","48","1","1","96","0","1","1","533","1033","1","0","53","3","0.73","0.12","72","28","FFEnemyShipNoColors12","FFEnemyShipNocolors8","1","973","2024-04-18 16:42:11"
"testing","FullPilot","2","49","1","1","99","46","1","1","550","1050","1","0","53","5","0.73","0.18","72","28","FFEnemyShipNoColors12","FFEnemyShipNocolors8","0","973","2024-04-18 16:42:15"
"testing","FullPilot","2","50","1","2","84","42","1","0","535","1037","1","0","53","8","0.73","0.27","72","28","FFEnemyShipNoColors12","FFEnemyShipNocolors8","0","973","2024-04-18 16:42:18"
"testing","FullPilot","2","51","0","2","72","26","1","0","633","1133","1","0","45","14","0.73","0.38","62","38","FFEnemyShipNocolors1","FFEnemyShipNocolors3","0","973","2024-04-18 16:42:22"
"testing","FullPilot","2","52","0","2","68","35","1","0","614","1131","1","0","45","19","0.73","0.5","62","38","FFEnemyShipNocolors1","FFEnemyShipNocolors3","0","973","2024-04-18 16:42:25"
"testing","FullPilot","2","53","0","1","41","37","1","1","616","1133","1","0","45","24","0.73","0.62","62","38","FFEnemyShipNocolors1","FFEnemyShipNocolors3","1","1014","2024-04-18 16:42:28"
"testing","FullPilot","2","54","0","2","60","51","1","0","616","1117","1","0","45","31","0.73","0.82","62","38","FFEnemyShipNocolors1","FFEnemyShipNocolors3","0","1014","2024-04-18 16:42:31"
"testing","FullPilot","2","55","0","1","67","48","1","1","617","1117","1","0","45","33","0.73","0.88","62","38","FFEnemyShipNocolors1","FFEnemyShipNocolors3","1","1081","2024-04-18 16:42:34"
"testing","FullPilot","2","56","1","1","99","20","1","1","524","1024","1","0","59","3","0.82","0.12","72","28","FFEnemyShipNoColors12","FFEnemyShipNocolors8","1","1180","2024-04-18 16:42:38"
"testing","FullPilot","2","57","0","2","55","42","1","0","615","1132","1","0","51","7","0.82","0.18","62","38","FFEnemyShipNocolors1","FFEnemyShipNocolors3","0","1180","2024-04-18 16:42:41"
"testing","FullPilot","2","58","0","2","91","47","1","0","602","1102","1","0","51","10","0.82","0.27","62","38","FFEnemyShipNocolors1","FFEnemyShipNocolors3","1","1227","2024-04-18 16:42:44"
"testing","FullPilot","2","59","0","1","46","56","1","1","617","1117","1","0","51","14","0.82","0.38","62","38","FFEnemyShipNocolors1","FFEnemyShipNocolors3","1","1273","2024-04-18 16:42:47"
"testing","FullPilot","2","60","1","1","90","30","1","1","531","1031","1","0","59","14","0.82","0.5","72","28","FFEnemyShipNoColors12","FFEnemyShipNocolors8","1","1363","2024-04-18 16:42:50"
"testing","FullPilot","2","61","0","1","97","38","1","1","616","1133","1","0","51","24","0.82","0.62","62","38","FFEnemyShipNocolors1","FFEnemyShipNocolors3","1","1460","2024-04-18 16:42:53"
"testing","FullPilot","2","62","1","2","58","42","1","0","533","1035","1","0","59","20","0.82","0.73","72","28","FFEnemyShipNoColors12","FFEnemyShipNocolors8","0","1460","2024-04-18 16:42:57"
"testing","FullPilot","2","63","0","2","74","44","1","0","628","1144","1","0","51","33","0.82","0.88","62","38","FFEnemyShipNocolors1","FFEnemyShipNocolors3","1","1504","2024-04-18 16:43:00"
"testing","FullPilot","2","64","1","2","65","68","1","0","532","1032","1","0","63","3","0.88","0.12","72","28","FFEnemyShipNoColors12","FFEnemyShipNocolors8","0","1504","2024-04-18 16:43:03"
"testing","FullPilot","2","65","0","1","61","60","1","1","599","1099","1","0","55","7","0.88","0.18","62","38","FFEnemyShipNocolors1","FFEnemyShipNocolors3","1","1565","2024-04-18 16:43:06"
"testing","FullPilot","2","66","0","1","55","41","1","1","616","1133","1","0","55","10","0.88","0.27","62","38","FFEnemyShipNocolors1","FFEnemyShipNocolors3","1","1620","2024-04-18 16:43:09"
"testing","FullPilot","2","67","0","2","56","31","1","0","616","1116","1","0","55","14","0.88","0.38","62","38","FFEnemyShipNocolors1","FFEnemyShipNocolors3","0","1620","2024-04-18 16:43:13"
"testing","FullPilot","2","68","0","1","89","64","1","1","600","1116","1","0","55","19","0.88","0.5","62","38","FFEnemyShipNocolors1","FFEnemyShipNocolors3","1","1709","2024-04-18 16:43:16"
"testing","FullPilot","2","69","1","1","42","19","1","1","533","1050","1","0","63","17","0.88","0.62","72","28","FFEnemyShipNoColors12","FFEnemyShipNocolors8","1","1751","2024-04-18 16:43:19"
"testing","FullPilot","2","70","0","1","66","45","1","1","616","1133","1","0","55","28","0.88","0.73","62","38","FFEnemyShipNocolors1","FFEnemyShipNocolors3","0","1751","2024-04-18 16:43:22"
"testing","FullPilot","2","71","0","1","85","39","1","1","600","1117","1","0","55","31","0.88","0.82","62","38","FFEnemyShipNocolors1","FFEnemyShipNocolors3","1","1836","2024-04-18 16:43:25"
"testing","FullPilot","2","72","0","2","91","43","1","0","616","1116","1","0","7","7","0.12","0.18","62","38","FFEnemyShipNocolors1","FFEnemyShipNocolors3","0","1836","2024-04-18 16:43:29"
"testing","FullPilot","2","73","0","2","76","45","1","0","616","1116","1","0","7","10","0.12","0.27","62","38","FFEnemyShipNocolors1","FFEnemyShipNocolors3","0","1836","2024-04-18 16:43:32"
"testing","FullPilot","2","74","1","1","84","36","1","1","534","1050","1","0","9","11","0.12","0.38","72","28","FFEnemyShipNoColors12","FFEnemyShipNocolors8","0","1836","2024-04-18 16:43:35"
"testing","FullPilot","2","75","1","2","95","9","1","0","534","1034","1","0","9","14","0.12","0.5","72","28","FFEnemyShipNoColors12","FFEnemyShipNocolors8","0","1836","2024-04-18 16:43:39"
"testing","FullPilot","2","76","1","1","53","15","1","1","521","1034","1","0","9","17","0.12","0.62","72","28","FFEnemyShipNoColors12","FFEnemyShipNocolors8","0","1836","2024-04-18 16:43:42"
"testing","FullPilot","2","77","0","2","91","33","1","0","617","1133","1","0","7","28","0.12","0.73","62","38","FFEnemyShipNocolors1","FFEnemyShipNocolors3","0","1836","2024-04-18 16:43:45"
"testing","FullPilot","2","78","0","2","61","18","1","0","617","1133","1","0","7","31","0.12","0.82","62","38","FFEnemyShipNocolors1","FFEnemyShipNocolors3","1","1854","2024-04-18 16:43:48"
"testing","FullPilot","2","79","0","1","33","11","1","1","633","1133","1","0","7","33","0.12","0.88","62","38","FFEnemyShipNocolors1","FFEnemyShipNocolors3","0","1854","2024-04-18 16:43:52"
"testing","FullPilot","2","80","1","2","68","8","1","0","533","1034","1","0","13","3","0.18","0.12","72","28","FFEnemyShipNoColors12","FFEnemyShipNocolors8","0","1854","2024-04-18 16:43:55"
"testing","FullPilot","2","81","1","1","61","14","1","1","549","1049","1","0","13","8","0.18","0.27","72","28","FFEnemyShipNoColors12","FFEnemyShipNocolors8","0","1854","2024-04-18 16:43:59"
"testing","FullPilot","2","82","0","2","55","26","1","0","616","1117","1","0","11","14","0.18","0.38","62","38","FFEnemyShipNocolors1","FFEnemyShipNocolors3","1","1880","2024-04-18 16:44:02"
"testing","FullPilot","2","83","0","2","78","40","1","0","632","1133","1","0","11","19","0.18","0.5","62","38","FFEnemyShipNocolors1","FFEnemyShipNocolors3","1","1920","2024-04-18 16:44:05"
"testing","FullPilot","2","84","1","2","66","24","1","0","550","1066","1","0","13","17","0.18","0.62","72","28","FFEnemyShipNoColors12","FFEnemyShipNocolors8","1","1944","2024-04-18 16:44:08"
"testing","FullPilot","2","85","1","1","94","5","1","1","533","1033","1","0","13","20","0.18","0.73","72","28","FFEnemyShipNoColors12","FFEnemyShipNocolors8","0","1944","2024-04-18 16:44:11"
"testing","FullPilot","2","86","0","1","81","60","1","1","617","1133","1","0","11","31","0.18","0.82","62","38","FFEnemyShipNocolors1","FFEnemyShipNocolors3","1","2025","2024-04-18 16:44:14"
"testing","FullPilot","2","87","1","1","60","19","1","1","533","1033","1","0","13","25","0.18","0.88","72","28","FFEnemyShipNoColors12","FFEnemyShipNocolors8","0","2025","2024-04-18 16:44:18"
"testing","FullPilot","2","88","1","1","70","24","1","1","533","1035","1","0","19","3","0.27","0.12","72","28","FFEnemyShipNoColors12","FFEnemyShipNocolors8","0","2025","2024-04-18 16:44:21"
"testing","FullPilot","2","89","1","2","90","24","1","0","534","1051","1","0","19","5","0.27","0.18","72","28","FFEnemyShipNoColors12","FFEnemyShipNocolors8","0","2025","2024-04-18 16:44:24"
"testing","FullPilot","2","90","1","1","64","47","1","1","533","1049","1","0","19","11","0.27","0.38","72","28","FFEnemyShipNoColors12","FFEnemyShipNocolors8","0","2025","2024-04-18 16:44:28"
"testing","FullPilot","2","91","0","2","47","24","1","0","615","1115","1","0","17","19","0.27","0.5","62","38","FFEnemyShipNocolors1","FFEnemyShipNocolors3","1","2049","2024-04-18 16:44:31"
"testing","FullPilot","2","92","1","1","68","45","1","1","550","1067","1","0","19","17","0.27","0.62","72","28","FFEnemyShipNoColors12","FFEnemyShipNocolors8","0","2049","2024-04-18 16:44:34"
"testing","FullPilot","2","93","0","1","54","41","1","1","618","1118","1","0","17","28","0.27","0.73","62","38","FFEnemyShipNocolors1","FFEnemyShipNocolors3","0","2049","2024-04-18 16:44:37"
"testing","FullPilot","2","94","1","1","72","42","1","1","550","1066","1","0","19","23","0.27","0.82","72","28","FFEnemyShipNoColors12","FFEnemyShipNocolors8","0","2049","2024-04-18 16:44:41"
"testing","FullPilot","2","95","0","1","62","74","1","1","616","1116","1","0","17","33","0.27","0.88","62","38","FFEnemyShipNocolors1","FFEnemyShipNocolors3","0","2049","2024-04-18 16:44:44"
"testing","FullPilot","2","96","1","1","70","22","1","1","516","1033","1","0","27","3","0.38","0.12","72","28","FFEnemyShipNoColors12","FFEnemyShipNocolors8","0","2049","2024-04-18 16:44:48"
"testing","FullPilot","2","97","0","1","66","50","1","1","616","1133","1","0","24","7","0.38","0.18","62","38","FFEnemyShipNocolors1","FFEnemyShipNocolors3","1","2115","2024-04-18 16:44:51"
"testing","FullPilot","2","98","0","2","53","22","1","0","600","1100","1","0","24","10","0.38","0.27","62","38","FFEnemyShipNocolors1","FFEnemyShipNocolors3","1","2137","2024-04-18 16:44:54"
"testing","FullPilot","2","99","0","1","75","48","1","1","616","1116","1","0","24","19","0.38","0.5","62","38","FFEnemyShipNocolors1","FFEnemyShipNocolors3","1","2212","2024-04-18 16:44:57"
"testing","FullPilot","2","100","1","1","63","9","1","1","516","1016","1","0","27","17","0.38","0.62","72","28","FFEnemyShipNoColors12","FFEnemyShipNocolors8","0","2212","2024-04-18 16:45:00"
"testing","FullPilot","2","101","1","2","65","57","1","0","517","1033","1","0","27","20","0.38","0.73","72","28","FFEnemyShipNoColors12","FFEnemyShipNocolors8","1","2269","2024-04-18 16:45:04"
"testing","FullPilot","2","102","0","2","48","32","1","0","616","1132","1","0","24","31","0.38","0.82","62","38","FFEnemyShipNocolors1","FFEnemyShipNocolors3","1","2301","2024-04-18 16:45:07"
"testing","FullPilot","2","103","1","1","84","18","1","1","517","1032","1","0","27","25","0.38","0.88","72","28","FFEnemyShipNoColors12","FFEnemyShipNocolors8","0","2301","2024-04-18 16:45:10"
"testing","FullPilot","2","104","1","2","80","13","1","0","534","1034","1","0","36","3","0.5","0.12","72","28","FFEnemyShipNoColors12","FFEnemyShipNocolors8","0","2301","2024-04-18 16:45:13"
"testing","FullPilot","2","105","0","2","56","36","1","0","599","1101","1","0","31","7","0.5","0.18","62","38","FFEnemyShipNocolors1","FFEnemyShipNocolors3","0","2301","2024-04-18 16:45:17"
"testing","FullPilot","2","106","1","1","77","52","1","1","532","1049","1","0","36","8","0.5","0.27","72","28","FFEnemyShipNoColors12","FFEnemyShipNocolors8","0","2301","2024-04-18 16:45:20"
"testing","FullPilot","2","107","1","1","57","10","1","1","534","1050","1","0","36","11","0.5","0.38","72","28","FFEnemyShipNoColors12","FFEnemyShipNocolors8","1","2358","2024-04-18 16:45:23"
"testing","FullPilot","2","108","1","2","36","46","1","0","517","1019","1","0","36","17","0.5","0.62","72","28","FFEnemyShipNoColors12","FFEnemyShipNocolors8","1","2404","2024-04-18 16:45:26"
"testing","FullPilot","2","109","0","1","81","29","1","1","616","1133","1","0","31","28","0.5","0.73","62","38","FFEnemyShipNocolors1","FFEnemyShipNocolors3","0","2404","2024-04-18 16:45:30"
"testing","FullPilot","2","110","1","2","68","8","1","0","533","1033","1","0","36","23","0.5","0.82","72","28","FFEnemyShipNoColors12","FFEnemyShipNocolors8","1","2412","2024-04-18 16:45:33"
"testing","FullPilot","2","111","1","2","79","18","1","0","548","1049","1","0","36","25","0.5","0.88","72","28","FFEnemyShipNoColors12","FFEnemyShipNocolors8","1","2430","2024-04-18 16:45:36"
"testing","FullPilot","2","112","1","1","84","11","1","1","550","1066","1","0","45","3","0.62","0.12","72","28","FFEnemyShipNoColors12","FFEnemyShipNocolors8","0","2430","2024-04-18 16:45:39"
"testing","FullPilot","2","113","1","1","76","41","1","1","516","1033","1","0","45","5","0.62","0.18","72","28","FFEnemyShipNoColors12","FFEnemyShipNocolors8","1","2506","2024-04-18 16:45:42"
"testing","FullPilot","2","114","1","2","80","14","1","0","533","1050","1","0","45","8","0.62","0.27","72","28","FFEnemyShipNoColors12","FFEnemyShipNocolors8","0","2506","2024-04-18 16:45:46"
"testing","FullPilot","2","115","0","2","81","44","1","0","616","1119","1","0","38","14","0.62","0.38","62","38","FFEnemyShipNocolors1","FFEnemyShipNocolors3","0","2506","2024-04-18 16:45:49"
"testing","FullPilot","2","116","1","1","76","59","1","1","533","1033","1","0","45","14","0.62","0.5","72","28","FFEnemyShipNoColors12","FFEnemyShipNocolors8","1","2582","2024-04-18 16:45:52"
"testing","FullPilot","2","117","1","2","59","43","1","0","533","1033","1","0","45","20","0.62","0.73","72","28","FFEnemyShipNoColors12","FFEnemyShipNocolors8","1","2625","2024-04-18 16:45:55"
"testing","FullPilot","2","118","0","1","53","58","1","1","616","1116","1","0","38","31","0.62","0.82","62","38","FFEnemyShipNocolors1","FFEnemyShipNocolors3","1","2678","2024-04-18 16:45:58"
"testing","FullPilot","2","119","1","2","89","1","1","0","533","1050","1","0","45","25","0.62","0.88","72","28","FFEnemyShipNoColors12","FFEnemyShipNocolors8","1","2679","2024-04-18 16:46:01"
"testing","FullPilot","2","120","1","1","50","35","1","1","532","1032","1","0","53","3","0.73","0.12","72","28","FFEnemyShipNoColors12","FFEnemyShipNocolors8","1","2729","2024-04-18 16:46:04"
"testing","FullPilot","2","121","0","1","62","32","1","1","616","1116","1","0","45","7","0.73","0.18","62","38","FFEnemyShipNocolors1","FFEnemyShipNocolors3","1","2791","2024-04-18 16:46:08"
"testing","FullPilot","2","122","1","1","68","7","1","1","516","1033","1","0","53","8","0.73","0.27","72","28","FFEnemyShipNoColors12","FFEnemyShipNocolors8","0","2791","2024-04-18 16:46:11"
"testing","FullPilot","2","123","0","2","45","36","1","0","618","1133","1","0","45","14","0.73","0.38","62","38","FFEnemyShipNocolors1","FFEnemyShipNocolors3","0","2791","2024-04-18 16:46:14"
"testing","FullPilot","2","124","0","1","34","58","1","1","616","1133","1","0","45","19","0.73","0.5","62","38","FFEnemyShipNocolors1","FFEnemyShipNocolors3","1","2825","2024-04-18 16:46:17"
"testing","FullPilot","2","125","1","1","92","75","1","1","533","1050","1","0","53","17","0.73","0.62","72","28","FFEnemyShipNoColors12","FFEnemyShipNocolors8","1","2917","2024-04-18 16:46:20"
"testing","FullPilot","2","126","0","1","34","35","1","1","616","1116","1","0","45","31","0.73","0.82","62","38","FFEnemyShipNocolors1","FFEnemyShipNocolors3","1","2951","2024-04-18 16:46:24"
"testing","FullPilot","2","127","1","1","52","59","1","1","534","1049","1","0","53","25","0.73","0.88","72","28","FFEnemyShipNoColors12","FFEnemyShipNocolors8","1","3003","2024-04-18 16:46:27"
"testing","FullPilot","2","128","1","2","66","31","1","0","532","1033","1","0","59","3","0.82","0.12","72","28","FFEnemyShipNoColors12","FFEnemyShipNocolors8","0","3003","2024-04-18 16:46:30"
"testing","FullPilot","2","129","0","1","48","24","1","1","634","1135","1","0","51","7","0.82","0.18","62","38","FFEnemyShipNocolors1","FFEnemyShipNocolors3","1","3051","2024-04-18 16:46:33"
"testing","FullPilot","2","130","1","1","77","25","1","1","534","1049","1","0","59","8","0.82","0.27","72","28","FFEnemyShipNoColors12","FFEnemyShipNocolors8","1","3128","2024-04-18 16:46:36"
"testing","FullPilot","2","131","0","2","31","40","1","0","616","1117","1","0","51","14","0.82","0.38","62","38","FFEnemyShipNocolors1","FFEnemyShipNocolors3","1","3168","2024-04-18 16:46:39"
"testing","FullPilot","2","132","0","1","56","41","1","1","600","1100","1","0","51","19","0.82","0.5","62","38","FFEnemyShipNocolors1","FFEnemyShipNocolors3","1","3224","2024-04-18 16:46:42"
"testing","FullPilot","2","133","0","1","50","40","1","1","617","1133","1","0","51","24","0.82","0.62","62","38","FFEnemyShipNocolors1","FFEnemyShipNocolors3","1","3274","2024-04-18 16:46:45"
"testing","FullPilot","2","134","0","1","40","6","1","1","600","1100","1","0","51","28","0.82","0.73","62","38","FFEnemyShipNocolors1","FFEnemyShipNocolors3","1","3314","2024-04-18 16:46:49"
"testing","FullPilot","2","135","0","2","76","56","1","0","615","1131","1","0","51","33","0.82","0.88","62","38","FFEnemyShipNocolors1","FFEnemyShipNocolors3","1","3370","2024-04-18 16:46:52"
"testing","FullPilot","2","136","1","2","55","42","1","0","549","1052","1","0","63","3","0.88","0.12","72","28","FFEnemyShipNoColors12","FFEnemyShipNocolors8","0","3370","2024-04-18 16:46:55"
"testing","FullPilot","2","137","0","1","62","38","1","1","618","1133","1","0","55","7","0.88","0.18","62","38","FFEnemyShipNocolors1","FFEnemyShipNocolors3","1","3432","2024-04-18 16:46:58"
"testing","FullPilot","2","138","1","1","96","41","1","1","517","1033","1","0","63","8","0.88","0.27","72","28","FFEnemyShipNoColors12","FFEnemyShipNocolors8","1","3528","2024-04-18 16:47:01"
"testing","FullPilot","2","139","1","2","30","53","1","0","516","1033","1","0","63","11","0.88","0.38","72","28","FFEnemyShipNoColors12","FFEnemyShipNocolors8","0","3528","2024-04-18 16:47:05"
"testing","FullPilot","2","140","1","2","78","13","1","0","533","1033","1","0","63","14","0.88","0.5","72","28","FFEnemyShipNoColors12","FFEnemyShipNocolors8","0","3528","2024-04-18 16:47:08"
"testing","FullPilot","2","141","0","1","82","34","1","1","616","1117","1","0","55","24","0.88","0.62","62","38","FFEnemyShipNocolors1","FFEnemyShipNocolors3","1","3610","2024-04-18 16:47:11"
"testing","FullPilot","2","142","0","1","73","7","1","1","616","1133","1","0","55","28","0.88","0.73","62","38","FFEnemyShipNocolors1","FFEnemyShipNocolors3","1","3683","2024-04-18 16:47:14"
"testing","FullPilot","2","143","0","1","77","31","1","1","616","1116","1","0","55","31","0.88","0.82","62","38","FFEnemyShipNocolors1","FFEnemyShipNocolors3","1","3760","2024-04-18 16:47:17"
"testing","FullPilot","3","0","1","2","49","51","1","0","300","799","1","0","9","5","0.12","0.18","72","28","FFEnemyShipNocolors7","FFEnemyShipNoColors9","0","3760","2024-04-18 16:47:26"
"testing","FullPilot","3","1","0","1","48","14","1","1","283","784","1","0","7","10","0.12","0.27","62","38","FFEnemyShipNocolors6","FFEnemyShipNoColors11","0","3760","2024-04-18 16:47:29"
"testing","FullPilot","3","2","0","1","74","21","1","1","283","783","1","0","7","14","0.12","0.38","62","38","FFEnemyShipNocolors6","FFEnemyShipNoColors11","0","3760","2024-04-18 16:47:32"
"testing","FullPilot","3","3","1","1","73","43","1","1","284","785","1","0","9","14","0.12","0.5","72","28","FFEnemyShipNocolors7","FFEnemyShipNoColors9","0","3760","2024-04-18 16:47:36"
"testing","FullPilot","3","4","0","2","74","58","1","0","298","799","1","0","7","24","0.12","0.62","62","38","FFEnemyShipNocolors6","FFEnemyShipNoColors11","1","3818","2024-04-18 16:47:39"
"testing","FullPilot","3","5","1","2","25","49","1","0","282","783","1","0","9","20","0.12","0.73","72","28","FFEnemyShipNocolors7","FFEnemyShipNoColors9","1","3867","2024-04-18 16:47:42"
"testing","FullPilot","3","6","0","2","57","15","1","0","299","812","1","0","7","31","0.12","0.82","62","38","FFEnemyShipNocolors6","FFEnemyShipNoColors11","1","3882","2024-04-18 16:47:45"
"testing","FullPilot","3","7","1","2","71","85","1","0","300","827","1","0","9","25","0.12","0.88","72","28","FFEnemyShipNocolors7","FFEnemyShipNoColors9","1","3967","2024-04-18 16:47:48"
"testing","FullPilot","3","8","1","2","97","7","1","0","283","796","1","0","13","3","0.18","0.12","72","28","FFEnemyShipNocolors7","FFEnemyShipNoColors9","0","3967","2024-04-18 16:47:52"
"testing","FullPilot","3","9","0","1","63","42","1","1","300","802","1","0","11","10","0.18","0.27","62","38","FFEnemyShipNocolors6","FFEnemyShipNoColors11","0","3967","2024-04-18 16:47:55"
"testing","FullPilot","3","10","0","1","23","24","1","1","284","783","1","0","11","14","0.18","0.38","62","38","FFEnemyShipNocolors6","FFEnemyShipNoColors11","0","3967","2024-04-18 16:47:58"
"testing","FullPilot","3","11","0","1","66","16","1","1","300","816","1","0","11","19","0.18","0.5","62","38","FFEnemyShipNocolors6","FFEnemyShipNoColors11","0","3967","2024-04-18 16:48:02"
"testing","FullPilot","3","12","1","1","65","35","1","1","300","800","1","0","13","17","0.18","0.62","72","28","FFEnemyShipNocolors7","FFEnemyShipNoColors9","0","3967","2024-04-18 16:48:05"
"testing","FullPilot","3","13","0","1","62","12","1","1","299","799","1","0","11","28","0.18","0.73","62","38","FFEnemyShipNocolors6","FFEnemyShipNoColors11","0","3967","2024-04-18 16:48:08"
"testing","FullPilot","3","14","1","1","77","28","1","1","283","783","1","0","13","23","0.18","0.82","72","28","FFEnemyShipNocolors7","FFEnemyShipNoColors9","0","3967","2024-04-18 16:48:12"
"testing","FullPilot","3","15","1","2","58","22","1","0","299","799","1","0","13","25","0.18","0.88","72","28","FFEnemyShipNocolors7","FFEnemyShipNoColors9","1","3989","2024-04-18 16:48:15"
"testing","FullPilot","3","16","1","1","56","1","1","1","300","816","1","0","19","3","0.27","0.12","72","28","FFEnemyShipNocolors7","FFEnemyShipNoColors9","0","3989","2024-04-18 16:48:18"
"testing","FullPilot","3","17","1","1","60","9","1","1","266","783","1","0","19","5","0.27","0.18","72","28","FFEnemyShipNocolors7","FFEnemyShipNoColors9","0","3989","2024-04-18 16:48:21"
"testing","FullPilot","3","18","1","2","64","32","1","0","300","816","1","0","19","11","0.27","0.38","72","28","FFEnemyShipNocolors7","FFEnemyShipNoColors9","0","3989","2024-04-18 16:48:25"
"testing","FullPilot","3","19","1","1","81","60","1","1","298","798","1","0","19","14","0.27","0.5","72","28","FFEnemyShipNocolors7","FFEnemyShipNoColors9","0","3989","2024-04-18 16:48:28"
"testing","FullPilot","3","20","1","2","57","20","1","0","283","800","1","0","19","17","0.27","0.62","72","28","FFEnemyShipNocolors7","FFEnemyShipNoColors9","1","4009","2024-04-18 16:48:31"
"testing","FullPilot","3","21","1","1","50","25","1","1","300","817","1","0","19","20","0.27","0.73","72","28","FFEnemyShipNocolors7","FFEnemyShipNoColors9","1","4059","2024-04-18 16:48:34"
"testing","FullPilot","3","22","1","1","71","56","1","1","299","799","1","0","19","23","0.27","0.82","72","28","FFEnemyShipNocolors7","FFEnemyShipNoColors9","1","4130","2024-04-18 16:48:37"
"testing","FullPilot","3","23","0","1","94","29","1","1","283","799","1","0","17","33","0.27","0.88","62","38","FFEnemyShipNocolors6","FFEnemyShipNoColors11","0","4130","2024-04-18 16:48:41"
"testing","FullPilot","3","24","0","1","75","8","1","1","302","816","1","0","24","5","0.38","0.12","62","38","FFEnemyShipNocolors6","FFEnemyShipNoColors11","1","4205","2024-04-18 16:48:44"
"testing","FullPilot","3","25","0","1","55","6","1","1","306","816","1","0","24","7","0.38","0.18","62","38","FFEnemyShipNocolors6","FFEnemyShipNoColors11","1","4260","2024-04-18 16:48:47"
"testing","FullPilot","3","26","1","1","96","7","1","1","314","816","1","0","27","8","0.38","0.27","72","28","FFEnemyShipNocolors7","FFEnemyShipNoColors9","1","4356","2024-04-18 16:48:50"
"testing","FullPilot","3","27","0","2","77","30","1","0","295","800","1","0","24","19","0.38","0.5","62","38","FFEnemyShipNocolors6","FFEnemyShipNoColors11","0","4356","2024-04-18 16:48:53"
"testing","FullPilot","3","28","0","1","48","23","1","1","300","800","1","0","24","24","0.38","0.62","62","38","FFEnemyShipNocolors6","FFEnemyShipNoColors11","1","4404","2024-04-18 16:48:56"
"testing","FullPilot","3","29","1","1","44","56","1","1","283","784","1","0","27","20","0.38","0.73","72","28","FFEnemyShipNocolors7","FFEnemyShipNoColors9","0","4404","2024-04-18 16:49:00"
"testing","FullPilot","3","30","1","2","82","56","1","0","300","817","1","0","27","23","0.38","0.82","72","28","FFEnemyShipNocolors7","FFEnemyShipNoColors9","1","4460","2024-04-18 16:49:03"
"testing","FullPilot","3","31","0","1","37","67","1","1","286","800","1","0","24","33","0.38","0.88","62","38","FFEnemyShipNocolors6","FFEnemyShipNoColors11","1","4497","2024-04-18 16:49:06"
"testing","FullPilot","3","32","1","1","35","18","1","1","299","800","1","0","36","3","0.5","0.12","72","28","FFEnemyShipNocolors7","FFEnemyShipNoColors9","0","4497","2024-04-18 16:49:09"
"testing","FullPilot","3","33","0","2","64","25","1","0","300","800","1","0","31","7","0.5","0.18","62","38","FFEnemyShipNocolors6","FFEnemyShipNoColors11","1","4522","2024-04-18 16:49:12"
"testing","FullPilot","3","34","0","2","54","45","1","0","283","800","1","0","31","10","0.5","0.27","62","38","FFEnemyShipNocolors6","FFEnemyShipNoColors11","1","4567","2024-04-18 16:49:16"
"testing","FullPilot","3","35","0","1","62","38","1","1","299","799","1","0","31","14","0.5","0.38","62","38","FFEnemyShipNocolors6","FFEnemyShipNoColors11","0","4567","2024-04-18 16:49:19"
"testing","FullPilot","3","36","0","2","71","35","1","0","300","816","1","0","31","24","0.5","0.62","62","38","FFEnemyShipNocolors6","FFEnemyShipNoColors11","0","4567","2024-04-18 16:49:22"
"testing","FullPilot","3","37","1","2","49","13","1","0","283","783","1","0","36","20","0.5","0.73","72","28","FFEnemyShipNocolors7","FFEnemyShipNoColors9","1","4580","2024-04-18 16:49:25"
"testing","FullPilot","3","38","0","2","53","23","1","0","300","817","1","0","31","31","0.5","0.82","62","38","FFEnemyShipNocolors6","FFEnemyShipNoColors11","1","4603","2024-04-18 16:49:28"
"testing","FullPilot","3","39","0","1","47","78","1","1","298","815","1","0","31","33","0.5","0.88","62","38","FFEnemyShipNocolors6","FFEnemyShipNoColors11","1","4650","2024-04-18 16:49:32"
"testing","FullPilot","3","40","0","2","52","31","1","0","299","800","1","0","38","5","0.62","0.12","62","38","FFEnemyShipNocolors6","FFEnemyShipNoColors11","0","4650","2024-04-18 16:49:35"
"testing","FullPilot","3","41","0","2","68","16","1","0","285","800","1","0","38","7","0.62","0.18","62","38","FFEnemyShipNocolors6","FFEnemyShipNoColors11","0","4650","2024-04-18 16:49:38"
"testing","FullPilot","3","42","1","2","84","18","1","0","299","799","1","0","45","8","0.62","0.27","72","28","FFEnemyShipNocolors7","FFEnemyShipNoColors9","0","4650","2024-04-18 16:49:42"
"testing","FullPilot","3","43","1","1","71","28","1","1","300","801","1","0","45","11","0.62","0.38","72","28","FFEnemyShipNocolors7","FFEnemyShipNoColors9","0","4650","2024-04-18 16:49:45"
"testing","FullPilot","3","44","1","1","14","0","1","1","300","816","1","0","45","14","0.62","0.5","72","28","FFEnemyShipNocolors7","FFEnemyShipNoColors9","0","4650","2024-04-18 16:49:48"
"testing","FullPilot","3","45","1","2","74","22","1","0","283","800","1","0","45","20","0.62","0.73","72","28","FFEnemyShipNocolors7","FFEnemyShipNoColors9","1","4672","2024-04-18 16:49:51"
"testing","FullPilot","3","46","0","1","53","39","1","1","299","800","1","0","38","31","0.62","0.82","62","38","FFEnemyShipNocolors6","FFEnemyShipNoColors11","0","4672","2024-04-18 16:49:55"
"testing","FullPilot","3","47","1","1","75","43","1","1","299","799","1","0","45","25","0.62","0.88","72","28","FFEnemyShipNocolors7","FFEnemyShipNoColors9","0","4672","2024-04-18 16:49:58"
"testing","FullPilot","3","48","1","1","96","0","1","1","284","799","1","0","53","3","0.73","0.12","72","28","FFEnemyShipNocolors7","FFEnemyShipNoColors9","1","4768","2024-04-18 16:50:01"
"testing","FullPilot","3","49","1","2","99","46","1","0","300","816","1","0","53","5","0.73","0.18","72","28","FFEnemyShipNocolors7","FFEnemyShipNoColors9","0","4768","2024-04-18 16:50:04"
"testing","FullPilot","3","50","1","2","84","42","1","0","300","800","1","0","53","8","0.73","0.27","72","28","FFEnemyShipNocolors7","FFEnemyShipNoColors9","1","4810","2024-04-18 16:50:07"
"testing","FullPilot","3","51","0","1","72","26","1","1","283","783","1","0","45","14","0.73","0.38","62","38","FFEnemyShipNocolors6","FFEnemyShipNoColors11","1","4882","2024-04-18 16:50:11"
"testing","FullPilot","3","52","0","2","68","35","1","0","299","800","1","0","45","19","0.73","0.5","62","38","FFEnemyShipNocolors6","FFEnemyShipNoColors11","1","4917","2024-04-18 16:50:14"
"testing","FullPilot","3","53","0","2","41","37","1","0","283","783","1","0","45","24","0.73","0.62","62","38","FFEnemyShipNocolors6","FFEnemyShipNoColors11","0","4917","2024-04-18 16:50:17"
"testing","FullPilot","3","54","0","2","60","51","1","0","300","800","1","0","45","31","0.73","0.82","62","38","FFEnemyShipNocolors6","FFEnemyShipNoColors11","1","4968","2024-04-18 16:50:20"
"testing","FullPilot","3","55","0","1","67","48","1","1","284","799","1","0","45","33","0.73","0.88","62","38","FFEnemyShipNocolors6","FFEnemyShipNoColors11","0","4968","2024-04-18 16:50:23"
"testing","FullPilot","3","56","1","2","99","20","1","0","300","816","1","0","59","3","0.82","0.12","72","28","FFEnemyShipNocolors7","FFEnemyShipNoColors9","0","4968","2024-04-18 16:50:27"
"testing","FullPilot","3","57","0","1","55","42","1","1","300","800","1","0","51","7","0.82","0.18","62","38","FFEnemyShipNocolors6","FFEnemyShipNoColors11","1","5023","2024-04-18 16:50:30"
"testing","FullPilot","3","58","0","2","91","47","1","0","266","783","1","0","51","10","0.82","0.27","62","38","FFEnemyShipNocolors6","FFEnemyShipNoColors11","0","5023","2024-04-18 16:50:33"
"testing","FullPilot","3","59","0","1","46","56","1","1","301","816","1","0","51","14","0.82","0.38","62","38","FFEnemyShipNocolors6","FFEnemyShipNoColors11","0","5023","2024-04-18 16:50:37"
"testing","FullPilot","3","60","1","2","90","30","1","0","283","783","1","0","59","14","0.82","0.5","72","28","FFEnemyShipNocolors7","FFEnemyShipNoColors9","1","5053","2024-04-18 16:50:40"
"testing","FullPilot","3","61","0","1","97","38","1","1","300","816","1","0","51","24","0.82","0.62","62","38","FFEnemyShipNocolors6","FFEnemyShipNoColors11","1","5150","2024-04-18 16:50:43"
"testing","FullPilot","3","62","1","1","58","42","1","1","285","800","1","0","59","20","0.82","0.73","72","28","FFEnemyShipNocolors7","FFEnemyShipNoColors9","1","5208","2024-04-18 16:50:46"
"testing","FullPilot","3","63","0","2","74","44","1","0","299","816","1","0","51","33","0.82","0.88","62","38","FFEnemyShipNocolors6","FFEnemyShipNoColors11","1","5252","2024-04-18 16:50:49"
"testing","FullPilot","3","64","1","2","65","68","1","0","300","800","1","0","63","3","0.88","0.12","72","28","FFEnemyShipNocolors7","FFEnemyShipNoColors9","0","5252","2024-04-18 16:50:52"
"testing","FullPilot","3","65","0","2","61","60","1","0","283","783","1","0","55","7","0.88","0.18","62","38","FFEnemyShipNocolors6","FFEnemyShipNoColors11","0","5252","2024-04-18 16:50:56"
"testing","FullPilot","3","66","0","1","55","41","1","1","299","800","1","0","55","10","0.88","0.27","62","38","FFEnemyShipNocolors6","FFEnemyShipNoColors11","1","5307","2024-04-18 16:50:59"
"testing","FullPilot","3","67","0","2","56","31","1","0","284","802","1","0","55","14","0.88","0.38","62","38","FFEnemyShipNocolors6","FFEnemyShipNoColors11","0","5307","2024-04-18 16:51:02"
"testing","FullPilot","3","68","0","1","89","64","1","1","300","816","1","0","55","19","0.88","0.5","62","38","FFEnemyShipNocolors6","FFEnemyShipNoColors11","1","5396","2024-04-18 16:51:05"
"testing","FullPilot","3","69","1","1","42","19","1","1","284","801","1","0","63","17","0.88","0.62","72","28","FFEnemyShipNocolors7","FFEnemyShipNoColors9","1","5438","2024-04-18 16:51:08"
"testing","FullPilot","3","70","0","2","66","45","1","0","300","816","1","0","55","28","0.88","0.73","62","38","FFEnemyShipNocolors6","FFEnemyShipNoColors11","1","5483","2024-04-18 16:51:11"
"testing","FullPilot","3","71","0","1","85","39","1","1","266","766","1","0","55","31","0.88","0.82","62","38","FFEnemyShipNocolors6","FFEnemyShipNoColors11","1","5568","2024-04-18 16:51:14"
"testing","FullPilot","3","72","0","1","91","43","1","1","298","798","1","0","7","7","0.12","0.18","62","38","FFEnemyShipNocolors6","FFEnemyShipNoColors11","0","5568","2024-04-18 16:51:18"
"testing","FullPilot","3","73","0","1","76","45","1","1","283","800","1","0","7","10","0.12","0.27","62","38","FFEnemyShipNocolors6","FFEnemyShipNoColors11","1","5644","2024-04-18 16:51:21"
"testing","FullPilot","3","74","1","1","84","36","1","1","283","800","1","0","9","11","0.12","0.38","72","28","FFEnemyShipNocolors7","FFEnemyShipNoColors9","0","5644","2024-04-18 16:51:24"
"testing","FullPilot","3","75","1","1","95","9","1","1","283","784","1","0","9","14","0.12","0.5","72","28","FFEnemyShipNocolors7","FFEnemyShipNoColors9","1","5739","2024-04-18 16:51:27"
"testing","FullPilot","3","76","1","2","53","15","1","0","284","799","1","0","9","17","0.12","0.62","72","28","FFEnemyShipNocolors7","FFEnemyShipNoColors9","1","5754","2024-04-18 16:51:30"
"testing","FullPilot","3","77","0","2","91","33","1","0","283","785","1","0","7","28","0.12","0.73","62","38","FFEnemyShipNocolors6","FFEnemyShipNoColors11","1","5787","2024-04-18 16:51:34"
"testing","FullPilot","3","78","0","1","61","18","1","1","300","800","1","0","7","31","0.12","0.82","62","38","FFEnemyShipNocolors6","FFEnemyShipNoColors11","0","5787","2024-04-18 16:51:37"
"testing","FullPilot","3","79","0","1","33","11","1","1","283","783","1","0","7","33","0.12","0.88","62","38","FFEnemyShipNocolors6","FFEnemyShipNoColors11","0","5787","2024-04-18 16:51:40"
"testing","FullPilot","3","80","1","1","68","8","1","1","283","783","1","0","13","3","0.18","0.12","72","28","FFEnemyShipNocolors7","FFEnemyShipNoColors9","1","5855","2024-04-18 16:51:43"
"testing","FullPilot","3","81","1","2","61","14","1","0","283","784","1","0","13","8","0.18","0.27","72","28","FFEnemyShipNocolors7","FFEnemyShipNoColors9","1","5869","2024-04-18 16:51:46"
"testing","FullPilot","3","82","0","1","55","26","1","1","300","800","1","0","11","14","0.18","0.38","62","38","FFEnemyShipNocolors6","FFEnemyShipNoColors11","0","5869","2024-04-18 16:51:50"
"testing","FullPilot","3","83","0","2","78","40","1","0","283","800","1","0","11","19","0.18","0.5","62","38","FFEnemyShipNocolors6","FFEnemyShipNoColors11","1","5909","2024-04-18 16:51:53"
"testing","FullPilot","3","84","1","1","66","24","1","1","300","800","1","0","13","17","0.18","0.62","72","28","FFEnemyShipNocolors7","FFEnemyShipNoColors9","1","5975","2024-04-18 16:51:56"
"testing","FullPilot","3","85","1","2","94","5","1","0","283","802","1","0","13","20","0.18","0.73","72","28","FFEnemyShipNocolors7","FFEnemyShipNoColors9","1","5980","2024-04-18 16:51:59"
"testing","FullPilot","3","86","0","1","81","60","1","1","300","802","1","0","11","31","0.18","0.82","62","38","FFEnemyShipNocolors6","FFEnemyShipNoColors11","0","5980","2024-04-18 16:52:02"
"testing","FullPilot","3","87","1","2","60","19","1","0","283","800","1","0","13","25","0.18","0.88","72","28","FFEnemyShipNocolors7","FFEnemyShipNoColors9","1","5999","2024-04-18 16:52:06"
"testing","FullPilot","3","88","1","2","70","24","1","0","298","798","1","0","19","3","0.27","0.12","72","28","FFEnemyShipNocolors7","FFEnemyShipNoColors9","1","6023","2024-04-18 16:52:09"
"testing","FullPilot","3","89","1","1","90","24","1","1","283","800","1","0","19","5","0.27","0.18","72","28","FFEnemyShipNocolors7","FFEnemyShipNoColors9","0","6023","2024-04-18 16:52:12"
"testing","FullPilot","3","90","1","2","64","47","1","0","300","800","1","0","19","11","0.27","0.38","72","28","FFEnemyShipNocolors7","FFEnemyShipNoColors9","1","6070","2024-04-18 16:52:15"
"testing","FullPilot","3","91","0","1","47","24","1","1","283","783","1","0","17","19","0.27","0.5","62","38","FFEnemyShipNocolors6","FFEnemyShipNoColors11","1","6117","2024-04-18 16:52:18"
"testing","FullPilot","3","92","1","1","68","45","1","1","283","800","1","0","19","17","0.27","0.62","72","28","FFEnemyShipNocolors7","FFEnemyShipNoColors9","0","6117","2024-04-18 16:52:22"
"testing","FullPilot","3","93","0","1","54","41","1","1","300","800","1","0","17","28","0.27","0.73","62","38","FFEnemyShipNocolors6","FFEnemyShipNoColors11","1","6171","2024-04-18 16:52:25"
"testing","FullPilot","3","94","1","2","72","42","1","0","300","817","1","0","19","23","0.27","0.82","72","28","FFEnemyShipNocolors7","FFEnemyShipNoColors9","1","6213","2024-04-18 16:52:28"
"testing","FullPilot","3","95","0","1","62","74","1","1","299","799","1","0","17","33","0.27","0.88","62","38","FFEnemyShipNocolors6","FFEnemyShipNoColors11","0","6213","2024-04-18 16:52:31"
"testing","FullPilot","3","96","1","1","70","22","1","1","300","800","1","0","27","3","0.38","0.12","72","28","FFEnemyShipNocolors7","FFEnemyShipNoColors9","0","6213","2024-04-18 16:52:34"
"testing","FullPilot","3","97","0","2","66","50","1","0","283","792","1","0","24","7","0.38","0.18","62","38","FFEnemyShipNocolors6","FFEnemyShipNoColors11","1","6263","2024-04-18 16:52:37"
"testing","FullPilot","3","98","0","1","53","22","1","1","300","800","1","0","24","10","0.38","0.27","62","38","FFEnemyShipNocolors6","FFEnemyShipNoColors11","1","6316","2024-04-18 16:52:41"
"testing","FullPilot","3","99","0","2","75","48","1","0","264","764","1","0","24","19","0.38","0.5","62","38","FFEnemyShipNocolors6","FFEnemyShipNoColors11","0","6316","2024-04-18 16:52:44"
"testing","FullPilot","3","100","1","2","63","9","1","0","299","800","1","0","27","17","0.38","0.62","72","28","FFEnemyShipNocolors7","FFEnemyShipNoColors9","0","6316","2024-04-18 16:52:47"
"testing","FullPilot","3","101","1","1","65","57","1","1","301","816","1","0","27","20","0.38","0.73","72","28","FFEnemyShipNocolors7","FFEnemyShipNoColors9","1","6381","2024-04-18 16:52:51"
"testing","FullPilot","3","102","0","2","48","32","1","0","299","800","1","0","24","31","0.38","0.82","62","38","FFEnemyShipNocolors6","FFEnemyShipNoColors11","1","6413","2024-04-18 16:52:54"
"testing","FullPilot","3","103","1","1","84","18","1","1","300","816","1","0","27","25","0.38","0.88","72","28","FFEnemyShipNocolors7","FFEnemyShipNoColors9","1","6497","2024-04-18 16:52:57"
"testing","FullPilot","3","104","1","2","80","13","1","0","299","800","1","0","36","3","0.5","0.12","72","28","FFEnemyShipNocolors7","FFEnemyShipNoColors9","0","6497","2024-04-18 16:53:00"
"testing","FullPilot","3","105","0","1","56","36","1","1","300","817","1","0","31","7","0.5","0.18","62","38","FFEnemyShipNocolors6","FFEnemyShipNoColors11","1","6553","2024-04-18 16:53:03"
"testing","FullPilot","3","106","1","1","77","52","1","1","299","800","1","0","36","8","0.5","0.27","72","28","FFEnemyShipNocolors7","FFEnemyShipNoColors9","1","6630","2024-04-18 16:53:06"
"testing","FullPilot","3","107","1","1","57","10","1","1","300","800","1","0","36","11","0.5","0.38","72","28","FFEnemyShipNocolors7","FFEnemyShipNoColors9","0","6630","2024-04-18 16:53:10"
"testing","FullPilot","3","108","1","2","36","46","1","0","300","816","1","0","36","17","0.5","0.62","72","28","FFEnemyShipNocolors7","FFEnemyShipNoColors9","1","6676","2024-04-18 16:53:13"
"testing","FullPilot","3","109","0","2","81","29","1","0","300","800","1","0","31","28","0.5","0.73","62","38","FFEnemyShipNocolors6","FFEnemyShipNoColors11","1","6705","2024-04-18 16:53:16"
"testing","FullPilot","3","110","1","2","68","8","1","0","300","799","1","0","36","23","0.5","0.82","72","28","FFEnemyShipNocolors7","FFEnemyShipNoColors9","1","6713","2024-04-18 16:53:19"
"testing","FullPilot","3","111","1","2","79","18","1","0","302","817","1","0","36","25","0.5","0.88","72","28","FFEnemyShipNocolors7","FFEnemyShipNoColors9","0","6713","2024-04-18 16:53:22"
"testing","FullPilot","3","112","1","1","84","11","1","1","283","799","1","0","45","3","0.62","0.12","72","28","FFEnemyShipNocolors7","FFEnemyShipNoColors9","0","6713","2024-04-18 16:53:26"
"testing","FullPilot","3","113","1","2","76","41","1","0","300","800","1","0","45","5","0.62","0.18","72","28","FFEnemyShipNocolors7","FFEnemyShipNoColors9","0","6713","2024-04-18 16:53:29"
"testing","FullPilot","3","114","1","1","80","14","1","1","301","816","1","0","45","8","0.62","0.27","72","28","FFEnemyShipNocolors7","FFEnemyShipNoColors9","1","6793","2024-04-18 16:53:32"
"testing","FullPilot","3","115","0","2","81","44","1","0","299","799","1","0","38","14","0.62","0.38","62","38","FFEnemyShipNocolors6","FFEnemyShipNoColors11","0","6793","2024-04-18 16:53:36"
"testing","FullPilot","3","116","1","1","76","59","1","1","283","783","1","0","45","14","0.62","0.5","72","28","FFEnemyShipNocolors7","FFEnemyShipNoColors9","0","6793","2024-04-18 16:53:39"
"testing","FullPilot","3","117","1","2","59","43","1","0","300","800","1","0","45","20","0.62","0.73","72","28","FFEnemyShipNocolors7","FFEnemyShipNoColors9","1","6836","2024-04-18 16:53:42"
"testing","FullPilot","3","118","0","2","53","58","1","0","283","783","1","0","38","31","0.62","0.82","62","38","FFEnemyShipNocolors6","FFEnemyShipNoColors11","0","6836","2024-04-18 16:53:45"
"testing","FullPilot","3","119","1","1","89","1","1","1","299","799","1","0","45","25","0.62","0.88","72","28","FFEnemyShipNocolors7","FFEnemyShipNoColors9","1","6925","2024-04-18 16:53:48"
"testing","FullPilot","3","120","1","2","50","35","1","0","285","799","1","0","53","3","0.73","0.12","72","28","FFEnemyShipNocolors7","FFEnemyShipNoColors9","0","6925","2024-04-18 16:53:52"
"testing","FullPilot","3","121","0","2","62","32","1","0","267","767","1","0","45","7","0.73","0.18","62","38","FFEnemyShipNocolors6","FFEnemyShipNoColors11","0","6925","2024-04-18 16:53:55"
"testing","FullPilot","3","122","1","1","68","7","1","1","283","784","1","0","53","8","0.73","0.27","72","28","FFEnemyShipNocolors7","FFEnemyShipNoColors9","1","6993","2024-04-18 16:53:58"
"testing","FullPilot","3","123","0","2","45","36","1","0","300","800","1","0","45","14","0.73","0.38","62","38","FFEnemyShipNocolors6","FFEnemyShipNoColors11","0","6993","2024-04-18 16:54:02"
"testing","FullPilot","3","124","0","2","34","58","1","0","299","799","1","0","45","19","0.73","0.5","62","38","FFEnemyShipNocolors6","FFEnemyShipNoColors11","1","7051","2024-04-18 16:54:05"
"testing","FullPilot","3","125","1","1","92","75","1","1","285","800","1","0","53","17","0.73","0.62","72","28","FFEnemyShipNocolors7","FFEnemyShipNoColors9","0","7051","2024-04-18 16:54:08"
"testing","FullPilot","3","126","0","1","34","35","1","1","282","799","1","0","45","31","0.73","0.82","62","38","FFEnemyShipNocolors6","FFEnemyShipNoColors11","1","7085","2024-04-18 16:54:12"
"testing","FullPilot","3","127","1","2","52","59","1","0","300","801","1","0","53","25","0.73","0.88","72","28","FFEnemyShipNocolors7","FFEnemyShipNoColors9","1","7144","2024-04-18 16:54:15"
"testing","FullPilot","3","128","1","2","66","31","1","0","299","798","1","0","59","3","0.82","0.12","72","28","FFEnemyShipNocolors7","FFEnemyShipNoColors9","0","7144","2024-04-18 16:54:18"
"testing","FullPilot","3","129","0","1","48","24","1","1","300","799","1","0","51","7","0.82","0.18","62","38","FFEnemyShipNocolors6","FFEnemyShipNoColors11","1","7192","2024-04-18 16:54:21"
"testing","FullPilot","3","130","1","2","77","25","1","0","300","816","1","0","59","8","0.82","0.27","72","28","FFEnemyShipNocolors7","FFEnemyShipNoColors9","1","7217","2024-04-18 16:54:24"
"testing","FullPilot","3","131","0","1","31","40","1","1","299","816","1","0","51","14","0.82","0.38","62","38","FFEnemyShipNocolors6","FFEnemyShipNoColors11","1","7248","2024-04-18 16:54:27"
"testing","FullPilot","3","132","0","2","56","41","1","0","317","833","1","0","51","19","0.82","0.5","62","38","FFEnemyShipNocolors6","FFEnemyShipNoColors11","1","7289","2024-04-18 16:54:30"
"testing","FullPilot","3","133","0","2","50","40","1","0","299","815","1","0","51","24","0.82","0.62","62","38","FFEnemyShipNocolors6","FFEnemyShipNoColors11","1","7329","2024-04-18 16:54:33"
"testing","FullPilot","3","134","0","2","40","6","1","0","299","799","1","0","51","28","0.82","0.73","62","38","FFEnemyShipNocolors6","FFEnemyShipNoColors11","0","7329","2024-04-18 16:54:37"
"testing","FullPilot","3","135","0","1","76","56","1","1","297","799","1","0","51","33","0.82","0.88","62","38","FFEnemyShipNocolors6","FFEnemyShipNoColors11","1","7405","2024-04-18 16:54:40"
"testing","FullPilot","3","136","1","2","55","42","1","0","300","816","1","0","63","3","0.88","0.12","72","28","FFEnemyShipNocolors7","FFEnemyShipNoColors9","1","7447","2024-04-18 16:54:43"
"testing","FullPilot","3","137","0","1","62","38","1","1","283","799","1","0","55","7","0.88","0.18","62","38","FFEnemyShipNocolors6","FFEnemyShipNoColors11","0","7447","2024-04-18 16:54:46"
"testing","FullPilot","3","138","1","1","96","41","1","1","283","799","1","0","63","8","0.88","0.27","72","28","FFEnemyShipNocolors7","FFEnemyShipNoColors9","1","7543","2024-04-18 16:54:49"
"testing","FullPilot","3","139","1","2","30","53","1","0","300","800","1","0","63","11","0.88","0.38","72","28","FFEnemyShipNocolors7","FFEnemyShipNoColors9","0","7543","2024-04-18 16:54:53"
"testing","FullPilot","3","140","1","1","78","13","1","1","299","815","1","0","63","14","0.88","0.5","72","28","FFEnemyShipNocolors7","FFEnemyShipNoColors9","0","7543","2024-04-18 16:54:56"
"testing","FullPilot","3","141","0","2","82","34","1","0","298","799","1","0","55","24","0.88","0.62","62","38","FFEnemyShipNocolors6","FFEnemyShipNoColors11","0","7543","2024-04-18 16:55:00"
"testing","FullPilot","3","142","0","2","73","7","1","0","300","800","1","0","55","28","0.88","0.73","62","38","FFEnemyShipNocolors6","FFEnemyShipNoColors11","1","7550","2024-04-18 16:55:03"
"testing","FullPilot","3","143","0","2","77","31","1","0","283","800","1","0","55","31","0.88","0.82","62","38","FFEnemyShipNocolors6","FFEnemyShipNoColors11","0","7550","2024-04-18 16:55:06"
"testing","FullPilot","0","0","-1","2","50","50","1","0","532","1049","1","0","6","9","0.12","0.18","50","50","FFEnemyNeutral","FFEnemyNeutral","1","50","2024-04-18 18:29:07"
"testing","FullPilot","0","1","-1","2","50","50","1","0","533","1049","1","0","6","14","0.12","0.27","50","50","FFEnemyNeutral","FFEnemyNeutral","0","50","2024-04-18 18:29:10"
"testing","FullPilot","0","2","-1","2","50","50","1","0","533","1033","1","0","6","19","0.12","0.38","50","50","FFEnemyNeutral","FFEnemyNeutral","0","50","2024-04-18 18:29:12"
"testing","FullPilot","0","3","-1","1","50","50","1","1","533","1050","1","0","6","25","0.12","0.5","50","50","FFEnemyNeutral","FFEnemyNeutral","0","50","2024-04-18 18:29:16"
"testing","FullPilot","0","4","-1","2","50","50","1","0","550","1050","1","0","6","31","0.12","0.62","50","50","FFEnemyNeutral","FFEnemyNeutral","1","100","2024-04-18 18:29:18"
"testing","FullPilot","1","0","-2","2","81","25","1","0","615","1132","1","0","67","33","1","1","67","33","FFEnemyShipNocolors5","FFEnemyShipNocolors2","1","25","2024-04-18 18:29:36"
"test","FullPilot","1","3","-2","0","42","48","0","0","0","0","0","0","67","33","1","1","67","33","FFEnemyShipNocolors2","FFEnemyShipNocolors5","0","191","2024-04-18 21:46:04"
"test","FullPilot","4","0","1","2","17","17","1","0","1226","1878","1","1","9","5","0.12","0.18","72","28","FFEnemyShipNoColors9","FFEnemyShipNocolors7","0","0","2024-04-24 12:02:11"
"test","FullPilot","4","1","1","2","49","49","0","1","1099","1176","0","1","9","8","0.12","0.27","72","28","FFEnemyShipNoColors9","FFEnemyShipNocolors7","0","0","2024-04-24 12:02:15"
"test","FullPilot","4","2","1","2","78","33","1","0","621","849","1","0","9","11","0.12","0.38","72","28","FFEnemyShipNoColors9","FFEnemyShipNocolors7","0","0","2024-04-24 12:02:18"
"test","FullPilot","4","3","0","2","32","11","1","0","361","526","1","0","7","19","0.12","0.5","62","38","FFEnemyShipNoColors11","FFEnemyShipNocolors6","1","11","2024-04-24 12:02:21"
"test","FullPilot","4","4","1","2","70","34","0","1","761","851","0","1","9","17","0.12","0.62","72","28","FFEnemyShipNoColors9","FFEnemyShipNocolors7","1","45","2024-04-24 12:02:24"
"test","FullPilot","4","5","0","2","43","6","1","0","617","787","1","0","7","28","0.12","0.73","62","38","FFEnemyShipNoColors11","FFEnemyShipNocolors6","1","51","2024-04-24 12:02:28"
"test","FullPilot","3","0","0","2","40","42","0","1","1159","1344","0","1","7","7","0.12","0.18","62","38","FFEnemyShipNocolors3","FFEnemyShipNocolors1","0","0","2024-04-24 12:02:49"
"test","FullPilot","3","1","1","2","89","53","0","1","1022","1493","0","1","9","8","0.12","0.27","72","28","FFEnemyShipNocolors8","FFEnemyShipNoColors12","0","0","2024-04-24 12:02:53"
"test","FullPilot","3","0","0","2","50","46","1","0","619","1118","1","0","7","7","0.12","0.18","62","38","FFEnemyShipNocolors1","FFEnemyShipNocolors3","0","0","2024-04-24 13:00:21"
"test","FullPilot","3","1","0","1","69","44","1","1","610","1112","1","0","7","10","0.12","0.27","62","38","FFEnemyShipNocolors1","FFEnemyShipNocolors3","0","0","2024-04-24 13:00:25"
"test","FullPilot","4","0","1","2","77","36","1","0","282","783","1","0","9","5","0.12","0.18","72","28","FFEnemyShipNoColors9","FFEnemyShipNocolors7","0","0","2024-04-24 13:29:11"
"basile","FullPilot","0","0","-1","1","50","50","1","1","549","1050","1","0","6","9","0.12","0.18","50","50","FFEnemyNeutral","FFEnemyNeutral","1","50","2024-04-24 16:27:21"
"basile","FullPilot","1","0","-2","1","69","48","1","1","616","1130","1","0","67","33","1","1","67","33","FFEnemyShipNocolors2","FFEnemyShipNocolors5","1","69","2024-04-24 16:27:21"
"basile","FullPilot","3","0","1","2","90","36","1","0","285","796","1","0","9","5","0.12","0.18","72","28","FFEnemyShipNocolors7","FFEnemyShipNoColors9","1","36","2024-04-24 16:27:22"
"basile","FullPilot","2","0","1","1","59","21","1","1","534","1046","1","0","9","5","0.12","0.18","72","28","FFEnemyShipNoColors12","FFEnemyShipNocolors8","0","0","2024-04-24 16:27:22"
"basile","FullPilot","0","1","-1","1","50","50","1","1","533","1049","1","0","6","14","0.12","0.27","50","50","FFEnemyNeutral","FFEnemyNeutral","0","50","2024-04-24 16:27:24"
"basile","FullPilot","1","1","-2","2","71","20","1","0","616","1132","1","0","67","33","1","1","67","33","FFEnemyShipNocolors2","FFEnemyShipNocolors5","1","89","2024-04-24 16:27:25"
"basile","FullPilot","3","1","0","1","63","57","1","1","267","784","1","0","7","10","0.12","0.27","62","38","FFEnemyShipNoColors11","FFEnemyShipNocolors6","0","36","2024-04-24 16:27:25"
"basile","FullPilot","2","1","1","2","98","41","1","0","533","1048","1","0","9","8","0.12","0.27","72","28","FFEnemyShipNoColors12","FFEnemyShipNocolors8","0","0","2024-04-24 16:27:25"
"basile","FullPilot","0","2","-1","2","50","50","1","0","533","1050","1","0","6","19","0.12","0.38","50","50","FFEnemyNeutral","FFEnemyNeutral","1","100","2024-04-24 16:27:27"
"basile","FullPilot","1","2","-2","1","28","49","1","1","617","1117","1","0","67","33","1","1","67","33","FFEnemyShipNocolors2","FFEnemyShipNocolors5","1","117","2024-04-24 16:27:28"
"basile","FullPilot","2","2","1","2","73","50","1","0","516","1016","1","0","9","11","0.12","0.38","72","28","FFEnemyShipNoColors12","FFEnemyShipNocolors8","1","50","2024-04-24 16:27:28"
"basile","FullPilot","3","2","0","1","71","34","1","1","299","801","1","0","7","14","0.12","0.38","62","38","FFEnemyShipNoColors11","FFEnemyShipNocolors6","0","36","2024-04-24 16:27:28"
"basile","FullPilot","0","3","-1","1","50","50","1","1","533","1033","1","0","6","25","0.12","0.5","50","50","FFEnemyNeutral","FFEnemyNeutral","0","100","2024-04-24 16:27:30"
"basile","FullPilot","1","3","-2","2","65","25","1","0","618","1133","1","0","67","33","1","1","67","33","FFEnemyShipNocolors2","FFEnemyShipNocolors5","1","142","2024-04-24 16:27:31"
"basile","FullPilot","2","3","0","1","77","13","1","1","616","1137","1","0","7","19","0.12","0.5","62","38","FFEnemyShipNocolors3","FFEnemyShipNocolors1","0","50","2024-04-24 16:27:31"
"basile","FullPilot","3","3","1","2","77","12","1","0","284","799","1","0","9","14","0.12","0.5","72","28","FFEnemyShipNocolors7","FFEnemyShipNoColors9","0","36","2024-04-24 16:27:32"
"basile","FullPilot","0","4","-1","1","50","50","1","1","534","1033","1","0","6","31","0.12","0.62","50","50","FFEnemyNeutral","FFEnemyNeutral","0","100","2024-04-24 16:27:33"
"basile","FullPilot","1","4","-2","2","69","2","1","0","617","1133","1","0","67","33","1","1","67","33","FFEnemyShipNocolors2","FFEnemyShipNocolors5","1","144","2024-04-24 16:27:34"
"basile","FullPilot","2","4","1","2","68","33","1","0","550","1064","1","0","9","17","0.12","0.62","72","28","FFEnemyShipNoColors12","FFEnemyShipNocolors8","1","83","2024-04-24 16:27:35"
"basile","FullPilot","3","4","0","2","77","24","1","0","300","801","1","0","7","24","0.12","0.62","62","38","FFEnemyShipNoColors11","FFEnemyShipNocolors6","0","36","2024-04-24 16:27:35"
"basile","FullPilot","0","5","-1","2","50","50","1","0","517","1033","1","0","6","37","0.12","0.73","50","50","FFEnemyNeutral","FFEnemyNeutral","0","100","2024-04-24 16:27:36"
"basile","FullPilot","1","5","-2","1","81","28","1","1","602","1117","1","0","67","33","1","1","67","33","FFEnemyShipNocolors2","FFEnemyShipNocolors5","1","225","2024-04-24 16:27:37"
"basile","FullPilot","2","5","1","1","71","51","1","1","533","1049","1","0","9","20","0.12","0.73","72","28","FFEnemyShipNoColors12","FFEnemyShipNocolors8","1","154","2024-04-24 16:27:38"
"basile","FullPilot","3","5","1","2","67","47","1","0","273","786","1","0","9","20","0.12","0.73","72","28","FFEnemyShipNocolors7","FFEnemyShipNoColors9","1","83","2024-04-24 16:27:38"
"basile","FullPilot","0","6","-1","1","50","50","1","1","550","1066","1","0","6","41","0.12","0.82","50","50","FFEnemyNeutral","FFEnemyNeutral","0","100","2024-04-24 16:27:39"
"basile","FullPilot","1","6","-2","2","49","85","1","0","600","1100","1","0","67","33","1","1","67","33","FFEnemyShipNocolors2","FFEnemyShipNocolors5","1","310","2024-04-24 16:27:40"
"basile","FullPilot","2","6","1","2","69","16","1","0","516","1035","1","0","9","23","0.12","0.82","72","28","FFEnemyShipNoColors12","FFEnemyShipNocolors8","1","170","2024-04-24 16:27:41"
"basile","FullPilot","3","6","0","2","68","29","1","0","284","797","1","0","7","31","0.12","0.82","62","38","FFEnemyShipNoColors11","FFEnemyShipNocolors6","1","112","2024-04-24 16:27:41"
"basile","FullPilot","0","7","-1","1","50","50","1","1","534","1051","1","0","6","44","0.12","0.88","50","50","FFEnemyNeutral","FFEnemyNeutral","0","100","2024-04-24 16:27:42"
"basile","FullPilot","1","7","-2","1","66","17","1","1","601","1116","1","0","67","33","1","1","67","33","FFEnemyShipNocolors2","FFEnemyShipNocolors5","1","376","2024-04-24 16:27:43"
"basile","FullPilot","2","7","1","2","76","52","1","0","514","1014","1","0","9","25","0.12","0.88","72","28","FFEnemyShipNoColors12","FFEnemyShipNocolors8","1","222","2024-04-24 16:27:44"
"basile","FullPilot","3","7","0","2","63","55","1","0","282","782","1","0","7","33","0.12","0.88","62","38","FFEnemyShipNoColors11","FFEnemyShipNocolors6","1","167","2024-04-24 16:27:44"
"basile","FullPilot","0","8","-1","1","50","50","1","1","533","1034","1","0","9","6","0.18","0.12","50","50","FFEnemyNeutral","FFEnemyNeutral","0","100","2024-04-24 16:27:45"
"basile","FullPilot","1","8","-2","2","58","7","1","0","600","1117","1","0","67","33","1","1","67","33","FFEnemyShipNocolors2","FFEnemyShipNocolors5","1","383","2024-04-24 16:27:46"
"basile","FullPilot","2","8","0","1","60","72","1","1","600","1114","1","0","11","5","0.18","0.12","62","38","FFEnemyShipNocolors3","FFEnemyShipNocolors1","0","222","2024-04-24 16:27:47"
"basile","FullPilot","3","8","1","1","65","54","1","1","283","784","1","0","13","3","0.18","0.12","72","28","FFEnemyShipNocolors7","FFEnemyShipNoColors9","0","167","2024-04-24 16:27:48"
"basile","FullPilot","0","9","-1","1","50","50","1","1","533","1049","1","0","9","14","0.18","0.27","50","50","FFEnemyNeutral","FFEnemyNeutral","0","100","2024-04-24 16:27:48"
"basile","FullPilot","1","9","-2","2","35","17","1","0","602","1117","1","0","67","33","1","1","67","33","FFEnemyShipNocolors2","FFEnemyShipNocolors5","1","400","2024-04-24 16:27:49"
"basile","FullPilot","2","9","0","2","46","6","1","0","616","1117","1","0","11","10","0.18","0.27","62","38","FFEnemyShipNocolors3","FFEnemyShipNocolors1","0","222","2024-04-24 16:27:51"
"basile","FullPilot","3","9","1","2","58","16","1","0","284","799","1","0","13","8","0.18","0.27","72","28","FFEnemyShipNocolors7","FFEnemyShipNoColors9","0","167","2024-04-24 16:27:51"
"basile","FullPilot","0","10","-1","1","50","50","1","1","533","1049","1","0","9","19","0.18","0.38","50","50","FFEnemyNeutral","FFEnemyNeutral","0","100","2024-04-24 16:27:51"
"basile","FullPilot","1","10","-2","1","52","57","1","1","599","1099","1","0","67","33","1","1","67","33","FFEnemyShipNocolors2","FFEnemyShipNocolors5","1","452","2024-04-24 16:27:52"
"basile","FullPilot","2","10","1","1","60","40","1","1","533","1033","1","0","13","11","0.18","0.38","72","28","FFEnemyShipNoColors12","FFEnemyShipNocolors8","0","222","2024-04-24 16:27:54"
"basile","FullPilot","0","11","-1","2","50","50","1","0","533","1049","1","0","9","25","0.18","0.5","50","50","FFEnemyNeutral","FFEnemyNeutral","0","100","2024-04-24 16:27:54"
"basile","FullPilot","3","10","0","1","59","29","1","1","299","817","1","0","11","14","0.18","0.38","62","38","FFEnemyShipNoColors11","FFEnemyShipNocolors6","0","167","2024-04-24 16:27:54"
"basile","FullPilot","1","11","-2","2","64","6","1","0","601","1116","1","0","67","33","1","1","67","33","FFEnemyShipNocolors2","FFEnemyShipNocolors5","1","458","2024-04-24 16:27:55"
"basile","FullPilot","0","12","-1","1","50","50","1","1","534","1050","1","0","9","31","0.18","0.62","50","50","FFEnemyNeutral","FFEnemyNeutral","0","100","2024-04-24 16:27:57"
"basile","FullPilot","2","11","1","2","55","36","1","0","548","1050","1","0","13","14","0.18","0.5","72","28","FFEnemyShipNoColors12","FFEnemyShipNocolors8","0","222","2024-04-24 16:27:57"
"basile","FullPilot","3","11","1","1","75","28","1","1","283","799","1","0","13","14","0.18","0.5","72","28","FFEnemyShipNocolors7","FFEnemyShipNoColors9","0","167","2024-04-24 16:27:58"
"basile","FullPilot","1","12","-2","2","37","44","1","0","599","1116","1","0","67","33","1","1","67","33","FFEnemyShipNocolors2","FFEnemyShipNocolors5","1","502","2024-04-24 16:27:59"
"basile","FullPilot","0","13","-1","2","50","50","1","0","517","1033","1","0","9","37","0.18","0.73","50","50","FFEnemyNeutral","FFEnemyNeutral","1","150","2024-04-24 16:28:00"
"basile","FullPilot","2","12","1","1","61","7","1","1","518","1019","1","0","13","17","0.18","0.62","72","28","FFEnemyShipNoColors12","FFEnemyShipNocolors8","0","222","2024-04-24 16:28:01"
"basile","FullPilot","3","12","0","1","29","35","1","1","299","806","1","0","11","24","0.18","0.62","62","38","FFEnemyShipNoColors11","FFEnemyShipNocolors6","0","167","2024-04-24 16:28:01"
"basile","FullPilot","1","13","-2","1","87","28","1","1","617","1133","1","0","67","33","1","1","67","33","FFEnemyShipNocolors2","FFEnemyShipNocolors5","1","589","2024-04-24 16:28:02"
"basile","FullPilot","0","14","-1","2","50","50","1","0","550","1049","1","0","9","41","0.18","0.82","50","50","FFEnemyNeutral","FFEnemyNeutral","1","200","2024-04-24 16:28:03"
"basile","FullPilot","2","13","0","2","77","33","1","0","600","1116","1","0","11","28","0.18","0.73","62","38","FFEnemyShipNocolors3","FFEnemyShipNocolors1","1","255","2024-04-24 16:28:04"
"basile","FullPilot","3","13","0","1","60","14","1","1","284","799","1","0","11","28","0.18","0.73","62","38","FFEnemyShipNoColors11","FFEnemyShipNocolors6","1","227","2024-04-24 16:28:04"
"basile","FullPilot","1","14","-2","2","56","22","1","0","599","1099","1","0","67","33","1","1","67","33","FFEnemyShipNocolors2","FFEnemyShipNocolors5","1","611","2024-04-24 16:28:05"
"basile","FullPilot","0","15","-1","1","50","50","1","1","516","1017","1","0","9","44","0.18","0.88","50","50","FFEnemyNeutral","FFEnemyNeutral","1","250","2024-04-24 16:28:05"
"basile","FullPilot","2","14","0","1","49","35","1","1","619","1133","1","0","11","31","0.18","0.82","62","38","FFEnemyShipNocolors3","FFEnemyShipNocolors1","1","304","2024-04-24 16:28:07"
"basile","FullPilot","3","14","0","2","96","21","1","0","299","814","1","0","11","31","0.18","0.82","62","38","FFEnemyShipNoColors11","FFEnemyShipNocolors6","1","248","2024-04-24 16:28:07"
"basile","FullPilot","1","15","-2","2","82","10","1","0","616","1133","1","0","67","33","1","1","67","33","FFEnemyShipNocolors2","FFEnemyShipNocolors5","1","621","2024-04-24 16:28:08"
"basile","FullPilot","0","16","-1","2","50","50","1","0","516","1017","1","0","14","6","0.27","0.12","50","50","FFEnemyNeutral","FFEnemyNeutral","0","250","2024-04-24 16:28:08"
"basile","FullPilot","2","15","1","1","54","58","1","1","518","1033","1","0","13","25","0.18","0.88","72","28","FFEnemyShipNoColors12","FFEnemyShipNocolors8","0","304","2024-04-24 16:28:10"
"basile","FullPilot","3","15","0","2","49","14","1","0","298","800","1","0","11","33","0.18","0.88","62","38","FFEnemyShipNoColors11","FFEnemyShipNocolors6","1","262","2024-04-24 16:28:10"
"basile","FullPilot","1","16","-2","1","70","25","1","1","599","1115","1","0","67","33","1","1","67","33","FFEnemyShipNocolors2","FFEnemyShipNocolors5","1","691","2024-04-24 16:28:11"
"basile","FullPilot","0","17","-1","2","50","50","1","0","550","1066","1","0","14","9","0.27","0.18","50","50","FFEnemyNeutral","FFEnemyNeutral","0","250","2024-04-24 16:28:11"
"basile","FullPilot","2","16","0","1","70","51","1","1","614","1114","1","0","17","5","0.27","0.12","62","38","FFEnemyShipNocolors3","FFEnemyShipNocolors1","0","304","2024-04-24 16:28:13"
"basile","FullPilot","3","16","1","2","73","4","1","0","284","784","1","0","19","3","0.27","0.12","72","28","FFEnemyShipNocolors7","FFEnemyShipNoColors9","0","262","2024-04-24 16:28:14"
"basile","FullPilot","1","17","-2","2","45","1","1","0","616","1117","1","0","67","33","1","1","67","33","FFEnemyShipNocolors2","FFEnemyShipNocolors5","1","692","2024-04-24 16:28:14"
"basile","FullPilot","0","18","-1","2","50","50","1","0","518","1033","1","0","14","19","0.27","0.38","50","50","FFEnemyNeutral","FFEnemyNeutral","1","300","2024-04-24 16:28:14"
"basile","FullPilot","2","17","0","1","49","37","1","1","617","1117","1","0","17","7","0.27","0.18","62","38","FFEnemyShipNocolors3","FFEnemyShipNocolors1","1","353","2024-04-24 16:28:17"
"basile","FullPilot","3","17","0","1","43","29","1","1","300","818","1","0","17","7","0.27","0.18","62","38","FFEnemyShipNoColors11","FFEnemyShipNocolors6","0","262","2024-04-24 16:28:17"
"basile","FullPilot","0","19","-1","1","50","50","1","1","518","1033","1","0","14","25","0.27","0.5","50","50","FFEnemyNeutral","FFEnemyNeutral","1","350","2024-04-24 16:28:17"
"basile","FullPilot","1","18","-2","2","97","58","1","0","599","1099","1","0","67","33","1","1","67","33","FFEnemyShipNocolors2","FFEnemyShipNocolors5","1","750","2024-04-24 16:28:17"
"basile","FullPilot","2","18","1","1","62","23","1","1","533","1034","1","0","19","11","0.27","0.38","72","28","FFEnemyShipNoColors12","FFEnemyShipNocolors8","0","353","2024-04-24 16:28:20"
"basile","FullPilot","0","20","-1","1","50","50","1","1","533","1050","1","0","14","31","0.27","0.62","50","50","FFEnemyNeutral","FFEnemyNeutral","0","350","2024-04-24 16:28:20"
"basile","FullPilot","1","19","-2","1","77","65","1","1","600","1115","1","0","67","33","1","1","67","33","FFEnemyShipNocolors2","FFEnemyShipNocolors5","1","827","2024-04-24 16:28:20"
"basile","FullPilot","3","18","0","2","96","66","1","0","285","800","1","0","17","14","0.27","0.38","62","38","FFEnemyShipNoColors11","FFEnemyShipNocolors6","0","262","2024-04-24 16:28:20"
"basile","FullPilot","0","21","-1","2","50","50","1","0","550","1066","1","0","14","37","0.27","0.73","50","50","FFEnemyNeutral","FFEnemyNeutral","0","350","2024-04-24 16:28:23"
"basile","FullPilot","2","19","0","2","63","57","1","0","615","1132","1","0","17","19","0.27","0.5","62","38","FFEnemyShipNocolors3","FFEnemyShipNocolors1","1","410","2024-04-24 16:28:23"
"basile","FullPilot","1","20","-2","2","72","46","1","0","617","1134","1","0","67","33","1","1","67","33","FFEnemyShipNocolors2","FFEnemyShipNocolors5","1","873","2024-04-24 16:28:23"
"basile","FullPilot","3","19","1","1","76","14","1","1","299","800","1","0","19","14","0.27","0.5","72","28","FFEnemyShipNocolors7","FFEnemyShipNoColors9","0","262","2024-04-24 16:28:24"
"basile","FullPilot","0","22","-1","1","50","50","1","1","533","1033","1","0","14","41","0.27","0.82","50","50","FFEnemyNeutral","FFEnemyNeutral","0","350","2024-04-24 16:28:26"
"basile","FullPilot","2","20","0","1","58","58","1","1","618","1135","1","0","17","24","0.27","0.62","62","38","FFEnemyShipNocolors3","FFEnemyShipNocolors1","0","410","2024-04-24 16:28:26"
"basile","FullPilot","1","21","-2","1","61","53","1","1","616","1117","1","0","67","33","1","1","67","33","FFEnemyShipNocolors2","FFEnemyShipNocolors5","1","934","2024-04-24 16:28:26"
"basile","FullPilot","3","20","0","1","39","67","1","1","285","785","1","0","17","24","0.27","0.62","62","38","FFEnemyShipNoColors11","FFEnemyShipNocolors6","1","301","2024-04-24 16:28:27"
"basile","FullPilot","0","23","-1","2","50","50","1","0","549","1066","1","0","14","44","0.27","0.88","50","50","FFEnemyNeutral","FFEnemyNeutral","1","400","2024-04-24 16:28:29"
"basile","FullPilot","1","22","-2","2","57","28","1","0","598","1098","1","0","67","33","1","1","67","33","FFEnemyShipNocolors2","FFEnemyShipNocolors5","1","962","2024-04-24 16:28:30"
"basile","FullPilot","2","21","1","1","90","11","1","1","534","1050","1","0","19","20","0.27","0.73","72","28","FFEnemyShipNoColors12","FFEnemyShipNocolors8","0","410","2024-04-24 16:28:30"
"basile","FullPilot","3","21","0","1","81","29","1","1","284","799","1","0","17","28","0.27","0.73","62","38","FFEnemyShipNoColors11","FFEnemyShipNocolors6","0","301","2024-04-24 16:28:30"
"basile","FullPilot","0","24","-1","2","50","50","1","0","533","1050","1","0","19","6","0.38","0.12","50","50","FFEnemyNeutral","FFEnemyNeutral","1","450","2024-04-24 16:28:32"
"basile","FullPilot","1","23","-2","2","78","31","1","0","600","1117","1","0","67","33","1","1","67","33","FFEnemyShipNocolors2","FFEnemyShipNocolors5","1","993","2024-04-24 16:28:33"
"basile","FullPilot","2","22","1","2","56","55","1","0","517","1024","1","0","19","23","0.27","0.82","72","28","FFEnemyShipNoColors12","FFEnemyShipNocolors8","1","465","2024-04-24 16:28:33"
"basile","FullPilot","3","22","1","2","64","51","1","0","299","802","1","0","19","23","0.27","0.82","72","28","FFEnemyShipNocolors7","FFEnemyShipNoColors9","0","301","2024-04-24 16:28:33"
"basile","FullPilot","0","25","-1","2","50","50","1","0","517","1033","1","0","19","9","0.38","0.18","50","50","FFEnemyNeutral","FFEnemyNeutral","0","450","2024-04-24 16:28:34"
"basile","FullPilot","1","24","-2","1","53","12","1","1","635","1152","1","0","67","33","1","1","67","33","FFEnemyShipNocolors2","FFEnemyShipNocolors5","1","1046","2024-04-24 16:28:36"
"basile","FullPilot","2","23","0","2","81","14","1","0","617","1132","1","0","17","33","0.27","0.88","62","38","FFEnemyShipNocolors3","FFEnemyShipNocolors1","1","479","2024-04-24 16:28:36"
"basile","FullPilot","3","23","0","1","71","34","1","1","284","802","1","0","17","33","0.27","0.88","62","38","FFEnemyShipNoColors11","FFEnemyShipNocolors6","1","372","2024-04-24 16:28:37"
"basile","FullPilot","0","26","-1","2","50","50","1","0","533","1034","1","0","19","14","0.38","0.27","50","50","FFEnemyNeutral","FFEnemyNeutral","0","450","2024-04-24 16:28:38"
"basile","FullPilot","1","25","-2","2","79","21","1","0","632","1133","1","0","67","33","1","1","67","33","FFEnemyShipNocolors2","FFEnemyShipNocolors5","1","1067","2024-04-24 16:28:39"
"basile","FullPilot","2","24","0","2","80","15","1","0","601","1117","1","0","24","5","0.38","0.12","62","38","FFEnemyShipNocolors3","FFEnemyShipNocolors1","0","479","2024-04-24 16:28:39"
"basile","FullPilot","3","24","0","2","51","77","1","0","299","801","1","0","24","5","0.38","0.12","62","38","FFEnemyShipNoColors11","FFEnemyShipNocolors6","0","372","2024-04-24 16:28:40"
"basile","FullPilot","0","27","-1","2","50","50","1","0","532","1033","1","0","19","25","0.38","0.5","50","50","FFEnemyNeutral","FFEnemyNeutral","1","500","2024-04-24 16:28:41"
"basile","FullPilot","1","26","-2","1","74","21","1","1","599","1099","1","0","67","33","1","1","67","33","FFEnemyShipNocolors2","FFEnemyShipNocolors5","1","1141","2024-04-24 16:28:42"
"basile","FullPilot","2","25","1","2","67","16","1","0","518","1019","1","0","27","5","0.38","0.18","72","28","FFEnemyShipNoColors12","FFEnemyShipNocolors8","1","495","2024-04-24 16:28:42"
"basile","FullPilot","3","25","1","2","63","41","1","0","283","798","1","0","27","5","0.38","0.18","72","28","FFEnemyShipNocolors7","FFEnemyShipNoColors9","0","372","2024-04-24 16:28:43"
"basile","FullPilot","0","28","-1","2","50","50","1","0","533","1033","1","0","19","31","0.38","0.62","50","50","FFEnemyNeutral","FFEnemyNeutral","0","500","2024-04-24 16:28:43"
"basile","FullPilot","1","27","-2","1","71","25","1","1","600","1116","1","0","67","33","1","1","67","33","FFEnemyShipNocolors2","FFEnemyShipNocolors5","1","1212","2024-04-24 16:28:45"
"basile","FullPilot","2","26","1","1","89","34","1","1","533","1033","1","0","27","8","0.38","0.27","72","28","FFEnemyShipNoColors12","FFEnemyShipNocolors8","0","495","2024-04-24 16:28:46"
"basile","FullPilot","0","29","-1","2","50","50","1","0","533","1033","1","0","19","37","0.38","0.73","50","50","FFEnemyNeutral","FFEnemyNeutral","1","550","2024-04-24 16:28:46"
"basile","FullPilot","3","26","1","1","86","32","1","1","285","786","1","0","27","8","0.38","0.27","72","28","FFEnemyShipNocolors7","FFEnemyShipNoColors9","1","458","2024-04-24 16:28:46"
"basile","FullPilot","1","28","-2","2","58","100","1","0","618","1133","1","0","67","33","1","1","67","33","FFEnemyShipNocolors2","FFEnemyShipNocolors5","1","1312","2024-04-24 16:28:48"
"basile","FullPilot","2","27","1","2","78","36","1","0","532","1033","1","0","27","14","0.38","0.5","72","28","FFEnemyShipNoColors12","FFEnemyShipNocolors8","1","531","2024-04-24 16:28:49"
"basile","FullPilot","0","30","-1","1","50","50","1","1","533","1033","1","0","19","41","0.38","0.82","50","50","FFEnemyNeutral","FFEnemyNeutral","0","550","2024-04-24 16:28:49"
"basile","FullPilot","3","27","0","1","60","31","1","1","298","800","1","0","24","19","0.38","0.5","62","38","FFEnemyShipNoColors11","FFEnemyShipNocolors6","0","458","2024-04-24 16:28:50"
"basile","FullPilot","1","29","-2","1","42","21","1","1","600","1116","1","0","67","33","1","1","67","33","FFEnemyShipNocolors2","FFEnemyShipNocolors5","1","1354","2024-04-24 16:28:51"
"basile","FullPilot","2","28","1","2","95","24","1","0","551","1066","1","0","27","17","0.38","0.62","72","28","FFEnemyShipNoColors12","FFEnemyShipNocolors8","1","555","2024-04-24 16:28:52"
"basile","FullPilot","0","31","-1","1","50","50","1","1","532","1033","1","0","19","44","0.38","0.88","50","50","FFEnemyNeutral","FFEnemyNeutral","0","550","2024-04-24 16:28:52"
"basile","FullPilot","3","28","1","1","53","20","1","1","285","799","1","0","27","17","0.38","0.62","72","28","FFEnemyShipNocolors7","FFEnemyShipNoColors9","1","511","2024-04-24 16:28:53"
"basile","FullPilot","1","30","-2","2","39","7","1","0","632","1133","1","0","67","33","1","1","67","33","FFEnemyShipNocolors2","FFEnemyShipNocolors5","1","1361","2024-04-24 16:28:54"
"basile","FullPilot","2","29","1","2","60","15","1","0","534","1034","1","0","27","20","0.38","0.73","72","28","FFEnemyShipNoColors12","FFEnemyShipNocolors8","1","570","2024-04-24 16:28:55"
"basile","FullPilot","0","32","-1","1","50","50","1","1","549","1049","1","0","25","6","0.5","0.12","50","50","FFEnemyNeutral","FFEnemyNeutral","0","550","2024-04-24 16:28:55"
"basile","FullPilot","3","29","1","1","76","43","1","1","283","784","1","0","27","20","0.38","0.73","72","28","FFEnemyShipNocolors7","FFEnemyShipNoColors9","1","587","2024-04-24 16:28:56"
"basile","FullPilot","1","31","-2","2","74","42","1","0","616","1116","1","0","67","33","1","1","67","33","FFEnemyShipNocolors2","FFEnemyShipNocolors5","1","1403","2024-04-24 16:28:57"
"basile","FullPilot","0","33","-1","1","50","50","1","1","533","1050","1","0","25","9","0.5","0.18","50","50","FFEnemyNeutral","FFEnemyNeutral","1","600","2024-04-24 16:28:58"
"basile","FullPilot","2","30","0","1","50","7","1","1","632","1135","1","0","24","31","0.38","0.82","62","38","FFEnemyShipNocolors3","FFEnemyShipNocolors1","1","620","2024-04-24 16:28:58"
"basile","FullPilot","3","30","1","1","84","24","1","1","298","800","1","0","27","23","0.38","0.82","72","28","FFEnemyShipNocolors7","FFEnemyShipNoColors9","0","587","2024-04-24 16:28:59"
"basile","FullPilot","1","32","-2","2","54","26","1","0","632","1148","1","0","67","33","1","1","67","33","FFEnemyShipNocolors2","FFEnemyShipNocolors5","1","1429","2024-04-24 16:29:01"
"basile","FullPilot","0","34","-1","2","50","50","1","0","533","1050","1","0","25","14","0.5","0.27","50","50","FFEnemyNeutral","FFEnemyNeutral","0","600","2024-04-24 16:29:01"
"basile","FullPilot","2","31","1","2","51","57","1","0","515","1015","1","0","27","25","0.38","0.88","72","28","FFEnemyShipNoColors12","FFEnemyShipNocolors8","1","677","2024-04-24 16:29:01"
"basile","FullPilot","3","31","0","2","25","58","1","0","302","815","1","0","24","33","0.38","0.88","62","38","FFEnemyShipNoColors11","FFEnemyShipNocolors6","1","645","2024-04-24 16:29:02"
"basile","FullPilot","1","33","-2","1","86","44","1","1","632","1133","1","0","67","33","1","1","67","33","FFEnemyShipNocolors2","FFEnemyShipNocolors5","1","1515","2024-04-24 16:29:04"
"basile","FullPilot","0","35","-1","1","50","50","1","1","516","1033","1","0","25","19","0.5","0.38","50","50","FFEnemyNeutral","FFEnemyNeutral","0","600","2024-04-24 16:29:04"
"basile","FullPilot","2","32","0","2","73","43","1","0","616","1116","1","0","31","5","0.5","0.12","62","38","FFEnemyShipNocolors3","FFEnemyShipNocolors1","0","677","2024-04-24 16:29:05"
"basile","FullPilot","3","32","0","1","63","23","1","1","284","785","1","0","31","5","0.5","0.12","62","38","FFEnemyShipNoColors11","FFEnemyShipNocolors6","0","645","2024-04-24 16:29:06"
"basile","FullPilot","1","34","-2","2","71","11","1","0","633","1134","1","0","67","33","1","1","67","33","FFEnemyShipNocolors2","FFEnemyShipNocolors5","1","1526","2024-04-24 16:29:07"
"basile","FullPilot","0","36","-1","1","50","50","1","1","550","1049","1","0","25","31","0.5","0.62","50","50","FFEnemyNeutral","FFEnemyNeutral","1","650","2024-04-24 16:29:07"
"basile","FullPilot","2","33","0","2","81","65","1","0","632","1150","1","0","31","7","0.5","0.18","62","38","FFEnemyShipNocolors3","FFEnemyShipNocolors1","0","677","2024-04-24 16:29:08"
"basile","FullPilot","3","33","1","2","89","8","1","0","299","800","1","0","36","5","0.5","0.18","72","28","FFEnemyShipNocolors7","FFEnemyShipNoColors9","0","645","2024-04-24 16:29:09"
"basile","FullPilot","0","37","-1","2","50","50","1","0","533","1049","1","0","25","37","0.5","0.73","50","50","FFEnemyNeutral","FFEnemyNeutral","0","650","2024-04-24 16:29:10"
"basile","FullPilot","1","35","-2","2","88","45","1","0","615","1116","1","0","67","33","1","1","67","33","FFEnemyShipNocolors2","FFEnemyShipNocolors5","1","1571","2024-04-24 16:29:10"
"basile","FullPilot","2","34","0","1","92","31","1","1","601","1116","1","0","31","10","0.5","0.27","62","38","FFEnemyShipNocolors3","FFEnemyShipNocolors1","1","769","2024-04-24 16:29:11"
"basile","FullPilot","3","34","1","2","53","22","1","0","302","818","1","0","36","8","0.5","0.27","72","28","FFEnemyShipNocolors7","FFEnemyShipNoColors9","0","645","2024-04-24 16:29:12"
"basile","FullPilot","0","38","-1","2","50","50","1","0","517","1033","1","0","25","41","0.5","0.82","50","50","FFEnemyNeutral","FFEnemyNeutral","1","700","2024-04-24 16:29:13"
"basile","FullPilot","1","36","-2","1","66","65","1","1","616","1133","1","0","67","33","1","1","67","33","FFEnemyShipNocolors2","FFEnemyShipNocolors5","1","1637","2024-04-24 16:29:13"
"basile","FullPilot","2","35","0","2","44","39","1","0","618","1133","1","0","31","14","0.5","0.38","62","38","FFEnemyShipNocolors3","FFEnemyShipNocolors1","0","769","2024-04-24 16:29:14"
"basile","FullPilot","0","39","-1","2","50","50","1","0","549","1049","1","0","25","44","0.5","0.88","50","50","FFEnemyNeutral","FFEnemyNeutral","1","750","2024-04-24 16:29:15"
"basile","FullPilot","3","35","0","1","69","60","1","1","299","800","1","0","31","14","0.5","0.38","62","38","FFEnemyShipNoColors11","FFEnemyShipNocolors6","1","714","2024-04-24 16:29:16"
"basile","FullPilot","1","37","-2","1","84","25","1","1","601","1116","1","0","67","33","1","1","67","33","FFEnemyShipNocolors2","FFEnemyShipNocolors5","1","1721","2024-04-24 16:29:16"
"basile","FullPilot","2","36","0","1","40","38","1","1","616","1116","1","0","31","24","0.5","0.62","62","38","FFEnemyShipNocolors3","FFEnemyShipNocolors1","1","809","2024-04-24 16:29:18"
"basile","FullPilot","0","40","-1","1","50","50","1","1","517","1033","1","0","31","6","0.62","0.12","50","50","FFEnemyNeutral","FFEnemyNeutral","1","800","2024-04-24 16:29:18"
"basile","FullPilot","3","36","0","2","67","23","1","0","269","769","1","0","31","24","0.5","0.62","62","38","FFEnemyShipNoColors11","FFEnemyShipNocolors6","0","714","2024-04-24 16:29:19"
"basile","FullPilot","1","38","-2","2","76","13","1","0","601","1116","1","0","67","33","1","1","67","33","FFEnemyShipNocolors2","FFEnemyShipNocolors5","1","1734","2024-04-24 16:29:19"
"basile","FullPilot","2","37","0","2","73","11","1","0","599","1116","1","0","31","28","0.5","0.73","62","38","FFEnemyShipNocolors3","FFEnemyShipNocolors1","1","820","2024-04-24 16:29:21"
"basile","FullPilot","0","41","-1","1","50","50","1","1","534","1050","1","0","31","9","0.62","0.18","50","50","FFEnemyNeutral","FFEnemyNeutral","1","850","2024-04-24 16:29:21"
"basile","FullPilot","3","37","0","1","68","48","1","1","283","784","1","0","31","28","0.5","0.73","62","38","FFEnemyShipNoColors11","FFEnemyShipNocolors6","1","782","2024-04-24 16:29:22"
"basile","FullPilot","1","39","-2","2","68","67","1","0","600","1116","1","0","67","33","1","1","67","33","FFEnemyShipNocolors2","FFEnemyShipNocolors5","1","1801","2024-04-24 16:29:22"
"basile","FullPilot","0","42","-1","1","50","50","1","1","532","1033","1","0","31","14","0.62","0.27","50","50","FFEnemyNeutral","FFEnemyNeutral","1","900","2024-04-24 16:29:24"
"basile","FullPilot","2","38","1","1","46","38","1","1","517","1033","1","0","36","23","0.5","0.82","72","28","FFEnemyShipNoColors12","FFEnemyShipNocolors8","0","820","2024-04-24 16:29:24"
"basile","FullPilot","3","38","1","2","43","57","1","0","298","801","1","0","36","23","0.5","0.82","72","28","FFEnemyShipNocolors7","FFEnemyShipNoColors9","1","839","2024-04-24 16:29:25"
"basile","FullPilot","1","40","-2","2","68","21","1","0","600","1116","1","0","67","33","1","1","67","33","FFEnemyShipNocolors2","FFEnemyShipNocolors5","1","1822","2024-04-24 16:29:25"
"basile","FullPilot","0","43","-1","1","50","50","1","1","533","1034","1","0","31","19","0.62","0.38","50","50","FFEnemyNeutral","FFEnemyNeutral","1","950","2024-04-24 16:29:27"
"basile","FullPilot","2","39","0","2","57","40","1","0","600","1101","1","0","31","33","0.5","0.88","62","38","FFEnemyShipNocolors3","FFEnemyShipNocolors1","1","860","2024-04-24 16:29:27"
"basile","FullPilot","3","39","1","1","91","31","1","1","301","801","1","0","36","25","0.5","0.88","72","28","FFEnemyShipNocolors7","FFEnemyShipNoColors9","1","930","2024-04-24 16:29:28"
"basile","FullPilot","1","41","-2","1","41","33","1","1","617","1117","1","0","67","33","1","1","67","33","FFEnemyShipNocolors2","FFEnemyShipNocolors5","1","1863","2024-04-24 16:29:29"
"basile","FullPilot","0","44","-1","2","50","50","1","0","532","1033","1","0","31","25","0.62","0.5","50","50","FFEnemyNeutral","FFEnemyNeutral","0","950","2024-04-24 16:29:29"
"basile","FullPilot","2","40","1","2","62","49","1","0","532","1048","1","0","45","3","0.62","0.12","72","28","FFEnemyShipNoColors12","FFEnemyShipNocolors8","0","860","2024-04-24 16:29:30"
"basile","FullPilot","3","40","0","2","16","65","1","0","285","799","1","0","38","5","0.62","0.12","62","38","FFEnemyShipNoColors11","FFEnemyShipNocolors6","1","995","2024-04-24 16:29:31"
"basile","FullPilot","1","42","-2","2","74","48","1","0","616","1117","1","0","67","33","1","1","67","33","FFEnemyShipNocolors2","FFEnemyShipNocolors5","1","1911","2024-04-24 16:29:32"
"basile","FullPilot","0","45","-1","2","50","50","1","0","549","1049","1","0","31","37","0.62","0.73","50","50","FFEnemyNeutral","FFEnemyNeutral","1","1000","2024-04-24 16:29:32"
"basile","FullPilot","2","41","1","2","72","45","1","0","532","1033","1","0","45","5","0.62","0.18","72","28","FFEnemyShipNoColors12","FFEnemyShipNocolors8","0","860","2024-04-24 16:29:34"
"basile","FullPilot","3","41","0","2","75","5","1","0","264","781","1","0","38","7","0.62","0.18","62","38","FFEnemyShipNoColors11","FFEnemyShipNocolors6","0","995","2024-04-24 16:29:35"
"basile","FullPilot","1","43","-2","2","32","60","1","0","617","1132","1","0","67","33","1","1","67","33","FFEnemyShipNocolors2","FFEnemyShipNocolors5","1","1971","2024-04-24 16:29:35"
"basile","FullPilot","0","46","-1","1","50","50","1","1","549","1066","1","0","31","41","0.62","0.82","50","50","FFEnemyNeutral","FFEnemyNeutral","0","1000","2024-04-24 16:29:35"
"basile","FullPilot","2","42","1","2","90","37","1","0","549","1066","1","0","45","8","0.62","0.27","72","28","FFEnemyShipNoColors12","FFEnemyShipNocolors8","0","860","2024-04-24 16:29:37"
"basile","FullPilot","3","42","0","1","73","63","1","1","284","800","1","0","38","10","0.62","0.27","62","38","FFEnemyShipNoColors11","FFEnemyShipNocolors6","1","1068","2024-04-24 16:29:38"
"basile","FullPilot","1","44","-2","1","65","30","1","1","600","1116","1","0","67","33","1","1","67","33","FFEnemyShipNocolors2","FFEnemyShipNocolors5","1","2036","2024-04-24 16:29:38"
"basile","FullPilot","0","47","-1","2","50","50","1","0","517","1017","1","0","31","44","0.62","0.88","50","50","FFEnemyNeutral","FFEnemyNeutral","1","1050","2024-04-24 16:29:38"
"basile","FullPilot","2","43","1","1","92","51","1","1","533","1033","1","0","45","11","0.62","0.38","72","28","FFEnemyShipNoColors12","FFEnemyShipNocolors8","0","860","2024-04-24 16:29:40"
"basile","FullPilot","1","45","-2","1","51","3","1","1","617","1117","1","0","67","33","1","1","67","33","FFEnemyShipNocolors2","FFEnemyShipNocolors5","1","2087","2024-04-24 16:29:41"
"basile","FullPilot","3","43","1","2","76","38","1","0","283","800","1","0","45","11","0.62","0.38","72","28","FFEnemyShipNocolors7","FFEnemyShipNoColors9","0","1068","2024-04-24 16:29:41"
"basile","FullPilot","0","48","-1","2","50","50","1","0","534","1050","1","0","37","6","0.73","0.12","50","50","FFEnemyNeutral","FFEnemyNeutral","0","1050","2024-04-24 16:29:41"
"basile","FullPilot","2","44","0","1","61","7","1","1","617","1132","1","0","38","19","0.62","0.5","62","38","FFEnemyShipNocolors3","FFEnemyShipNocolors1","0","860","2024-04-24 16:29:44"
"basile","FullPilot","0","49","-1","2","50","50","1","0","534","1049","1","0","37","9","0.73","0.18","50","50","FFEnemyNeutral","FFEnemyNeutral","0","1050","2024-04-24 16:29:44"
"basile","FullPilot","1","46","-2","1","80","7","1","1","615","1116","1","0","67","33","1","1","67","33","FFEnemyShipNocolors2","FFEnemyShipNocolors5","1","2167","2024-04-24 16:29:44"
"basile","FullPilot","3","44","0","1","37","44","1","1","268","783","1","0","38","19","0.62","0.5","62","38","FFEnemyShipNoColors11","FFEnemyShipNocolors6","1","1105","2024-04-24 16:29:44"
"basile","FullPilot","2","45","0","2","51","28","1","0","616","1132","1","0","38","28","0.62","0.73","62","38","FFEnemyShipNocolors3","FFEnemyShipNocolors1","1","888","2024-04-24 16:29:47"
"basile","FullPilot","0","50","-1","1","50","50","1","1","534","1050","1","0","37","14","0.73","0.27","50","50","FFEnemyNeutral","FFEnemyNeutral","1","1100","2024-04-24 16:29:47"
"basile","FullPilot","1","47","-2","1","60","32","1","1","615","1116","1","0","67","33","1","1","67","33","FFEnemyShipNocolors2","FFEnemyShipNocolors5","1","2227","2024-04-24 16:29:47"
"basile","FullPilot","3","45","0","2","53","80","1","0","301","816","1","0","38","28","0.62","0.73","62","38","FFEnemyShipNoColors11","FFEnemyShipNocolors6","1","1185","2024-04-24 16:29:47"
"basile","FullPilot","0","51","-1","1","50","50","1","1","517","1033","1","0","37","19","0.73","0.38","50","50","FFEnemyNeutral","FFEnemyNeutral","0","1100","2024-04-24 16:29:50"
"basile","FullPilot","2","46","1","2","75","25","1","0","517","1033","1","0","45","23","0.62","0.82","72","28","FFEnemyShipNoColors12","FFEnemyShipNocolors8","1","913","2024-04-24 16:29:50"
"basile","FullPilot","1","48","-2","2","34","55","1","0","616","1132","1","0","67","33","1","1","67","33","FFEnemyShipNocolors2","FFEnemyShipNocolors5","1","2282","2024-04-24 16:29:50"
"basile","FullPilot","3","46","0","2","62","19","1","0","285","801","1","0","38","31","0.62","0.82","62","38","FFEnemyShipNoColors11","FFEnemyShipNocolors6","1","1204","2024-04-24 16:29:50"
"basile","FullPilot","0","52","-1","1","50","50","1","1","517","1033","1","0","37","25","0.73","0.5","50","50","FFEnemyNeutral","FFEnemyNeutral","1","1150","2024-04-24 16:29:53"
"basile","FullPilot","2","47","1","1","93","50","1","1","534","1050","1","0","45","25","0.62","0.88","72","28","FFEnemyShipNoColors12","FFEnemyShipNocolors8","0","913","2024-04-24 16:29:53"
"basile","FullPilot","1","49","-2","1","51","47","1","1","601","1101","1","0","67","33","1","1","67","33","FFEnemyShipNocolors2","FFEnemyShipNocolors5","1","2333","2024-04-24 16:29:53"
"basile","FullPilot","3","47","1","2","71","17","1","0","299","799","1","0","45","25","0.62","0.88","72","28","FFEnemyShipNocolors7","FFEnemyShipNoColors9","1","1221","2024-04-24 16:29:54"
"basile","FullPilot","0","53","-1","2","50","50","1","0","516","1016","1","0","37","31","0.73","0.62","50","50","FFEnemyNeutral","FFEnemyNeutral","1","1200","2024-04-24 16:29:56"
"basile","FullPilot","1","50","-2","1","58","8","1","1","634","1151","1","0","67","33","1","1","67","33","FFEnemyShipNocolors2","FFEnemyShipNocolors5","1","2391","2024-04-24 16:29:56"
"basile","FullPilot","3","48","0","1","43","40","1","1","298","800","1","0","45","5","0.73","0.12","62","38","FFEnemyShipNoColors11","FFEnemyShipNocolors6","1","1264","2024-04-24 16:29:57"
"basile","FullPilot","2","48","0","2","54","33","1","0","618","1136","1","0","45","5","0.73","0.12","62","38","FFEnemyShipNocolors3","FFEnemyShipNocolors1","0","913","2024-04-24 16:29:57"
"basile","FullPilot","0","54","-1","2","50","50","1","0","533","1032","1","0","37","41","0.73","0.82","50","50","FFEnemyNeutral","FFEnemyNeutral","0","1200","2024-04-24 16:29:58"
"basile","FullPilot","1","51","-2","1","66","47","1","1","618","1133","1","0","67","33","1","1","67","33","FFEnemyShipNocolors2","FFEnemyShipNocolors5","1","2457","2024-04-24 16:30:00"
"basile","FullPilot","3","49","0","1","72","5","1","1","284","803","1","0","45","7","0.73","0.18","62","38","FFEnemyShipNoColors11","FFEnemyShipNocolors6","1","1336","2024-04-24 16:30:00"
"basile","FullPilot","2","49","0","1","55","32","1","1","601","1118","1","0","45","7","0.73","0.18","62","38","FFEnemyShipNocolors3","FFEnemyShipNocolors1","1","968","2024-04-24 16:30:00"
"basile","FullPilot","0","55","-1","1","50","50","1","1","533","1033","1","0","37","44","0.73","0.88","50","50","FFEnemyNeutral","FFEnemyNeutral","1","1250","2024-04-24 16:30:01"
"basile","FullPilot","1","52","-2","2","71","37","1","0","600","1116","1","0","67","33","1","1","67","33","FFEnemyShipNocolors2","FFEnemyShipNocolors5","1","2494","2024-04-24 16:30:03"
"basile","FullPilot","2","50","0","2","51","31","1","0","600","1116","1","0","45","10","0.73","0.27","62","38","FFEnemyShipNocolors3","FFEnemyShipNocolors1","1","999","2024-04-24 16:30:03"
"basile","FullPilot","3","50","1","2","55","12","1","0","284","799","1","0","53","8","0.73","0.27","72","28","FFEnemyShipNocolors7","FFEnemyShipNoColors9","0","1336","2024-04-24 16:30:03"
"basile","FullPilot","0","56","-1","2","50","50","1","0","550","1050","1","0","41","6","0.82","0.12","50","50","FFEnemyNeutral","FFEnemyNeutral","1","1300","2024-04-24 16:30:04"
"basile","FullPilot","1","53","-2","2","75","61","1","0","601","1117","1","0","67","33","1","1","67","33","FFEnemyShipNocolors2","FFEnemyShipNocolors5","1","2555","2024-04-24 16:30:06"
"basile","FullPilot","2","51","1","1","98","46","1","1","534","1051","1","0","53","11","0.73","0.38","72","28","FFEnemyShipNoColors12","FFEnemyShipNocolors8","0","999","2024-04-24 16:30:06"
"basile","FullPilot","3","51","1","1","99","39","1","1","281","782","1","0","53","11","0.73","0.38","72","28","FFEnemyShipNocolors7","FFEnemyShipNoColors9","0","1336","2024-04-24 16:30:06"
"basile","FullPilot","0","57","-1","2","50","50","1","0","516","1017","1","0","41","9","0.82","0.18","50","50","FFEnemyNeutral","FFEnemyNeutral","0","1300","2024-04-24 16:30:07"
"basile","FullPilot","1","54","-2","1","59","23","1","1","616","1117","1","0","67","33","1","1","67","33","FFEnemyShipNocolors2","FFEnemyShipNocolors5","1","2614","2024-04-24 16:30:09"
"basile","FullPilot","2","52","1","1","60","32","1","1","534","1053","1","0","53","14","0.73","0.5","72","28","FFEnemyShipNoColors12","FFEnemyShipNocolors8","1","1059","2024-04-24 16:30:09"
"basile","FullPilot","3","52","0","1","25","12","1","1","301","817","1","0","45","19","0.73","0.5","62","38","FFEnemyShipNoColors11","FFEnemyShipNocolors6","1","1361","2024-04-24 16:30:10"
"basile","FullPilot","0","58","-1","1","50","50","1","1","533","1033","1","0","41","14","0.82","0.27","50","50","FFEnemyNeutral","FFEnemyNeutral","1","1350","2024-04-24 16:30:10"
"basile","FullPilot","1","55","-2","2","33","68","1","0","615","1116","1","0","67","33","1","1","67","33","FFEnemyShipNocolors2","FFEnemyShipNocolors5","1","2682","2024-04-24 16:30:12"
"basile","FullPilot","3","53","1","2","69","44","1","0","283","799","1","0","53","17","0.73","0.62","72","28","FFEnemyShipNocolors7","FFEnemyShipNoColors9","1","1405","2024-04-24 16:30:13"
"basile","FullPilot","2","53","0","2","27","43","1","0","600","1102","1","0","45","24","0.73","0.62","62","38","FFEnemyShipNocolors3","FFEnemyShipNocolors1","0","1059","2024-04-24 16:30:13"
"basile","FullPilot","0","59","-1","1","50","50","1","1","533","1049","1","0","41","19","0.82","0.38","50","50","FFEnemyNeutral","FFEnemyNeutral","1","1400","2024-04-24 16:30:13"
"basile","FullPilot","1","56","-2","1","48","40","1","1","617","1133","1","0","67","33","1","1","67","33","FFEnemyShipNocolors2","FFEnemyShipNocolors5","1","2730","2024-04-24 16:30:15"
"basile","FullPilot","0","60","-1","2","50","50","1","0","518","1033","1","0","41","25","0.82","0.5","50","50","FFEnemyNeutral","FFEnemyNeutral","0","1400","2024-04-24 16:30:16"
"basile","FullPilot","3","54","1","1","64","32","1","1","282","799","1","0","53","23","0.73","0.82","72","28","FFEnemyShipNocolors7","FFEnemyShipNoColors9","1","1469","2024-04-24 16:30:16"
"basile","FullPilot","2","54","0","1","52","36","1","1","616","1116","1","0","45","31","0.73","0.82","62","38","FFEnemyShipNocolors3","FFEnemyShipNocolors1","0","1059","2024-04-24 16:30:16"
"basile","FullPilot","1","57","-2","2","33","57","1","0","599","1116","1","0","67","33","1","1","67","33","FFEnemyShipNocolors2","FFEnemyShipNocolors5","1","2787","2024-04-24 16:30:18"
"basile","FullPilot","0","61","-1","1","50","50","1","1","551","1066","1","0","41","31","0.82","0.62","50","50","FFEnemyNeutral","FFEnemyNeutral","1","1450","2024-04-24 16:30:19"
"basile","FullPilot","3","55","1","1","86","35","1","1","299","800","1","0","53","25","0.73","0.88","72","28","FFEnemyShipNocolors7","FFEnemyShipNoColors9","1","1555","2024-04-24 16:30:19"
"basile","FullPilot","2","55","1","2","92","20","1","0","549","1049","1","0","53","25","0.73","0.88","72","28","FFEnemyShipNoColors12","FFEnemyShipNocolors8","1","1079","2024-04-24 16:30:19"
"basile","FullPilot","1","58","-2","2","71","32","1","0","600","1101","1","0","67","33","1","1","67","33","FFEnemyShipNocolors2","FFEnemyShipNocolors5","1","2819","2024-04-24 16:30:21"
"basile","FullPilot","0","62","-1","1","50","50","1","1","533","1034","1","0","41","37","0.82","0.73","50","50","FFEnemyNeutral","FFEnemyNeutral","0","1450","2024-04-24 16:30:21"
"basile","FullPilot","3","56","1","2","88","38","1","0","301","817","1","0","59","3","0.82","0.12","72","28","FFEnemyShipNocolors7","FFEnemyShipNoColors9","0","1555","2024-04-24 16:30:22"
"basile","FullPilot","2","56","0","2","58","28","1","0","601","1102","1","0","51","5","0.82","0.12","62","38","FFEnemyShipNocolors3","FFEnemyShipNocolors1","0","1079","2024-04-24 16:30:23"
"basile","FullPilot","1","59","-2","1","67","57","1","1","617","1134","1","0","67","33","1","1","67","33","FFEnemyShipNocolors2","FFEnemyShipNocolors5","1","2886","2024-04-24 16:30:24"
"basile","FullPilot","0","63","-1","2","50","50","1","0","532","1032","1","0","41","44","0.82","0.88","50","50","FFEnemyNeutral","FFEnemyNeutral","1","1500","2024-04-24 16:30:25"
"basile","FullPilot","3","57","0","2","53","29","1","0","299","801","1","0","51","7","0.82","0.18","62","38","FFEnemyShipNoColors11","FFEnemyShipNocolors6","0","1555","2024-04-24 16:30:25"
"basile","FullPilot","2","57","1","2","65","19","1","0","515","1016","1","0","59","5","0.82","0.18","72","28","FFEnemyShipNoColors12","FFEnemyShipNocolors8","0","1079","2024-04-24 16:30:26"
"basile","FullPilot","0","64","-1","2","50","50","1","0","533","1050","1","0","44","6","0.88","0.12","50","50","FFEnemyNeutral","FFEnemyNeutral","0","1500","2024-04-24 16:30:27"
"basile","FullPilot","1","60","-2","2","72","25","1","0","615","1117","1","0","67","33","1","1","67","33","FFEnemyShipNocolors2","FFEnemyShipNocolors5","1","2911","2024-04-24 16:30:28"
"basile","FullPilot","3","58","1","2","46","35","1","0","282","784","1","0","59","8","0.82","0.27","72","28","FFEnemyShipNocolors7","FFEnemyShipNoColors9","0","1555","2024-04-24 16:30:29"
"basile","FullPilot","2","58","1","1","83","40","1","1","534","1052","1","0","59","8","0.82","0.27","72","28","FFEnemyShipNoColors12","FFEnemyShipNocolors8","0","1079","2024-04-24 16:30:29"
"basile","FullPilot","0","65","-1","2","50","50","1","0","516","1016","1","0","44","9","0.88","0.18","50","50","FFEnemyNeutral","FFEnemyNeutral","0","1500","2024-04-24 16:30:30"
"basile","FullPilot","1","61","-2","2","71","43","1","0","616","1116","1","0","67","33","1","1","67","33","FFEnemyShipNocolors2","FFEnemyShipNocolors5","1","2954","2024-04-24 16:30:31"
"basile","FullPilot","3","59","1","2","90","16","1","0","282","782","1","0","59","11","0.82","0.38","72","28","FFEnemyShipNocolors7","FFEnemyShipNoColors9","0","1555","2024-04-24 16:30:32"
"basile","FullPilot","2","59","0","2","67","58","1","0","617","1133","1","0","51","14","0.82","0.38","62","38","FFEnemyShipNocolors3","FFEnemyShipNocolors1","0","1079","2024-04-24 16:30:33"
"basile","FullPilot","0","66","-1","2","50","50","1","0","549","1066","1","0","44","14","0.88","0.27","50","50","FFEnemyNeutral","FFEnemyNeutral","0","1500","2024-04-24 16:30:33"
"basile","FullPilot","1","62","-2","2","50","17","1","0","617","1132","1","0","67","33","1","1","67","33","FFEnemyShipNocolors2","FFEnemyShipNocolors5","1","2971","2024-04-24 16:30:34"
"basile","FullPilot","3","60","1","1","74","27","1","1","285","800","1","0","59","14","0.82","0.5","72","28","FFEnemyShipNocolors7","FFEnemyShipNoColors9","1","1629","2024-04-24 16:30:35"
"basile","FullPilot","2","60","0","2","40","42","1","0","601","1117","1","0","51","19","0.82","0.5","62","38","FFEnemyShipNocolors3","FFEnemyShipNocolors1","1","1121","2024-04-24 16:30:36"
"basile","FullPilot","0","67","-1","2","50","50","1","0","534","1050","1","0","44","19","0.88","0.38","50","50","FFEnemyNeutral","FFEnemyNeutral","0","1500","2024-04-24 16:30:36"
"basile","FullPilot","1","63","-2","1","55","26","1","1","617","1133","1","0","67","33","1","1","67","33","FFEnemyShipNocolors2","FFEnemyShipNocolors5","1","3026","2024-04-24 16:30:37"
"basile","FullPilot","3","61","1","2","65","52","1","0","299","814","1","0","59","17","0.82","0.62","72","28","FFEnemyShipNocolors7","FFEnemyShipNoColors9","0","1629","2024-04-24 16:30:39"
"basile","FullPilot","2","61","0","2","97","43","1","0","632","1132","1","0","51","24","0.82","0.62","62","38","FFEnemyShipNocolors3","FFEnemyShipNocolors1","1","1164","2024-04-24 16:30:39"
"basile","FullPilot","0","68","-1","2","50","50","1","0","550","1050","1","0","44","25","0.88","0.5","50","50","FFEnemyNeutral","FFEnemyNeutral","1","1550","2024-04-24 16:30:39"
"basile","FullPilot","1","64","-2","1","96","55","1","1","600","1117","1","0","67","33","1","1","67","33","FFEnemyShipNocolors2","FFEnemyShipNocolors5","1","3122","2024-04-24 16:30:40"
"basile","FullPilot","3","62","0","1","42","28","1","1","299","802","1","0","51","28","0.82","0.73","62","38","FFEnemyShipNoColors11","FFEnemyShipNocolors6","1","1671","2024-04-24 16:30:42"
"basile","FullPilot","2","62","1","2","94","44","1","0","516","1016","1","0","59","20","0.82","0.73","72","28","FFEnemyShipNoColors12","FFEnemyShipNocolors8","1","1208","2024-04-24 16:30:42"
"basile","FullPilot","0","69","-1","2","50","50","1","0","534","1049","1","0","44","31","0.88","0.62","50","50","FFEnemyNeutral","FFEnemyNeutral","1","1600","2024-04-24 16:30:42"
"basile","FullPilot","1","65","-2","1","71","18","1","1","617","1133","1","0","67","33","1","1","67","33","FFEnemyShipNocolors2","FFEnemyShipNocolors5","1","3193","2024-04-24 16:30:43"
"basile","FullPilot","3","63","0","2","68","38","1","0","286","801","1","0","51","33","0.82","0.88","62","38","FFEnemyShipNoColors11","FFEnemyShipNocolors6","1","1709","2024-04-24 16:30:45"
"basile","FullPilot","0","70","-1","1","50","50","1","1","550","1050","1","0","44","37","0.88","0.73","50","50","FFEnemyNeutral","FFEnemyNeutral","1","1650","2024-04-24 16:30:45"
"basile","FullPilot","2","63","1","1","75","6","1","1","517","1033","1","0","59","25","0.82","0.88","72","28","FFEnemyShipNoColors12","FFEnemyShipNocolors8","1","1283","2024-04-24 16:30:45"
"basile","FullPilot","1","66","-2","1","63","59","1","1","600","1116","1","0","67","33","1","1","67","33","FFEnemyShipNocolors2","FFEnemyShipNocolors5","1","3256","2024-04-24 16:30:46"
"basile","FullPilot","0","71","-1","1","50","50","1","1","533","1050","1","0","44","41","0.88","0.82","50","50","FFEnemyNeutral","FFEnemyNeutral","1","1700","2024-04-24 16:30:48"
"basile","FullPilot","2","64","0","2","37","60","1","0","617","1134","1","0","55","5","0.88","0.12","62","38","FFEnemyShipNocolors3","FFEnemyShipNocolors1","0","1283","2024-04-24 16:30:48"
"basile","FullPilot","1","67","-2","2","50","43","1","0","617","1120","1","0","67","33","1","1","67","33","FFEnemyShipNocolors2","FFEnemyShipNocolors5","1","3299","2024-04-24 16:30:49"
"basile","FullPilot","2","65","0","1","48","10","1","1","616","1119","1","0","55","7","0.88","0.18","62","38","FFEnemyShipNocolors3","FFEnemyShipNocolors1","1","1331","2024-04-24 16:30:51"
"basile","FullPilot","1","68","-2","2","52","32","1","0","616","1120","1","0","67","33","1","1","67","33","FFEnemyShipNocolors2","FFEnemyShipNocolors5","1","3331","2024-04-24 16:30:52"
"basile","FullPilot","2","66","1","1","81","21","1","1","533","1033","1","0","63","8","0.88","0.27","72","28","FFEnemyShipNoColors12","FFEnemyShipNocolors8","0","1331","2024-04-24 16:30:55"
"basile","FullPilot","1","69","-2","2","83","89","1","0","600","1100","1","0","67","33","1","1","67","33","FFEnemyShipNocolors2","FFEnemyShipNocolors5","1","3420","2024-04-24 16:30:55"
"basile","FullPilot","2","67","1","1","86","27","1","1","549","1050","1","0","63","11","0.88","0.38","72","28","FFEnemyShipNoColors12","FFEnemyShipNocolors8","1","1417","2024-04-24 16:30:58"
"basile","FullPilot","1","70","-2","2","54","55","1","0","634","1151","1","0","67","33","1","1","67","33","FFEnemyShipNocolors2","FFEnemyShipNocolors5","1","3475","2024-04-24 16:30:59"
"basile","FullPilot","2","68","1","2","60","11","1","0","550","1066","1","0","63","14","0.88","0.5","72","28","FFEnemyShipNoColors12","FFEnemyShipNocolors8","0","1417","2024-04-24 16:31:01"
"basile","FullPilot","1","71","-2","1","33","15","1","1","633","1133","1","0","67","33","1","1","67","33","FFEnemyShipNocolors2","FFEnemyShipNocolors5","1","3508","2024-04-24 16:31:02"
"basile","FullPilot","2","69","1","1","69","50","1","1","527","1043","1","0","63","17","0.88","0.62","72","28","FFEnemyShipNoColors12","FFEnemyShipNocolors8","1","1486","2024-04-24 16:31:04"
"basile","FullPilot","2","70","0","1","59","20","1","1","616","1132","1","0","55","28","0.88","0.73","62","38","FFEnemyShipNocolors3","FFEnemyShipNocolors1","1","1545","2024-04-24 16:31:08"
"basile","FullPilot","2","71","1","2","73","33","1","0","550","1067","1","0","63","23","0.88","0.82","72","28","FFEnemyShipNoColors12","FFEnemyShipNocolors8","1","1578","2024-04-24 16:31:11"
"basile","FullPilot","2","72","0","2","74","33","1","0","632","1132","1","0","7","7","0.12","0.18","62","38","FFEnemyShipNocolors3","FFEnemyShipNocolors1","0","1578","2024-04-24 16:31:14"
"basile","FullPilot","2","73","1","2","76","6","1","0","533","1033","1","0","9","8","0.12","0.27","72","28","FFEnemyShipNoColors12","FFEnemyShipNocolors8","0","1578","2024-04-24 16:31:17"
"basile","FullPilot","2","74","1","2","85","26","1","0","534","1050","1","0","9","11","0.12","0.38","72","28","FFEnemyShipNoColors12","FFEnemyShipNocolors8","0","1578","2024-04-24 16:31:21"
"basile","FullPilot","2","75","0","2","76","53","1","0","600","1116","1","0","7","19","0.12","0.5","62","38","FFEnemyShipNocolors3","FFEnemyShipNocolors1","1","1631","2024-04-24 16:31:24"
"basile","FullPilot","2","76","1","2","58","17","1","0","533","1033","1","0","9","17","0.12","0.62","72","28","FFEnemyShipNoColors12","FFEnemyShipNocolors8","1","1648","2024-04-24 16:31:27"
"basile","FullPilot","2","77","0","1","57","37","1","1","616","1116","1","0","7","28","0.12","0.73","62","38","FFEnemyShipNocolors3","FFEnemyShipNocolors1","0","1648","2024-04-24 16:31:30"
"basile","FullPilot","2","78","1","2","66","11","1","0","551","1067","1","0","9","23","0.12","0.82","72","28","FFEnemyShipNoColors12","FFEnemyShipNocolors8","1","1659","2024-04-24 16:31:33"
"basile","FullPilot","2","79","0","2","38","25","1","0","633","1133","1","0","7","33","0.12","0.88","62","38","FFEnemyShipNocolors3","FFEnemyShipNocolors1","1","1684","2024-04-24 16:31:36"
"basile","FullPilot","2","80","0","2","100","21","1","0","616","1133","1","0","11","5","0.18","0.12","62","38","FFEnemyShipNocolors3","FFEnemyShipNocolors1","0","1684","2024-04-24 16:31:40"
"basile","FullPilot","2","81","0","1","77","12","1","1","624","1124","1","0","11","10","0.18","0.27","62","38","FFEnemyShipNocolors3","FFEnemyShipNocolors1","1","1761","2024-04-24 16:31:43"
"basile","FullPilot","2","82","1","1","66","11","1","1","533","1033","1","0","13","11","0.18","0.38","72","28","FFEnemyShipNoColors12","FFEnemyShipNocolors8","0","1761","2024-04-24 16:31:46"
"basile","FullPilot","2","83","0","2","58","15","1","0","616","1117","1","0","11","19","0.18","0.5","62","38","FFEnemyShipNocolors3","FFEnemyShipNocolors1","0","1761","2024-04-24 16:31:50"
"basile","FullPilot","2","84","1","2","73","28","1","0","533","1049","1","0","13","17","0.18","0.62","72","28","FFEnemyShipNoColors12","FFEnemyShipNocolors8","1","1789","2024-04-24 16:31:53"
"basile","FullPilot","2","85","0","1","48","51","1","1","613","1114","1","0","11","28","0.18","0.73","62","38","FFEnemyShipNocolors3","FFEnemyShipNocolors1","0","1789","2024-04-24 16:31:56"
"basile","FullPilot","2","86","0","1","46","52","1","1","616","1116","1","0","11","31","0.18","0.82","62","38","FFEnemyShipNocolors3","FFEnemyShipNocolors1","0","1789","2024-04-24 16:32:00"
"basile","FullPilot","2","87","0","1","43","47","1","1","616","1133","1","0","11","33","0.18","0.88","62","38","FFEnemyShipNocolors3","FFEnemyShipNocolors1","0","1789","2024-04-24 16:32:03"
"basile","FullPilot","2","88","1","2","53","58","1","0","533","1033","1","0","19","3","0.27","0.12","72","28","FFEnemyShipNoColors12","FFEnemyShipNocolors8","0","1789","2024-04-24 16:32:06"
"basile","FullPilot","2","89","0","1","41","3","1","1","617","1133","1","0","17","7","0.27","0.18","62","38","FFEnemyShipNocolors3","FFEnemyShipNocolors1","1","1830","2024-04-24 16:32:09"
"basile","FullPilot","2","90","0","2","40","29","1","0","617","1133","1","0","17","14","0.27","0.38","62","38","FFEnemyShipNocolors3","FFEnemyShipNocolors1","0","1830","2024-04-24 16:32:13"
"basile","FullPilot","2","91","1","2","79","42","1","0","533","1033","1","0","19","14","0.27","0.5","72","28","FFEnemyShipNoColors12","FFEnemyShipNocolors8","0","1830","2024-04-24 16:32:16"
"basile","FullPilot","2","92","1","1","44","64","1","1","533","1050","1","0","19","17","0.27","0.62","72","28","FFEnemyShipNoColors12","FFEnemyShipNocolors8","0","1830","2024-04-24 16:32:19"
"basile","FullPilot","2","93","1","1","64","42","1","1","533","1033","1","0","19","20","0.27","0.73","72","28","FFEnemyShipNoColors12","FFEnemyShipNocolors8","0","1830","2024-04-24 16:32:23"
"basile","FullPilot","2","94","0","2","41","39","1","0","616","1116","1","0","17","31","0.27","0.82","62","38","FFEnemyShipNocolors3","FFEnemyShipNocolors1","1","1869","2024-04-24 16:32:26"
"basile","FullPilot","2","95","0","1","69","38","1","1","616","1116","1","0","17","33","0.27","0.88","62","38","FFEnemyShipNocolors3","FFEnemyShipNocolors1","0","1869","2024-04-24 16:32:29"
"basile","FullPilot","2","96","1","1","63","48","1","1","550","1066","1","0","27","3","0.38","0.12","72","28","FFEnemyShipNoColors12","FFEnemyShipNocolors8","0","1869","2024-04-24 16:32:32"
"basile","FullPilot","2","97","0","2","77","34","1","0","616","1133","1","0","24","7","0.38","0.18","62","38","FFEnemyShipNocolors3","FFEnemyShipNocolors1","0","1869","2024-04-24 16:32:36"
"basile","FullPilot","2","98","1","1","51","29","1","1","533","1033","1","0","27","8","0.38","0.27","72","28","FFEnemyShipNoColors12","FFEnemyShipNocolors8","0","1869","2024-04-24 16:32:39"
"basile","FullPilot","2","99","1","2","91","26","1","0","533","1033","1","0","27","14","0.38","0.5","72","28","FFEnemyShipNoColors12","FFEnemyShipNocolors8","1","1895","2024-04-24 16:32:43"
"basile","FullPilot","2","100","1","2","80","14","1","0","533","1049","1","0","27","17","0.38","0.62","72","28","FFEnemyShipNoColors12","FFEnemyShipNocolors8","1","1909","2024-04-24 16:32:46"
"basile","FullPilot","2","101","0","1","61","21","1","1","615","1132","1","0","24","28","0.38","0.73","62","38","FFEnemyShipNocolors3","FFEnemyShipNocolors1","0","1909","2024-04-24 16:32:49"
"basile","FullPilot","2","102","0","2","43","53","1","0","616","1116","1","0","24","31","0.38","0.82","62","38","FFEnemyShipNocolors3","FFEnemyShipNocolors1","0","1909","2024-04-24 16:32:52"
"basile","FullPilot","2","103","1","1","16","44","1","1","550","1050","1","0","27","25","0.38","0.88","72","28","FFEnemyShipNoColors12","FFEnemyShipNocolors8","0","1909","2024-04-24 16:32:56"
"basile","FullPilot","2","104","0","1","28","44","1","1","600","1117","1","0","31","5","0.5","0.12","62","38","FFEnemyShipNocolors3","FFEnemyShipNocolors1","0","1909","2024-04-24 16:32:59"
"basile","FullPilot","2","105","0","1","48","52","1","1","600","1100","1","0","31","7","0.5","0.18","62","38","FFEnemyShipNocolors3","FFEnemyShipNocolors1","0","1909","2024-04-24 16:33:02"
"basile","FullPilot","2","106","0","2","50","31","1","0","616","1133","1","0","31","10","0.5","0.27","62","38","FFEnemyShipNocolors3","FFEnemyShipNocolors1","1","1940","2024-04-24 16:33:05"
"basile","FullPilot","2","107","0","2","65","13","1","0","616","1116","1","0","31","14","0.5","0.38","62","38","FFEnemyShipNocolors3","FFEnemyShipNocolors1","0","1940","2024-04-24 16:33:09"
"basile","FullPilot","2","108","1","2","85","34","1","0","533","1033","1","0","36","17","0.5","0.62","72","28","FFEnemyShipNoColors12","FFEnemyShipNocolors8","1","1974","2024-04-24 16:33:12"
"basile","FullPilot","2","109","0","2","77","49","1","0","615","1132","1","0","31","28","0.5","0.73","62","38","FFEnemyShipNocolors3","FFEnemyShipNocolors1","1","2023","2024-04-24 16:33:15"
"basile","FullPilot","2","110","1","2","76","52","1","0","550","1049","1","0","36","23","0.5","0.82","72","28","FFEnemyShipNoColors12","FFEnemyShipNocolors8","1","2075","2024-04-24 16:33:18"
"basile","FullPilot","2","111","1","2","65","24","1","0","517","1032","1","0","36","25","0.5","0.88","72","28","FFEnemyShipNoColors12","FFEnemyShipNocolors8","1","2099","2024-04-24 16:33:21"
"basile","FullPilot","2","112","0","2","51","18","1","0","615","1115","1","0","38","5","0.62","0.12","62","38","FFEnemyShipNocolors3","FFEnemyShipNocolors1","0","2099","2024-04-24 16:33:24"
"basile","FullPilot","2","113","0","2","74","75","1","0","616","1133","1","0","38","7","0.62","0.18","62","38","FFEnemyShipNocolors3","FFEnemyShipNocolors1","0","2099","2024-04-24 16:33:28"
"basile","FullPilot","2","114","0","1","70","59","1","1","616","1116","1","0","38","10","0.62","0.27","62","38","FFEnemyShipNocolors3","FFEnemyShipNocolors1","1","2169","2024-04-24 16:33:31"
"basile","FullPilot","2","115","1","2","78","20","1","0","549","1049","1","0","45","11","0.62","0.38","72","28","FFEnemyShipNoColors12","FFEnemyShipNocolors8","0","2169","2024-04-24 16:33:34"
"basile","FullPilot","2","116","1","1","33","50","1","1","533","1034","1","0","45","14","0.62","0.5","72","28","FFEnemyShipNoColors12","FFEnemyShipNocolors8","1","2202","2024-04-24 16:33:37"
"basile","FullPilot","2","117","1","2","96","29","1","0","532","1032","1","0","45","20","0.62","0.73","72","28","FFEnemyShipNoColors12","FFEnemyShipNocolors8","1","2231","2024-04-24 16:33:40"
"basile","FullPilot","2","118","1","1","55","62","1","1","517","1033","1","0","45","23","0.62","0.82","72","28","FFEnemyShipNoColors12","FFEnemyShipNocolors8","1","2286","2024-04-24 16:33:44"
"basile","FullPilot","2","119","0","2","61","5","1","0","616","1133","1","0","38","33","0.62","0.88","62","38","FFEnemyShipNocolors3","FFEnemyShipNocolors1","0","2286","2024-04-24 16:33:47"
"basile","FullPilot","2","120","1","1","76","29","1","1","550","1067","1","0","53","3","0.73","0.12","72","28","FFEnemyShipNoColors12","FFEnemyShipNocolors8","1","2362","2024-04-24 16:33:50"
"basile","FullPilot","2","121","1","2","84","51","1","0","550","1066","1","0","53","5","0.73","0.18","72","28","FFEnemyShipNoColors12","FFEnemyShipNocolors8","0","2362","2024-04-24 16:33:53"
"basile","FullPilot","2","122","0","2","74","33","1","0","616","1116","1","0","45","10","0.73","0.27","62","38","FFEnemyShipNocolors3","FFEnemyShipNocolors1","1","2395","2024-04-24 16:33:56"
"basile","FullPilot","2","123","0","2","67","33","1","0","616","1116","1","0","45","14","0.73","0.38","62","38","FFEnemyShipNocolors3","FFEnemyShipNocolors1","0","2395","2024-04-24 16:34:00"
"basile","FullPilot","2","124","0","1","74","48","1","1","616","1116","1","0","45","19","0.73","0.5","62","38","FFEnemyShipNocolors3","FFEnemyShipNocolors1","1","2469","2024-04-24 16:34:03"
"basile","FullPilot","2","125","1","2","67","59","1","0","550","1050","1","0","53","17","0.73","0.62","72","28","FFEnemyShipNoColors12","FFEnemyShipNocolors8","1","2528","2024-04-24 16:34:06"
"basile","FullPilot","2","126","1","2","42","34","1","0","550","1050","1","0","53","23","0.73","0.82","72","28","FFEnemyShipNoColors12","FFEnemyShipNocolors8","1","2562","2024-04-24 16:34:09"
"basile","FullPilot","2","127","1","2","69","23","1","0","533","1033","1","0","53","25","0.73","0.88","72","28","FFEnemyShipNoColors12","FFEnemyShipNocolors8","1","2585","2024-04-24 16:34:13"
"basile","FullPilot","2","128","0","2","70","61","1","0","616","1133","1","0","51","5","0.82","0.12","62","38","FFEnemyShipNocolors3","FFEnemyShipNocolors1","0","2585","2024-04-24 16:34:16"
"basile","FullPilot","2","129","1","2","69","32","1","0","533","1033","1","0","59","5","0.82","0.18","72","28","FFEnemyShipNoColors12","FFEnemyShipNocolors8","0","2585","2024-04-24 16:34:19"
"basile","FullPilot","2","130","1","2","72","15","1","0","550","1050","1","0","59","8","0.82","0.27","72","28","FFEnemyShipNoColors12","FFEnemyShipNocolors8","0","2585","2024-04-24 16:34:23"
"basile","FullPilot","2","131","1","2","100","72","1","0","533","1033","1","0","59","11","0.82","0.38","72","28","FFEnemyShipNoColors12","FFEnemyShipNocolors8","1","2657","2024-04-24 16:34:26"
"basile","FullPilot","2","132","0","1","76","19","1","1","633","1133","1","0","51","19","0.82","0.5","62","38","FFEnemyShipNocolors3","FFEnemyShipNocolors1","1","2733","2024-04-24 16:34:29"
"basile","FullPilot","2","133","0","2","41","21","1","0","616","1116","1","0","51","24","0.82","0.62","62","38","FFEnemyShipNocolors3","FFEnemyShipNocolors1","1","2754","2024-04-24 16:34:32"
"basile","FullPilot","2","134","1","1","92","17","1","1","533","1033","1","0","59","20","0.82","0.73","72","28","FFEnemyShipNoColors12","FFEnemyShipNocolors8","1","2846","2024-04-24 16:34:35"
"basile","FullPilot","2","135","0","1","56","42","1","1","616","1133","1","0","51","33","0.82","0.88","62","38","FFEnemyShipNocolors3","FFEnemyShipNocolors1","1","2902","2024-04-24 16:34:38"
"basile","FullPilot","2","136","1","2","84","25","1","0","533","1033","1","0","63","3","0.88","0.12","72","28","FFEnemyShipNoColors12","FFEnemyShipNocolors8","0","2902","2024-04-24 16:34:41"
"basile","FullPilot","2","137","0","1","68","39","1","1","616","1116","1","0","55","7","0.88","0.18","62","38","FFEnemyShipNocolors3","FFEnemyShipNocolors1","1","2970","2024-04-24 16:34:45"
"basile","FullPilot","2","138","0","2","46","5","1","0","633","1133","1","0","55","10","0.88","0.27","62","38","FFEnemyShipNocolors3","FFEnemyShipNocolors1","0","2970","2024-04-24 16:34:48"
"basile","FullPilot","2","139","0","2","66","33","1","0","616","1133","1","0","55","14","0.88","0.38","62","38","FFEnemyShipNocolors3","FFEnemyShipNocolors1","1","3003","2024-04-24 16:34:51"
"basile","FullPilot","2","140","1","2","70","66","1","0","533","1033","1","0","63","14","0.88","0.5","72","28","FFEnemyShipNoColors12","FFEnemyShipNocolors8","0","3003","2024-04-24 16:34:54"
"basile","FullPilot","2","141","0","1","76","1","1","1","616","1116","1","0","55","24","0.88","0.62","62","38","FFEnemyShipNocolors3","FFEnemyShipNocolors1","1","3079","2024-04-24 16:34:57"
"basile","FullPilot","2","142","0","2","53","23","1","0","616","1116","1","0","55","28","0.88","0.73","62","38","FFEnemyShipNocolors3","FFEnemyShipNocolors1","1","3102","2024-04-24 16:35:01"
"basile","FullPilot","2","143","0","2","52","44","1","0","633","1133","1","0","55","31","0.88","0.82","62","38","FFEnemyShipNocolors3","FFEnemyShipNocolors1","0","3102","2024-04-24 16:35:04"
"basile","FullPilot","3","0","0","1","55","24","1","1","300","801","1","0","7","7","0.12","0.18","62","38","FFEnemyShipNoColors11","FFEnemyShipNocolors6","1","55","2024-04-25 13:28:26"
"basile","FullPilot","2","0","0","2","59","6","1","0","615","1115","1","0","7","7","0.12","0.18","62","38","FFEnemyShipNocolors1","FFEnemyShipNocolors3","0","0","2024-04-25 13:28:26"
"basile","FullPilot","3","1","0","2","59","30","1","0","283","800","1","0","7","10","0.12","0.27","62","38","FFEnemyShipNoColors11","FFEnemyShipNocolors6","1","85","2024-04-25 13:28:29"
"basile","FullPilot","2","1","0","1","60","39","1","1","616","1117","1","0","7","10","0.12","0.27","62","38","FFEnemyShipNocolors1","FFEnemyShipNocolors3","0","0","2024-04-25 13:28:29"
"basile","FullPilot","3","2","0","1","43","4","1","1","283","798","1","0","7","14","0.12","0.38","62","38","FFEnemyShipNoColors11","FFEnemyShipNocolors6","1","128","2024-04-25 13:28:32"
"basile","FullPilot","2","2","1","2","80","23","1","0","515","1015","1","0","9","11","0.12","0.38","72","28","FFEnemyShipNoColors12","FFEnemyShipNocolors8","0","0","2024-04-25 13:28:33"
"basile","FullPilot","3","3","0","1","86","68","1","1","300","800","1","0","7","19","0.12","0.5","62","38","FFEnemyShipNoColors11","FFEnemyShipNocolors6","0","128","2024-04-25 13:28:35"
"basile","FullPilot","2","3","1","2","73","30","1","0","533","1033","1","0","9","14","0.12","0.5","72","28","FFEnemyShipNoColors12","FFEnemyShipNocolors8","0","0","2024-04-25 13:28:36"
"basile","FullPilot","3","4","0","1","50","54","1","1","299","816","1","0","7","24","0.12","0.62","62","38","FFEnemyShipNoColors11","FFEnemyShipNocolors6","0","128","2024-04-25 13:28:39"
"basile","FullPilot","2","4","1","2","33","29","1","0","532","1032","1","0","9","17","0.12","0.62","72","28","FFEnemyShipNoColors12","FFEnemyShipNocolors8","1","29","2024-04-25 13:28:39"
"basile","FullPilot","3","5","1","1","62","4","1","1","300","816","1","0","9","20","0.12","0.73","72","28","FFEnemyShipNoColors9","FFEnemyShipNocolors7","0","128","2024-04-25 13:28:42"
"basile","FullPilot","2","5","0","1","73","50","1","1","616","1116","1","0","7","28","0.12","0.73","62","38","FFEnemyShipNocolors1","FFEnemyShipNocolors3","0","29","2024-04-25 13:28:42"
"basile","FullPilot","3","6","0","2","69","39","1","0","299","799","1","0","7","31","0.12","0.82","62","38","FFEnemyShipNoColors11","FFEnemyShipNocolors6","1","167","2024-04-25 13:28:45"
"basile","FullPilot","2","6","1","2","30","52","1","0","516","1016","1","0","9","23","0.12","0.82","72","28","FFEnemyShipNoColors12","FFEnemyShipNocolors8","1","81","2024-04-25 13:28:45"
"basile","FullPilot","3","7","0","1","57","29","1","1","282","783","1","0","7","33","0.12","0.88","62","38","FFEnemyShipNoColors11","FFEnemyShipNocolors6","0","167","2024-04-25 13:28:48"
"basile","FullPilot","2","7","1","1","59","33","1","1","533","1033","1","0","9","25","0.12","0.88","72","28","FFEnemyShipNoColors12","FFEnemyShipNocolors8","0","81","2024-04-25 13:28:49"
"basile","FullPilot","3","8","0","1","50","27","1","1","283","799","1","0","11","5","0.18","0.12","62","38","FFEnemyShipNoColors11","FFEnemyShipNocolors6","1","217","2024-04-25 13:28:51"
"basile","FullPilot","2","8","1","1","74","26","1","1","550","1050","1","0","13","3","0.18","0.12","72","28","FFEnemyShipNoColors12","FFEnemyShipNocolors8","0","81","2024-04-25 13:28:52"
"basile","FullPilot","3","9","0","2","44","33","1","0","266","783","1","0","11","10","0.18","0.27","62","38","FFEnemyShipNoColors11","FFEnemyShipNocolors6","1","250","2024-04-25 13:28:55"
"basile","FullPilot","2","9","0","1","78","55","1","1","616","1116","1","0","11","10","0.18","0.27","62","38","FFEnemyShipNocolors1","FFEnemyShipNocolors3","0","81","2024-04-25 13:28:55"
"basile","FullPilot","3","10","0","2","48","26","1","0","300","800","1","0","11","14","0.18","0.38","62","38","FFEnemyShipNoColors11","FFEnemyShipNocolors6","1","276","2024-04-25 13:28:58"
"basile","FullPilot","2","10","1","1","49","55","1","1","533","1033","1","0","13","11","0.18","0.38","72","28","FFEnemyShipNoColors12","FFEnemyShipNocolors8","0","81","2024-04-25 13:28:59"
"basile","FullPilot","3","11","1","1","77","8","1","1","300","800","1","0","13","14","0.18","0.5","72","28","FFEnemyShipNoColors9","FFEnemyShipNocolors7","1","353","2024-04-25 13:29:01"
"basile","FullPilot","2","11","1","1","66","4","1","1","533","1049","1","0","13","14","0.18","0.5","72","28","FFEnemyShipNoColors12","FFEnemyShipNocolors8","0","81","2024-04-25 13:29:02"
"basile","FullPilot","3","12","1","2","72","29","1","0","299","799","1","0","13","17","0.18","0.62","72","28","FFEnemyShipNoColors9","FFEnemyShipNocolors7","1","382","2024-04-25 13:29:04"
"basile","FullPilot","2","12","1","2","68","34","1","0","533","1034","1","0","13","17","0.18","0.62","72","28","FFEnemyShipNoColors12","FFEnemyShipNocolors8","0","81","2024-04-25 13:29:05"
"basile","FullPilot","3","13","0","1","60","60","1","1","299","799","1","0","11","28","0.18","0.73","62","38","FFEnemyShipNoColors11","FFEnemyShipNocolors6","0","382","2024-04-25 13:29:07"
"basile","FullPilot","2","13","1","1","78","41","1","1","532","1032","1","0","13","20","0.18","0.73","72","28","FFEnemyShipNoColors12","FFEnemyShipNocolors8","0","81","2024-04-25 13:29:09"
"basile","FullPilot","3","14","0","2","23","43","1","0","284","800","1","0","11","31","0.18","0.82","62","38","FFEnemyShipNoColors11","FFEnemyShipNocolors6","1","425","2024-04-25 13:29:10"
"basile","FullPilot","2","14","1","1","78","46","1","1","516","1017","1","0","13","23","0.18","0.82","72","28","FFEnemyShipNoColors12","FFEnemyShipNocolors8","0","81","2024-04-25 13:29:12"
"basile","FullPilot","3","15","1","2","55","9","1","0","300","800","1","0","13","25","0.18","0.88","72","28","FFEnemyShipNoColors9","FFEnemyShipNocolors7","1","434","2024-04-25 13:29:13"
"basile","FullPilot","2","15","1","1","70","70","1","1","533","1050","1","0","13","25","0.18","0.88","72","28","FFEnemyShipNoColors12","FFEnemyShipNocolors8","0","81","2024-04-25 13:29:15"
"basile","FullPilot","3","16","0","2","79","22","1","0","283","784","1","0","17","5","0.27","0.12","62","38","FFEnemyShipNoColors11","FFEnemyShipNocolors6","0","434","2024-04-25 13:29:17"
"basile","FullPilot","2","16","1","1","67","10","1","1","516","1033","1","0","19","3","0.27","0.12","72","28","FFEnemyShipNoColors12","FFEnemyShipNocolors8","1","148","2024-04-25 13:29:18"
"basile","FullPilot","3","17","1","2","59","14","1","0","300","816","1","0","19","5","0.27","0.18","72","28","FFEnemyShipNoColors9","FFEnemyShipNocolors7","0","434","2024-04-25 13:29:20"
"basile","FullPilot","2","17","1","2","97","34","1","0","516","1033","1","0","19","5","0.27","0.18","72","28","FFEnemyShipNoColors12","FFEnemyShipNocolors8","0","148","2024-04-25 13:29:22"
"basile","FullPilot","3","18","0","2","21","46","1","0","283","799","1","0","17","14","0.27","0.38","62","38","FFEnemyShipNoColors11","FFEnemyShipNocolors6","0","434","2024-04-25 13:29:23"
"basile","FullPilot","2","18","0","1","31","18","1","1","600","1116","1","0","17","14","0.27","0.38","62","38","FFEnemyShipNocolors1","FFEnemyShipNocolors3","0","148","2024-04-25 13:29:25"
"basile","FullPilot","3","19","1","1","76","3","1","1","299","816","1","0","19","14","0.27","0.5","72","28","FFEnemyShipNoColors9","FFEnemyShipNocolors7","1","510","2024-04-25 13:29:26"
"basile","FullPilot","2","19","1","1","48","8","1","1","550","1066","1","0","19","14","0.27","0.5","72","28","FFEnemyShipNoColors12","FFEnemyShipNocolors8","0","148","2024-04-25 13:29:28"
"basile","FullPilot","3","20","1","2","51","27","1","0","299","816","1","0","19","17","0.27","0.62","72","28","FFEnemyShipNoColors9","FFEnemyShipNocolors7","1","537","2024-04-25 13:29:30"
"basile","FullPilot","2","20","1","1","50","42","1","1","533","1033","1","0","19","17","0.27","0.62","72","28","FFEnemyShipNoColors12","FFEnemyShipNocolors8","0","148","2024-04-25 13:29:32"
"basile","FullPilot","3","21","1","2","63","50","1","0","299","800","1","0","19","20","0.27","0.73","72","28","FFEnemyShipNoColors9","FFEnemyShipNocolors7","1","587","2024-04-25 13:29:33"
"basile","FullPilot","2","21","1","2","82","47","1","0","532","1032","1","0","19","20","0.27","0.73","72","28","FFEnemyShipNoColors12","FFEnemyShipNocolors8","1","195","2024-04-25 13:29:35"
"basile","FullPilot","3","22","0","1","73","12","1","1","299","800","1","0","17","31","0.27","0.82","62","38","FFEnemyShipNoColors11","FFEnemyShipNocolors6","1","660","2024-04-25 13:29:36"
"basile","FullPilot","2","22","1","1","42","31","1","1","533","1033","1","0","19","23","0.27","0.82","72","28","FFEnemyShipNoColors12","FFEnemyShipNocolors8","0","195","2024-04-25 13:29:38"
"basile","FullPilot","3","23","1","1","78","34","1","1","283","784","1","0","19","25","0.27","0.88","72","28","FFEnemyShipNoColors9","FFEnemyShipNocolors7","1","738","2024-04-25 13:29:39"
"basile","FullPilot","2","23","0","1","89","35","1","1","633","1133","1","0","17","33","0.27","0.88","62","38","FFEnemyShipNocolors1","FFEnemyShipNocolors3","0","195","2024-04-25 13:29:42"
"basile","FullPilot","3","24","1","2","49","32","1","0","283","800","1","0","27","3","0.38","0.12","72","28","FFEnemyShipNoColors9","FFEnemyShipNocolors7","0","738","2024-04-25 13:29:42"
"basile","FullPilot","2","24","0","1","63","59","1","1","616","1133","1","0","24","5","0.38","0.12","62","38","FFEnemyShipNocolors1","FFEnemyShipNocolors3","1","258","2024-04-25 13:29:45"
"basile","FullPilot","3","25","1","2","42","30","1","0","300","800","1","0","27","5","0.38","0.18","72","28","FFEnemyShipNoColors9","FFEnemyShipNocolors7","0","738","2024-04-25 13:29:45"
"basile","FullPilot","2","25","1","1","80","16","1","1","533","1033","1","0","27","5","0.38","0.18","72","28","FFEnemyShipNoColors12","FFEnemyShipNocolors8","0","258","2024-04-25 13:29:48"
"basile","FullPilot","3","26","0","1","79","41","1","1","300","816","1","0","24","10","0.38","0.27","62","38","FFEnemyShipNoColors11","FFEnemyShipNocolors6","0","738","2024-04-25 13:29:49"
"basile","FullPilot","2","26","0","1","93","13","1","1","616","1116","1","0","24","10","0.38","0.27","62","38","FFEnemyShipNocolors1","FFEnemyShipNocolors3","1","351","2024-04-25 13:29:51"
"basile","FullPilot","3","27","0","1","49","46","1","1","300","801","1","0","24","19","0.38","0.5","62","38","FFEnemyShipNoColors11","FFEnemyShipNocolors6","1","787","2024-04-25 13:29:52"
"basile","FullPilot","2","27","0","2","67","50","1","0","633","1133","1","0","24","19","0.38","0.5","62","38","FFEnemyShipNocolors1","FFEnemyShipNocolors3","0","351","2024-04-25 13:29:54"
"basile","FullPilot","3","28","0","1","58","43","1","1","283","783","1","0","24","24","0.38","0.62","62","38","FFEnemyShipNoColors11","FFEnemyShipNocolors6","0","787","2024-04-25 13:29:55"
"basile","FullPilot","2","28","1","2","68","11","1","0","533","1033","1","0","27","17","0.38","0.62","72","28","FFEnemyShipNoColors12","FFEnemyShipNocolors8","0","351","2024-04-25 13:29:58"
"basile","FullPilot","3","29","0","2","47","70","1","0","283","783","1","0","24","28","0.38","0.73","62","38","FFEnemyShipNoColors11","FFEnemyShipNocolors6","1","857","2024-04-25 13:29:58"
"basile","FullPilot","2","29","0","2","81","61","1","0","617","1133","1","0","24","28","0.38","0.73","62","38","FFEnemyShipNocolors1","FFEnemyShipNocolors3","1","412","2024-04-25 13:30:01"
"basile","FullPilot","3","30","1","2","56","29","1","0","282","783","1","0","27","23","0.38","0.82","72","28","FFEnemyShipNoColors9","FFEnemyShipNocolors7","1","886","2024-04-25 13:30:01"
"basile","FullPilot","2","30","0","1","58","9","1","1","616","1116","1","0","24","31","0.38","0.82","62","38","FFEnemyShipNocolors1","FFEnemyShipNocolors3","1","470","2024-04-25 13:30:04"
"basile","FullPilot","3","31","0","2","49","10","1","0","283","800","1","0","24","33","0.38","0.88","62","38","FFEnemyShipNoColors11","FFEnemyShipNocolors6","1","896","2024-04-25 13:30:04"
"basile","FullPilot","2","31","1","2","58","92","1","0","516","1016","1","0","27","25","0.38","0.88","72","28","FFEnemyShipNoColors12","FFEnemyShipNocolors8","1","562","2024-04-25 13:30:07"
"basile","FullPilot","3","32","1","1","63","4","1","1","300","801","1","0","36","3","0.5","0.12","72","28","FFEnemyShipNoColors9","FFEnemyShipNocolors7","1","959","2024-04-25 13:30:07"
"basile","FullPilot","2","32","1","2","52","55","1","0","532","1032","1","0","36","3","0.5","0.12","72","28","FFEnemyShipNoColors12","FFEnemyShipNocolors8","0","562","2024-04-25 13:30:10"
"basile","FullPilot","3","33","0","1","78","40","1","1","300","800","1","0","31","7","0.5","0.18","62","38","FFEnemyShipNoColors11","FFEnemyShipNocolors6","0","959","2024-04-25 13:30:11"
"basile","FullPilot","2","33","1","1","51","33","1","1","549","1050","1","0","36","5","0.5","0.18","72","28","FFEnemyShipNoColors12","FFEnemyShipNocolors8","1","613","2024-04-25 13:30:13"
"basile","FullPilot","3","34","1","1","45","17","1","1","283","799","1","0","36","8","0.5","0.27","72","28","FFEnemyShipNoColors9","FFEnemyShipNocolors7","0","959","2024-04-25 13:30:14"
"basile","FullPilot","2","34","0","2","42","52","1","0","616","1116","1","0","31","10","0.5","0.27","62","38","FFEnemyShipNocolors1","FFEnemyShipNocolors3","1","665","2024-04-25 13:30:17"
"basile","FullPilot","3","35","1","2","70","66","1","0","300","800","1","0","36","11","0.5","0.38","72","28","FFEnemyShipNoColors9","FFEnemyShipNocolors7","0","959","2024-04-25 13:30:18"
"basile","FullPilot","2","35","0","1","69","50","1","1","616","1133","1","0","31","14","0.5","0.38","62","38","FFEnemyShipNocolors1","FFEnemyShipNocolors3","1","734","2024-04-25 13:30:20"
"basile","FullPilot","3","36","1","2","70","28","1","0","265","782","1","0","36","17","0.5","0.62","72","28","FFEnemyShipNoColors9","FFEnemyShipNocolors7","1","987","2024-04-25 13:30:21"
"basile","FullPilot","2","36","0","2","38","41","1","0","601","1116","1","0","31","24","0.5","0.62","62","38","FFEnemyShipNocolors1","FFEnemyShipNocolors3","1","775","2024-04-25 13:30:23"
"basile","FullPilot","3","37","1","2","79","61","1","0","300","816","1","0","36","20","0.5","0.73","72","28","FFEnemyShipNoColors9","FFEnemyShipNocolors7","1","1048","2024-04-25 13:30:24"
"basile","FullPilot","2","37","0","2","65","35","1","0","616","1116","1","0","31","28","0.5","0.73","62","38","FFEnemyShipNocolors1","FFEnemyShipNocolors3","1","810","2024-04-25 13:30:26"
"basile","FullPilot","3","38","1","1","92","34","1","1","301","816","1","0","36","23","0.5","0.82","72","28","FFEnemyShipNoColors9","FFEnemyShipNocolors7","0","1048","2024-04-25 13:30:27"
"basile","FullPilot","2","38","0","1","81","56","1","1","616","1117","1","0","31","31","0.5","0.82","62","38","FFEnemyShipNocolors1","FFEnemyShipNocolors3","0","810","2024-04-25 13:30:29"
"basile","FullPilot","3","39","0","1","53","14","1","1","283","799","1","0","31","33","0.5","0.88","62","38","FFEnemyShipNoColors11","FFEnemyShipNocolors6","0","1048","2024-04-25 13:30:30"
"basile","FullPilot","2","39","0","2","48","61","1","0","616","1132","1","0","31","33","0.5","0.88","62","38","FFEnemyShipNocolors1","FFEnemyShipNocolors3","1","871","2024-04-25 13:30:32"
"basile","FullPilot","3","40","0","2","61","7","1","0","283","799","1","0","38","5","0.62","0.12","62","38","FFEnemyShipNoColors11","FFEnemyShipNocolors6","1","1055","2024-04-25 13:30:34"
"basile","FullPilot","2","40","1","1","74","41","1","1","533","1049","1","0","45","3","0.62","0.12","72","28","FFEnemyShipNoColors12","FFEnemyShipNocolors8","1","945","2024-04-25 13:30:35"
"basile","FullPilot","3","41","1","2","66","39","1","0","283","799","1","0","45","5","0.62","0.18","72","28","FFEnemyShipNoColors9","FFEnemyShipNocolors7","0","1055","2024-04-25 13:30:37"
"basile","FullPilot","2","41","0","2","88","53","1","0","633","1149","1","0","38","7","0.62","0.18","62","38","FFEnemyShipNocolors1","FFEnemyShipNocolors3","0","945","2024-04-25 13:30:39"
"basile","FullPilot","3","42","1","2","75","66","1","0","284","798","1","0","45","8","0.62","0.27","72","28","FFEnemyShipNoColors9","FFEnemyShipNocolors7","0","1055","2024-04-25 13:30:40"
"basile","FullPilot","2","42","0","1","81","42","1","1","616","1117","1","0","38","10","0.62","0.27","62","38","FFEnemyShipNocolors1","FFEnemyShipNocolors3","0","945","2024-04-25 13:30:42"
"basile","FullPilot","3","43","0","2","66","68","1","0","298","798","1","0","38","14","0.62","0.38","62","38","FFEnemyShipNoColors11","FFEnemyShipNocolors6","1","1123","2024-04-25 13:30:43"
"basile","FullPilot","2","43","0","2","82","48","1","0","617","1133","1","0","38","14","0.62","0.38","62","38","FFEnemyShipNocolors1","FFEnemyShipNocolors3","0","945","2024-04-25 13:30:45"
"basile","FullPilot","3","44","0","1","99","15","1","1","300","800","1","0","38","19","0.62","0.5","62","38","FFEnemyShipNoColors11","FFEnemyShipNocolors6","0","1123","2024-04-25 13:30:47"
"basile","FullPilot","2","44","0","1","71","23","1","1","616","1116","1","0","38","19","0.62","0.5","62","38","FFEnemyShipNocolors1","FFEnemyShipNocolors3","0","945","2024-04-25 13:30:49"
"basile","FullPilot","3","45","0","2","30","42","1","0","300","816","1","0","38","28","0.62","0.73","62","38","FFEnemyShipNoColors11","FFEnemyShipNocolors6","1","1165","2024-04-25 13:30:50"
"basile","FullPilot","2","45","0","1","55","46","1","1","633","1150","1","0","38","28","0.62","0.73","62","38","FFEnemyShipNocolors1","FFEnemyShipNocolors3","1","1000","2024-04-25 13:30:52"
"basile","FullPilot","3","46","1","1","76","9","1","1","300","816","1","0","45","23","0.62","0.82","72","28","FFEnemyShipNoColors9","FFEnemyShipNocolors7","0","1165","2024-04-25 13:30:53"
"basile","FullPilot","2","46","0","1","72","38","1","1","601","1116","1","0","38","31","0.62","0.82","62","38","FFEnemyShipNocolors1","FFEnemyShipNocolors3","1","1072","2024-04-25 13:30:55"
"basile","FullPilot","3","47","1","2","30","42","1","0","283","783","1","0","45","25","0.62","0.88","72","28","FFEnemyShipNoColors9","FFEnemyShipNocolors7","1","1207","2024-04-25 13:30:56"
"basile","FullPilot","2","47","0","2","77","41","1","0","632","1149","1","0","38","33","0.62","0.88","62","38","FFEnemyShipNocolors1","FFEnemyShipNocolors3","1","1113","2024-04-25 13:30:58"
"basile","FullPilot","3","48","1","2","77","2","1","0","300","816","1","0","53","3","0.73","0.12","72","28","FFEnemyShipNoColors9","FFEnemyShipNocolors7","0","1207","2024-04-25 13:30:59"
"basile","FullPilot","2","48","0","1","34","64","1","1","633","1134","1","0","45","5","0.73","0.12","62","38","FFEnemyShipNocolors1","FFEnemyShipNocolors3","1","1147","2024-04-25 13:31:01"
"basile","FullPilot","3","49","1","1","98","27","1","1","283","799","1","0","53","5","0.73","0.18","72","28","FFEnemyShipNoColors9","FFEnemyShipNocolors7","1","1305","2024-04-25 13:31:03"
"basile","FullPilot","2","49","0","1","42","66","1","1","633","1133","1","0","45","7","0.73","0.18","62","38","FFEnemyShipNocolors1","FFEnemyShipNocolors3","1","1189","2024-04-25 13:31:04"
"basile","FullPilot","3","50","1","2","64","45","1","0","283","783","1","0","53","8","0.73","0.27","72","28","FFEnemyShipNoColors9","FFEnemyShipNocolors7","0","1305","2024-04-25 13:31:06"
"basile","FullPilot","2","50","1","2","63","38","1","0","550","1050","1","0","53","8","0.73","0.27","72","28","FFEnemyShipNoColors12","FFEnemyShipNocolors8","0","1189","2024-04-25 13:31:08"
"basile","FullPilot","3","51","1","2","66","5","1","0","299","800","1","0","53","11","0.73","0.38","72","28","FFEnemyShipNoColors9","FFEnemyShipNocolors7","1","1310","2024-04-25 13:31:09"
"basile","FullPilot","2","51","0","1","94","17","1","1","616","1133","1","0","45","14","0.73","0.38","62","38","FFEnemyShipNocolors1","FFEnemyShipNocolors3","1","1283","2024-04-25 13:31:11"
"basile","FullPilot","3","52","1","2","62","31","1","0","283","784","1","0","53","14","0.73","0.5","72","28","FFEnemyShipNoColors9","FFEnemyShipNocolors7","0","1310","2024-04-25 13:31:12"
"basile","FullPilot","2","52","0","1","55","57","1","1","616","1133","1","0","45","19","0.73","0.5","62","38","FFEnemyShipNocolors1","FFEnemyShipNocolors3","1","1338","2024-04-25 13:31:14"
"basile","FullPilot","3","53","0","1","59","23","1","1","299","799","1","0","45","24","0.73","0.62","62","38","FFEnemyShipNoColors11","FFEnemyShipNocolors6","1","1369","2024-04-25 13:31:15"
"basile","FullPilot","2","53","1","2","57","14","1","0","517","1034","1","0","53","17","0.73","0.62","72","28","FFEnemyShipNoColors12","FFEnemyShipNocolors8","1","1352","2024-04-25 13:31:17"
"basile","FullPilot","3","54","0","1","63","13","1","1","300","800","1","0","45","31","0.73","0.82","62","38","FFEnemyShipNoColors11","FFEnemyShipNocolors6","0","1369","2024-04-25 13:31:19"
"basile","FullPilot","2","54","1","2","83","54","1","0","533","1033","1","0","53","23","0.73","0.82","72","28","FFEnemyShipNoColors12","FFEnemyShipNocolors8","1","1406","2024-04-25 13:31:20"
"basile","FullPilot","3","55","1","2","31","37","1","0","300","799","1","0","53","25","0.73","0.88","72","28","FFEnemyShipNoColors9","FFEnemyShipNocolors7","1","1406","2024-04-25 13:31:22"
"basile","FullPilot","2","55","1","1","57","4","1","1","516","1017","1","0","53","25","0.73","0.88","72","28","FFEnemyShipNoColors12","FFEnemyShipNocolors8","1","1463","2024-04-25 13:31:23"
"basile","FullPilot","3","56","1","2","60","30","1","0","299","799","1","0","59","3","0.82","0.12","72","28","FFEnemyShipNoColors9","FFEnemyShipNocolors7","0","1406","2024-04-25 13:31:25"
"basile","FullPilot","2","56","1","1","49","47","1","1","517","1033","1","0","59","3","0.82","0.12","72","28","FFEnemyShipNoColors12","FFEnemyShipNocolors8","1","1512","2024-04-25 13:31:26"
"basile","FullPilot","3","57","0","1","62","48","1","1","283","800","1","0","51","7","0.82","0.18","62","38","FFEnemyShipNoColors11","FFEnemyShipNocolors6","1","1468","2024-04-25 13:31:28"
"basile","FullPilot","2","57","1","1","39","79","1","1","533","1049","1","0","59","5","0.82","0.18","72","28","FFEnemyShipNoColors12","FFEnemyShipNocolors8","0","1512","2024-04-25 13:31:30"
"basile","FullPilot","3","58","0","2","49","27","1","0","283","783","1","0","51","10","0.82","0.27","62","38","FFEnemyShipNoColors11","FFEnemyShipNocolors6","0","1468","2024-04-25 13:31:32"
"basile","FullPilot","2","58","1","2","49","23","1","0","533","1034","1","0","59","8","0.82","0.27","72","28","FFEnemyShipNoColors12","FFEnemyShipNocolors8","0","1512","2024-04-25 13:31:33"
"basile","FullPilot","3","59","1","2","87","30","1","0","300","799","1","0","59","11","0.82","0.38","72","28","FFEnemyShipNoColors9","FFEnemyShipNocolors7","0","1468","2024-04-25 13:31:35"
"basile","FullPilot","2","59","0","2","65","54","1","0","616","1132","1","0","51","14","0.82","0.38","62","38","FFEnemyShipNocolors1","FFEnemyShipNocolors3","0","1512","2024-04-25 13:31:36"
"basile","FullPilot","3","60","1","1","77","52","1","1","266","782","1","0","59","14","0.82","0.5","72","28","FFEnemyShipNoColors9","FFEnemyShipNocolors7","1","1545","2024-04-25 13:31:38"
"basile","FullPilot","2","60","1","2","68","67","1","0","533","1050","1","0","59","14","0.82","0.5","72","28","FFEnemyShipNoColors12","FFEnemyShipNocolors8","0","1512","2024-04-25 13:31:40"
"basile","FullPilot","3","61","0","2","77","65","1","0","299","799","1","0","51","24","0.82","0.62","62","38","FFEnemyShipNoColors11","FFEnemyShipNocolors6","1","1610","2024-04-25 13:31:41"
"basile","FullPilot","2","61","0","1","64","69","1","1","616","1116","1","0","51","24","0.82","0.62","62","38","FFEnemyShipNocolors1","FFEnemyShipNocolors3","1","1576","2024-04-25 13:31:43"
"basile","FullPilot","3","62","1","1","70","72","1","1","299","799","1","0","59","20","0.82","0.73","72","28","FFEnemyShipNoColors9","FFEnemyShipNocolors7","1","1680","2024-04-25 13:31:44"
"basile","FullPilot","2","62","0","1","38","42","1","1","616","1116","1","0","51","28","0.82","0.73","62","38","FFEnemyShipNocolors1","FFEnemyShipNocolors3","1","1614","2024-04-25 13:31:46"
"basile","FullPilot","3","63","1","1","94","69","1","1","300","816","1","0","59","25","0.82","0.88","72","28","FFEnemyShipNoColors9","FFEnemyShipNocolors7","1","1774","2024-04-25 13:31:47"
"basile","FullPilot","2","63","1","1","48","35","1","1","517","1033","1","0","59","25","0.82","0.88","72","28","FFEnemyShipNoColors12","FFEnemyShipNocolors8","1","1662","2024-04-25 13:31:49"
"basile","FullPilot","3","64","1","1","69","14","1","1","300","801","1","0","63","3","0.88","0.12","72","28","FFEnemyShipNoColors9","FFEnemyShipNocolors7","1","1843","2024-04-25 13:31:50"
"basile","FullPilot","2","64","0","2","87","23","1","0","600","1100","1","0","55","5","0.88","0.12","62","38","FFEnemyShipNocolors1","FFEnemyShipNocolors3","0","1662","2024-04-25 13:31:52"
"basile","FullPilot","3","65","0","2","66","55","1","0","284","799","1","0","55","7","0.88","0.18","62","38","FFEnemyShipNoColors11","FFEnemyShipNocolors6","1","1898","2024-04-25 13:31:54"
"basile","FullPilot","2","65","0","1","54","41","1","1","616","1133","1","0","55","7","0.88","0.18","62","38","FFEnemyShipNocolors1","FFEnemyShipNocolors3","0","1662","2024-04-25 13:31:56"
"basile","FullPilot","3","66","0","1","57","36","1","1","300","800","1","0","55","10","0.88","0.27","62","38","FFEnemyShipNoColors11","FFEnemyShipNocolors6","1","1955","2024-04-25 13:31:57"
"basile","FullPilot","2","66","1","2","53","24","1","0","516","1033","1","0","63","8","0.88","0.27","72","28","FFEnemyShipNoColors12","FFEnemyShipNocolors8","1","1686","2024-04-25 13:31:59"
"basile","FullPilot","3","67","0","1","59","8","1","1","300","800","1","0","55","14","0.88","0.38","62","38","FFEnemyShipNoColors11","FFEnemyShipNocolors6","1","2014","2024-04-25 13:32:00"
"basile","FullPilot","2","67","1","2","50","14","1","0","533","1050","1","0","63","11","0.88","0.38","72","28","FFEnemyShipNoColors12","FFEnemyShipNocolors8","1","1700","2024-04-25 13:32:02"
"basile","FullPilot","3","68","1","1","72","24","1","1","300","816","1","0","63","14","0.88","0.5","72","28","FFEnemyShipNoColors9","FFEnemyShipNocolors7","1","2086","2024-04-25 13:32:03"
"basile","FullPilot","2","68","0","1","70","34","1","1","616","1132","1","0","55","19","0.88","0.5","62","38","FFEnemyShipNocolors1","FFEnemyShipNocolors3","1","1770","2024-04-25 13:32:05"
"basile","FullPilot","3","69","1","1","79","17","1","1","283","785","1","0","63","17","0.88","0.62","72","28","FFEnemyShipNoColors9","FFEnemyShipNocolors7","1","2165","2024-04-25 13:32:06"
"basile","FullPilot","2","69","0","1","81","19","1","1","616","1117","1","0","55","24","0.88","0.62","62","38","FFEnemyShipNocolors1","FFEnemyShipNocolors3","0","1770","2024-04-25 13:32:08"
"basile","FullPilot","3","70","0","2","70","62","1","0","283","800","1","0","55","28","0.88","0.73","62","38","FFEnemyShipNoColors11","FFEnemyShipNocolors6","1","2227","2024-04-25 13:32:09"
"basile","FullPilot","2","70","0","2","61","40","1","0","632","1132","1","0","55","28","0.88","0.73","62","38","FFEnemyShipNocolors1","FFEnemyShipNocolors3","0","1770","2024-04-25 13:32:12"
"basile","FullPilot","3","71","1","1","73","33","1","1","283","800","1","0","63","23","0.88","0.82","72","28","FFEnemyShipNoColors9","FFEnemyShipNocolors7","1","2300","2024-04-25 13:32:12"
"basile","FullPilot","2","71","0","2","44","21","1","0","616","1117","1","0","55","31","0.88","0.82","62","38","FFEnemyShipNocolors1","FFEnemyShipNocolors3","1","1791","2024-04-25 13:32:15"
"basile","FullPilot","3","72","1","1","87","5","1","1","283","799","1","0","9","5","0.12","0.18","72","28","FFEnemyShipNoColors9","FFEnemyShipNocolors7","1","2387","2024-04-25 13:32:15"
"basile","FullPilot","2","72","0","2","58","40","1","0","617","1132","1","0","7","7","0.12","0.18","62","38","FFEnemyShipNocolors1","FFEnemyShipNocolors3","0","1791","2024-04-25 13:32:18"
"basile","FullPilot","3","73","1","2","83","47","1","0","283","783","1","0","9","8","0.12","0.27","72","28","FFEnemyShipNoColors9","FFEnemyShipNocolors7","1","2434","2024-04-25 13:32:18"
"basile","FullPilot","2","73","1","1","80","61","1","1","533","1033","1","0","9","8","0.12","0.27","72","28","FFEnemyShipNoColors12","FFEnemyShipNocolors8","0","1791","2024-04-25 13:32:21"
"basile","FullPilot","3","74","1","1","45","39","1","1","300","816","1","0","9","11","0.12","0.38","72","28","FFEnemyShipNoColors9","FFEnemyShipNocolors7","0","2434","2024-04-25 13:32:22"
"basile","FullPilot","2","74","1","2","55","14","1","0","533","1033","1","0","9","11","0.12","0.38","72","28","FFEnemyShipNoColors12","FFEnemyShipNocolors8","1","1805","2024-04-25 13:32:24"
"basile","FullPilot","3","75","0","1","59","55","1","1","300","800","1","0","7","19","0.12","0.5","62","38","FFEnemyShipNoColors11","FFEnemyShipNocolors6","0","2434","2024-04-25 13:32:25"
"basile","FullPilot","2","75","1","2","37","22","1","0","515","1015","1","0","9","14","0.12","0.5","72","28","FFEnemyShipNoColors12","FFEnemyShipNocolors8","1","1827","2024-04-25 13:32:28"
"basile","FullPilot","3","76","1","2","99","34","1","0","300","800","1","0","9","17","0.12","0.62","72","28","FFEnemyShipNoColors9","FFEnemyShipNocolors7","1","2468","2024-04-25 13:32:28"
"basile","FullPilot","2","76","0","1","76","66","1","1","616","1117","1","0","7","24","0.12","0.62","62","38","FFEnemyShipNocolors1","FFEnemyShipNocolors3","0","1827","2024-04-25 13:32:31"
"basile","FullPilot","3","77","1","2","48","59","1","0","284","799","1","0","9","20","0.12","0.73","72","28","FFEnemyShipNoColors9","FFEnemyShipNocolors7","1","2527","2024-04-25 13:32:31"
"basile","FullPilot","2","77","1","2","59","31","1","0","532","1032","1","0","9","20","0.12","0.73","72","28","FFEnemyShipNoColors12","FFEnemyShipNocolors8","0","1827","2024-04-25 13:32:34"
"basile","FullPilot","3","78","1","2","98","83","1","0","300","800","1","0","9","23","0.12","0.82","72","28","FFEnemyShipNoColors9","FFEnemyShipNocolors7","1","2610","2024-04-25 13:32:34"
"basile","FullPilot","3","79","0","2","80","32","1","0","299","800","1","0","7","33","0.12","0.88","62","38","FFEnemyShipNoColors11","FFEnemyShipNocolors6","1","2642","2024-04-25 13:32:37"
"basile","FullPilot","2","78","1","1","47","34","1","1","550","1050","1","0","9","23","0.12","0.82","72","28","FFEnemyShipNoColors12","FFEnemyShipNocolors8","0","1827","2024-04-25 13:32:38"
"basile","FullPilot","2","79","1","2","92","67","1","0","533","1048","1","0","9","25","0.12","0.88","72","28","FFEnemyShipNoColors12","FFEnemyShipNocolors8","1","1894","2024-04-25 13:32:41"
"basile","FullPilot","3","80","1","2","44","15","1","0","283","799","1","0","13","3","0.18","0.12","72","28","FFEnemyShipNoColors9","FFEnemyShipNocolors7","0","2642","2024-04-25 13:32:41"
"basile","FullPilot","2","80","1","1","56","54","1","1","548","1048","1","0","13","3","0.18","0.12","72","28","FFEnemyShipNoColors12","FFEnemyShipNocolors8","0","1894","2024-04-25 13:32:44"
"basile","FullPilot","3","81","0","2","33","32","1","0","300","800","1","0","11","10","0.18","0.27","62","38","FFEnemyShipNoColors11","FFEnemyShipNocolors6","0","2642","2024-04-25 13:32:44"
"basile","FullPilot","2","81","1","2","90","51","1","0","533","1033","1","0","13","8","0.18","0.27","72","28","FFEnemyShipNoColors12","FFEnemyShipNocolors8","1","1945","2024-04-25 13:32:47"
"basile","FullPilot","3","82","0","2","42","76","1","0","283","786","1","0","11","14","0.18","0.38","62","38","FFEnemyShipNoColors11","FFEnemyShipNocolors6","1","2718","2024-04-25 13:32:47"
"basile","FullPilot","2","82","1","1","70","24","1","1","516","1033","1","0","13","11","0.18","0.38","72","28","FFEnemyShipNoColors12","FFEnemyShipNocolors8","0","1945","2024-04-25 13:32:51"
"basile","FullPilot","3","83","0","1","58","63","1","1","282","799","1","0","11","19","0.18","0.5","62","38","FFEnemyShipNoColors11","FFEnemyShipNocolors6","0","2718","2024-04-25 13:32:51"
"basile","FullPilot","2","83","0","1","81","38","1","1","600","1116","1","0","11","19","0.18","0.5","62","38","FFEnemyShipNocolors1","FFEnemyShipNocolors3","0","1945","2024-04-25 13:32:54"
"basile","FullPilot","3","84","0","2","48","27","1","0","283","783","1","0","11","24","0.18","0.62","62","38","FFEnemyShipNoColors11","FFEnemyShipNocolors6","0","2718","2024-04-25 13:32:54"
"basile","FullPilot","2","84","0","1","41","60","1","1","632","1133","1","0","11","24","0.18","0.62","62","38","FFEnemyShipNocolors1","FFEnemyShipNocolors3","0","1945","2024-04-25 13:32:57"
"basile","FullPilot","3","85","1","2","55","35","1","0","283","784","1","0","13","20","0.18","0.73","72","28","FFEnemyShipNoColors9","FFEnemyShipNocolors7","0","2718","2024-04-25 13:32:57"
"basile","FullPilot","3","86","1","2","32","42","1","0","266","767","1","0","13","23","0.18","0.82","72","28","FFEnemyShipNoColors9","FFEnemyShipNocolors7","1","2760","2024-04-25 13:33:00"
"basile","FullPilot","2","85","0","1","71","56","1","1","600","1100","1","0","11","28","0.18","0.73","62","38","FFEnemyShipNocolors1","FFEnemyShipNocolors3","0","1945","2024-04-25 13:33:01"
"basile","FullPilot","2","86","1","2","46","30","1","0","533","1033","1","0","13","23","0.18","0.82","72","28","FFEnemyShipNoColors12","FFEnemyShipNocolors8","1","1975","2024-04-25 13:33:04"
"basile","FullPilot","3","87","0","1","57","59","1","1","266","783","1","0","11","33","0.18","0.88","62","38","FFEnemyShipNoColors11","FFEnemyShipNocolors6","0","2760","2024-04-25 13:33:04"
"basile","FullPilot","2","87","0","2","58","18","1","0","600","1116","1","0","11","33","0.18","0.88","62","38","FFEnemyShipNocolors1","FFEnemyShipNocolors3","0","1975","2024-04-25 13:33:07"
"basile","FullPilot","3","88","0","1","83","43","1","1","283","799","1","0","17","5","0.27","0.12","62","38","FFEnemyShipNoColors11","FFEnemyShipNocolors6","0","2760","2024-04-25 13:33:07"
"basile","FullPilot","2","88","1","2","88","46","1","0","533","1033","1","0","19","3","0.27","0.12","72","28","FFEnemyShipNoColors12","FFEnemyShipNocolors8","0","1975","2024-04-25 13:33:10"
"basile","FullPilot","3","89","0","1","63","56","1","1","283","783","1","0","17","7","0.27","0.18","62","38","FFEnemyShipNoColors11","FFEnemyShipNocolors6","0","2760","2024-04-25 13:33:10"
"basile","FullPilot","2","89","1","2","58","49","1","0","533","1034","1","0","19","5","0.27","0.18","72","28","FFEnemyShipNoColors12","FFEnemyShipNocolors8","1","2024","2024-04-25 13:33:13"
"basile","FullPilot","3","90","0","2","48","26","1","0","283","783","1","0","17","14","0.27","0.38","62","38","FFEnemyShipNoColors11","FFEnemyShipNocolors6","0","2760","2024-04-25 13:33:14"
"basile","FullPilot","2","90","1","1","45","16","1","1","516","1016","1","0","19","11","0.27","0.38","72","28","FFEnemyShipNoColors12","FFEnemyShipNocolors8","0","2024","2024-04-25 13:33:17"
"basile","FullPilot","3","91","1","2","53","44","1","0","300","800","1","0","19","14","0.27","0.5","72","28","FFEnemyShipNoColors9","FFEnemyShipNocolors7","0","2760","2024-04-25 13:33:17"
"basile","FullPilot","2","91","1","2","86","34","1","0","533","1034","1","0","19","14","0.27","0.5","72","28","FFEnemyShipNoColors12","FFEnemyShipNocolors8","1","2058","2024-04-25 13:33:20"
"basile","FullPilot","3","92","0","1","56","48","1","1","284","784","1","0","17","24","0.27","0.62","62","38","FFEnemyShipNoColors11","FFEnemyShipNocolors6","1","2816","2024-04-25 13:33:20"
"basile","FullPilot","2","92","1","1","89","66","1","1","517","1034","1","0","19","17","0.27","0.62","72","28","FFEnemyShipNoColors12","FFEnemyShipNocolors8","0","2058","2024-04-25 13:33:23"
"basile","FullPilot","3","93","0","1","57","25","1","1","282","783","1","0","17","28","0.27","0.73","62","38","FFEnemyShipNoColors11","FFEnemyShipNocolors6","0","2816","2024-04-25 13:33:24"
"basile","FullPilot","2","93","0","1","50","52","1","1","616","1116","1","0","17","28","0.27","0.73","62","38","FFEnemyShipNocolors1","FFEnemyShipNocolors3","0","2058","2024-04-25 13:33:26"
"basile","FullPilot","3","94","0","2","52","33","1","0","283","800","1","0","17","31","0.27","0.82","62","38","FFEnemyShipNoColors11","FFEnemyShipNocolors6","0","2816","2024-04-25 13:33:27"
"basile","FullPilot","2","94","0","1","45","31","1","1","616","1116","1","0","17","31","0.27","0.82","62","38","FFEnemyShipNocolors1","FFEnemyShipNocolors3","0","2058","2024-04-25 13:33:30"
"basile","FullPilot","3","95","1","2","56","17","1","0","283","784","1","0","19","25","0.27","0.88","72","28","FFEnemyShipNoColors9","FFEnemyShipNocolors7","1","2833","2024-04-25 13:33:30"
"basile","FullPilot","2","95","0","1","17","29","1","1","616","1133","1","0","17","33","0.27","0.88","62","38","FFEnemyShipNocolors1","FFEnemyShipNocolors3","0","2058","2024-04-25 13:33:33"
"basile","FullPilot","3","96","1","2","45","28","1","0","300","800","1","0","27","3","0.38","0.12","72","28","FFEnemyShipNoColors9","FFEnemyShipNocolors7","0","2833","2024-04-25 13:33:33"
"basile","FullPilot","2","96","0","1","73","61","1","1","600","1100","1","0","24","5","0.38","0.12","62","38","FFEnemyShipNocolors1","FFEnemyShipNocolors3","1","2131","2024-04-25 13:33:36"
"basile","FullPilot","3","97","0","1","64","60","1","1","283","783","1","0","24","7","0.38","0.18","62","38","FFEnemyShipNoColors11","FFEnemyShipNocolors6","0","2833","2024-04-25 13:33:37"
"basile","FullPilot","2","97","0","1","50","28","1","1","616","1117","1","0","24","7","0.38","0.18","62","38","FFEnemyShipNocolors1","FFEnemyShipNocolors3","1","2181","2024-04-25 13:33:39"
"basile","FullPilot","3","98","1","1","73","1","1","1","283","798","1","0","27","8","0.38","0.27","72","28","FFEnemyShipNoColors9","FFEnemyShipNocolors7","1","2906","2024-04-25 13:33:40"
"basile","FullPilot","2","98","1","1","78","35","1","1","532","1032","1","0","27","8","0.38","0.27","72","28","FFEnemyShipNoColors12","FFEnemyShipNocolors8","0","2181","2024-04-25 13:33:43"
"basile","FullPilot","3","99","0","2","62","20","1","0","283","783","1","0","24","19","0.38","0.5","62","38","FFEnemyShipNoColors11","FFEnemyShipNocolors6","1","2926","2024-04-25 13:33:43"
"basile","FullPilot","2","99","0","1","62","57","1","1","616","1117","1","0","24","19","0.38","0.5","62","38","FFEnemyShipNocolors1","FFEnemyShipNocolors3","0","2181","2024-04-25 13:33:46"
"basile","FullPilot","3","100","1","2","34","43","1","0","300","801","1","0","27","17","0.38","0.62","72","28","FFEnemyShipNoColors9","FFEnemyShipNocolors7","1","2969","2024-04-25 13:33:46"
"basile","FullPilot","2","100","1","1","74","7","1","1","532","1049","1","0","27","17","0.38","0.62","72","28","FFEnemyShipNoColors12","FFEnemyShipNocolors8","0","2181","2024-04-25 13:33:49"
"basile","FullPilot","3","101","1","2","64","19","1","0","283","783","1","0","27","20","0.38","0.73","72","28","FFEnemyShipNoColors9","FFEnemyShipNocolors7","0","2969","2024-04-25 13:33:49"
"basile","FullPilot","2","101","1","2","63","50","1","0","533","1034","1","0","27","20","0.38","0.73","72","28","FFEnemyShipNoColors12","FFEnemyShipNocolors8","0","2181","2024-04-25 13:33:53"
"basile","FullPilot","3","102","0","1","100","74","1","1","300","801","1","0","24","31","0.38","0.82","62","38","FFEnemyShipNoColors11","FFEnemyShipNocolors6","0","2969","2024-04-25 13:33:53"
"basile","FullPilot","2","102","0","2","64","35","1","0","615","1115","1","0","24","31","0.38","0.82","62","38","FFEnemyShipNocolors1","FFEnemyShipNocolors3","0","2181","2024-04-25 13:33:56"
"basile","FullPilot","3","103","1","1","50","21","1","1","283","783","1","0","27","25","0.38","0.88","72","28","FFEnemyShipNoColors9","FFEnemyShipNocolors7","0","2969","2024-04-25 13:33:56"
"basile","FullPilot","2","103","0","1","48","65","1","1","599","1100","1","0","24","33","0.38","0.88","62","38","FFEnemyShipNocolors1","FFEnemyShipNocolors3","1","2229","2024-04-25 13:33:59"
"basile","FullPilot","3","104","1","2","51","31","1","0","300","800","1","0","36","3","0.5","0.12","72","28","FFEnemyShipNoColors9","FFEnemyShipNocolors7","0","2969","2024-04-25 13:34:00"
"basile","FullPilot","2","104","1","2","55","44","1","0","533","1049","1","0","36","3","0.5","0.12","72","28","FFEnemyShipNoColors12","FFEnemyShipNocolors8","0","2229","2024-04-25 13:34:02"
"basile","FullPilot","3","105","0","2","57","51","1","0","316","817","1","0","31","7","0.5","0.18","62","38","FFEnemyShipNoColors11","FFEnemyShipNocolors6","0","2969","2024-04-25 13:34:03"
"basile","FullPilot","2","105","1","2","90","24","1","0","533","1033","1","0","36","5","0.5","0.18","72","28","FFEnemyShipNoColors12","FFEnemyShipNocolors8","0","2229","2024-04-25 13:34:06"
"basile","FullPilot","3","106","0","2","82","31","1","0","283","783","1","0","31","10","0.5","0.27","62","38","FFEnemyShipNoColors11","FFEnemyShipNocolors6","1","3000","2024-04-25 13:34:06"
"basile","FullPilot","2","106","0","1","79","34","1","1","616","1133","1","0","31","10","0.5","0.27","62","38","FFEnemyShipNocolors1","FFEnemyShipNocolors3","1","2308","2024-04-25 13:34:09"
"basile","FullPilot","3","107","0","1","37","12","1","1","283","799","1","0","31","14","0.5","0.38","62","38","FFEnemyShipNoColors11","FFEnemyShipNocolors6","0","3000","2024-04-25 13:34:09"
"basile","FullPilot","2","107","0","2","84","22","1","0","615","1115","1","0","31","14","0.5","0.38","62","38","FFEnemyShipNocolors1","FFEnemyShipNocolors3","0","2308","2024-04-25 13:34:12"
"basile","FullPilot","3","108","1","2","57","21","1","0","300","800","1","0","36","17","0.5","0.62","72","28","FFEnemyShipNoColors9","FFEnemyShipNocolors7","1","3021","2024-04-25 13:34:12"
"basile","FullPilot","2","108","0","1","19","53","1","1","616","1117","1","0","31","24","0.5","0.62","62","38","FFEnemyShipNocolors1","FFEnemyShipNocolors3","1","2327","2024-04-25 13:34:15"
"basile","FullPilot","3","109","1","2","53","74","1","0","284","800","1","0","36","20","0.5","0.73","72","28","FFEnemyShipNoColors9","FFEnemyShipNocolors7","1","3095","2024-04-25 13:34:15"
"basile","FullPilot","3","110","1","1","94","7","1","1","283","783","1","0","36","23","0.5","0.82","72","28","FFEnemyShipNoColors9","FFEnemyShipNocolors7","1","3189","2024-04-25 13:34:19"
"basile","FullPilot","2","109","1","1","77","41","1","1","549","1049","1","0","36","20","0.5","0.73","72","28","FFEnemyShipNoColors12","FFEnemyShipNocolors8","0","2327","2024-04-25 13:34:19"
"basile","FullPilot","3","111","0","1","95","45","1","1","300","816","1","0","31","33","0.5","0.88","62","38","FFEnemyShipNoColors11","FFEnemyShipNocolors6","1","3284","2024-04-25 13:34:22"
"basile","FullPilot","2","110","1","2","68","18","1","0","533","1050","1","0","36","23","0.5","0.82","72","28","FFEnemyShipNoColors12","FFEnemyShipNocolors8","1","2345","2024-04-25 13:34:22"
"basile","FullPilot","3","112","0","1","66","23","1","1","283","784","1","0","38","5","0.62","0.12","62","38","FFEnemyShipNoColors11","FFEnemyShipNocolors6","1","3350","2024-04-25 13:34:25"
"basile","FullPilot","2","111","1","2","70","22","1","0","533","1034","1","0","36","25","0.5","0.88","72","28","FFEnemyShipNoColors12","FFEnemyShipNocolors8","1","2367","2024-04-25 13:34:25"
"basile","FullPilot","3","113","0","1","55","27","1","1","266","782","1","0","38","7","0.62","0.18","62","38","FFEnemyShipNoColors11","FFEnemyShipNocolors6","0","3350","2024-04-25 13:34:28"
"basile","FullPilot","2","112","1","2","84","27","1","0","533","1050","1","0","45","3","0.62","0.12","72","28","FFEnemyShipNoColors12","FFEnemyShipNocolors8","0","2367","2024-04-25 13:34:28"
"basile","FullPilot","2","113","1","1","86","13","1","1","550","1050","1","0","45","5","0.62","0.18","72","28","FFEnemyShipNoColors12","FFEnemyShipNocolors8","1","2453","2024-04-25 13:34:31"
"basile","FullPilot","3","114","0","1","68","57","1","1","300","801","1","0","38","10","0.62","0.27","62","38","FFEnemyShipNoColors11","FFEnemyShipNocolors6","0","3350","2024-04-25 13:34:31"
"basile","FullPilot","2","114","1","2","78","36","1","0","534","1050","1","0","45","8","0.62","0.27","72","28","FFEnemyShipNoColors12","FFEnemyShipNocolors8","0","2453","2024-04-25 13:34:35"
"basile","FullPilot","3","115","1","2","89","72","1","0","282","799","1","0","45","11","0.62","0.38","72","28","FFEnemyShipNoColors9","FFEnemyShipNocolors7","0","3350","2024-04-25 13:34:35"
"basile","FullPilot","2","115","0","1","86","22","1","1","633","1133","1","0","38","14","0.62","0.38","62","38","FFEnemyShipNocolors1","FFEnemyShipNocolors3","0","2453","2024-04-25 13:34:38"
"basile","FullPilot","3","116","1","2","81","15","1","0","283","784","1","0","45","14","0.62","0.5","72","28","FFEnemyShipNoColors9","FFEnemyShipNocolors7","0","3350","2024-04-25 13:34:38"
"basile","FullPilot","3","117","1","2","99","9","1","0","267","784","1","0","45","20","0.62","0.73","72","28","FFEnemyShipNoColors9","FFEnemyShipNocolors7","1","3359","2024-04-25 13:34:41"
"basile","FullPilot","2","116","1","1","85","49","1","1","534","1050","1","0","45","14","0.62","0.5","72","28","FFEnemyShipNoColors12","FFEnemyShipNocolors8","0","2453","2024-04-25 13:34:41"
"basile","FullPilot","2","117","0","2","69","64","1","0","616","1133","1","0","38","28","0.62","0.73","62","38","FFEnemyShipNocolors1","FFEnemyShipNocolors3","1","2517","2024-04-25 13:34:44"
"basile","FullPilot","3","118","0","1","53","9","1","1","300","800","1","0","38","31","0.62","0.82","62","38","FFEnemyShipNoColors11","FFEnemyShipNocolors6","0","3359","2024-04-25 13:34:45"
"basile","FullPilot","2","118","1","2","67","54","1","0","517","1033","1","0","45","23","0.62","0.82","72","28","FFEnemyShipNoColors12","FFEnemyShipNocolors8","1","2571","2024-04-25 13:34:48"
"basile","FullPilot","3","119","0","1","79","53","1","1","284","800","1","0","38","33","0.62","0.88","62","38","FFEnemyShipNoColors11","FFEnemyShipNocolors6","0","3359","2024-04-25 13:34:48"
"basile","FullPilot","2","119","0","1","32","42","1","1","632","1132","1","0","38","33","0.62","0.88","62","38","FFEnemyShipNocolors1","FFEnemyShipNocolors3","1","2603","2024-04-25 13:34:51"
"basile","FullPilot","3","120","1","1","56","23","1","1","300","800","1","0","53","3","0.73","0.12","72","28","FFEnemyShipNoColors9","FFEnemyShipNocolors7","1","3415","2024-04-25 13:34:51"
"basile","FullPilot","2","120","0","1","54","23","1","1","600","1101","1","0","45","5","0.73","0.12","62","38","FFEnemyShipNocolors1","FFEnemyShipNocolors3","1","2657","2024-04-25 13:34:54"
"basile","FullPilot","3","121","0","1","60","43","1","1","284","800","1","0","45","7","0.73","0.18","62","38","FFEnemyShipNoColors11","FFEnemyShipNocolors6","1","3475","2024-04-25 13:34:54"
"basile","FullPilot","2","121","0","2","49","33","1","0","601","1116","1","0","45","7","0.73","0.18","62","38","FFEnemyShipNocolors1","FFEnemyShipNocolors3","0","2657","2024-04-25 13:34:57"
"basile","FullPilot","3","122","1","2","63","14","1","0","283","783","1","0","53","8","0.73","0.27","72","28","FFEnemyShipNoColors9","FFEnemyShipNocolors7","0","3475","2024-04-25 13:34:57"
"basile","FullPilot","2","122","0","1","74","37","1","1","616","1116","1","0","45","10","0.73","0.27","62","38","FFEnemyShipNocolors1","FFEnemyShipNocolors3","1","2731","2024-04-25 13:35:00"
"basile","FullPilot","3","123","0","2","54","33","1","0","283","784","1","0","45","14","0.73","0.38","62","38","FFEnemyShipNoColors11","FFEnemyShipNocolors6","1","3508","2024-04-25 13:35:01"
"basile","FullPilot","2","123","1","1","57","29","1","1","516","1018","1","0","53","11","0.73","0.38","72","28","FFEnemyShipNoColors12","FFEnemyShipNocolors8","0","2731","2024-04-25 13:35:03"
"basile","FullPilot","3","124","0","1","67","45","1","1","299","800","1","0","45","19","0.73","0.5","62","38","FFEnemyShipNoColors11","FFEnemyShipNocolors6","1","3575","2024-04-25 13:35:04"
"basile","FullPilot","2","124","1","1","64","49","1","1","533","1033","1","0","53","14","0.73","0.5","72","28","FFEnemyShipNoColors12","FFEnemyShipNocolors8","1","2795","2024-04-25 13:35:07"
"basile","FullPilot","3","125","0","1","78","53","1","1","268","783","1","0","45","24","0.73","0.62","62","38","FFEnemyShipNoColors11","FFEnemyShipNocolors6","0","3575","2024-04-25 13:35:07"
"basile","FullPilot","2","125","0","2","27","42","1","0","615","1115","1","0","45","24","0.73","0.62","62","38","FFEnemyShipNocolors1","FFEnemyShipNocolors3","1","2837","2024-04-25 13:35:10"
"basile","FullPilot","3","126","0","2","57","18","1","0","283","799","1","0","45","31","0.73","0.82","62","38","FFEnemyShipNoColors11","FFEnemyShipNocolors6","1","3593","2024-04-25 13:35:10"
"basile","FullPilot","2","126","0","1","31","78","1","1","616","1116","1","0","45","31","0.73","0.82","62","38","FFEnemyShipNocolors1","FFEnemyShipNocolors3","0","2837","2024-04-25 13:35:13"
"basile","FullPilot","3","127","1","1","50","61","1","1","283","783","1","0","53","25","0.73","0.88","72","28","FFEnemyShipNoColors9","FFEnemyShipNocolors7","1","3643","2024-04-25 13:35:13"
"basile","FullPilot","3","128","1","1","74","44","1","1","300","800","1","0","59","3","0.82","0.12","72","28","FFEnemyShipNoColors9","FFEnemyShipNocolors7","1","3717","2024-04-25 13:35:16"
"basile","FullPilot","2","127","0","1","55","45","1","1","600","1100","1","0","45","33","0.73","0.88","62","38","FFEnemyShipNocolors1","FFEnemyShipNocolors3","0","2837","2024-04-25 13:35:16"
"basile","FullPilot","3","129","0","1","47","49","1","1","283","783","1","0","51","7","0.82","0.18","62","38","FFEnemyShipNoColors11","FFEnemyShipNocolors6","1","3764","2024-04-25 13:35:19"
"basile","FullPilot","2","128","1","2","72","34","1","0","533","1033","1","0","59","3","0.82","0.12","72","28","FFEnemyShipNoColors12","FFEnemyShipNocolors8","0","2837","2024-04-25 13:35:20"
"basile","FullPilot","3","130","1","2","67","55","1","0","285","800","1","0","59","8","0.82","0.27","72","28","FFEnemyShipNoColors9","FFEnemyShipNocolors7","0","3764","2024-04-25 13:35:23"
"basile","FullPilot","2","129","1","2","66","39","1","0","533","1049","1","0","59","5","0.82","0.18","72","28","FFEnemyShipNoColors12","FFEnemyShipNocolors8","0","2837","2024-04-25 13:35:23"
"basile","FullPilot","3","131","0","1","55","52","1","1","300","816","1","0","51","14","0.82","0.38","62","38","FFEnemyShipNoColors11","FFEnemyShipNocolors6","1","3819","2024-04-25 13:35:26"
"basile","FullPilot","2","130","0","2","69","45","1","0","616","1116","1","0","51","10","0.82","0.27","62","38","FFEnemyShipNocolors1","FFEnemyShipNocolors3","0","2837","2024-04-25 13:35:26"
"basile","FullPilot","3","132","1","1","54","46","1","1","300","801","1","0","59","14","0.82","0.5","72","28","FFEnemyShipNoColors9","FFEnemyShipNocolors7","1","3873","2024-04-25 13:35:29"
"basile","FullPilot","2","131","0","2","54","74","1","0","601","1116","1","0","51","14","0.82","0.38","62","38","FFEnemyShipNocolors1","FFEnemyShipNocolors3","1","2911","2024-04-25 13:35:29"
"basile","FullPilot","3","133","1","2","66","26","1","0","298","798","1","0","59","17","0.82","0.62","72","28","FFEnemyShipNoColors9","FFEnemyShipNocolors7","0","3873","2024-04-25 13:35:32"
"basile","FullPilot","2","132","1","2","57","35","1","0","533","1033","1","0","59","14","0.82","0.5","72","28","FFEnemyShipNoColors12","FFEnemyShipNocolors8","0","2911","2024-04-25 13:35:33"
"basile","FullPilot","3","134","1","1","53","25","1","1","300","800","1","0","59","20","0.82","0.73","72","28","FFEnemyShipNoColors9","FFEnemyShipNocolors7","0","3873","2024-04-25 13:35:36"
"basile","FullPilot","2","133","0","2","60","36","1","0","599","1100","1","0","51","24","0.82","0.62","62","38","FFEnemyShipNocolors1","FFEnemyShipNocolors3","1","2947","2024-04-25 13:35:36"
"basile","FullPilot","2","134","0","2","75","75","1","0","616","1132","1","0","51","28","0.82","0.73","62","38","FFEnemyShipNocolors1","FFEnemyShipNocolors3","1","3022","2024-04-25 13:35:39"
"basile","FullPilot","3","135","0","1","31","42","1","1","283","799","1","0","51","33","0.82","0.88","62","38","FFEnemyShipNoColors11","FFEnemyShipNocolors6","0","3873","2024-04-25 13:35:39"
"basile","FullPilot","2","135","0","1","86","27","1","1","633","1133","1","0","51","33","0.82","0.88","62","38","FFEnemyShipNocolors1","FFEnemyShipNocolors3","1","3108","2024-04-25 13:35:42"
"basile","FullPilot","3","136","0","2","12","13","1","0","283","783","1","0","55","5","0.88","0.12","62","38","FFEnemyShipNoColors11","FFEnemyShipNocolors6","0","3873","2024-04-25 13:35:42"
"basile","FullPilot","2","136","1","2","79","44","1","0","518","1033","1","0","63","3","0.88","0.12","72","28","FFEnemyShipNoColors12","FFEnemyShipNocolors8","0","3108","2024-04-25 13:35:45"
"basile","FullPilot","3","137","1","1","86","36","1","1","282","799","1","0","63","5","0.88","0.18","72","28","FFEnemyShipNoColors9","FFEnemyShipNocolors7","1","3959","2024-04-25 13:35:45"
"basile","FullPilot","2","137","1","1","82","43","1","1","533","1033","1","0","63","5","0.88","0.18","72","28","FFEnemyShipNoColors12","FFEnemyShipNocolors8","1","3190","2024-04-25 13:35:48"
"basile","FullPilot","3","138","1","2","65","28","1","0","283","783","1","0","63","8","0.88","0.27","72","28","FFEnemyShipNoColors9","FFEnemyShipNocolors7","1","3987","2024-04-25 13:35:49"
"basile","FullPilot","2","138","0","1","27","55","1","1","616","1133","1","0","55","10","0.88","0.27","62","38","FFEnemyShipNocolors1","FFEnemyShipNocolors3","1","3217","2024-04-25 13:35:52"
"basile","FullPilot","3","139","0","2","58","58","1","0","299","799","1","0","55","14","0.88","0.38","62","38","FFEnemyShipNoColors11","FFEnemyShipNocolors6","1","4045","2024-04-25 13:35:52"
"basile","FullPilot","2","139","0","1","56","30","1","1","615","1115","1","0","55","14","0.88","0.38","62","38","FFEnemyShipNocolors1","FFEnemyShipNocolors3","0","3217","2024-04-25 13:35:55"
"basile","FullPilot","3","140","0","2","77","73","1","0","283","800","1","0","55","19","0.88","0.5","62","38","FFEnemyShipNoColors11","FFEnemyShipNocolors6","0","4045","2024-04-25 13:35:55"
"basile","FullPilot","2","140","0","1","56","52","1","1","600","1101","1","0","55","19","0.88","0.5","62","38","FFEnemyShipNocolors1","FFEnemyShipNocolors3","1","3273","2024-04-25 13:35:58"
"basile","FullPilot","3","141","0","1","60","61","1","1","266","767","1","0","55","24","0.88","0.62","62","38","FFEnemyShipNoColors11","FFEnemyShipNocolors6","1","4105","2024-04-25 13:35:58"
"basile","FullPilot","2","141","0","2","72","64","1","0","616","1116","1","0","55","24","0.88","0.62","62","38","FFEnemyShipNocolors1","FFEnemyShipNocolors3","1","3337","2024-04-25 13:36:01"
"basile","FullPilot","3","142","1","2","66","45","1","0","283","783","1","0","63","20","0.88","0.73","72","28","FFEnemyShipNoColors9","FFEnemyShipNocolors7","0","4105","2024-04-25 13:36:01"
"basile","FullPilot","2","142","1","1","90","31","1","1","533","1049","1","0","63","20","0.88","0.73","72","28","FFEnemyShipNoColors12","FFEnemyShipNocolors8","1","3427","2024-04-25 13:36:04"
"basile","FullPilot","3","143","1","2","76","58","1","0","283","783","1","0","63","23","0.88","0.82","72","28","FFEnemyShipNoColors9","FFEnemyShipNocolors7","1","4163","2024-04-25 13:36:04"
"basile","FullPilot","2","143","1","2","44","65","1","0","4523","9004","1","0","63","23","0.88","0.82","72","28","FFEnemyShipNoColors12","FFEnemyShipNocolors8","1","3492","2024-04-25 13:38:01"
"basile","FullPilot","1","0","-2","2","58","31","1","0","616","1116","1","0","67","33","1","1","67","33","FFEnemyShipNocolors5","FFEnemyShipNocolors2","1","31","2024-04-25 13:43:23"
"basile","FullPilot","3","0","1","1","74","32","1","1","300","800","1","0","9","5","0.12","0.18","72","28","FFEnemyShipNoColors9","FFEnemyShipNocolors7","0","0","2024-04-25 13:43:23"
"basile","FullPilot","2","0","1","2","95","45","1","0","533","1037","1","0","9","5","0.12","0.18","72","28","FFEnemyShipNoColors12","FFEnemyShipNocolors8","0","0","2024-04-25 13:43:23"
"basile","FullPilot","1","1","-2","1","61","7","1","1","616","1133","1","0","67","33","1","1","67","33","FFEnemyShipNocolors5","FFEnemyShipNocolors2","1","92","2024-04-25 13:43:26"
"basile","FullPilot","3","1","1","2","83","28","1","0","304","816","1","0","9","8","0.12","0.27","72","28","FFEnemyShipNoColors9","FFEnemyShipNocolors7","0","0","2024-04-25 13:43:26"
"basile","FullPilot","2","1","0","1","57","28","1","1","600","1116","1","0","7","10","0.12","0.27","62","38","FFEnemyShipNocolors3","FFEnemyShipNocolors1","0","0","2024-04-25 13:43:27"
"basile","FullPilot","1","2","-2","2","72","17","1","0","616","1117","1","0","67","33","1","1","67","33","FFEnemyShipNocolors5","FFEnemyShipNocolors2","1","109","2024-04-25 13:43:29"
"basile","FullPilot","3","2","0","1","78","26","1","1","284","799","1","0","7","14","0.12","0.38","62","38","FFEnemyShipNoColors11","FFEnemyShipNocolors6","0","0","2024-04-25 13:43:30"
"basile","FullPilot","2","2","0","1","58","52","1","1","617","1133","1","0","7","14","0.12","0.38","62","38","FFEnemyShipNocolors3","FFEnemyShipNocolors1","0","0","2024-04-25 13:43:30"
"basile","FullPilot","1","3","-2","1","62","63","1","1","616","1116","1","0","67","33","1","1","67","33","FFEnemyShipNocolors5","FFEnemyShipNocolors2","1","171","2024-04-25 13:43:32"
"basile","FullPilot","0","0","-1","1","50","50","1","1","533","1033","1","0","6","9","0.12","0.18","50","50","FFEnemyNeutral","FFEnemyNeutral","0","0","2024-04-25 13:43:33"
"basile","FullPilot","3","3","0","1","74","44","1","1","300","800","1","0","7","19","0.12","0.5","62","38","FFEnemyShipNoColors11","FFEnemyShipNocolors6","0","0","2024-04-25 13:43:33"
"basile","FullPilot","2","3","1","1","78","17","1","1","533","1033","1","0","9","14","0.12","0.5","72","28","FFEnemyShipNoColors12","FFEnemyShipNocolors8","0","0","2024-04-25 13:43:33"
"basile","FullPilot","1","4","-2","2","81","8","1","0","600","1116","1","0","67","33","1","1","67","33","FFEnemyShipNocolors5","FFEnemyShipNocolors2","1","179","2024-04-25 13:43:35"
"basile","FullPilot","3","0","0","2","6","30","1","0","300","800","1","0","7","7","0.12","0.18","62","38","FFEnemyShipNoColors11","FFEnemyShipNocolors6","0","0","2024-04-25 13:44:08"
"basile","FullPilot","3","1","0","2","65","53","1","0","300","800","1","0","7","10","0.12","0.27","62","38","FFEnemyShipNoColors11","FFEnemyShipNocolors6","0","0","2024-04-25 13:44:12"
"basile","FullPilot","3","2","0","2","71","35","1","0","300","815","1","0","7","14","0.12","0.38","62","38","FFEnemyShipNoColors11","FFEnemyShipNocolors6","0","0","2024-04-25 13:44:15"
"basile","FullPilot","3","3","1","1","64","54","1","1","283","800","1","0","9","14","0.12","0.5","72","28","FFEnemyShipNoColors9","FFEnemyShipNocolors7","0","0","2024-04-25 13:44:18"
"basile","FullPilot","3","4","0","2","65","31","1","0","299","799","1","0","7","24","0.12","0.62","62","38","FFEnemyShipNoColors11","FFEnemyShipNocolors6","1","31","2024-04-25 13:44:21"
"basile","FullPilot","3","5","1","2","52","15","1","0","283","784","1","0","9","20","0.12","0.73","72","28","FFEnemyShipNoColors9","FFEnemyShipNocolors7","0","31","2024-04-25 13:44:25"
"basile","FullPilot","3","6","1","1","48","36","1","1","283","799","1","0","9","23","0.12","0.82","72","28","FFEnemyShipNoColors9","FFEnemyShipNocolors7","0","31","2024-04-25 13:44:28"
"basile","FullPilot","3","7","0","2","90","24","1","0","283","800","1","0","7","33","0.12","0.88","62","38","FFEnemyShipNoColors11","FFEnemyShipNocolors6","1","55","2024-04-25 13:44:31"
"basile","FullPilot","3","8","0","1","50","42","1","1","283","798","1","0","11","5","0.18","0.12","62","38","FFEnemyShipNoColors11","FFEnemyShipNocolors6","0","55","2024-04-25 13:44:35"
"basile","FullPilot","3","9","0","2","88","5","1","0","300","800","1","0","11","10","0.18","0.27","62","38","FFEnemyShipNoColors11","FFEnemyShipNocolors6","0","55","2024-04-25 13:44:38"
"basile","FullPilot","3","10","0","1","82","38","1","1","300","800","1","0","11","14","0.18","0.38","62","38","FFEnemyShipNoColors11","FFEnemyShipNocolors6","0","55","2024-04-25 13:44:41"
"basile","FullPilot","3","11","1","2","51","29","1","0","301","801","1","0","13","14","0.18","0.5","72","28","FFEnemyShipNoColors9","FFEnemyShipNocolors7","0","55","2024-04-25 13:44:45"
"basile","FullPilot","3","12","1","2","63","40","1","0","266","766","1","0","13","17","0.18","0.62","72","28","FFEnemyShipNoColors9","FFEnemyShipNocolors7","0","55","2024-04-25 13:44:48"
"basile","FullPilot","3","13","0","1","52","34","1","1","282","783","1","0","11","28","0.18","0.73","62","38","FFEnemyShipNoColors11","FFEnemyShipNocolors6","0","55","2024-04-25 13:44:51"
"basile","FullPilot","3","14","1","2","67","11","1","0","300","816","1","0","13","23","0.18","0.82","72","28","FFEnemyShipNoColors9","FFEnemyShipNocolors7","0","55","2024-04-25 13:44:55"
"basile","FullPilot","3","15","1","2","65","63","1","0","299","799","1","0","13","25","0.18","0.88","72","28","FFEnemyShipNoColors9","FFEnemyShipNocolors7","1","118","2024-04-25 13:44:58"
"basile","FullPilot","3","16","1","1","91","2","1","1","283","783","1","0","19","3","0.27","0.12","72","28","FFEnemyShipNoColors9","FFEnemyShipNocolors7","0","118","2024-04-25 13:45:01"
"basile","FullPilot","3","17","1","2","63","31","1","0","283","800","1","0","19","5","0.27","0.18","72","28","FFEnemyShipNoColors9","FFEnemyShipNocolors7","0","118","2024-04-25 13:45:04"
"basile","FullPilot","3","18","1","1","38","52","1","1","266","766","1","0","19","11","0.27","0.38","72","28","FFEnemyShipNoColors9","FFEnemyShipNocolors7","1","156","2024-04-25 13:45:07"
"basile","FullPilot","3","19","0","1","47","56","1","1","283","783","1","0","17","19","0.27","0.5","62","38","FFEnemyShipNoColors11","FFEnemyShipNocolors6","0","156","2024-04-25 13:45:11"
"basile","FullPilot","3","20","1","2","44","36","1","0","299","800","1","0","19","17","0.27","0.62","72","28","FFEnemyShipNoColors9","FFEnemyShipNocolors7","1","192","2024-04-25 13:45:14"
"basile","FullPilot","3","21","1","1","58","24","1","1","292","1973","1","0","19","20","0.27","0.73","72","28","FFEnemyShipNoColors9","FFEnemyShipNocolors7","0","192","2024-04-25 13:45:20"
"basile","FullPilot","3","22","1","0","77","32","0","0","283","0","1","0","19","23","0.27","0.82","72","28","FFEnemyShipNoColors9","FFEnemyShipNocolors7","0","192","2024-04-25 13:45:23"
"basile","FullPilot","3","23","0","1","43","15","1","1","283","799","1","0","17","33","0.27","0.88","62","38","FFEnemyShipNoColors11","FFEnemyShipNocolors6","0","192","2024-04-25 13:45:26"
"basile","FullPilot","3","24","0","2","75","71","1","0","299","799","1","0","24","5","0.38","0.12","62","38","FFEnemyShipNoColors11","FFEnemyShipNocolors6","0","192","2024-04-25 13:45:29"
"basile","FullPilot","3","25","0","2","90","3","1","0","266","767","1","0","24","7","0.38","0.18","62","38","FFEnemyShipNoColors11","FFEnemyShipNocolors6","1","195","2024-04-25 13:45:32"
"basile","FullPilot","3","26","0","1","70","37","1","1","283","783","1","0","24","10","0.38","0.27","62","38","FFEnemyShipNoColors11","FFEnemyShipNocolors6","1","265","2024-04-25 13:45:36"
"basile","FullPilot","3","27","1","2","100","15","1","0","300","816","1","0","27","14","0.38","0.5","72","28","FFEnemyShipNoColors9","FFEnemyShipNocolors7","0","265","2024-04-25 13:45:39"
"basile","FullPilot","3","28","0","1","71","32","1","1","300","815","1","0","24","24","0.38","0.62","62","38","FFEnemyShipNoColors11","FFEnemyShipNocolors6","1","336","2024-04-25 13:45:42"
"basile","FullPilot","3","29","1","2","81","12","1","0","283","800","1","0","27","20","0.38","0.73","72","28","FFEnemyShipNoColors9","FFEnemyShipNocolors7","1","348","2024-04-25 13:45:45"
"basile","FullPilot","3","30","1","2","56","27","1","0","283","799","1","0","27","23","0.38","0.82","72","28","FFEnemyShipNoColors9","FFEnemyShipNocolors7","1","375","2024-04-25 13:45:48"
"basile","FullPilot","3","31","1","1","35","35","1","1","284","784","1","0","27","25","0.38","0.88","72","28","FFEnemyShipNoColors9","FFEnemyShipNocolors7","0","375","2024-04-25 13:45:52"
"basile","FullPilot","3","32","1","1","62","62","1","1","283","783","1","0","36","3","0.5","0.12","72","28","FFEnemyShipNoColors9","FFEnemyShipNocolors7","0","375","2024-04-25 13:45:55"
"basile","FullPilot","3","33","1","2","69","44","1","0","282","783","1","0","36","5","0.5","0.18","72","28","FFEnemyShipNoColors9","FFEnemyShipNocolors7","0","375","2024-04-25 13:45:58"
"basile","FullPilot","3","34","0","2","42","69","1","0","283","799","1","0","31","10","0.5","0.27","62","38","FFEnemyShipNoColors11","FFEnemyShipNocolors6","0","375","2024-04-25 13:46:02"
"basile","FullPilot","3","35","0","2","63","60","1","0","283","783","1","0","31","14","0.5","0.38","62","38","FFEnemyShipNoColors11","FFEnemyShipNocolors6","0","375","2024-04-25 13:46:05"
"basile","FullPilot","3","36","0","1","79","9","1","1","283","783","1","0","31","24","0.5","0.62","62","38","FFEnemyShipNoColors11","FFEnemyShipNocolors6","1","454","2024-04-25 13:46:08"
"basile","FullPilot","3","37","1","1","60","36","1","1","283","783","1","0","36","20","0.5","0.73","72","28","FFEnemyShipNoColors9","FFEnemyShipNocolors7","0","454","2024-04-25 13:46:12"
"basile","FullPilot","3","38","1","2","76","50","1","0","300","800","1","0","36","23","0.5","0.82","72","28","FFEnemyShipNoColors9","FFEnemyShipNocolors7","1","504","2024-04-25 13:46:15"
"basile","FullPilot","3","39","1","2","73","19","1","0","283","800","1","0","36","25","0.5","0.88","72","28","FFEnemyShipNoColors9","FFEnemyShipNocolors7","1","523","2024-04-25 13:46:18"
"basile","FullPilot","3","40","0","2","64","63","1","0","300","800","1","0","38","5","0.62","0.12","62","38","FFEnemyShipNoColors11","FFEnemyShipNocolors6","0","523","2024-04-25 13:46:21"
"basile","FullPilot","3","41","0","1","68","56","1","1","283","800","1","0","38","7","0.62","0.18","62","38","FFEnemyShipNoColors11","FFEnemyShipNocolors6","1","591","2024-04-25 13:46:24"
"basile","FullPilot","3","42","0","1","74","48","1","1","283","783","1","0","38","10","0.62","0.27","62","38","FFEnemyShipNoColors11","FFEnemyShipNocolors6","1","665","2024-04-25 13:46:27"
"basile","FullPilot","3","43","0","1","40","27","1","1","300","800","1","0","38","14","0.62","0.38","62","38","FFEnemyShipNoColors11","FFEnemyShipNocolors6","0","665","2024-04-25 13:46:31"
"basile","FullPilot","3","44","0","1","42","40","1","1","300","815","1","0","38","19","0.62","0.5","62","38","FFEnemyShipNoColors11","FFEnemyShipNocolors6","1","707","2024-04-25 13:46:34"
"basile","FullPilot","3","45","0","1","69","39","1","1","299","799","1","0","38","28","0.62","0.73","62","38","FFEnemyShipNoColors11","FFEnemyShipNocolors6","1","776","2024-04-25 13:46:37"
"basile","FullPilot","3","46","1","1","88","21","1","1","283","784","1","0","45","23","0.62","0.82","72","28","FFEnemyShipNoColors9","FFEnemyShipNocolors7","0","776","2024-04-25 13:46:40"
"basile","FullPilot","3","47","1","2","85","11","1","0","300","800","1","0","45","25","0.62","0.88","72","28","FFEnemyShipNoColors9","FFEnemyShipNocolors7","0","776","2024-04-25 13:46:43"
"basile","FullPilot","3","48","0","1","62","59","1","1","266","766","1","0","45","5","0.73","0.12","62","38","FFEnemyShipNoColors11","FFEnemyShipNocolors6","1","838","2024-04-25 13:46:47"
"basile","FullPilot","3","49","0","2","82","70","1","0","283","799","1","0","45","7","0.73","0.18","62","38","FFEnemyShipNoColors11","FFEnemyShipNocolors6","1","908","2024-04-25 13:46:50"
"basile","FullPilot","3","50","0","1","83","43","1","1","300","816","1","0","45","10","0.73","0.27","62","38","FFEnemyShipNoColors11","FFEnemyShipNocolors6","0","908","2024-04-25 13:46:53"
"basile","FullPilot","3","51","1","1","40","28","1","1","300","800","1","0","53","11","0.73","0.38","72","28","FFEnemyShipNoColors9","FFEnemyShipNocolors7","1","948","2024-04-25 13:46:56"
"basile","FullPilot","3","52","0","1","75","60","1","1","300","816","1","0","45","19","0.73","0.5","62","38","FFEnemyShipNoColors11","FFEnemyShipNocolors6","0","948","2024-04-25 13:46:59"
"basile","FullPilot","3","53","1","2","50","29","1","0","283","784","1","0","53","17","0.73","0.62","72","28","FFEnemyShipNoColors9","FFEnemyShipNocolors7","1","977","2024-04-25 13:47:02"
"basile","FullPilot","3","54","1","1","59","36","1","1","283","799","1","0","53","23","0.73","0.82","72","28","FFEnemyShipNoColors9","FFEnemyShipNocolors7","0","977","2024-04-25 13:47:06"
"basile","FullPilot","3","55","1","1","81","38","1","1","267","782","1","0","53","25","0.73","0.88","72","28","FFEnemyShipNoColors9","FFEnemyShipNocolors7","1","1058","2024-04-25 13:47:09"
"basile","FullPilot","3","56","1","2","94","34","1","0","300","816","1","0","59","3","0.82","0.12","72","28","FFEnemyShipNoColors9","FFEnemyShipNocolors7","0","1058","2024-04-25 13:47:12"
"basile","FullPilot","3","57","1","2","52","23","1","0","281","781","1","0","59","5","0.82","0.18","72","28","FFEnemyShipNoColors9","FFEnemyShipNocolors7","1","1081","2024-04-25 13:47:15"
"basile","FullPilot","3","58","0","1","97","33","1","1","300","816","1","0","51","10","0.82","0.27","62","38","FFEnemyShipNoColors11","FFEnemyShipNocolors6","1","1178","2024-04-25 13:47:18"
"basile","FullPilot","3","59","1","1","32","7","1","1","300","818","1","0","59","11","0.82","0.38","72","28","FFEnemyShipNoColors9","FFEnemyShipNocolors7","0","1178","2024-04-25 13:47:22"
"basile","FullPilot","3","60","0","2","93","63","1","0","283","798","1","0","51","19","0.82","0.5","62","38","FFEnemyShipNoColors11","FFEnemyShipNocolors6","0","1178","2024-04-25 13:47:25"
"basile","FullPilot","3","61","1","2","87","43","1","0","300","833","1","0","59","17","0.82","0.62","72","28","FFEnemyShipNoColors9","FFEnemyShipNocolors7","0","1178","2024-04-25 13:47:29"
"basile","FullPilot","3","62","0","1","43","32","1","1","283","783","1","0","51","28","0.82","0.73","62","38","FFEnemyShipNoColors11","FFEnemyShipNocolors6","0","1178","2024-04-25 13:47:32"
"basile","FullPilot","3","63","1","1","50","5","1","1","300","800","1","0","59","25","0.82","0.88","72","28","FFEnemyShipNoColors9","FFEnemyShipNocolors7","1","1228","2024-04-25 13:47:35"
"basile","FullPilot","3","64","1","1","84","56","1","1","283","784","1","0","63","3","0.88","0.12","72","28","FFEnemyShipNoColors9","FFEnemyShipNocolors7","1","1312","2024-04-25 13:47:38"
"basile","FullPilot","3","65","0","2","69","43","1","0","300","801","1","0","55","7","0.88","0.18","62","38","FFEnemyShipNoColors11","FFEnemyShipNocolors6","0","1312","2024-04-25 13:47:41"
"basile","FullPilot","3","66","1","1","79","44","1","1","300","816","1","0","63","8","0.88","0.27","72","28","FFEnemyShipNoColors9","FFEnemyShipNocolors7","1","1391","2024-04-25 13:47:45"
"basile","FullPilot","3","67","0","2","98","28","1","0","283","783","1","0","55","14","0.88","0.38","62","38","FFEnemyShipNoColors11","FFEnemyShipNocolors6","1","1419","2024-04-25 13:47:48"
"basile","FullPilot","3","68","1","2","75","42","1","0","284","784","1","0","63","14","0.88","0.5","72","28","FFEnemyShipNoColors9","FFEnemyShipNocolors7","1","1461","2024-04-25 13:47:51"
"basile","FullPilot","3","69","1","1","52","59","1","1","266","766","1","0","63","17","0.88","0.62","72","28","FFEnemyShipNoColors9","FFEnemyShipNocolors7","1","1513","2024-04-25 13:47:54"
"basile","FullPilot","3","70","1","1","90","3","1","1","266","782","1","0","63","20","0.88","0.73","72","28","FFEnemyShipNoColors9","FFEnemyShipNocolors7","1","1603","2024-04-25 13:47:57"
"basile","FullPilot","3","71","1","2","81","55","1","0","299","815","1","0","63","23","0.88","0.82","72","28","FFEnemyShipNoColors9","FFEnemyShipNocolors7","1","1658","2024-04-25 13:48:00"
"basile","FullPilot","3","72","0","2","62","3","1","0","283","799","1","0","7","7","0.12","0.18","62","38","FFEnemyShipNoColors11","FFEnemyShipNocolors6","0","1658","2024-04-25 13:48:03"
"basile","FullPilot","3","73","1","2","91","20","1","0","300","801","1","0","9","8","0.12","0.27","72","28","FFEnemyShipNoColors9","FFEnemyShipNocolors7","0","1658","2024-04-25 13:48:07"
"basile","FullPilot","3","74","1","1","74","41","1","1","283","799","1","0","9","11","0.12","0.38","72","28","FFEnemyShipNoColors9","FFEnemyShipNocolors7","0","1658","2024-04-25 13:48:10"
"basile","FullPilot","3","75","0","1","59","24","1","1","300","800","1","0","7","19","0.12","0.5","62","38","FFEnemyShipNoColors11","FFEnemyShipNocolors6","0","1658","2024-04-25 13:48:13"
"basile","FullPilot","3","76","0","2","66","31","1","0","300","800","1","0","7","24","0.12","0.62","62","38","FFEnemyShipNoColors11","FFEnemyShipNocolors6","0","1658","2024-04-25 13:48:17"
"basile","FullPilot","3","77","1","1","38","31","1","1","283","783","1","0","9","20","0.12","0.73","72","28","FFEnemyShipNoColors9","FFEnemyShipNocolors7","0","1658","2024-04-25 13:48:20"
"basile","FullPilot","3","78","1","1","55","25","1","1","300","800","1","0","9","23","0.12","0.82","72","28","FFEnemyShipNoColors9","FFEnemyShipNocolors7","0","1658","2024-04-25 13:48:23"
"basile","FullPilot","3","79","0","1","56","10","1","1","283","783","1","0","7","33","0.12","0.88","62","38","FFEnemyShipNoColors11","FFEnemyShipNocolors6","0","1658","2024-04-25 13:48:27"
"basile","FullPilot","3","80","0","2","71","51","1","0","283","783","1","0","11","5","0.18","0.12","62","38","FFEnemyShipNoColors11","FFEnemyShipNocolors6","0","1658","2024-04-25 13:48:30"
"basile","FullPilot","3","81","1","1","100","26","1","1","283","783","1","0","13","8","0.18","0.27","72","28","FFEnemyShipNoColors9","FFEnemyShipNocolors7","0","1658","2024-04-25 13:48:33"
"basile","FullPilot","3","82","1","1","94","32","1","1","299","799","1","0","13","11","0.18","0.38","72","28","FFEnemyShipNoColors9","FFEnemyShipNocolors7","0","1658","2024-04-25 13:48:37"
"basile","FullPilot","3","83","0","1","84","40","1","1","300","800","1","0","11","19","0.18","0.5","62","38","FFEnemyShipNoColors11","FFEnemyShipNocolors6","0","1658","2024-04-25 13:48:40"
"basile","FullPilot","3","84","1","1","98","43","1","1","283","783","1","0","13","17","0.18","0.62","72","28","FFEnemyShipNoColors9","FFEnemyShipNocolors7","0","1658","2024-04-25 13:48:43"
"basile","FullPilot","3","85","0","2","50","60","1","0","299","800","1","0","11","28","0.18","0.73","62","38","FFEnemyShipNoColors11","FFEnemyShipNocolors6","1","1718","2024-04-25 13:48:46"
"basile","FullPilot","3","86","1","1","82","47","1","1","300","799","1","0","13","23","0.18","0.82","72","28","FFEnemyShipNoColors9","FFEnemyShipNocolors7","0","1718","2024-04-25 13:48:50"
"basile","FullPilot","3","87","1","1","43","9","1","1","300","800","1","0","13","25","0.18","0.88","72","28","FFEnemyShipNoColors9","FFEnemyShipNocolors7","0","1718","2024-04-25 13:48:53"
"basile","FullPilot","3","88","0","2","47","46","1","0","300","801","1","0","17","5","0.27","0.12","62","38","FFEnemyShipNoColors11","FFEnemyShipNocolors6","0","1718","2024-04-25 13:48:56"
"basile","FullPilot","3","89","1","1","58","41","1","1","283","784","1","0","19","5","0.27","0.18","72","28","FFEnemyShipNoColors9","FFEnemyShipNocolors7","0","1718","2024-04-25 13:49:00"
"basile","FullPilot","3","90","0","2","96","23","1","0","283","798","1","0","17","14","0.27","0.38","62","38","FFEnemyShipNoColors11","FFEnemyShipNocolors6","0","1718","2024-04-25 13:49:03"
"basile","FullPilot","3","91","0","2","75","42","1","0","298","798","1","0","17","19","0.27","0.5","62","38","FFEnemyShipNoColors11","FFEnemyShipNocolors6","1","1760","2024-04-25 13:49:06"
"basile","FullPilot","3","92","1","1","80","53","1","1","283","783","1","0","19","17","0.27","0.62","72","28","FFEnemyShipNoColors9","FFEnemyShipNocolors7","1","1840","2024-04-25 13:49:09"
"basile","FullPilot","3","93","0","2","56","76","1","0","299","816","1","0","17","28","0.27","0.73","62","38","FFEnemyShipNoColors11","FFEnemyShipNocolors6","1","1916","2024-04-25 13:49:12"
"basile","FullPilot","3","94","1","1","76","12","1","1","300","800","1","0","19","23","0.27","0.82","72","28","FFEnemyShipNoColors9","FFEnemyShipNocolors7","0","1916","2024-04-25 13:49:16"
"basile","FullPilot","3","95","1","2","78","9","1","0","267","784","1","0","19","25","0.27","0.88","72","28","FFEnemyShipNoColors9","FFEnemyShipNocolors7","1","1925","2024-04-25 13:49:19"
"basile","FullPilot","3","96","1","2","37","45","1","0","283","799","1","0","27","3","0.38","0.12","72","28","FFEnemyShipNoColors9","FFEnemyShipNocolors7","0","1925","2024-04-25 13:49:22"
"basile","FullPilot","3","97","1","2","88","39","1","0","283","783","1","0","27","5","0.38","0.18","72","28","FFEnemyShipNoColors9","FFEnemyShipNocolors7","0","1925","2024-04-25 13:49:26"
"basile","FullPilot","3","98","0","1","59","71","1","1","300","815","1","0","24","10","0.38","0.27","62","38","FFEnemyShipNoColors11","FFEnemyShipNocolors6","1","1984","2024-04-25 13:49:29"
"basile","FullPilot","3","99","0","1","45","82","1","1","283","798","1","0","24","19","0.38","0.5","62","38","FFEnemyShipNoColors11","FFEnemyShipNocolors6","0","1984","2024-04-25 13:49:32"
"basile","FullPilot","3","100","1","1","41","15","1","1","298","799","1","0","27","17","0.38","0.62","72","28","FFEnemyShipNoColors9","FFEnemyShipNocolors7","0","1984","2024-04-25 13:49:35"
"basile","FullPilot","3","101","1","2","59","12","1","0","299","800","1","0","27","20","0.38","0.73","72","28","FFEnemyShipNoColors9","FFEnemyShipNocolors7","1","1996","2024-04-25 13:49:39"
"basile","FullPilot","3","102","0","1","60","34","1","1","300","799","1","0","24","31","0.38","0.82","62","38","FFEnemyShipNoColors11","FFEnemyShipNocolors6","0","1996","2024-04-25 13:49:42"
"basile","FullPilot","3","103","0","1","69","57","1","1","300","816","1","0","24","33","0.38","0.88","62","38","FFEnemyShipNoColors11","FFEnemyShipNocolors6","1","2065","2024-04-25 13:49:45"
"basile","FullPilot","3","104","1","2","56","8","1","0","283","783","1","0","36","3","0.5","0.12","72","28","FFEnemyShipNoColors9","FFEnemyShipNocolors7","0","2065","2024-04-25 13:49:48"
"basile","FullPilot","3","105","0","1","52","14","1","1","298","799","1","0","31","7","0.5","0.18","62","38","FFEnemyShipNoColors11","FFEnemyShipNocolors6","0","2065","2024-04-25 13:49:52"
"basile","FullPilot","3","106","1","2","73","63","1","0","300","800","1","0","36","8","0.5","0.27","72","28","FFEnemyShipNoColors9","FFEnemyShipNocolors7","0","2065","2024-04-25 13:49:55"
"basile","FullPilot","3","107","1","1","58","50","1","1","283","783","1","0","36","11","0.5","0.38","72","28","FFEnemyShipNoColors9","FFEnemyShipNocolors7","1","2123","2024-04-25 13:49:58"
"basile","FullPilot","3","108","0","2","82","36","1","0","299","800","1","0","31","24","0.5","0.62","62","38","FFEnemyShipNoColors11","FFEnemyShipNocolors6","1","2159","2024-04-25 13:50:01"
"basile","FullPilot","3","109","1","1","41","47","1","1","283","799","1","0","36","20","0.5","0.73","72","28","FFEnemyShipNoColors9","FFEnemyShipNocolors7","1","2200","2024-04-25 13:50:04"
"basile","FullPilot","3","110","1","1","46","29","1","1","283","784","1","0","36","23","0.5","0.82","72","28","FFEnemyShipNoColors9","FFEnemyShipNocolors7","1","2246","2024-04-25 13:50:07"
"basile","FullPilot","3","111","0","1","77","60","1","1","299","799","1","0","31","33","0.5","0.88","62","38","FFEnemyShipNoColors11","FFEnemyShipNocolors6","0","2246","2024-04-25 13:50:11"
"basile","FullPilot","3","112","0","1","41","46","1","1","283","798","1","0","38","5","0.62","0.12","62","38","FFEnemyShipNoColors11","FFEnemyShipNocolors6","1","2287","2024-04-25 13:50:14"
"basile","FullPilot","3","113","0","1","52","24","1","1","283","800","1","0","38","7","0.62","0.18","62","38","FFEnemyShipNoColors11","FFEnemyShipNocolors6","1","2339","2024-04-25 13:50:17"
"basile","FullPilot","3","114","1","2","64","24","1","0","300","800","1","0","45","8","0.62","0.27","72","28","FFEnemyShipNoColors9","FFEnemyShipNocolors7","0","2339","2024-04-25 13:50:20"
"basile","FullPilot","3","115","0","1","78","32","1","1","284","800","1","0","38","14","0.62","0.38","62","38","FFEnemyShipNoColors11","FFEnemyShipNocolors6","0","2339","2024-04-25 13:50:24"
"basile","FullPilot","3","116","0","1","58","16","1","1","300","800","1","0","38","19","0.62","0.5","62","38","FFEnemyShipNoColors11","FFEnemyShipNocolors6","1","2397","2024-04-25 13:50:27"
"basile","FullPilot","3","117","0","1","46","42","1","1","300","816","1","0","38","28","0.62","0.73","62","38","FFEnemyShipNoColors11","FFEnemyShipNocolors6","0","2397","2024-04-25 13:50:30"
"basile","FullPilot","3","118","1","1","60","60","1","1","284","802","1","0","45","23","0.62","0.82","72","28","FFEnemyShipNoColors9","FFEnemyShipNocolors7","1","2457","2024-04-25 13:50:33"
"basile","FullPilot","3","119","0","1","37","28","1","1","282","782","1","0","38","33","0.62","0.88","62","38","FFEnemyShipNoColors11","FFEnemyShipNocolors6","1","2494","2024-04-25 13:50:36"
"basile","FullPilot","3","120","1","2","77","10","1","0","282","782","1","0","53","3","0.73","0.12","72","28","FFEnemyShipNoColors9","FFEnemyShipNocolors7","0","2494","2024-04-25 13:50:40"
"basile","FullPilot","3","121","0","2","80","38","1","0","283","800","1","0","45","7","0.73","0.18","62","38","FFEnemyShipNoColors11","FFEnemyShipNocolors6","0","2494","2024-04-25 13:50:43"
"basile","FullPilot","3","122","1","1","86","22","1","1","267","767","1","0","53","8","0.73","0.27","72","28","FFEnemyShipNoColors9","FFEnemyShipNocolors7","1","2580","2024-04-25 13:50:46"
"basile","FullPilot","3","123","0","1","22","19","1","1","266","781","1","0","45","14","0.73","0.38","62","38","FFEnemyShipNoColors11","FFEnemyShipNocolors6","1","2602","2024-04-25 13:50:49"
"basile","FullPilot","3","124","0","1","40","40","1","1","283","798","1","0","45","19","0.73","0.5","62","38","FFEnemyShipNoColors11","FFEnemyShipNocolors6","1","2642","2024-04-25 13:50:53"
"basile","FullPilot","3","125","1","2","38","47","1","0","300","800","1","0","53","17","0.73","0.62","72","28","FFEnemyShipNoColors9","FFEnemyShipNocolors7","0","2642","2024-04-25 13:50:56"
"basile","FullPilot","3","126","1","1","74","49","1","1","283","783","1","0","53","23","0.73","0.82","72","28","FFEnemyShipNoColors9","FFEnemyShipNocolors7","1","2716","2024-04-25 13:50:59"
"basile","FullPilot","3","127","0","1","65","39","1","1","300","801","1","0","45","33","0.73","0.88","62","38","FFEnemyShipNoColors11","FFEnemyShipNocolors6","1","2781","2024-04-25 13:51:02"
"basile","FullPilot","3","128","0","2","75","53","1","0","300","801","1","0","51","5","0.82","0.12","62","38","FFEnemyShipNoColors11","FFEnemyShipNocolors6","1","2834","2024-04-25 13:51:05"
"basile","FullPilot","3","129","0","1","94","24","1","1","284","784","1","0","51","7","0.82","0.18","62","38","FFEnemyShipNoColors11","FFEnemyShipNocolors6","1","2928","2024-04-25 13:51:08"
"basile","FullPilot","3","130","0","2","63","46","1","0","282","783","1","0","51","10","0.82","0.27","62","38","FFEnemyShipNoColors11","FFEnemyShipNocolors6","1","2974","2024-04-25 13:51:11"
"basile","FullPilot","3","131","0","1","81","4","1","1","299","816","1","0","51","14","0.82","0.38","62","38","FFEnemyShipNoColors11","FFEnemyShipNocolors6","1","3055","2024-04-25 13:51:14"
"basile","FullPilot","3","132","0","2","69","34","1","0","300","800","1","0","51","19","0.82","0.5","62","38","FFEnemyShipNoColors11","FFEnemyShipNocolors6","0","3055","2024-04-25 13:51:18"
"basile","FullPilot","3","133","0","2","56","28","1","0","284","785","1","0","51","24","0.82","0.62","62","38","FFEnemyShipNoColors11","FFEnemyShipNocolors6","1","3083","2024-04-25 13:51:21"
"basile","FullPilot","3","134","1","2","69","2","1","0","300","816","1","0","59","20","0.82","0.73","72","28","FFEnemyShipNoColors9","FFEnemyShipNocolors7","1","3085","2024-04-25 13:51:24"
"basile","FullPilot","3","135","0","2","58","27","1","0","283","783","1","0","51","33","0.82","0.88","62","38","FFEnemyShipNoColors11","FFEnemyShipNocolors6","1","3112","2024-04-25 13:51:27"
"basile","FullPilot","3","136","1","1","43","51","1","1","299","814","1","0","63","3","0.88","0.12","72","28","FFEnemyShipNoColors9","FFEnemyShipNocolors7","1","3155","2024-04-25 13:51:30"
"basile","FullPilot","3","137","0","1","33","65","1","1","282","783","1","0","55","7","0.88","0.18","62","38","FFEnemyShipNoColors11","FFEnemyShipNocolors6","1","3188","2024-04-25 13:51:33"
"basile","FullPilot","3","138","0","1","41","41","1","1","283","783","1","0","55","10","0.88","0.27","62","38","FFEnemyShipNoColors11","FFEnemyShipNocolors6","1","3229","2024-04-25 13:51:36"
"basile","FullPilot","3","139","0","2","71","39","1","0","299","816","1","0","55","14","0.88","0.38","62","38","FFEnemyShipNoColors11","FFEnemyShipNocolors6","0","3229","2024-04-25 13:51:40"
"basile","FullPilot","3","140","1","1","42","38","1","1","300","800","1","0","63","14","0.88","0.5","72","28","FFEnemyShipNoColors9","FFEnemyShipNocolors7","1","3271","2024-04-25 13:51:43"
"basile","FullPilot","3","141","0","2","58","30","1","0","283","799","1","0","55","24","0.88","0.62","62","38","FFEnemyShipNoColors11","FFEnemyShipNocolors6","1","3301","2024-04-25 13:51:46"
"basile","FullPilot","3","142","1","2","58","43","1","0","300","800","1","0","63","20","0.88","0.73","72","28","FFEnemyShipNoColors9","FFEnemyShipNocolors7","1","3344","2024-04-25 13:51:49"
"basile","FullPilot","3","143","1","1","92","25","1","1","283","800","1","0","63","23","0.88","0.82","72","28","FFEnemyShipNoColors9","FFEnemyShipNocolors7","0","3344","2024-04-25 13:51:52"
"basile","FullPilot","0","0","-1","1","50","50","0","0","534","1049","1","1","6","9","0.12","0.18","50","50","FFEnemyNeutral","FFEnemyNeutral","0","0","2024-04-25 14:23:43"
"basile","FullPilot","0","1","-1","1","50","50","1","1","532","1049","1","0","6","14","0.12","0.27","50","50","FFEnemyNeutral","FFEnemyNeutral","0","0","2024-04-25 14:23:46"
"basile","FullPilot","2","0","0","2","54","60","1","0","616","1049","1","0","7","7","0.12","0.18","62","38","FFEnemyShipNocolors3","FFEnemyShipNocolors1","0","0","2024-04-25 14:24:01"
"basile","FullPilot","2","1","0","2","65","55","1","0","616","1117","1","0","7","10","0.12","0.27","62","38","FFEnemyShipNocolors3","FFEnemyShipNocolors1","0","0","2024-04-25 14:24:04"
"basile","FullPilot","2","2","0","2","63","32","1","0","600","1117","1","0","7","14","0.12","0.38","62","38","FFEnemyShipNocolors3","FFEnemyShipNocolors1","0","0","2024-04-25 14:24:08"
"basile","FullPilot","3","0","0","1","83","41","1","1","300","801","1","0","7","7","0.12","0.18","62","38","FFEnemyShipNoColors11","FFEnemyShipNocolors6","0","0","2024-04-25 14:24:18"
"basile","FullPilot","3","1","0","2","84","61","1","0","283","784","1","0","7","10","0.12","0.27","62","38","FFEnemyShipNoColors11","FFEnemyShipNocolors6","0","0","2024-04-25 14:24:21"
"basile","FullPilot","3","2","1","2","85","13","1","0","282","783","1","0","9","11","0.12","0.38","72","28","FFEnemyShipNocolors7","FFEnemyShipNoColors9","0","0","2024-04-25 14:24:25"
"basile","FullPilot","3","3","1","2","71","44","1","0","1792","3068","1","0","9","14","0.12","0.5","72","28","FFEnemyShipNocolors7","FFEnemyShipNoColors9","0","0","2024-04-25 14:24:30"
"test","FullPilot","3","0","0","2","95","28","1","0","286","786","1","0","7","7","0.12","0.18","62","38","FFEnemyShipNocolors6","FFEnemyShipNoColors11","1","28","2024-04-26 13:25:10"
"test","FullPilot","3","1","0","1","36","44","1","1","282","783","1","0","7","10","0.12","0.27","62","38","FFEnemyShipNocolors6","FFEnemyShipNoColors11","0","28","2024-04-26 13:25:14"
"test","FullPilot","3","2","0","2","74","8","1","0","291","791","1","0","7","14","0.12","0.38","62","38","FFEnemyShipNocolors6","FFEnemyShipNoColors11","0","28","2024-04-26 13:25:17"
"test","FullPilot","3","3","0","2","39","35","1","0","285","786","1","0","7","19","0.12","0.5","62","38","FFEnemyShipNocolors6","FFEnemyShipNoColors11","0","28","2024-04-26 13:25:20"
"test","FullPilot","3","4","0","2","67","4","1","0","280","781","1","0","7","24","0.12","0.62","62","38","FFEnemyShipNocolors6","FFEnemyShipNoColors11","0","28","2024-04-26 13:25:24"
"test","FullPilot","3","5","0","2","79","33","1","0","293","793","1","0","7","28","0.12","0.73","62","38","FFEnemyShipNocolors6","FFEnemyShipNoColors11","0","28","2024-04-26 13:25:31"
"test2","FullPilot","0","0","-1","2","50","50","1","0","550","1066","1","0","6","9","0.12","0.18","50","50","FFEnemyNeutral","FFEnemyNeutral","1","50","2024-04-26 13:46:54"
"test2","FullPilot","0","1","-1","2","50","50","1","0","533","1033","1","0","6","14","0.12","0.27","50","50","FFEnemyNeutral","FFEnemyNeutral","0","50","2024-04-26 13:46:57"
"test2","FullPilot","0","2","-1","2","50","50","1","0","549","1066","1","0","6","19","0.12","0.38","50","50","FFEnemyNeutral","FFEnemyNeutral","1","100","2024-04-26 13:47:00"
"test2","FullPilot","0","3","-1","1","50","50","1","1","549","1050","1","0","6","25","0.12","0.5","50","50","FFEnemyNeutral","FFEnemyNeutral","1","150","2024-04-26 13:47:02"
"test2","FullPilot","0","4","-1","1","50","50","1","1","533","1033","1","0","6","31","0.12","0.62","50","50","FFEnemyNeutral","FFEnemyNeutral","0","150","2024-04-26 13:47:05"
"test2","FullPilot","0","5","-1","1","50","50","1","1","533","1033","1","0","6","37","0.12","0.73","50","50","FFEnemyNeutral","FFEnemyNeutral","1","200","2024-04-26 13:47:08"
"test2","FullPilot","0","6","-1","2","50","50","1","0","533","1033","1","0","6","41","0.12","0.82","50","50","FFEnemyNeutral","FFEnemyNeutral","1","250","2024-04-26 13:47:11"
"test2","FullPilot","0","7","-1","1","50","50","1","1","533","1033","1","0","6","44","0.12","0.88","50","50","FFEnemyNeutral","FFEnemyNeutral","1","300","2024-04-26 13:47:14"
"test2","FullPilot","0","8","-1","2","50","50","1","0","533","1033","1","0","9","6","0.18","0.12","50","50","FFEnemyNeutral","FFEnemyNeutral","1","350","2024-04-26 13:47:17"
"test2","FullPilot","0","9","-1","2","50","50","1","0","533","1033","1","0","9","14","0.18","0.27","50","50","FFEnemyNeutral","FFEnemyNeutral","0","350","2024-04-26 13:47:19"
"test2","FullPilot","0","10","-1","2","50","50","1","0","549","1050","1","0","9","19","0.18","0.38","50","50","FFEnemyNeutral","FFEnemyNeutral","1","400","2024-04-26 13:47:22"
"test2","FullPilot","0","11","-1","2","50","50","1","0","533","1033","1","0","9","25","0.18","0.5","50","50","FFEnemyNeutral","FFEnemyNeutral","1","450","2024-04-26 13:47:25"
"test2","FullPilot","0","12","-1","1","50","50","1","1","533","1049","1","0","9","31","0.18","0.62","50","50","FFEnemyNeutral","FFEnemyNeutral","0","450","2024-04-26 13:47:28"
"test2","FullPilot","0","13","-1","2","50","50","1","0","533","1050","1","0","9","37","0.18","0.73","50","50","FFEnemyNeutral","FFEnemyNeutral","1","500","2024-04-26 13:47:31"
"test2","FullPilot","0","14","-1","1","50","50","1","1","550","1050","1","0","9","41","0.18","0.82","50","50","FFEnemyNeutral","FFEnemyNeutral","0","500","2024-04-26 13:47:34"
"test2","FullPilot","0","15","-1","1","50","50","1","1","516","1016","1","0","9","44","0.18","0.88","50","50","FFEnemyNeutral","FFEnemyNeutral","0","500","2024-04-26 13:47:37"
"test2","FullPilot","0","16","-1","2","50","50","1","0","517","1033","1","0","14","6","0.27","0.12","50","50","FFEnemyNeutral","FFEnemyNeutral","0","500","2024-04-26 13:47:40"
"test2","FullPilot","0","17","-1","2","50","50","1","0","550","1050","1","0","14","9","0.27","0.18","50","50","FFEnemyNeutral","FFEnemyNeutral","0","500","2024-04-26 13:47:43"
"test2","FullPilot","0","18","-1","2","50","50","1","0","533","1033","1","0","14","19","0.27","0.38","50","50","FFEnemyNeutral","FFEnemyNeutral","0","500","2024-04-26 13:47:47"
"test2","FullPilot","0","19","-1","1","50","50","1","1","1000","3000","1","0","14","25","0.27","0.5","50","50","FFEnemyNeutral","FFEnemyNeutral","0","500","2024-04-26 13:47:59"
"test2","FullPilot","0","20","-1","2","50","50","1","0","1001","3001","1","0","14","31","0.27","0.62","50","50","FFEnemyNeutral","FFEnemyNeutral","0","500","2024-04-26 13:48:11"
"test2","FullPilot","0","21","-1","2","50","50","1","0","999","2999","1","0","14","37","0.27","0.73","50","50","FFEnemyNeutral","FFEnemyNeutral","1","550","2024-04-26 13:48:23"
"test2","FullPilot","0","22","-1","2","50","50","1","0","1000","3014","1","0","14","41","0.27","0.82","50","50","FFEnemyNeutral","FFEnemyNeutral","1","600","2024-04-26 13:48:35"
"test2","FullPilot","0","23","-1","2","50","50","1","0","1000","3001","1","0","14","44","0.27","0.88","50","50","FFEnemyNeutral","FFEnemyNeutral","0","600","2024-04-26 13:48:47"
"test2","FullPilot","0","24","-1","2","50","50","1","0","991","2991","1","0","19","6","0.38","0.12","50","50","FFEnemyNeutral","FFEnemyNeutral","0","600","2024-04-26 13:48:59"
"test2","FullPilot","0","25","-1","1","50","50","1","1","991","2991","1","0","19","9","0.38","0.18","50","50","FFEnemyNeutral","FFEnemyNeutral","0","600","2024-04-26 13:49:11"
"test2","FullPilot","0","26","-1","1","50","50","1","1","999","3000","1","0","19","14","0.38","0.27","50","50","FFEnemyNeutral","FFEnemyNeutral","1","650","2024-04-26 13:49:23"
"test2","FullPilot","0","27","-1","2","50","50","1","0","999","2999","1","0","19","25","0.38","0.5","50","50","FFEnemyNeutral","FFEnemyNeutral","0","650","2024-04-26 13:49:35"
"test2","FullPilot","0","28","-1","2","50","50","1","0","1007","3013","1","0","19","31","0.38","0.62","50","50","FFEnemyNeutral","FFEnemyNeutral","1","700","2024-04-26 13:49:47"
"test2","FullPilot","0","29","-1","1","50","50","1","1","986","2985","1","0","19","37","0.38","0.73","50","50","FFEnemyNeutral","FFEnemyNeutral","0","700","2024-04-26 13:49:59"
"test2","FullPilot","0","30","-1","2","50","50","1","0","991","2994","1","0","19","41","0.38","0.82","50","50","FFEnemyNeutral","FFEnemyNeutral","1","750","2024-04-26 13:50:11"
"test2","FullPilot","0","31","-1","2","50","50","1","0","1004","3003","1","0","19","44","0.38","0.88","50","50","FFEnemyNeutral","FFEnemyNeutral","1","800","2024-04-26 13:50:23"
"test2","FullPilot","0","32","-1","1","50","50","1","1","1013","2999","1","0","25","6","0.5","0.12","50","50","FFEnemyNeutral","FFEnemyNeutral","0","800","2024-04-26 13:50:35"
"test2","FullPilot","0","33","-1","1","50","50","1","1","1000","3000","1","0","25","9","0.5","0.18","50","50","FFEnemyNeutral","FFEnemyNeutral","1","850","2024-04-26 13:50:47"
"test2","FullPilot","0","34","-1","2","50","50","1","0","999","2999","1","0","25","14","0.5","0.27","50","50","FFEnemyNeutral","FFEnemyNeutral","0","850","2024-04-26 13:50:59"
"test2","FullPilot","0","35","-1","2","50","50","1","0","1000","3000","1","0","25","19","0.5","0.38","50","50","FFEnemyNeutral","FFEnemyNeutral","0","850","2024-04-26 13:51:11"
"test2","FullPilot","0","36","-1","2","50","50","1","0","1016","3000","1","0","25","31","0.5","0.62","50","50","FFEnemyNeutral","FFEnemyNeutral","1","900","2024-04-26 13:51:23"
"test2","FullPilot","0","37","-1","1","50","50","1","1","999","2999","1","0","25","37","0.5","0.73","50","50","FFEnemyNeutral","FFEnemyNeutral","0","900","2024-04-26 13:51:35"
"test2","FullPilot","0","38","-1","1","50","50","1","1","1000","3000","1","0","25","41","0.5","0.82","50","50","FFEnemyNeutral","FFEnemyNeutral","0","900","2024-04-26 13:51:47"
"test2","FullPilot","0","39","-1","1","50","50","1","1","1000","3001","1","0","25","44","0.5","0.88","50","50","FFEnemyNeutral","FFEnemyNeutral","0","900","2024-04-26 13:51:59"
"test2","FullPilot","0","40","-1","2","50","50","1","0","988","2989","1","0","31","6","0.62","0.12","50","50","FFEnemyNeutral","FFEnemyNeutral","0","900","2024-04-26 13:52:11"
"test2","FullPilot","0","41","-1","1","50","50","1","1","1000","3011","1","0","31","9","0.62","0.18","50","50","FFEnemyNeutral","FFEnemyNeutral","0","900","2024-04-26 13:52:23"
"test2","FullPilot","0","42","-1","2","50","50","1","0","1001","3001","1","0","31","14","0.62","0.27","50","50","FFEnemyNeutral","FFEnemyNeutral","1","950","2024-04-26 13:52:35"
"test2","FullPilot","0","43","-1","2","50","50","1","0","1011","3000","1","0","31","19","0.62","0.38","50","50","FFEnemyNeutral","FFEnemyNeutral","1","1000","2024-04-26 13:52:47"
"test2","FullPilot","0","44","-1","1","50","50","1","1","1001","3000","1","0","31","25","0.62","0.5","50","50","FFEnemyNeutral","FFEnemyNeutral","0","1000","2024-04-26 13:52:59"
"test2","FullPilot","0","45","-1","2","50","50","1","0","999","3012","1","0","31","37","0.62","0.73","50","50","FFEnemyNeutral","FFEnemyNeutral","1","1050","2024-04-26 13:53:11"
"test2","FullPilot","0","46","-1","1","50","50","1","1","1000","3000","1","0","31","41","0.62","0.82","50","50","FFEnemyNeutral","FFEnemyNeutral","0","1050","2024-04-26 13:53:23"
"test2","FullPilot","0","47","-1","2","50","50","1","0","998","2997","1","0","31","44","0.62","0.88","50","50","FFEnemyNeutral","FFEnemyNeutral","1","1100","2024-04-26 13:53:35"
"test2","FullPilot","0","48","-1","1","50","50","1","1","999","3007","1","0","37","6","0.73","0.12","50","50","FFEnemyNeutral","FFEnemyNeutral","1","1150","2024-04-26 13:53:47"
"test2","FullPilot","0","49","-1","2","50","50","1","0","1001","3001","1","0","37","9","0.73","0.18","50","50","FFEnemyNeutral","FFEnemyNeutral","0","1150","2024-04-26 13:53:59"
"test2","FullPilot","0","50","-1","1","50","50","1","1","997","2997","1","0","37","14","0.73","0.27","50","50","FFEnemyNeutral","FFEnemyNeutral","0","1150","2024-04-26 13:54:11"
"test2","FullPilot","0","51","-1","1","50","50","1","1","1000","3001","1","0","37","19","0.73","0.38","50","50","FFEnemyNeutral","FFEnemyNeutral","1","1200","2024-04-26 13:54:23"
"test2","FullPilot","0","52","-1","2","50","50","1","0","1003","3000","1","0","37","25","0.73","0.5","50","50","FFEnemyNeutral","FFEnemyNeutral","0","1200","2024-04-26 13:54:35"
"test2","FullPilot","0","53","-1","2","50","50","1","0","1002","3000","1","0","37","31","0.73","0.62","50","50","FFEnemyNeutral","FFEnemyNeutral","0","1200","2024-04-26 13:54:47"
"test2","FullPilot","0","54","-1","1","50","50","1","1","1000","2999","1","0","37","41","0.73","0.82","50","50","FFEnemyNeutral","FFEnemyNeutral","1","1250","2024-04-26 13:54:59"
"test2","FullPilot","0","55","-1","1","50","50","1","1","1000","2999","1","0","37","44","0.73","0.88","50","50","FFEnemyNeutral","FFEnemyNeutral","0","1250","2024-04-26 13:55:11"
"test2","FullPilot","0","56","-1","2","50","50","1","0","999","3000","1","0","41","6","0.82","0.12","50","50","FFEnemyNeutral","FFEnemyNeutral","1","1300","2024-04-26 13:55:23"
"test2","FullPilot","0","57","-1","2","50","50","1","0","1000","3000","1","0","41","9","0.82","0.18","50","50","FFEnemyNeutral","FFEnemyNeutral","0","1300","2024-04-26 13:55:35"
"test2","FullPilot","0","58","-1","2","50","50","1","0","1001","3013","1","0","41","14","0.82","0.27","50","50","FFEnemyNeutral","FFEnemyNeutral","1","1350","2024-04-26 13:55:47"
"test2","FullPilot","0","59","-1","1","50","50","1","1","1000","3000","1","0","41","19","0.82","0.38","50","50","FFEnemyNeutral","FFEnemyNeutral","1","1400","2024-04-26 13:55:59"
"test2","FullPilot","0","60","-1","1","50","50","1","1","1014","3000","1","0","41","25","0.82","0.5","50","50","FFEnemyNeutral","FFEnemyNeutral","0","1400","2024-04-26 13:56:11"
"test2","FullPilot","0","61","-1","2","50","50","1","0","1000","3000","1","0","41","31","0.82","0.62","50","50","FFEnemyNeutral","FFEnemyNeutral","1","1450","2024-04-26 13:56:23"
"test2","FullPilot","0","62","-1","1","50","50","1","1","1000","3000","1","0","41","37","0.82","0.73","50","50","FFEnemyNeutral","FFEnemyNeutral","0","1450","2024-04-26 13:56:35"
"test2","FullPilot","0","63","-1","2","50","50","1","0","986","2986","1","0","41","44","0.82","0.88","50","50","FFEnemyNeutral","FFEnemyNeutral","1","1500","2024-04-26 13:56:47"
"test2","FullPilot","0","64","-1","1","50","50","1","1","1000","3000","1","0","44","6","0.88","0.12","50","50","FFEnemyNeutral","FFEnemyNeutral","1","1550","2024-04-26 13:56:59"
"test2","FullPilot","0","65","-1","1","50","50","1","1","1001","3000","1","0","44","9","0.88","0.18","50","50","FFEnemyNeutral","FFEnemyNeutral","0","1550","2024-04-26 13:57:11"
"test2","FullPilot","0","66","-1","1","50","50","1","1","1003","3000","1","0","44","14","0.88","0.27","50","50","FFEnemyNeutral","FFEnemyNeutral","1","1600","2024-04-26 13:57:23"
"test2","FullPilot","0","67","-1","2","50","50","1","0","985","2986","1","0","44","19","0.88","0.38","50","50","FFEnemyNeutral","FFEnemyNeutral","1","1650","2024-04-26 13:57:35"
"test2","FullPilot","0","68","-1","1","50","50","1","1","1000","3001","1","0","44","25","0.88","0.5","50","50","FFEnemyNeutral","FFEnemyNeutral","0","1650","2024-04-26 13:57:47"
"test2","FullPilot","0","69","-1","1","50","50","1","1","1001","3000","1","0","44","31","0.88","0.62","50","50","FFEnemyNeutral","FFEnemyNeutral","1","1700","2024-04-26 13:57:59"
"test2","FullPilot","0","70","-1","2","50","50","1","0","999","2999","1","0","44","37","0.88","0.73","50","50","FFEnemyNeutral","FFEnemyNeutral","1","1750","2024-04-26 13:58:11"
"test2","FullPilot","0","71","-1","1","50","50","1","1","1000","3012","1","0","44","41","0.88","0.82","50","50","FFEnemyNeutral","FFEnemyNeutral","1","1800","2024-04-26 13:58:23"
"test2","FullPilot","1","0","-2","2","52","27","1","0","615","1132","1","0","67","33","1","1","67","33","FFEnemyShipNocolors5","FFEnemyShipNocolors2","1","27","2024-04-26 14:02:58"
"test2","FullPilot","1","1","-2","2","43","56","1","0","600","1100","1","0","67","33","1","1","67","33","FFEnemyShipNocolors5","FFEnemyShipNocolors2","1","83","2024-04-26 14:03:02"
"test2","FullPilot","1","2","-2","2","80","39","1","0","633","1133","1","0","67","33","1","1","67","33","FFEnemyShipNocolors5","FFEnemyShipNocolors2","1","122","2024-04-26 14:03:05"
"test2","FullPilot","1","3","-2","1","53","56","1","1","617","1117","1","0","67","33","1","1","67","33","FFEnemyShipNocolors5","FFEnemyShipNocolors2","1","175","2024-04-26 14:03:08"
"test2","FullPilot","1","4","-2","1","60","95","1","1","599","1115","1","0","67","33","1","1","67","33","FFEnemyShipNocolors5","FFEnemyShipNocolors2","1","235","2024-04-26 14:03:11"
"test2","FullPilot","1","5","-2","2","35","15","1","0","616","1116","1","0","67","33","1","1","67","33","FFEnemyShipNocolors5","FFEnemyShipNocolors2","1","250","2024-04-26 14:03:14"
"test2","FullPilot","1","6","-2","1","68","33","1","1","616","1116","1","0","67","33","1","1","67","33","FFEnemyShipNocolors5","FFEnemyShipNocolors2","1","318","2024-04-26 14:03:17"
"test2","FullPilot","1","7","-2","1","68","38","1","1","616","1117","1","0","67","33","1","1","67","33","FFEnemyShipNocolors5","FFEnemyShipNocolors2","1","386","2024-04-26 14:03:20"
"test2","FullPilot","1","8","-2","1","62","47","1","1","617","1117","1","0","67","33","1","1","67","33","FFEnemyShipNocolors5","FFEnemyShipNocolors2","1","448","2024-04-26 14:03:23"
"test2","FullPilot","1","9","-2","1","63","18","1","1","600","1116","1","0","67","33","1","1","67","33","FFEnemyShipNocolors5","FFEnemyShipNocolors2","1","511","2024-04-26 14:03:26"
"test2","FullPilot","1","10","-2","2","17","39","1","0","616","1133","1","0","67","33","1","1","67","33","FFEnemyShipNocolors5","FFEnemyShipNocolors2","1","550","2024-04-26 14:03:29"
"test2","FullPilot","1","11","-2","2","80","23","1","0","616","1133","1","0","67","33","1","1","67","33","FFEnemyShipNocolors5","FFEnemyShipNocolors2","1","573","2024-04-26 14:03:32"
"test2","FullPilot","1","12","-2","2","51","24","1","0","600","1116","1","0","67","33","1","1","67","33","FFEnemyShipNocolors5","FFEnemyShipNocolors2","1","597","2024-04-26 14:03:36"
"test2","FullPilot","1","13","-2","1","61","27","1","1","616","1116","1","0","67","33","1","1","67","33","FFEnemyShipNocolors5","FFEnemyShipNocolors2","1","658","2024-04-26 14:03:39"
"test2","FullPilot","1","14","-2","1","86","39","1","1","600","1117","1","0","67","33","1","1","67","33","FFEnemyShipNocolors5","FFEnemyShipNocolors2","1","744","2024-04-26 14:03:42"
"test2","FullPilot","1","15","-2","1","48","56","1","1","615","1132","1","0","67","33","1","1","67","33","FFEnemyShipNocolors5","FFEnemyShipNocolors2","1","792","2024-04-26 14:03:45"
"test2","FullPilot","1","16","-2","2","87","51","1","0","616","1132","1","0","67","33","1","1","67","33","FFEnemyShipNocolors5","FFEnemyShipNocolors2","1","843","2024-04-26 14:03:48"
"test2","FullPilot","1","17","-2","1","92","26","1","1","600","1116","1","0","67","33","1","1","67","33","FFEnemyShipNocolors5","FFEnemyShipNocolors2","1","935","2024-04-26 14:03:51"
"test2","FullPilot","1","18","-2","2","89","41","1","0","632","1132","1","0","67","33","1","1","67","33","FFEnemyShipNocolors5","FFEnemyShipNocolors2","1","976","2024-04-26 14:03:54"
"test2","FullPilot","1","19","-2","2","81","31","1","0","616","1116","1","0","67","33","1","1","67","33","FFEnemyShipNocolors5","FFEnemyShipNocolors2","1","1007","2024-04-26 14:03:57"
"test2","FullPilot","1","20","-2","2","60","54","1","0","616","1116","1","0","67","33","1","1","67","33","FFEnemyShipNocolors5","FFEnemyShipNocolors2","1","1061","2024-04-26 14:04:00"
"test2","FullPilot","1","21","-2","1","43","27","1","1","600","1116","1","0","67","33","1","1","67","33","FFEnemyShipNocolors5","FFEnemyShipNocolors2","1","1104","2024-04-26 14:04:03"
"test2","FullPilot","1","22","-2","1","17","69","1","1","600","1115","1","0","67","33","1","1","67","33","FFEnemyShipNocolors5","FFEnemyShipNocolors2","1","1121","2024-04-26 14:04:06"
"test2","FullPilot","1","23","-2","2","85","23","1","0","615","1115","1","0","67","33","1","1","67","33","FFEnemyShipNocolors5","FFEnemyShipNocolors2","1","1144","2024-04-26 14:04:10"
"test2","FullPilot","1","24","-2","1","79","31","1","1","616","1116","1","0","67","33","1","1","67","33","FFEnemyShipNocolors5","FFEnemyShipNocolors2","1","1223","2024-04-26 14:04:13"
"test2","FullPilot","1","25","-2","2","70","56","1","0","616","1133","1","0","67","33","1","1","67","33","FFEnemyShipNocolors5","FFEnemyShipNocolors2","1","1279","2024-04-26 14:04:16"
"test2","FullPilot","1","26","-2","2","49","27","1","0","616","1116","1","0","67","33","1","1","67","33","FFEnemyShipNocolors5","FFEnemyShipNocolors2","1","1306","2024-04-26 14:04:19"
"test2","FullPilot","1","27","-2","2","95","72","1","0","616","1132","1","0","67","33","1","1","67","33","FFEnemyShipNocolors5","FFEnemyShipNocolors2","1","1378","2024-04-26 14:04:22"
"test2","FullPilot","1","28","-2","1","55","54","1","1","616","1133","1","0","67","33","1","1","67","33","FFEnemyShipNocolors5","FFEnemyShipNocolors2","1","1433","2024-04-26 14:04:25"
"test2","FullPilot","1","29","-2","1","48","75","1","1","600","1116","1","0","67","33","1","1","67","33","FFEnemyShipNocolors5","FFEnemyShipNocolors2","1","1481","2024-04-26 14:04:28"
"test2","FullPilot","1","30","-2","2","51","4","1","0","616","1116","1","0","67","33","1","1","67","33","FFEnemyShipNocolors5","FFEnemyShipNocolors2","1","1485","2024-04-26 14:04:31"
"test2","FullPilot","1","31","-2","1","77","41","1","1","599","1116","1","0","67","33","1","1","67","33","FFEnemyShipNocolors5","FFEnemyShipNocolors2","1","1562","2024-04-26 14:04:34"
"test2","FullPilot","1","32","-2","2","74","10","1","0","616","1116","1","0","67","33","1","1","67","33","FFEnemyShipNocolors5","FFEnemyShipNocolors2","1","1572","2024-04-26 14:04:37"
"test2","FullPilot","1","33","-2","1","68","41","1","1","616","1133","1","0","67","33","1","1","67","33","FFEnemyShipNocolors5","FFEnemyShipNocolors2","1","1640","2024-04-26 14:04:41"
"test2","FullPilot","1","34","-2","2","54","8","1","0","599","1100","1","0","67","33","1","1","67","33","FFEnemyShipNocolors5","FFEnemyShipNocolors2","1","1648","2024-04-26 14:04:44"
"test2","FullPilot","1","35","-2","1","76","89","1","1","617","1134","1","0","67","33","1","1","67","33","FFEnemyShipNocolors5","FFEnemyShipNocolors2","1","1724","2024-04-26 14:04:47"
"test2","FullPilot","1","36","-2","2","55","36","1","0","616","1132","1","0","67","33","1","1","67","33","FFEnemyShipNocolors5","FFEnemyShipNocolors2","1","1760","2024-04-26 14:04:50"
"test2","FullPilot","1","37","-2","2","47","38","1","0","632","1132","1","0","67","33","1","1","67","33","FFEnemyShipNocolors5","FFEnemyShipNocolors2","1","1798","2024-04-26 14:04:53"
"test2","FullPilot","1","38","-2","1","89","58","1","1","615","1131","1","0","67","33","1","1","67","33","FFEnemyShipNocolors5","FFEnemyShipNocolors2","1","1887","2024-04-26 14:04:56"
"test2","FullPilot","1","39","-2","2","83","60","1","0","616","1117","1","0","67","33","1","1","67","33","FFEnemyShipNocolors5","FFEnemyShipNocolors2","1","1947","2024-04-26 14:04:59"
"test2","FullPilot","1","40","-2","1","80","53","1","1","600","1116","1","0","67","33","1","1","67","33","FFEnemyShipNocolors5","FFEnemyShipNocolors2","1","2027","2024-04-26 14:05:02"
"test2","FullPilot","1","41","-2","2","24","32","1","0","616","1116","1","0","67","33","1","1","67","33","FFEnemyShipNocolors5","FFEnemyShipNocolors2","1","2059","2024-04-26 14:05:05"
"test2","FullPilot","1","42","-2","2","46","45","1","0","616","1132","1","0","67","33","1","1","67","33","FFEnemyShipNocolors5","FFEnemyShipNocolors2","1","2104","2024-04-26 14:05:08"
"test2","FullPilot","1","43","-2","1","87","52","1","1","600","1116","1","0","67","33","1","1","67","33","FFEnemyShipNocolors5","FFEnemyShipNocolors2","1","2191","2024-04-26 14:05:12"
"test2","FullPilot","1","44","-2","2","71","29","1","0","615","1132","1","0","67","33","1","1","67","33","FFEnemyShipNocolors5","FFEnemyShipNocolors2","1","2220","2024-04-26 14:05:15"
"test2","FullPilot","1","45","-2","1","34","9","1","1","616","1133","1","0","67","33","1","1","67","33","FFEnemyShipNocolors5","FFEnemyShipNocolors2","1","2254","2024-04-26 14:05:18"
"test2","FullPilot","1","46","-2","2","33","39","1","0","599","1116","1","0","67","33","1","1","67","33","FFEnemyShipNocolors5","FFEnemyShipNocolors2","1","2293","2024-04-26 14:05:21"
"test2","FullPilot","1","47","-2","1","93","46","1","1","615","1131","1","0","67","33","1","1","67","33","FFEnemyShipNocolors5","FFEnemyShipNocolors2","1","2386","2024-04-26 14:05:24"
"test2","FullPilot","1","48","-2","2","77","55","1","0","616","1116","1","0","67","33","1","1","67","33","FFEnemyShipNocolors5","FFEnemyShipNocolors2","1","2441","2024-04-26 14:05:27"
"test2","FullPilot","1","49","-2","1","76","18","1","1","632","1132","1","0","67","33","1","1","67","33","FFEnemyShipNocolors5","FFEnemyShipNocolors2","1","2517","2024-04-26 14:05:30"
"test2","FullPilot","1","50","-2","1","31","18","1","1","616","1133","1","0","67","33","1","1","67","33","FFEnemyShipNocolors5","FFEnemyShipNocolors2","1","2548","2024-04-26 14:05:33"
"test2","FullPilot","1","51","-2","1","67","77","1","1","616","1117","1","0","67","33","1","1","67","33","FFEnemyShipNocolors5","FFEnemyShipNocolors2","1","2615","2024-04-26 14:05:36"
"test2","FullPilot","1","52","-2","1","86","13","1","1","600","1116","1","0","67","33","1","1","67","33","FFEnemyShipNocolors5","FFEnemyShipNocolors2","1","2701","2024-04-26 14:05:39"
"test2","FullPilot","1","53","-2","2","18","41","1","0","616","1117","1","0","67","33","1","1","67","33","FFEnemyShipNocolors5","FFEnemyShipNocolors2","1","2742","2024-04-26 14:05:42"
"test2","FullPilot","1","54","-2","1","54","37","1","1","600","1116","1","0","67","33","1","1","67","33","FFEnemyShipNocolors5","FFEnemyShipNocolors2","1","2796","2024-04-26 14:05:45"
"test2","FullPilot","1","55","-2","1","91","45","1","1","600","1116","1","0","67","33","1","1","67","33","FFEnemyShipNocolors5","FFEnemyShipNocolors2","1","2887","2024-04-26 14:05:49"
"test2","FullPilot","1","56","-2","1","57","48","1","1","615","1132","1","0","67","33","1","1","67","33","FFEnemyShipNocolors5","FFEnemyShipNocolors2","1","2944","2024-04-26 14:05:52"
"test2","FullPilot","1","57","-2","2","82","25","1","0","616","1116","1","0","67","33","1","1","67","33","FFEnemyShipNocolors5","FFEnemyShipNocolors2","1","2969","2024-04-26 14:05:55"
"test2","FullPilot","1","58","-2","1","70","49","1","1","616","1133","1","0","67","33","1","1","67","33","FFEnemyShipNocolors5","FFEnemyShipNocolors2","1","3039","2024-04-26 14:05:58"
"test2","FullPilot","1","59","-2","1","56","25","1","1","599","1115","1","0","67","33","1","1","67","33","FFEnemyShipNocolors5","FFEnemyShipNocolors2","1","3095","2024-04-26 14:06:01"
"test2","FullPilot","1","60","-2","1","63","31","1","1","633","1133","1","0","67","33","1","1","67","33","FFEnemyShipNocolors5","FFEnemyShipNocolors2","1","3158","2024-04-26 14:06:04"
"test2","FullPilot","1","61","-2","1","42","22","1","1","600","1116","1","0","67","33","1","1","67","33","FFEnemyShipNocolors5","FFEnemyShipNocolors2","1","3200","2024-04-26 14:06:07"
"test2","FullPilot","1","62","-2","2","70","24","1","0","600","1116","1","0","67","33","1","1","67","33","FFEnemyShipNocolors5","FFEnemyShipNocolors2","1","3224","2024-04-26 14:06:10"
"test2","FullPilot","1","63","-2","1","41","39","1","1","616","1133","1","0","67","33","1","1","67","33","FFEnemyShipNocolors5","FFEnemyShipNocolors2","1","3265","2024-04-26 14:06:13"
"test2","FullPilot","1","64","-2","1","63","38","1","1","616","1116","1","0","67","33","1","1","67","33","FFEnemyShipNocolors5","FFEnemyShipNocolors2","1","3328","2024-04-26 14:06:16"
"test2","FullPilot","1","65","-2","2","31","20","1","0","616","1116","1","0","67","33","1","1","67","33","FFEnemyShipNocolors5","FFEnemyShipNocolors2","1","3348","2024-04-26 14:06:19"
"test2","FullPilot","1","66","-2","1","76","65","1","1","616","1133","1","0","67","33","1","1","67","33","FFEnemyShipNocolors5","FFEnemyShipNocolors2","1","3424","2024-04-26 14:06:23"
"test2","FullPilot","1","67","-2","2","56","59","1","0","618","1133","1","0","67","33","1","1","67","33","FFEnemyShipNocolors5","FFEnemyShipNocolors2","1","3483","2024-04-26 14:06:26"
"test2","FullPilot","1","68","-2","1","61","53","1","1","615","1132","1","0","67","33","1","1","67","33","FFEnemyShipNocolors5","FFEnemyShipNocolors2","1","3544","2024-04-26 14:06:29"
"test2","FullPilot","1","69","-2","2","90","56","1","0","633","1149","1","0","67","33","1","1","67","33","FFEnemyShipNocolors5","FFEnemyShipNocolors2","1","3600","2024-04-26 14:06:32"
"test2","FullPilot","1","70","-2","2","75","29","1","0","616","1133","1","0","67","33","1","1","67","33","FFEnemyShipNocolors5","FFEnemyShipNocolors2","1","3629","2024-04-26 14:06:35"
"test2","FullPilot","1","71","-2","1","75","35","1","1","616","1133","1","0","67","33","1","1","67","33","FFEnemyShipNocolors5","FFEnemyShipNocolors2","1","3704","2024-04-26 14:06:38"
"test2","FullPilot","2","0","0","1","56","28","1","1","616","1132","1","0","7","7","0.12","0.18","62","38","FFEnemyShipNocolors3","FFEnemyShipNocolors1","0","0","2024-04-26 14:07:08"
"test2","FullPilot","2","1","1","1","84","5","1","1","516","1016","1","0","9","8","0.12","0.27","72","28","FFEnemyShipNoColors12","FFEnemyShipNocolors8","0","0","2024-04-26 14:07:11"
"test2","FullPilot","2","2","1","2","80","6","1","0","549","1049","1","0","9","11","0.12","0.38","72","28","FFEnemyShipNoColors12","FFEnemyShipNocolors8","0","0","2024-04-26 14:07:14"
"test2","FullPilot","2","3","1","1","38","38","1","1","517","1017","1","0","9","14","0.12","0.5","72","28","FFEnemyShipNoColors12","FFEnemyShipNocolors8","0","0","2024-04-26 14:07:18"
"test2","FullPilot","2","4","1","1","52","38","1","1","533","1033","1","0","9","17","0.12","0.62","72","28","FFEnemyShipNoColors12","FFEnemyShipNocolors8","0","0","2024-04-26 14:07:21"
"test2","FullPilot","2","5","0","2","60","33","1","0","616","1116","1","0","7","28","0.12","0.73","62","38","FFEnemyShipNocolors3","FFEnemyShipNocolors1","1","33","2024-04-26 14:07:24"
"test2","FullPilot","2","6","0","1","74","35","1","1","616","1132","1","0","7","31","0.12","0.82","62","38","FFEnemyShipNocolors3","FFEnemyShipNocolors1","0","33","2024-04-26 14:07:28"
"test2","FullPilot","2","7","0","2","49","24","1","0","617","1133","1","0","7","33","0.12","0.88","62","38","FFEnemyShipNocolors3","FFEnemyShipNocolors1","1","57","2024-04-26 14:07:31"
"test2","FullPilot","2","8","1","1","87","24","1","1","533","1033","1","0","13","3","0.18","0.12","72","28","FFEnemyShipNoColors12","FFEnemyShipNocolors8","1","144","2024-04-26 14:07:34"
"test2","FullPilot","2","9","0","1","15","40","1","1","616","1133","1","0","11","10","0.18","0.27","62","38","FFEnemyShipNocolors3","FFEnemyShipNocolors1","0","144","2024-04-26 14:07:37"
"test2","FullPilot","2","10","1","1","79","55","1","1","533","1033","1","0","13","11","0.18","0.38","72","28","FFEnemyShipNoColors12","FFEnemyShipNocolors8","0","144","2024-04-26 14:07:40"
"test2","FullPilot","2","11","0","1","44","46","1","1","616","1117","1","0","11","19","0.18","0.5","62","38","FFEnemyShipNocolors3","FFEnemyShipNocolors1","0","144","2024-04-26 14:07:44"
"test2","FullPilot","2","12","1","2","72","39","1","0","532","1033","1","0","13","17","0.18","0.62","72","28","FFEnemyShipNoColors12","FFEnemyShipNocolors8","1","183","2024-04-26 14:07:47"
"test2","FullPilot","2","13","1","2","93","58","1","0","533","1033","1","0","13","20","0.18","0.73","72","28","FFEnemyShipNoColors12","FFEnemyShipNocolors8","0","183","2024-04-26 14:07:50"
"test2","FullPilot","2","14","1","1","71","40","1","1","534","1034","1","0","13","23","0.18","0.82","72","28","FFEnemyShipNoColors12","FFEnemyShipNocolors8","0","183","2024-04-26 14:07:54"
"test2","FullPilot","2","15","0","2","28","8","1","0","616","1117","1","0","11","33","0.18","0.88","62","38","FFEnemyShipNocolors3","FFEnemyShipNocolors1","1","191","2024-04-26 14:07:57"
"test2","FullPilot","2","16","1","1","78","30","1","1","550","1050","1","0","19","3","0.27","0.12","72","28","FFEnemyShipNoColors12","FFEnemyShipNocolors8","0","191","2024-04-26 14:08:00"
"test2","FullPilot","2","17","1","2","94","34","1","0","532","1033","1","0","19","5","0.27","0.18","72","28","FFEnemyShipNoColors12","FFEnemyShipNocolors8","0","191","2024-04-26 14:08:03"
"test2","FullPilot","2","18","1","1","41","2","1","1","533","1033","1","0","19","11","0.27","0.38","72","28","FFEnemyShipNoColors12","FFEnemyShipNocolors8","1","232","2024-04-26 14:08:06"
"test2","FullPilot","2","19","1","1","40","29","1","1","533","1033","1","0","19","14","0.27","0.5","72","28","FFEnemyShipNoColors12","FFEnemyShipNocolors8","0","232","2024-04-26 14:08:10"
"test2","FullPilot","2","20","1","1","100","7","1","1","550","1050","1","0","19","17","0.27","0.62","72","28","FFEnemyShipNoColors12","FFEnemyShipNocolors8","1","332","2024-04-26 14:08:13"
"test2","FullPilot","2","21","1","2","68","29","1","0","533","1033","1","0","19","20","0.27","0.73","72","28","FFEnemyShipNoColors12","FFEnemyShipNocolors8","1","361","2024-04-26 14:08:16"
"test2","FullPilot","2","22","0","1","58","34","1","1","600","1100","1","0","17","31","0.27","0.82","62","38","FFEnemyShipNocolors3","FFEnemyShipNocolors1","1","419","2024-04-26 14:08:19"
"test2","FullPilot","2","23","0","2","47","49","1","0","615","1115","1","0","17","33","0.27","0.88","62","38","FFEnemyShipNocolors3","FFEnemyShipNocolors1","1","468","2024-04-26 14:08:22"
"test2","FullPilot","2","24","0","2","51","45","1","0","616","1133","1","0","24","5","0.38","0.12","62","38","FFEnemyShipNocolors3","FFEnemyShipNocolors1","0","468","2024-04-26 14:08:26"
"test2","FullPilot","2","25","0","2","23","68","1","0","616","1117","1","0","24","7","0.38","0.18","62","38","FFEnemyShipNocolors3","FFEnemyShipNocolors1","0","468","2024-04-26 14:08:29"
"test2","FullPilot","2","26","0","2","59","38","1","0","616","1117","1","0","24","10","0.38","0.27","62","38","FFEnemyShipNocolors3","FFEnemyShipNocolors1","1","506","2024-04-26 14:08:32"
"test2","FullPilot","2","27","1","1","80","39","1","1","533","1050","1","0","27","14","0.38","0.5","72","28","FFEnemyShipNoColors12","FFEnemyShipNocolors8","0","506","2024-04-26 14:08:35"
"test2","FullPilot","2","28","0","1","78","23","1","1","616","1117","1","0","24","24","0.38","0.62","62","38","FFEnemyShipNocolors3","FFEnemyShipNocolors1","0","506","2024-04-26 14:08:39"
"test2","FullPilot","2","29","0","1","84","18","1","1","617","1118","1","0","24","28","0.38","0.73","62","38","FFEnemyShipNocolors3","FFEnemyShipNocolors1","0","506","2024-04-26 14:08:42"
"test2","FullPilot","2","30","0","2","69","31","1","0","616","1132","1","0","24","31","0.38","0.82","62","38","FFEnemyShipNocolors3","FFEnemyShipNocolors1","0","506","2024-04-26 14:08:45"
"test2","FullPilot","2","31","0","2","60","60","1","0","615","1116","1","0","24","33","0.38","0.88","62","38","FFEnemyShipNocolors3","FFEnemyShipNocolors1","0","506","2024-04-26 14:08:49"
"test2","FullPilot","2","32","0","2","15","26","1","0","616","1116","1","0","31","5","0.5","0.12","62","38","FFEnemyShipNocolors3","FFEnemyShipNocolors1","0","506","2024-04-26 14:08:52"
"test2","FullPilot","2","33","0","2","78","14","1","0","616","1117","1","0","31","7","0.5","0.18","62","38","FFEnemyShipNocolors3","FFEnemyShipNocolors1","1","520","2024-04-26 14:08:55"
"test2","FullPilot","2","34","1","1","88","45","1","1","533","1050","1","0","36","8","0.5","0.27","72","28","FFEnemyShipNoColors12","FFEnemyShipNocolors8","0","520","2024-04-26 14:08:58"
"test2","FullPilot","2","35","0","1","59","65","1","1","599","1100","1","0","31","14","0.5","0.38","62","38","FFEnemyShipNocolors3","FFEnemyShipNocolors1","1","579","2024-04-26 14:09:02"
"test2","FullPilot","2","36","1","1","76","57","1","1","533","1034","1","0","36","17","0.5","0.62","72","28","FFEnemyShipNoColors12","FFEnemyShipNocolors8","0","579","2024-04-26 14:09:05"
"test2","FullPilot","2","37","0","2","71","32","1","0","632","1133","1","0","31","28","0.5","0.73","62","38","FFEnemyShipNocolors3","FFEnemyShipNocolors1","0","579","2024-04-26 14:09:08"
"test2","FullPilot","2","38","0","2","33","25","1","0","616","1117","1","0","31","31","0.5","0.82","62","38","FFEnemyShipNocolors3","FFEnemyShipNocolors1","1","604","2024-04-26 14:09:11"
"test2","FullPilot","2","39","1","2","93","49","1","0","532","1049","1","0","36","25","0.5","0.88","72","28","FFEnemyShipNoColors12","FFEnemyShipNocolors8","1","653","2024-04-26 14:09:14"
"test2","FullPilot","2","40","0","1","60","58","1","1","600","1100","1","0","38","5","0.62","0.12","62","38","FFEnemyShipNocolors3","FFEnemyShipNocolors1","0","653","2024-04-26 14:09:18"
"test2","FullPilot","2","41","1","2","25","51","1","0","533","1034","1","0","45","5","0.62","0.18","72","28","FFEnemyShipNoColors12","FFEnemyShipNocolors8","0","653","2024-04-26 14:09:21"
"test2","FullPilot","2","42","0","2","71","49","1","0","616","1116","1","0","38","10","0.62","0.27","62","38","FFEnemyShipNocolors3","FFEnemyShipNocolors1","1","702","2024-04-26 14:09:24"
"test2","FullPilot","2","43","0","1","81","49","1","1","616","1116","1","0","38","14","0.62","0.38","62","38","FFEnemyShipNocolors3","FFEnemyShipNocolors1","0","702","2024-04-26 14:09:28"
"test2","FullPilot","2","44","1","1","76","55","1","1","550","1050","1","0","45","14","0.62","0.5","72","28","FFEnemyShipNoColors12","FFEnemyShipNocolors8","1","778","2024-04-26 14:09:31"
"test2","FullPilot","2","45","0","1","25","27","1","1","616","1116","1","0","38","28","0.62","0.73","62","38","FFEnemyShipNocolors3","FFEnemyShipNocolors1","1","803","2024-04-26 14:09:34"
"test2","FullPilot","2","46","0","2","47","33","1","0","616","1116","1","0","38","31","0.62","0.82","62","38","FFEnemyShipNocolors3","FFEnemyShipNocolors1","1","836","2024-04-26 14:09:37"
"test2","FullPilot","2","47","1","2","62","20","1","0","532","1049","1","0","45","25","0.62","0.88","72","28","FFEnemyShipNoColors12","FFEnemyShipNocolors8","1","856","2024-04-26 14:09:40"
"test2","FullPilot","2","48","0","1","58","36","1","1","617","1133","1","0","45","5","0.73","0.12","62","38","FFEnemyShipNocolors3","FFEnemyShipNocolors1","0","856","2024-04-26 14:09:43"
"test2","FullPilot","2","49","1","1","74","35","1","1","517","1033","1","0","53","5","0.73","0.18","72","28","FFEnemyShipNoColors12","FFEnemyShipNocolors8","1","930","2024-04-26 14:09:46"
"test2","FullPilot","2","50","1","1","57","7","1","1","533","1033","1","0","53","8","0.73","0.27","72","28","FFEnemyShipNoColors12","FFEnemyShipNocolors8","1","987","2024-04-26 14:09:50"
"test2","FullPilot","2","51","0","2","64","99","1","0","632","1133","1","0","45","14","0.73","0.38","62","38","FFEnemyShipNocolors3","FFEnemyShipNocolors1","0","987","2024-04-26 14:09:53"
"test2","FullPilot","2","52","0","1","61","23","1","1","599","1101","1","0","45","19","0.73","0.5","62","38","FFEnemyShipNocolors3","FFEnemyShipNocolors1","1","1048","2024-04-26 14:09:56"
"test2","FullPilot","2","53","1","1","51","31","1","1","533","1033","1","0","53","17","0.73","0.62","72","28","FFEnemyShipNoColors12","FFEnemyShipNocolors8","0","1048","2024-04-26 14:09:59"
"test2","FullPilot","2","54","1","1","84","61","1","1","550","1050","1","0","53","23","0.73","0.82","72","28","FFEnemyShipNoColors12","FFEnemyShipNocolors8","1","1132","2024-04-26 14:10:02"
"test2","FullPilot","2","55","1","1","76","56","1","1","533","1049","1","0","53","25","0.73","0.88","72","28","FFEnemyShipNoColors12","FFEnemyShipNocolors8","1","1208","2024-04-26 14:10:05"
"test2","FullPilot","2","56","1","2","69","5","1","0","532","1049","1","0","59","3","0.82","0.12","72","28","FFEnemyShipNoColors12","FFEnemyShipNocolors8","0","1208","2024-04-26 14:10:09"
"test2","FullPilot","2","57","1","1","81","75","1","1","533","1034","1","0","59","5","0.82","0.18","72","28","FFEnemyShipNoColors12","FFEnemyShipNocolors8","1","1289","2024-04-26 14:10:12"
"test2","FullPilot","2","58","0","2","83","62","1","0","600","1116","1","0","51","10","0.82","0.27","62","38","FFEnemyShipNocolors3","FFEnemyShipNocolors1","0","1289","2024-04-26 14:10:15"
"test2","FullPilot","2","59","0","1","64","68","1","1","616","1117","1","0","51","14","0.82","0.38","62","38","FFEnemyShipNocolors3","FFEnemyShipNocolors1","0","1289","2024-04-26 14:10:19"
"test2","FullPilot","2","60","0","1","48","30","1","1","616","1124","1","0","51","19","0.82","0.5","62","38","FFEnemyShipNocolors3","FFEnemyShipNocolors1","1","1337","2024-04-26 14:10:22"
"test2","FullPilot","2","61","1","1","74","32","1","1","533","1033","1","0","59","17","0.82","0.62","72","28","FFEnemyShipNoColors12","FFEnemyShipNocolors8","1","1411","2024-04-26 14:10:25"
"test2","FullPilot","2","62","1","2","70","47","1","0","517","1033","1","0","59","20","0.82","0.73","72","28","FFEnemyShipNoColors12","FFEnemyShipNocolors8","1","1458","2024-04-26 14:10:28"
"test2","FullPilot","2","63","1","2","59","68","1","0","533","1049","1","0","59","25","0.82","0.88","72","28","FFEnemyShipNoColors12","FFEnemyShipNocolors8","1","1526","2024-04-26 14:10:31"
"test2","FullPilot","2","64","1","2","44","27","1","0","549","1050","1","0","63","3","0.88","0.12","72","28","FFEnemyShipNoColors12","FFEnemyShipNocolors8","1","1553","2024-04-26 14:10:34"
"test2","FullPilot","2","65","1","1","80","29","1","1","550","1066","1","0","63","5","0.88","0.18","72","28","FFEnemyShipNoColors12","FFEnemyShipNocolors8","1","1633","2024-04-26 14:10:37"
"test2","FullPilot","2","66","0","2","49","37","1","0","616","1132","1","0","55","10","0.88","0.27","62","38","FFEnemyShipNocolors3","FFEnemyShipNocolors1","1","1670","2024-04-26 14:10:40"
"test2","FullPilot","2","67","0","2","76","62","1","0","617","1133","1","0","55","14","0.88","0.38","62","38","FFEnemyShipNocolors3","FFEnemyShipNocolors1","0","1670","2024-04-26 14:10:44"
"test2","FullPilot","2","68","1","1","98","7","1","1","533","1034","1","0","63","14","0.88","0.5","72","28","FFEnemyShipNoColors12","FFEnemyShipNocolors8","1","1768","2024-04-26 14:10:47"
"test2","FullPilot","2","69","1","1","56","34","1","1","517","1033","1","0","63","17","0.88","0.62","72","28","FFEnemyShipNoColors12","FFEnemyShipNocolors8","1","1824","2024-04-26 14:10:50"
"test2","FullPilot","2","70","1","2","67","48","1","0","516","1032","1","0","63","20","0.88","0.73","72","28","FFEnemyShipNoColors12","FFEnemyShipNocolors8","1","1872","2024-04-26 14:10:53"
"test2","FullPilot","2","71","1","1","74","18","1","1","533","1033","1","0","63","23","0.88","0.82","72","28","FFEnemyShipNoColors12","FFEnemyShipNocolors8","1","1946","2024-04-26 14:10:56"
"test2","FullPilot","2","72","0","1","88","48","1","1","616","1116","1","0","7","7","0.12","0.18","62","38","FFEnemyShipNocolors3","FFEnemyShipNocolors1","1","2034","2024-04-26 14:10:59"
"test2","FullPilot","2","73","1","1","62","37","1","1","534","1049","1","0","9","8","0.12","0.27","72","28","FFEnemyShipNoColors12","FFEnemyShipNocolors8","0","2034","2024-04-26 14:11:03"
"test2","FullPilot","2","74","1","1","75","35","1","1","532","1033","1","0","9","11","0.12","0.38","72","28","FFEnemyShipNoColors12","FFEnemyShipNocolors8","1","2109","2024-04-26 14:11:06"
"test2","FullPilot","2","75","1","1","72","11","1","1","516","1017","1","0","9","14","0.12","0.5","72","28","FFEnemyShipNoColors12","FFEnemyShipNocolors8","0","2109","2024-04-26 14:11:09"
"test2","FullPilot","2","76","0","2","67","49","1","0","598","1115","1","0","7","24","0.12","0.62","62","38","FFEnemyShipNocolors3","FFEnemyShipNocolors1","1","2158","2024-04-26 14:11:12"
"test2","FullPilot","2","77","0","1","92","41","1","1","600","1100","1","0","7","28","0.12","0.73","62","38","FFEnemyShipNocolors3","FFEnemyShipNocolors1","0","2158","2024-04-26 14:11:15"
"test2","FullPilot","2","78","0","1","66","28","1","1","616","1116","1","0","7","31","0.12","0.82","62","38","FFEnemyShipNocolors3","FFEnemyShipNocolors1","0","2158","2024-04-26 14:11:19"
"test2","FullPilot","2","79","1","2","43","51","1","0","534","1049","1","0","9","25","0.12","0.88","72","28","FFEnemyShipNoColors12","FFEnemyShipNocolors8","1","2209","2024-04-26 14:11:22"
"test2","FullPilot","2","80","1","1","86","42","1","1","532","1049","1","0","13","3","0.18","0.12","72","28","FFEnemyShipNoColors12","FFEnemyShipNocolors8","0","2209","2024-04-26 14:11:25"
"test2","FullPilot","2","81","1","1","94","45","1","1","533","1049","1","0","13","8","0.18","0.27","72","28","FFEnemyShipNoColors12","FFEnemyShipNocolors8","0","2209","2024-04-26 14:11:28"
"test2","FullPilot","2","82","0","2","53","36","1","0","602","1116","1","0","11","14","0.18","0.38","62","38","FFEnemyShipNocolors3","FFEnemyShipNocolors1","1","2245","2024-04-26 14:11:32"
"test2","FullPilot","2","83","1","1","80","16","1","1","532","1049","1","0","13","14","0.18","0.5","72","28","FFEnemyShipNoColors12","FFEnemyShipNocolors8","0","2245","2024-04-26 14:11:35"
"test2","FullPilot","2","84","0","2","58","25","1","0","616","1116","1","0","11","24","0.18","0.62","62","38","FFEnemyShipNocolors3","FFEnemyShipNocolors1","1","2270","2024-04-26 14:11:38"
"test2","FullPilot","2","85","0","2","79","54","1","0","599","1099","1","0","11","28","0.18","0.73","62","38","FFEnemyShipNocolors3","FFEnemyShipNocolors1","1","2324","2024-04-26 14:11:41"
"test2","FullPilot","2","86","0","1","49","24","1","1","616","1116","1","0","11","31","0.18","0.82","62","38","FFEnemyShipNocolors3","FFEnemyShipNocolors1","0","2324","2024-04-26 14:11:44"
"test2","FullPilot","2","87","0","2","49","44","1","0","616","1116","1","0","11","33","0.18","0.88","62","38","FFEnemyShipNocolors3","FFEnemyShipNocolors1","1","2368","2024-04-26 14:11:48"
"test2","FullPilot","2","88","1","2","72","52","1","0","550","1066","1","0","19","3","0.27","0.12","72","28","FFEnemyShipNoColors12","FFEnemyShipNocolors8","0","2368","2024-04-26 14:11:51"
"test2","FullPilot","2","89","0","1","91","60","1","1","633","1134","1","0","17","7","0.27","0.18","62","38","FFEnemyShipNocolors3","FFEnemyShipNocolors1","0","2368","2024-04-26 14:11:54"
"test2","FullPilot","2","90","1","1","83","4","1","1","534","1034","1","0","19","11","0.27","0.38","72","28","FFEnemyShipNoColors12","FFEnemyShipNocolors8","0","2368","2024-04-26 14:11:58"
"test2","FullPilot","2","91","1","1","77","14","1","1","532","1032","1","0","19","14","0.27","0.5","72","28","FFEnemyShipNoColors12","FFEnemyShipNocolors8","0","2368","2024-04-26 14:12:01"
"test2","FullPilot","2","92","1","1","35","43","1","1","533","1033","1","0","19","17","0.27","0.62","72","28","FFEnemyShipNoColors12","FFEnemyShipNocolors8","0","2368","2024-04-26 14:12:04"
"test2","FullPilot","2","93","0","1","81","36","1","1","600","1116","1","0","17","28","0.27","0.73","62","38","FFEnemyShipNocolors3","FFEnemyShipNocolors1","0","2368","2024-04-26 14:12:08"
"test2","FullPilot","2","94","0","2","48","35","1","0","633","1133","1","0","17","31","0.27","0.82","62","38","FFEnemyShipNocolors3","FFEnemyShipNocolors1","1","2403","2024-04-26 14:12:11"
"test2","FullPilot","2","95","0","2","78","13","1","0","616","1117","1","0","17","33","0.27","0.88","62","38","FFEnemyShipNocolors3","FFEnemyShipNocolors1","1","2416","2024-04-26 14:12:14"
"test2","FullPilot","2","96","1","1","90","24","1","1","533","1049","1","0","27","3","0.38","0.12","72","28","FFEnemyShipNoColors12","FFEnemyShipNocolors8","1","2506","2024-04-26 14:12:17"
"test2","FullPilot","2","97","1","1","73","19","1","1","533","1033","1","0","27","5","0.38","0.18","72","28","FFEnemyShipNoColors12","FFEnemyShipNocolors8","0","2506","2024-04-26 14:12:20"
"test2","FullPilot","2","98","0","2","60","37","1","0","600","1117","1","0","24","10","0.38","0.27","62","38","FFEnemyShipNocolors3","FFEnemyShipNocolors1","0","2506","2024-04-26 14:12:24"
"test2","FullPilot","2","99","0","1","39","33","1","1","599","1115","1","0","24","19","0.38","0.5","62","38","FFEnemyShipNocolors3","FFEnemyShipNocolors1","0","2506","2024-04-26 14:12:27"
"test2","FullPilot","2","100","0","1","82","77","1","1","633","1133","1","0","24","24","0.38","0.62","62","38","FFEnemyShipNocolors3","FFEnemyShipNocolors1","0","2506","2024-04-26 14:12:30"
"test2","FullPilot","2","101","1","1","66","7","1","1","533","1033","1","0","27","20","0.38","0.73","72","28","FFEnemyShipNoColors12","FFEnemyShipNocolors8","1","2572","2024-04-26 14:12:34"
"test2","FullPilot","2","102","0","2","80","22","1","0","617","1133","1","0","24","31","0.38","0.82","62","38","FFEnemyShipNocolors3","FFEnemyShipNocolors1","1","2594","2024-04-26 14:12:37"
"test2","FullPilot","2","103","0","1","61","30","1","1","600","1117","1","0","24","33","0.38","0.88","62","38","FFEnemyShipNocolors3","FFEnemyShipNocolors1","0","2594","2024-04-26 14:12:40"
"test2","FullPilot","2","104","0","1","65","30","1","1","616","1118","1","0","31","5","0.5","0.12","62","38","FFEnemyShipNocolors3","FFEnemyShipNocolors1","0","2594","2024-04-26 14:12:43"
"test2","FullPilot","2","105","0","2","62","45","1","0","600","1116","1","0","31","7","0.5","0.18","62","38","FFEnemyShipNocolors3","FFEnemyShipNocolors1","0","2594","2024-04-26 14:12:47"
"test2","FullPilot","2","106","1","2","50","29","1","0","533","1033","1","0","36","8","0.5","0.27","72","28","FFEnemyShipNoColors12","FFEnemyShipNocolors8","0","2594","2024-04-26 14:12:50"
"test2","FullPilot","2","107","0","1","75","27","1","1","616","1117","1","0","31","14","0.5","0.38","62","38","FFEnemyShipNocolors3","FFEnemyShipNocolors1","1","2669","2024-04-26 14:12:53"
"test2","FullPilot","2","108","1","2","78","2","1","0","517","1033","1","0","36","17","0.5","0.62","72","28","FFEnemyShipNoColors12","FFEnemyShipNocolors8","0","2669","2024-04-26 14:12:57"
"test2","FullPilot","2","109","0","1","72","23","1","1","633","1133","1","0","31","28","0.5","0.73","62","38","FFEnemyShipNocolors3","FFEnemyShipNocolors1","1","2741","2024-04-26 14:13:00"
"test2","FullPilot","2","110","1","1","60","28","1","1","517","1017","1","0","36","23","0.5","0.82","72","28","FFEnemyShipNoColors12","FFEnemyShipNocolors8","1","2801","2024-04-26 14:13:03"
"test2","FullPilot","2","111","0","1","99","49","1","1","600","1116","1","0","31","33","0.5","0.88","62","38","FFEnemyShipNocolors3","FFEnemyShipNocolors1","0","2801","2024-04-26 14:13:06"
"test2","FullPilot","2","112","0","1","37","31","1","1","616","1132","1","0","38","5","0.62","0.12","62","38","FFEnemyShipNocolors3","FFEnemyShipNocolors1","1","2838","2024-04-26 14:13:09"
"test2","FullPilot","2","113","1","2","52","6","1","0","533","1033","1","0","45","5","0.62","0.18","72","28","FFEnemyShipNoColors12","FFEnemyShipNocolors8","0","2838","2024-04-26 14:13:13"
"test2","FullPilot","2","114","0","2","65","75","1","0","600","1100","1","0","38","10","0.62","0.27","62","38","FFEnemyShipNocolors3","FFEnemyShipNocolors1","1","2913","2024-04-26 14:13:16"
"test2","FullPilot","2","115","0","2","56","20","1","0","616","1133","1","0","38","14","0.62","0.38","62","38","FFEnemyShipNocolors3","FFEnemyShipNocolors1","1","2933","2024-04-26 14:13:19"
"test2","FullPilot","2","116","1","1","99","36","1","1","533","1034","1","0","45","14","0.62","0.5","72","28","FFEnemyShipNoColors12","FFEnemyShipNocolors8","1","3032","2024-04-26 14:13:22"
"test2","FullPilot","2","117","0","2","36","23","1","0","616","1116","1","0","38","28","0.62","0.73","62","38","FFEnemyShipNocolors3","FFEnemyShipNocolors1","1","3055","2024-04-26 14:13:25"
"test2","FullPilot","2","118","1","2","63","17","1","0","550","1050","1","0","45","23","0.62","0.82","72","28","FFEnemyShipNoColors12","FFEnemyShipNocolors8","1","3072","2024-04-26 14:13:28"
"test2","FullPilot","2","119","1","1","90","10","1","1","550","1050","1","0","45","25","0.62","0.88","72","28","FFEnemyShipNoColors12","FFEnemyShipNocolors8","0","3072","2024-04-26 14:13:31"
"test2","FullPilot","2","120","1","2","75","48","1","0","517","1034","1","0","53","3","0.73","0.12","72","28","FFEnemyShipNoColors12","FFEnemyShipNocolors8","0","3072","2024-04-26 14:13:35"
"test2","FullPilot","2","121","1","2","97","9","1","0","549","1049","1","0","53","5","0.73","0.18","72","28","FFEnemyShipNoColors12","FFEnemyShipNocolors8","0","3072","2024-04-26 14:13:38"
"test2","FullPilot","2","122","0","1","75","64","1","1","616","1118","1","0","45","10","0.73","0.27","62","38","FFEnemyShipNocolors3","FFEnemyShipNocolors1","1","3147","2024-04-26 14:13:41"
"test2","FullPilot","2","123","1","2","81","46","1","0","533","1033","1","0","53","11","0.73","0.38","72","28","FFEnemyShipNoColors12","FFEnemyShipNocolors8","1","3193","2024-04-26 14:13:44"
"test2","FullPilot","2","124","1","1","92","45","1","1","533","1050","1","0","53","14","0.73","0.5","72","28","FFEnemyShipNoColors12","FFEnemyShipNocolors8","1","3285","2024-04-26 14:13:47"
"test2","FullPilot","2","125","0","2","39","33","1","0","616","1116","1","0","45","24","0.73","0.62","62","38","FFEnemyShipNocolors3","FFEnemyShipNocolors1","1","3318","2024-04-26 14:13:50"
"test2","FullPilot","2","126","1","1","79","41","1","1","549","1065","1","0","53","23","0.73","0.82","72","28","FFEnemyShipNoColors12","FFEnemyShipNocolors8","1","3397","2024-04-26 14:13:54"
"test2","FullPilot","2","127","0","2","42","50","1","0","633","1133","1","0","45","33","0.73","0.88","62","38","FFEnemyShipNocolors3","FFEnemyShipNocolors1","1","3447","2024-04-26 14:13:57"
"test2","FullPilot","2","128","0","1","49","69","1","1","599","1115","1","0","51","5","0.82","0.12","62","38","FFEnemyShipNocolors3","FFEnemyShipNocolors1","1","3496","2024-04-26 14:14:00"
"test2","FullPilot","2","129","1","1","77","24","1","1","516","1033","1","0","59","5","0.82","0.18","72","28","FFEnemyShipNoColors12","FFEnemyShipNocolors8","1","3573","2024-04-26 14:14:03"
"test2","FullPilot","2","130","1","1","84","9","1","1","532","1049","1","0","59","8","0.82","0.27","72","28","FFEnemyShipNoColors12","FFEnemyShipNocolors8","1","3657","2024-04-26 14:14:06"
"test2","FullPilot","2","131","1","2","78","38","1","0","533","1050","1","0","59","11","0.82","0.38","72","28","FFEnemyShipNoColors12","FFEnemyShipNocolors8","1","3695","2024-04-26 14:14:09"
"test2","FullPilot","2","132","0","2","33","12","1","0","633","1133","1","0","51","19","0.82","0.5","62","38","FFEnemyShipNocolors3","FFEnemyShipNocolors1","0","3695","2024-04-26 14:14:12"
"test2","FullPilot","2","133","1","2","66","10","1","0","533","1033","1","0","59","17","0.82","0.62","72","28","FFEnemyShipNoColors12","FFEnemyShipNocolors8","1","3705","2024-04-26 14:14:15"
"test2","FullPilot","2","134","1","2","95","34","1","0","533","1049","1","0","59","20","0.82","0.73","72","28","FFEnemyShipNoColors12","FFEnemyShipNocolors8","0","3705","2024-04-26 14:14:19"
"test2","FullPilot","2","135","0","1","67","17","1","1","616","1117","1","0","51","33","0.82","0.88","62","38","FFEnemyShipNocolors3","FFEnemyShipNocolors1","0","3705","2024-04-26 14:14:22"
"test2","FullPilot","2","136","1","1","50","42","1","1","533","1033","1","0","63","3","0.88","0.12","72","28","FFEnemyShipNoColors12","FFEnemyShipNocolors8","1","3755","2024-04-26 14:14:25"
"test2","FullPilot","2","137","0","1","55","35","1","1","616","1116","1","0","55","7","0.88","0.18","62","38","FFEnemyShipNocolors3","FFEnemyShipNocolors1","1","3810","2024-04-26 14:14:28"
"test2","FullPilot","2","138","1","1","83","20","1","1","517","1033","1","0","63","8","0.88","0.27","72","28","FFEnemyShipNoColors12","FFEnemyShipNocolors8","0","3810","2024-04-26 14:14:32"
"test2","FullPilot","2","139","0","2","48","49","1","0","600","1100","1","0","55","14","0.88","0.38","62","38","FFEnemyShipNocolors3","FFEnemyShipNocolors1","0","3810","2024-04-26 14:14:35"
"test2","FullPilot","2","140","0","1","66","40","1","1","617","1133","1","0","55","19","0.88","0.5","62","38","FFEnemyShipNocolors3","FFEnemyShipNocolors1","1","3876","2024-04-26 14:14:38"
"test2","FullPilot","2","141","0","2","100","48","1","0","632","1149","1","0","55","24","0.88","0.62","62","38","FFEnemyShipNocolors3","FFEnemyShipNocolors1","1","3924","2024-04-26 14:14:41"
"test2","FullPilot","2","142","1","1","59","8","1","1","533","1033","1","0","63","20","0.88","0.73","72","28","FFEnemyShipNoColors12","FFEnemyShipNocolors8","1","3983","2024-04-26 14:14:44"
"test2","FullPilot","2","143","0","2","82","33","1","0","616","1116","1","0","55","31","0.88","0.82","62","38","FFEnemyShipNocolors3","FFEnemyShipNocolors1","0","3983","2024-04-26 14:14:48"
"test2","FullPilot","3","0","0","2","73","60","1","0","265","765","1","0","7","7","0.12","0.18","62","38","FFEnemyShipNocolors6","FFEnemyShipNoColors11","0","0","2024-04-26 14:29:49"
"test2","FullPilot","3","1","1","2","79","47","1","0","283","783","1","0","9","8","0.12","0.27","72","28","FFEnemyShipNoColors9","FFEnemyShipNocolors7","0","0","2024-04-26 14:29:55"
"test2","FullPilot","3","2","1","1","57","36","1","1","999","3000","1","0","9","11","0.12","0.38","72","28","FFEnemyShipNoColors9","FFEnemyShipNocolors7","0","0","2024-04-26 14:30:07"
"test2","FullPilot","3","3","1","1","75","5","1","1","999","3000","1","0","9","14","0.12","0.5","72","28","FFEnemyShipNoColors9","FFEnemyShipNocolors7","0","0","2024-04-26 14:30:19"
"test2","FullPilot","3","4","1","1","82","12","1","1","1000","3000","1","0","9","17","0.12","0.62","72","28","FFEnemyShipNoColors9","FFEnemyShipNocolors7","0","0","2024-04-26 14:30:31"
"test2","FullPilot","3","5","0","1","58","49","1","1","999","2999","1","0","7","28","0.12","0.73","62","38","FFEnemyShipNocolors6","FFEnemyShipNoColors11","0","0","2024-04-26 14:30:43"
"test2","FullPilot","3","6","0","1","56","49","1","1","999","2999","1","0","7","31","0.12","0.82","62","38","FFEnemyShipNocolors6","FFEnemyShipNoColors11","0","0","2024-04-26 14:30:55"
"test2","FullPilot","3","7","1","1","71","28","1","1","1001","3001","1","0","9","25","0.12","0.88","72","28","FFEnemyShipNoColors9","FFEnemyShipNocolors7","0","0","2024-04-26 14:31:07"
"test2","FullPilot","3","8","0","1","38","73","1","1","1000","2999","1","0","11","5","0.18","0.12","62","38","FFEnemyShipNocolors6","FFEnemyShipNoColors11","0","0","2024-04-26 14:31:19"
"test2","FullPilot","3","9","1","2","78","36","1","0","1000","3000","1","0","13","8","0.18","0.27","72","28","FFEnemyShipNoColors9","FFEnemyShipNocolors7","0","0","2024-04-26 14:31:31"
"test2","FullPilot","3","10","0","1","71","33","1","1","1001","1515","1","0","11","14","0.18","0.38","62","38","FFEnemyShipNocolors6","FFEnemyShipNoColors11","0","0","2024-04-26 14:31:40"
"test2","FullPilot","3","11","1","1","69","12","1","1","300","800","1","0","13","14","0.18","0.5","72","28","FFEnemyShipNoColors9","FFEnemyShipNocolors7","0","0","2024-04-26 14:31:43"
"test2","FullPilot","3","12","0","2","70","63","1","0","999","3000","1","0","11","24","0.18","0.62","62","38","FFEnemyShipNocolors6","FFEnemyShipNoColors11","1","63","2024-04-26 14:31:53"
"test2","FullPilot","3","13","1","1","80","27","1","1","1000","2999","1","0","13","20","0.18","0.73","72","28","FFEnemyShipNoColors9","FFEnemyShipNocolors7","0","63","2024-04-26 14:32:05"
"test2","FullPilot","3","14","0","0","85","30","0","1","0","0","0","0","11","31","0.18","0.82","62","38","FFEnemyShipNocolors6","FFEnemyShipNoColors11","0","63","2024-04-26 14:32:13"
"test2","FullPilot","3","15","0","2","39","58","1","0","999","2999","1","0","11","33","0.18","0.88","62","38","FFEnemyShipNocolors6","FFEnemyShipNoColors11","0","63","2024-04-26 14:32:25"
"test2","FullPilot","3","16","0","2","44","62","1","0","1000","3000","1","0","17","5","0.27","0.12","62","38","FFEnemyShipNocolors6","FFEnemyShipNoColors11","0","63","2024-04-26 14:32:37"
"test2","FullPilot","3","17","0","0","72","28","0","0","0","0","0","0","17","7","0.27","0.18","62","38","FFEnemyShipNocolors6","FFEnemyShipNoColors11","0","63","2024-04-26 14:32:45"
"test2","FullPilot","3","18","1","1","86","16","1","1","1000","3000","1","0","19","11","0.27","0.38","72","28","FFEnemyShipNoColors9","FFEnemyShipNocolors7","0","63","2024-04-26 14:32:57"
"test2","FullPilot","3","19","1","2","61","35","1","0","999","3000","1","0","19","14","0.27","0.5","72","28","FFEnemyShipNoColors9","FFEnemyShipNocolors7","1","98","2024-04-26 14:33:09"
"test2","FullPilot","3","20","0","2","33","20","1","0","1000","3000","1","0","17","24","0.27","0.62","62","38","FFEnemyShipNocolors6","FFEnemyShipNoColors11","0","98","2024-04-26 14:33:21"
"test2","FullPilot","3","21","1","0","83","4","0","0","0","0","0","0","19","20","0.27","0.73","72","28","FFEnemyShipNoColors9","FFEnemyShipNocolors7","0","98","2024-04-26 14:33:29"
"test2","FullPilot","3","22","1","1","73","26","1","1","999","2999","1","0","19","23","0.27","0.82","72","28","FFEnemyShipNoColors9","FFEnemyShipNocolors7","0","98","2024-04-26 14:33:41"
"test2","FullPilot","3","23","1","2","60","33","1","0","1001","3000","1","0","19","25","0.27","0.88","72","28","FFEnemyShipNoColors9","FFEnemyShipNocolors7","1","131","2024-04-26 14:33:53"
"test2","FullPilot","3","24","0","2","46","13","1","0","999","2999","1","0","24","5","0.38","0.12","62","38","FFEnemyShipNocolors6","FFEnemyShipNoColors11","0","131","2024-04-26 14:34:05"
"test2","FullPilot","3","25","0","0","39","65","0","1","0","0","0","0","24","7","0.38","0.18","62","38","FFEnemyShipNocolors6","FFEnemyShipNoColors11","0","131","2024-04-26 14:34:13"
"test2","FullPilot","3","26","0","2","31","14","1","0","1000","2999","1","0","24","10","0.38","0.27","62","38","FFEnemyShipNocolors6","FFEnemyShipNoColors11","0","131","2024-04-26 14:34:25"
"test2","FullPilot","3","27","0","1","84","27","1","1","1000","3000","1","0","24","19","0.38","0.5","62","38","FFEnemyShipNocolors6","FFEnemyShipNoColors11","1","215","2024-04-26 14:34:37"
"test2","FullPilot","3","28","0","2","42","67","1","0","999","2999","1","0","24","24","0.38","0.62","62","38","FFEnemyShipNocolors6","FFEnemyShipNoColors11","0","215","2024-04-26 14:34:49"
"test2","FullPilot","3","29","1","1","91","38","1","1","283","783","1","0","27","20","0.38","0.73","72","28","FFEnemyShipNoColors9","FFEnemyShipNocolors7","1","306","2024-04-26 14:34:55"
"test2","FullPilot","3","30","0","1","71","28","1","1","284","2692","1","0","24","31","0.38","0.82","62","38","FFEnemyShipNocolors6","FFEnemyShipNoColors11","0","306","2024-04-26 14:35:00"
"test2","FullPilot","3","31","1","2","45","49","1","0","300","800","1","0","27","25","0.38","0.88","72","28","FFEnemyShipNoColors9","FFEnemyShipNocolors7","1","355","2024-04-26 14:35:03"
"test2","FullPilot","3","32","1","1","61","19","1","1","283","800","1","0","36","3","0.5","0.12","72","28","FFEnemyShipNoColors9","FFEnemyShipNocolors7","1","416","2024-04-26 14:35:06"
"test2","FullPilot","3","33","0","1","77","27","1","1","300","800","1","0","31","7","0.5","0.18","62","38","FFEnemyShipNocolors6","FFEnemyShipNoColors11","1","493","2024-04-26 14:35:11"
"test2","FullPilot","3","34","1","1","88","48","1","1","300","800","1","0","36","8","0.5","0.27","72","28","FFEnemyShipNoColors9","FFEnemyShipNocolors7","0","493","2024-04-26 14:35:14"
"test2","FullPilot","3","35","1","2","79","26","1","0","300","2387","1","0","36","11","0.5","0.38","72","28","FFEnemyShipNoColors9","FFEnemyShipNocolors7","0","493","2024-04-26 14:35:19"
"test2","FullPilot","3","36","0","1","57","34","1","1","283","784","1","0","31","24","0.5","0.62","62","38","FFEnemyShipNocolors6","FFEnemyShipNoColors11","0","493","2024-04-26 14:35:22"
"test2","FullPilot","3","37","1","2","94","53","1","0","299","799","1","0","36","20","0.5","0.73","72","28","FFEnemyShipNoColors9","FFEnemyShipNocolors7","0","493","2024-04-26 14:35:26"
"test2","FullPilot","3","38","1","1","56","22","1","1","284","799","1","0","36","23","0.5","0.82","72","28","FFEnemyShipNoColors9","FFEnemyShipNocolors7","0","493","2024-04-26 14:35:29"
"test2","FullPilot","3","39","0","2","74","4","1","0","283","784","1","0","31","33","0.5","0.88","62","38","FFEnemyShipNocolors6","FFEnemyShipNoColors11","1","497","2024-04-26 14:35:32"
"test2","FullPilot","3","40","0","2","84","54","1","0","300","800","1","0","38","5","0.62","0.12","62","38","FFEnemyShipNocolors6","FFEnemyShipNoColors11","0","497","2024-04-26 14:35:35"
"test2","FullPilot","3","41","0","1","50","50","1","1","282","782","1","0","38","7","0.62","0.18","62","38","FFEnemyShipNocolors6","FFEnemyShipNoColors11","1","547","2024-04-26 14:35:39"
"test2","FullPilot","3","42","0","2","64","49","1","0","267","784","1","0","38","10","0.62","0.27","62","38","FFEnemyShipNocolors6","FFEnemyShipNoColors11","0","547","2024-04-26 14:35:42"
"test2","FullPilot","3","43","0","2","69","12","1","0","283","783","1","0","38","14","0.62","0.38","62","38","FFEnemyShipNocolors6","FFEnemyShipNoColors11","0","547","2024-04-26 14:35:45"
"test2","FullPilot","3","44","1","1","52","15","1","1","283","800","1","0","45","14","0.62","0.5","72","28","FFEnemyShipNoColors9","FFEnemyShipNocolors7","1","599","2024-04-26 14:35:48"
"test2","FullPilot","3","45","1","1","61","0","1","1","300","816","1","0","45","20","0.62","0.73","72","28","FFEnemyShipNoColors9","FFEnemyShipNocolors7","1","660","2024-04-26 14:35:52"
"test2","FullPilot","3","46","1","1","50","59","1","1","300","801","1","0","45","23","0.62","0.82","72","28","FFEnemyShipNoColors9","FFEnemyShipNocolors7","0","660","2024-04-26 14:35:55"
"test2","FullPilot","3","47","0","2","72","53","1","0","300","817","1","0","38","33","0.62","0.88","62","38","FFEnemyShipNocolors6","FFEnemyShipNoColors11","1","713","2024-04-26 14:35:58"
"test2","FullPilot","3","48","0","1","35","51","1","1","284","800","1","0","45","5","0.73","0.12","62","38","FFEnemyShipNocolors6","FFEnemyShipNoColors11","1","748","2024-04-26 14:36:01"
"test2","FullPilot","3","49","0","1","62","61","1","1","300","816","1","0","45","7","0.73","0.18","62","38","FFEnemyShipNocolors6","FFEnemyShipNoColors11","0","748","2024-04-26 14:36:05"
"test2","FullPilot","3","50","1","1","68","52","1","1","300","801","1","0","53","8","0.73","0.27","72","28","FFEnemyShipNoColors9","FFEnemyShipNocolors7","1","816","2024-04-26 14:36:08"
"test2","FullPilot","3","51","1","1","66","40","1","1","299","799","1","0","53","11","0.73","0.38","72","28","FFEnemyShipNoColors9","FFEnemyShipNocolors7","0","816","2024-04-26 14:36:11"
"test2","FullPilot","3","52","1","2","77","23","1","0","300","801","1","0","53","14","0.73","0.5","72","28","FFEnemyShipNoColors9","FFEnemyShipNocolors7","0","816","2024-04-26 14:36:15"
"test2","FullPilot","3","53","1","1","55","29","1","1","283","783","1","0","53","17","0.73","0.62","72","28","FFEnemyShipNoColors9","FFEnemyShipNocolors7","1","871","2024-04-26 14:36:18"
"test2","FullPilot","3","54","1","2","81","7","1","0","300","816","1","0","53","23","0.73","0.82","72","28","FFEnemyShipNoColors9","FFEnemyShipNocolors7","1","878","2024-04-26 14:36:21"
"test2","FullPilot","3","55","1","2","67","32","1","0","299","816","1","0","53","25","0.73","0.88","72","28","FFEnemyShipNoColors9","FFEnemyShipNocolors7","1","910","2024-04-26 14:36:24"
"test2","FullPilot","3","56","0","2","83","64","1","0","300","800","1","0","51","5","0.82","0.12","62","38","FFEnemyShipNocolors6","FFEnemyShipNoColors11","0","910","2024-04-26 14:36:27"
"test2","FullPilot","3","57","1","2","78","51","1","0","267","767","1","0","59","5","0.82","0.18","72","28","FFEnemyShipNoColors9","FFEnemyShipNocolors7","0","910","2024-04-26 14:36:31"
"test2","FullPilot","3","58","0","2","43","1","1","0","300","817","1","0","51","10","0.82","0.27","62","38","FFEnemyShipNocolors6","FFEnemyShipNoColors11","0","910","2024-04-26 14:36:34"
"test2","FullPilot","3","59","1","1","66","59","1","1","283","783","1","0","59","11","0.82","0.38","72","28","FFEnemyShipNoColors9","FFEnemyShipNocolors7","0","910","2024-04-26 14:36:38"
"test2","FullPilot","3","60","1","1","68","62","1","1","300","799","1","0","59","14","0.82","0.5","72","28","FFEnemyShipNoColors9","FFEnemyShipNocolors7","1","978","2024-04-26 14:36:41"
"test2","FullPilot","3","61","0","1","37","48","1","1","283","800","1","0","51","24","0.82","0.62","62","38","FFEnemyShipNocolors6","FFEnemyShipNoColors11","1","1015","2024-04-26 14:36:44"
"test2","FullPilot","3","62","1","2","70","19","1","0","283","783","1","0","59","20","0.82","0.73","72","28","FFEnemyShipNoColors9","FFEnemyShipNocolors7","1","1034","2024-04-26 14:36:47"
"test2","FullPilot","3","63","1","2","71","11","1","0","266","767","1","0","59","25","0.82","0.88","72","28","FFEnemyShipNoColors9","FFEnemyShipNocolors7","1","1045","2024-04-26 14:36:50"
"test2","FullPilot","3","64","1","1","87","38","1","1","283","783","1","0","63","3","0.88","0.12","72","28","FFEnemyShipNoColors9","FFEnemyShipNocolors7","1","1132","2024-04-26 14:36:53"
"test2","FullPilot","3","65","0","1","85","40","1","1","300","800","1","0","55","7","0.88","0.18","62","38","FFEnemyShipNocolors6","FFEnemyShipNoColors11","1","1217","2024-04-26 14:36:56"
"test2","FullPilot","3","66","0","2","46","55","1","0","299","799","1","0","55","10","0.88","0.27","62","38","FFEnemyShipNocolors6","FFEnemyShipNoColors11","0","1217","2024-04-26 14:37:00"
"test2","FullPilot","3","67","1","2","89","55","1","0","300","801","1","0","63","11","0.88","0.38","72","28","FFEnemyShipNoColors9","FFEnemyShipNocolors7","0","1217","2024-04-26 14:37:03"
"test2","FullPilot","3","68","0","1","72","57","1","1","299","800","1","0","55","19","0.88","0.5","62","38","FFEnemyShipNocolors6","FFEnemyShipNoColors11","1","1289","2024-04-26 14:37:06"
"test2","FullPilot","3","69","0","2","50","48","1","0","267","767","1","0","55","24","0.88","0.62","62","38","FFEnemyShipNocolors6","FFEnemyShipNoColors11","1","1337","2024-04-26 14:37:09"
"test2","FullPilot","3","70","1","2","48","54","1","0","300","816","1","0","63","20","0.88","0.73","72","28","FFEnemyShipNoColors9","FFEnemyShipNocolors7","1","1391","2024-04-26 14:37:13"
"test2","FullPilot","3","71","0","1","49","25","1","1","299","799","1","0","55","31","0.88","0.82","62","38","FFEnemyShipNocolors6","FFEnemyShipNoColors11","1","1440","2024-04-26 14:37:16"
"test2","FullPilot","3","72","0","2","31","70","1","0","300","816","1","0","7","7","0.12","0.18","62","38","FFEnemyShipNocolors6","FFEnemyShipNoColors11","0","1440","2024-04-26 14:37:19"
"test2","FullPilot","3","73","0","2","42","46","1","0","282","783","1","0","7","10","0.12","0.27","62","38","FFEnemyShipNocolors6","FFEnemyShipNoColors11","0","1440","2024-04-26 14:37:22"
"test2","FullPilot","3","74","1","1","64","16","1","1","300","800","1","0","9","11","0.12","0.38","72","28","FFEnemyShipNoColors9","FFEnemyShipNocolors7","1","1504","2024-04-26 14:37:26"
"test2","FullPilot","3","75","0","2","55","40","1","0","283","799","1","0","7","19","0.12","0.5","62","38","FFEnemyShipNocolors6","FFEnemyShipNoColors11","0","1504","2024-04-26 14:37:29"
"test2","FullPilot","3","76","1","1","76","7","1","1","299","800","1","0","9","17","0.12","0.62","72","28","FFEnemyShipNoColors9","FFEnemyShipNocolors7","0","1504","2024-04-26 14:37:32"
"test2","FullPilot","3","77","0","1","26","41","1","1","300","800","1","0","7","28","0.12","0.73","62","38","FFEnemyShipNocolors6","FFEnemyShipNoColors11","0","1504","2024-04-26 14:37:36"
"test2","FullPilot","3","78","0","1","68","69","1","1","300","816","1","0","7","31","0.12","0.82","62","38","FFEnemyShipNocolors6","FFEnemyShipNoColors11","1","1572","2024-04-26 14:37:39"
"test2","FullPilot","3","79","1","2","53","21","1","0","283","801","1","0","9","25","0.12","0.88","72","28","FFEnemyShipNoColors9","FFEnemyShipNocolors7","1","1593","2024-04-26 14:37:43"
"test2","FullPilot","3","80","1","2","92","21","1","0","999","2999","1","0","13","3","0.18","0.12","72","28","FFEnemyShipNoColors9","FFEnemyShipNocolors7","0","1593","2024-04-26 14:37:56"
"test2","FullPilot","3","81","1","1","68","8","1","1","998","3000","1","0","13","8","0.18","0.27","72","28","FFEnemyShipNoColors9","FFEnemyShipNocolors7","0","1593","2024-04-26 14:38:08"
"test2","FullPilot","3","82","0","1","44","13","1","1","1000","2999","1","0","11","14","0.18","0.38","62","38","FFEnemyShipNocolors6","FFEnemyShipNoColors11","1","1637","2024-04-26 14:38:20"
"test2","FullPilot","3","83","1","1","62","25","1","1","1000","2998","1","0","13","14","0.18","0.5","72","28","FFEnemyShipNoColors9","FFEnemyShipNocolors7","1","1699","2024-04-26 14:38:32"
"test2","FullPilot","3","84","0","2","75","61","1","0","999","3000","1","0","11","24","0.18","0.62","62","38","FFEnemyShipNocolors6","FFEnemyShipNoColors11","1","1760","2024-04-26 14:38:44"
"test2","FullPilot","3","85","0","1","86","36","1","1","1000","3001","1","0","11","28","0.18","0.73","62","38","FFEnemyShipNocolors6","FFEnemyShipNoColors11","0","1760","2024-04-26 14:38:56"
"test2","FullPilot","3","86","0","2","76","62","1","0","1000","3001","1","0","11","31","0.18","0.82","62","38","FFEnemyShipNocolors6","FFEnemyShipNoColors11","1","1822","2024-04-26 14:39:08"
"test2","FullPilot","3","87","0","1","44","24","1","1","999","2999","1","0","11","33","0.18","0.88","62","38","FFEnemyShipNocolors6","FFEnemyShipNoColors11","0","1822","2024-04-26 14:39:20"
"test2","FullPilot","3","88","1","2","44","41","1","0","1000","3000","1","0","19","3","0.27","0.12","72","28","FFEnemyShipNoColors9","FFEnemyShipNocolors7","0","1822","2024-04-26 14:39:32"
"test2","FullPilot","3","89","0","2","68","65","1","0","1000","3000","1","0","17","7","0.27","0.18","62","38","FFEnemyShipNocolors6","FFEnemyShipNoColors11","0","1822","2024-04-26 14:39:44"
"test2","FullPilot","3","90","0","0","75","37","0","1","0","0","0","0","17","14","0.27","0.38","62","38","FFEnemyShipNocolors6","FFEnemyShipNoColors11","0","1822","2024-04-26 14:39:52"
"test2","FullPilot","3","91","0","2","99","42","1","0","1000","3000","1","0","17","19","0.27","0.5","62","38","FFEnemyShipNocolors6","FFEnemyShipNoColors11","1","1864","2024-04-26 14:40:04"
"test2","FullPilot","3","92","1","1","44","52","1","1","998","2999","1","0","19","17","0.27","0.62","72","28","FFEnemyShipNoColors9","FFEnemyShipNocolors7","0","1864","2024-04-26 14:40:16"
"test2","FullPilot","3","93","1","1","85","42","1","1","999","3000","1","0","19","20","0.27","0.73","72","28","FFEnemyShipNoColors9","FFEnemyShipNocolors7","0","1864","2024-04-26 14:40:28"
"test2","FullPilot","3","94","1","1","16","4","1","1","1000","3001","1","0","19","23","0.27","0.82","72","28","FFEnemyShipNoColors9","FFEnemyShipNocolors7","0","1864","2024-04-26 14:40:40"
"test2","FullPilot","3","95","0","0","64","79","0","0","0","0","0","0","17","33","0.27","0.88","62","38","FFEnemyShipNocolors6","FFEnemyShipNoColors11","0","1864","2024-04-26 14:40:48"
"test2","FullPilot","3","96","0","2","83","66","1","0","1000","3000","1","0","24","5","0.38","0.12","62","38","FFEnemyShipNocolors6","FFEnemyShipNoColors11","0","1864","2024-04-26 14:41:00"
"test2","FullPilot","3","97","1","2","65","51","1","0","1000","3000","1","0","27","5","0.38","0.18","72","28","FFEnemyShipNoColors9","FFEnemyShipNocolors7","0","1864","2024-04-26 14:41:12"
"test2","FullPilot","3","98","1","2","82","43","1","0","1000","2999","1","0","27","8","0.38","0.27","72","28","FFEnemyShipNoColors9","FFEnemyShipNocolors7","0","1864","2024-04-26 14:41:24"
"test2","FullPilot","3","99","1","1","81","40","1","1","1000","3000","1","0","27","14","0.38","0.5","72","28","FFEnemyShipNoColors9","FFEnemyShipNocolors7","1","1945","2024-04-26 14:41:36"
"test2","FullPilot","3","100","0","1","35","46","1","1","1000","3000","1","0","24","24","0.38","0.62","62","38","FFEnemyShipNocolors6","FFEnemyShipNoColors11","1","1980","2024-04-26 14:41:48"
"test2","FullPilot","3","101","0","1","75","44","1","1","299","800","1","0","24","28","0.38","0.73","62","38","FFEnemyShipNocolors6","FFEnemyShipNoColors11","1","2055","2024-04-26 14:41:51"
"test2","FullPilot","3","102","1","1","46","38","1","1","300","800","1","0","27","23","0.38","0.82","72","28","FFEnemyShipNoColors9","FFEnemyShipNocolors7","0","2055","2024-04-26 14:41:54"
"test2","FullPilot","3","103","1","1","48","42","1","1","181","681","1","0","27","25","0.38","0.88","72","28","FFEnemyShipNoColors9","FFEnemyShipNocolors7","0","2055","2024-04-26 14:41:57"
"test2","FullPilot","3","104","1","1","72","36","1","1","283","783","1","0","36","3","0.5","0.12","72","28","FFEnemyShipNoColors9","FFEnemyShipNocolors7","0","2055","2024-04-26 14:42:01"
"test2","FullPilot","3","105","0","1","64","32","1","1","300","817","1","0","31","7","0.5","0.18","62","38","FFEnemyShipNocolors6","FFEnemyShipNoColors11","0","2055","2024-04-26 14:42:04"
"test2","FullPilot","3","106","1","2","55","28","1","0","300","801","1","0","36","8","0.5","0.27","72","28","FFEnemyShipNoColors9","FFEnemyShipNocolors7","0","2055","2024-04-26 14:42:08"
"test2","FullPilot","3","107","1","2","41","24","1","0","299","799","1","0","36","11","0.5","0.38","72","28","FFEnemyShipNoColors9","FFEnemyShipNocolors7","0","2055","2024-04-26 14:42:11"
"test2","FullPilot","3","108","1","1","40","19","1","1","300","800","1","0","36","17","0.5","0.62","72","28","FFEnemyShipNoColors9","FFEnemyShipNocolors7","0","2055","2024-04-26 14:42:14"
"test2","FullPilot","3","109","0","2","55","42","1","0","300","800","1","0","31","28","0.5","0.73","62","38","FFEnemyShipNocolors6","FFEnemyShipNoColors11","1","2097","2024-04-26 14:42:17"
"test2","FullPilot","3","110","1","1","76","12","1","1","283","784","1","0","36","23","0.5","0.82","72","28","FFEnemyShipNoColors9","FFEnemyShipNocolors7","0","2097","2024-04-26 14:42:21"
"test2","FullPilot","3","111","0","2","52","18","1","0","299","800","1","0","31","33","0.5","0.88","62","38","FFEnemyShipNocolors6","FFEnemyShipNoColors11","1","2115","2024-04-26 14:42:24"
"test2","FullPilot","3","112","0","1","56","65","1","1","300","816","1","0","38","5","0.62","0.12","62","38","FFEnemyShipNocolors6","FFEnemyShipNoColors11","1","2171","2024-04-26 14:42:27"
"test2","FullPilot","3","113","0","2","63","27","1","0","283","800","1","0","38","7","0.62","0.18","62","38","FFEnemyShipNocolors6","FFEnemyShipNoColors11","0","2171","2024-04-26 14:42:31"
"test2","FullPilot","3","114","0","1","44","48","1","1","267","783","1","0","38","10","0.62","0.27","62","38","FFEnemyShipNocolors6","FFEnemyShipNoColors11","1","2215","2024-04-26 14:42:34"
"test2","FullPilot","3","115","1","1","67","19","1","1","283","800","1","0","45","11","0.62","0.38","72","28","FFEnemyShipNoColors9","FFEnemyShipNocolors7","0","2215","2024-04-26 14:42:37"
"test2","FullPilot","3","116","1","1","71","67","1","1","300","800","1","0","45","14","0.62","0.5","72","28","FFEnemyShipNoColors9","FFEnemyShipNocolors7","1","2286","2024-04-26 14:42:40"
"test2","FullPilot","3","117","0","1","48","57","1","1","299","816","1","0","38","28","0.62","0.73","62","38","FFEnemyShipNocolors6","FFEnemyShipNoColors11","1","2334","2024-04-26 14:42:43"
"test2","FullPilot","3","118","0","2","69","57","1","0","283","783","1","0","38","31","0.62","0.82","62","38","FFEnemyShipNocolors6","FFEnemyShipNoColors11","1","2391","2024-04-26 14:42:47"
"test2","FullPilot","3","119","1","2","97","20","1","0","283","799","1","0","45","25","0.62","0.88","72","28","FFEnemyShipNoColors9","FFEnemyShipNocolors7","1","2411","2024-04-26 14:42:50"
"test2","FullPilot","3","120","1","2","34","55","1","0","266","766","1","0","53","3","0.73","0.12","72","28","FFEnemyShipNoColors9","FFEnemyShipNocolors7","0","2411","2024-04-26 14:42:53"
"test2","FullPilot","3","121","0","1","57","71","1","1","299","817","1","0","45","7","0.73","0.18","62","38","FFEnemyShipNocolors6","FFEnemyShipNoColors11","1","2468","2024-04-26 14:42:56"
"test2","FullPilot","3","122","1","2","80","38","1","0","299","816","1","0","53","8","0.73","0.27","72","28","FFEnemyShipNoColors9","FFEnemyShipNocolors7","0","2468","2024-04-26 14:43:00"
"test2","FullPilot","3","123","0","2","82","65","1","0","300","801","1","0","45","14","0.73","0.38","62","38","FFEnemyShipNocolors6","FFEnemyShipNoColors11","0","2468","2024-04-26 14:43:03"
"test2","FullPilot","3","124","1","2","80","27","1","0","300","817","1","0","53","14","0.73","0.5","72","28","FFEnemyShipNoColors9","FFEnemyShipNocolors7","1","2495","2024-04-26 14:43:06"
"test2","FullPilot","3","125","0","2","61","59","1","0","300","816","1","0","45","24","0.73","0.62","62","38","FFEnemyShipNocolors6","FFEnemyShipNoColors11","1","2554","2024-04-26 14:43:09"
"test2","FullPilot","3","126","1","2","90","35","1","0","283","799","1","0","53","23","0.73","0.82","72","28","FFEnemyShipNoColors9","FFEnemyShipNocolors7","1","2589","2024-04-26 14:43:13"
"test2","FullPilot","3","127","1","2","67","11","1","0","284","800","1","0","53","25","0.73","0.88","72","28","FFEnemyShipNoColors9","FFEnemyShipNocolors7","0","2589","2024-04-26 14:43:16"
"test2","FullPilot","3","128","0","1","51","63","1","1","300","800","1","0","51","5","0.82","0.12","62","38","FFEnemyShipNocolors6","FFEnemyShipNoColors11","1","2640","2024-04-26 14:43:19"
"test2","FullPilot","3","129","1","1","80","25","1","1","299","799","1","0","59","5","0.82","0.18","72","28","FFEnemyShipNoColors9","FFEnemyShipNocolors7","1","2720","2024-04-26 14:43:22"
"test2","FullPilot","3","130","0","2","27","66","1","0","282","782","1","0","51","10","0.82","0.27","62","38","FFEnemyShipNocolors6","FFEnemyShipNoColors11","0","2720","2024-04-26 14:43:26"
"test2","FullPilot","3","131","0","2","81","48","1","0","300","801","1","0","51","14","0.82","0.38","62","38","FFEnemyShipNocolors6","FFEnemyShipNoColors11","0","2720","2024-04-26 14:43:29"
"test2","FullPilot","3","132","1","2","63","22","1","0","284","816","1","0","59","14","0.82","0.5","72","28","FFEnemyShipNoColors9","FFEnemyShipNocolors7","0","2720","2024-04-26 14:43:32"
"test2","FullPilot","3","133","0","1","60","19","1","1","300","800","1","0","51","24","0.82","0.62","62","38","FFEnemyShipNocolors6","FFEnemyShipNoColors11","1","2780","2024-04-26 14:43:36"
"test2","FullPilot","3","134","0","1","58","69","1","1","266","783","1","0","51","28","0.82","0.73","62","38","FFEnemyShipNocolors6","FFEnemyShipNoColors11","1","2838","2024-04-26 14:43:39"
"test2","FullPilot","3","135","1","1","71","54","1","1","283","800","1","0","59","25","0.82","0.88","72","28","FFEnemyShipNoColors9","FFEnemyShipNocolors7","1","2909","2024-04-26 14:43:42"
"test2","FullPilot","3","136","1","2","82","33","1","0","283","783","1","0","63","3","0.88","0.12","72","28","FFEnemyShipNoColors9","FFEnemyShipNocolors7","0","2909","2024-04-26 14:43:45"
"test2","FullPilot","3","137","0","1","73","38","1","1","300","817","1","0","55","7","0.88","0.18","62","38","FFEnemyShipNocolors6","FFEnemyShipNoColors11","1","2982","2024-04-26 14:43:48"
"test2","FullPilot","3","138","0","1","66","33","1","1","284","800","1","0","55","10","0.88","0.27","62","38","FFEnemyShipNocolors6","FFEnemyShipNoColors11","1","3048","2024-04-26 14:43:52"
"test2","FullPilot","3","139","0","1","24","53","1","1","284","800","1","0","55","14","0.88","0.38","62","38","FFEnemyShipNocolors6","FFEnemyShipNoColors11","1","3072","2024-04-26 14:43:55"
"test2","FullPilot","3","140","1","2","87","42","1","0","299","801","1","0","63","14","0.88","0.5","72","28","FFEnemyShipNoColors9","FFEnemyShipNocolors7","1","3114","2024-04-26 14:43:58"
"test2","FullPilot","3","141","1","2","33","49","1","0","299","800","1","0","63","17","0.88","0.62","72","28","FFEnemyShipNoColors9","FFEnemyShipNocolors7","0","3114","2024-04-26 14:44:05"
"test2","FullPilot","3","142","0","1","71","37","1","1","998","2999","1","0","55","28","0.88","0.73","62","38","FFEnemyShipNocolors6","FFEnemyShipNoColors11","1","3185","2024-04-26 14:44:17"
"test2","FullPilot","3","143","1","1","48","2","1","1","1000","3000","1","0","63","23","0.88","0.82","72","28","FFEnemyShipNoColors9","FFEnemyShipNocolors7","0","3185","2024-04-26 14:44:29"
"basilelast","FullPilot","0","0","-1","2","50","50","1","0","516","1032","1","0","6","9","0.12","0.18","50","50","FFEnemyNeutral","FFEnemyNeutral","0","0","2024-04-26 15:25:05"
"basilelast","FullPilot","0","1","-1","1","50","50","1","1","533","1048","1","0","6","14","0.12","0.27","50","50","FFEnemyNeutral","FFEnemyNeutral","0","0","2024-04-26 15:25:07"
"basilelast","FullPilot","0","2","-1","2","50","50","1","0","516","1017","1","0","6","19","0.12","0.38","50","50","FFEnemyNeutral","FFEnemyNeutral","0","0","2024-04-26 15:25:10"
"basilelast","FullPilot","0","3","-1","1","50","50","1","1","518","1034","1","0","6","25","0.12","0.5","50","50","FFEnemyNeutral","FFEnemyNeutral","1","50","2024-04-26 15:25:13"
"basilelast","FullPilot","0","4","-1","2","50","50","1","0","517","1018","1","0","6","31","0.12","0.62","50","50","FFEnemyNeutral","FFEnemyNeutral","1","100","2024-04-26 15:25:16"
"basilelast","FullPilot","0","5","-1","1","50","50","1","1","550","1051","1","0","6","37","0.12","0.73","50","50","FFEnemyNeutral","FFEnemyNeutral","0","100","2024-04-26 15:25:19"
"basilelast","FullPilot","0","6","-1","2","50","50","1","0","533","1034","1","0","6","41","0.12","0.82","50","50","FFEnemyNeutral","FFEnemyNeutral","1","150","2024-04-26 15:25:22"
"basilelast","FullPilot","0","7","-1","1","50","50","1","1","533","1049","1","0","6","44","0.12","0.88","50","50","FFEnemyNeutral","FFEnemyNeutral","0","150","2024-04-26 15:25:25"
"basilelast","FullPilot","0","8","-1","1","50","50","1","1","550","1050","1","0","9","6","0.18","0.12","50","50","FFEnemyNeutral","FFEnemyNeutral","0","150","2024-04-26 15:25:28"
"basilelast","FullPilot","0","9","-1","2","50","50","1","0","550","1050","1","0","9","14","0.18","0.27","50","50","FFEnemyNeutral","FFEnemyNeutral","0","150","2024-04-26 15:25:31"
"basilelast","FullPilot","0","10","-1","2","50","50","1","0","516","1031","1","0","9","19","0.18","0.38","50","50","FFEnemyNeutral","FFEnemyNeutral","0","150","2024-04-26 15:25:34"
"basilelast","FullPilot","0","11","-1","1","50","50","1","1","516","1032","1","0","9","25","0.18","0.5","50","50","FFEnemyNeutral","FFEnemyNeutral","0","150","2024-04-26 15:25:37"
"basilelast","FullPilot","0","12","-1","2","50","50","1","0","533","1048","1","0","9","31","0.18","0.62","50","50","FFEnemyNeutral","FFEnemyNeutral","1","200","2024-04-26 15:25:40"
"basilelast","FullPilot","0","13","-1","1","50","50","1","1","515","1016","1","0","9","37","0.18","0.73","50","50","FFEnemyNeutral","FFEnemyNeutral","1","250","2024-04-26 15:25:43"
"basilelast","FullPilot","0","14","-1","1","50","50","1","1","534","1034","1","0","9","41","0.18","0.82","50","50","FFEnemyNeutral","FFEnemyNeutral","0","250","2024-04-26 15:25:45"
"basilelast","FullPilot","0","15","-1","1","50","50","1","1","518","1018","1","0","9","44","0.18","0.88","50","50","FFEnemyNeutral","FFEnemyNeutral","1","300","2024-04-26 15:25:48"
"basilelast","FullPilot","0","16","-1","2","50","50","1","0","533","1034","1","0","14","6","0.27","0.12","50","50","FFEnemyNeutral","FFEnemyNeutral","0","300","2024-04-26 15:25:51"
"basilelast","FullPilot","0","17","-1","2","50","50","1","0","549","1051","1","0","14","9","0.27","0.18","50","50","FFEnemyNeutral","FFEnemyNeutral","0","300","2024-04-26 15:25:54"
"basilelast","FullPilot","0","18","-1","2","50","50","1","0","533","1034","1","0","14","19","0.27","0.38","50","50","FFEnemyNeutral","FFEnemyNeutral","1","350","2024-04-26 15:25:57"
"basilelast","FullPilot","0","19","-1","2","50","50","1","0","549","1049","1","0","14","25","0.27","0.5","50","50","FFEnemyNeutral","FFEnemyNeutral","1","400","2024-04-26 15:26:00"
"basilelast","FullPilot","0","20","-1","2","50","50","1","0","533","1048","1","0","14","31","0.27","0.62","50","50","FFEnemyNeutral","FFEnemyNeutral","1","450","2024-04-26 15:26:03"
"basilelast","FullPilot","0","21","-1","2","50","50","1","0","533","1033","1","0","14","37","0.27","0.73","50","50","FFEnemyNeutral","FFEnemyNeutral","1","500","2024-04-26 15:26:05"
"basilelast","FullPilot","0","22","-1","2","50","50","1","0","534","1034","1","0","14","41","0.27","0.82","50","50","FFEnemyNeutral","FFEnemyNeutral","0","500","2024-04-26 15:26:08"
"basilelast","FullPilot","0","23","-1","1","50","50","1","1","518","1018","1","0","14","44","0.27","0.88","50","50","FFEnemyNeutral","FFEnemyNeutral","0","500","2024-04-26 15:26:11"
"basilelast","FullPilot","0","24","-1","2","50","50","1","0","534","1034","1","0","19","6","0.38","0.12","50","50","FFEnemyNeutral","FFEnemyNeutral","0","500","2024-04-26 15:26:14"
"basilelast","FullPilot","0","25","-1","1","50","50","1","1","534","1034","1","0","19","9","0.38","0.18","50","50","FFEnemyNeutral","FFEnemyNeutral","0","500","2024-04-26 15:26:17"
"basilelast","FullPilot","0","26","-1","2","50","50","1","0","534","1034","1","0","19","14","0.38","0.27","50","50","FFEnemyNeutral","FFEnemyNeutral","0","500","2024-04-26 15:26:20"
"basilelast","FullPilot","0","27","-1","1","50","50","1","1","535","1051","1","0","19","25","0.38","0.5","50","50","FFEnemyNeutral","FFEnemyNeutral","0","500","2024-04-26 15:26:23"
"basilelast","FullPilot","0","28","-1","1","50","50","1","1","518","1034","1","0","19","31","0.38","0.62","50","50","FFEnemyNeutral","FFEnemyNeutral","0","500","2024-04-26 15:26:26"
"basilelast","FullPilot","0","29","-1","1","50","50","1","1","534","1051","1","0","19","37","0.38","0.73","50","50","FFEnemyNeutral","FFEnemyNeutral","1","550","2024-04-26 15:26:29"
"basilelast","FullPilot","0","30","-1","2","50","50","1","0","518","1034","1","0","19","41","0.38","0.82","50","50","FFEnemyNeutral","FFEnemyNeutral","1","600","2024-04-26 15:26:32"
"basilelast","FullPilot","0","31","-1","2","50","50","1","0","518","1034","1","0","19","44","0.38","0.88","50","50","FFEnemyNeutral","FFEnemyNeutral","0","600","2024-04-26 15:26:35"
"basilelast","FullPilot","0","32","-1","1","50","50","1","1","518","1018","1","0","25","6","0.5","0.12","50","50","FFEnemyNeutral","FFEnemyNeutral","0","600","2024-04-26 15:26:38"
"basilelast","FullPilot","0","33","-1","1","50","50","1","1","518","1018","1","0","25","9","0.5","0.18","50","50","FFEnemyNeutral","FFEnemyNeutral","1","650","2024-04-26 15:26:41"
"basilelast","FullPilot","0","34","-1","2","50","50","1","0","534","1051","1","0","25","14","0.5","0.27","50","50","FFEnemyNeutral","FFEnemyNeutral","0","650","2024-04-26 15:26:44"
"basilelast","FullPilot","0","35","-1","2","50","50","1","0","518","1018","1","0","25","19","0.5","0.38","50","50","FFEnemyNeutral","FFEnemyNeutral","0","650","2024-04-26 15:26:46"
"basilelast","FullPilot","0","36","-1","2","50","50","1","0","518","1035","1","0","25","31","0.5","0.62","50","50","FFEnemyNeutral","FFEnemyNeutral","1","700","2024-04-26 15:26:49"
"basilelast","FullPilot","0","37","-1","2","50","50","1","0","534","1051","1","0","25","37","0.5","0.73","50","50","FFEnemyNeutral","FFEnemyNeutral","0","700","2024-04-26 15:26:52"
"basilelast","FullPilot","0","38","-1","2","50","50","1","0","517","1018","1","0","25","41","0.5","0.82","50","50","FFEnemyNeutral","FFEnemyNeutral","0","700","2024-04-26 15:26:55"
"basilelast","FullPilot","0","39","-1","2","50","50","1","0","533","1049","1","0","25","44","0.5","0.88","50","50","FFEnemyNeutral","FFEnemyNeutral","1","750","2024-04-26 15:26:58"
"basilelast","FullPilot","0","40","-1","2","50","50","1","0","517","1018","1","0","31","6","0.62","0.12","50","50","FFEnemyNeutral","FFEnemyNeutral","0","750","2024-04-26 15:27:01"
"basilelast","FullPilot","0","41","-1","1","50","50","1","1","534","1034","1","0","31","9","0.62","0.18","50","50","FFEnemyNeutral","FFEnemyNeutral","1","800","2024-04-26 15:27:04"
"basilelast","FullPilot","0","42","-1","1","50","50","1","1","534","1034","1","0","31","14","0.62","0.27","50","50","FFEnemyNeutral","FFEnemyNeutral","0","800","2024-04-26 15:27:07"
"basilelast","FullPilot","0","43","-1","1","50","50","1","1","516","1017","1","0","31","19","0.62","0.38","50","50","FFEnemyNeutral","FFEnemyNeutral","0","800","2024-04-26 15:27:10"
"basilelast","FullPilot","0","44","-1","2","50","50","1","0","534","1050","1","0","31","25","0.62","0.5","50","50","FFEnemyNeutral","FFEnemyNeutral","1","850","2024-04-26 15:27:13"
"basilelast","FullPilot","0","45","-1","1","50","50","1","1","533","1032","1","0","31","37","0.62","0.73","50","50","FFEnemyNeutral","FFEnemyNeutral","0","850","2024-04-26 15:27:16"
"basilelast","FullPilot","0","46","-1","1","50","50","1","1","533","1048","1","0","31","41","0.62","0.82","50","50","FFEnemyNeutral","FFEnemyNeutral","1","900","2024-04-26 15:27:18"
"basilelast","FullPilot","0","47","-1","1","50","50","1","1","533","1048","1","0","31","44","0.62","0.88","50","50","FFEnemyNeutral","FFEnemyNeutral","1","950","2024-04-26 15:27:21"
"basilelast","FullPilot","0","48","-1","2","50","50","1","0","516","1016","1","0","37","6","0.73","0.12","50","50","FFEnemyNeutral","FFEnemyNeutral","0","950","2024-04-26 15:27:24"
"basilelast","FullPilot","0","49","-1","1","50","50","1","1","516","1033","1","0","37","9","0.73","0.18","50","50","FFEnemyNeutral","FFEnemyNeutral","1","1000","2024-04-26 15:27:27"
"basilelast","FullPilot","0","50","-1","2","50","50","1","0","518","1018","1","0","37","14","0.73","0.27","50","50","FFEnemyNeutral","FFEnemyNeutral","0","1000","2024-04-26 15:27:30"
"basilelast","FullPilot","0","51","-1","1","50","50","1","1","518","1018","1","0","37","19","0.73","0.38","50","50","FFEnemyNeutral","FFEnemyNeutral","1","1050","2024-04-26 15:27:33"
"basilelast","FullPilot","0","52","-1","1","50","50","1","1","518","1034","1","0","37","25","0.73","0.5","50","50","FFEnemyNeutral","FFEnemyNeutral","0","1050","2024-04-26 15:27:36"
"basilelast","FullPilot","0","53","-1","1","50","50","1","1","534","1034","1","0","37","31","0.73","0.62","50","50","FFEnemyNeutral","FFEnemyNeutral","0","1050","2024-04-26 15:27:39"
"basilelast","FullPilot","0","54","-1","1","50","50","1","1","518","1034","1","0","37","41","0.73","0.82","50","50","FFEnemyNeutral","FFEnemyNeutral","1","1100","2024-04-26 15:27:41"
"basilelast","FullPilot","0","55","-1","1","50","50","1","1","517","1017","1","0","37","44","0.73","0.88","50","50","FFEnemyNeutral","FFEnemyNeutral","1","1150","2024-04-26 15:27:44"
"basilelast","FullPilot","0","56","-1","2","50","50","1","0","533","1034","1","0","41","6","0.82","0.12","50","50","FFEnemyNeutral","FFEnemyNeutral","0","1150","2024-04-26 15:27:47"
"basilelast","FullPilot","0","57","-1","2","50","50","1","0","518","1018","1","0","41","9","0.82","0.18","50","50","FFEnemyNeutral","FFEnemyNeutral","0","1150","2024-04-26 15:27:50"
"basilelast","FullPilot","0","58","-1","1","50","50","1","1","517","1017","1","0","41","14","0.82","0.27","50","50","FFEnemyNeutral","FFEnemyNeutral","0","1150","2024-04-26 15:27:53"
"basilelast","FullPilot","0","59","-1","1","50","50","1","1","534","1034","1","0","41","19","0.82","0.38","50","50","FFEnemyNeutral","FFEnemyNeutral","0","1150","2024-04-26 15:27:56"
"basilelast","FullPilot","0","60","-1","1","50","50","1","1","517","1018","1","0","41","25","0.82","0.5","50","50","FFEnemyNeutral","FFEnemyNeutral","1","1200","2024-04-26 15:27:59"
"basilelast","FullPilot","0","61","-1","1","50","50","1","1","534","1051","1","0","41","31","0.82","0.62","50","50","FFEnemyNeutral","FFEnemyNeutral","1","1250","2024-04-26 15:28:02"
"basilelast","FullPilot","0","62","-1","1","50","50","1","1","516","1018","1","0","41","37","0.82","0.73","50","50","FFEnemyNeutral","FFEnemyNeutral","1","1300","2024-04-26 15:28:05"
"basilelast","FullPilot","0","63","-1","2","50","50","1","0","550","1065","1","0","41","44","0.82","0.88","50","50","FFEnemyNeutral","FFEnemyNeutral","1","1350","2024-04-26 15:28:07"
"basilelast","FullPilot","0","64","-1","1","50","50","1","1","516","1033","1","0","44","6","0.88","0.12","50","50","FFEnemyNeutral","FFEnemyNeutral","1","1400","2024-04-26 15:28:10"
"basilelast","FullPilot","0","65","-1","2","50","50","1","0","517","1018","1","0","44","9","0.88","0.18","50","50","FFEnemyNeutral","FFEnemyNeutral","0","1400","2024-04-26 15:28:13"
"basilelast","FullPilot","0","66","-1","1","50","50","1","1","534","1035","1","0","44","14","0.88","0.27","50","50","FFEnemyNeutral","FFEnemyNeutral","1","1450","2024-04-26 15:28:16"
"basilelast","FullPilot","0","67","-1","1","50","50","1","1","534","1034","1","0","44","19","0.88","0.38","50","50","FFEnemyNeutral","FFEnemyNeutral","1","1500","2024-04-26 15:28:19"
"basilelast","FullPilot","0","68","-1","2","50","50","1","0","533","1034","1","0","44","25","0.88","0.5","50","50","FFEnemyNeutral","FFEnemyNeutral","0","1500","2024-04-26 15:28:22"
"basilelast","FullPilot","0","69","-1","1","50","50","1","1","534","1034","1","0","44","31","0.88","0.62","50","50","FFEnemyNeutral","FFEnemyNeutral","1","1550","2024-04-26 15:28:25"
"basilelast","FullPilot","0","70","-1","2","50","50","1","0","534","1051","1","0","44","37","0.88","0.73","50","50","FFEnemyNeutral","FFEnemyNeutral","1","1600","2024-04-26 15:28:27"
"basilelast","FullPilot","0","71","-1","2","50","50","1","0","534","1034","1","0","44","41","0.88","0.82","50","50","FFEnemyNeutral","FFEnemyNeutral","1","1650","2024-04-26 15:28:30"
"basilelast","FullPilot","1","0","-2","2","71","53","1","0","616","1133","1","0","67","33","1","1","67","33","FFEnemyShipNocolors5","FFEnemyShipNocolors2","1","53","2024-04-26 15:28:49"
"basilelast","FullPilot","1","1","-2","1","46","30","1","1","616","1116","1","0","67","33","1","1","67","33","FFEnemyShipNocolors5","FFEnemyShipNocolors2","1","99","2024-04-26 15:28:52"
"basilelast","FullPilot","1","2","-2","2","65","12","1","0","616","1133","1","0","67","33","1","1","67","33","FFEnemyShipNocolors5","FFEnemyShipNocolors2","1","111","2024-04-26 15:28:55"
"basilelast","FullPilot","1","3","-2","2","47","29","1","0","633","1133","1","0","67","33","1","1","67","33","FFEnemyShipNocolors5","FFEnemyShipNocolors2","1","140","2024-04-26 15:28:58"
"basilelast","FullPilot","1","4","-2","2","77","48","1","0","633","1150","1","0","67","33","1","1","67","33","FFEnemyShipNocolors5","FFEnemyShipNocolors2","1","188","2024-04-26 15:29:01"
"basilelast","FullPilot","1","5","-2","1","52","73","1","1","616","1133","1","0","67","33","1","1","67","33","FFEnemyShipNocolors5","FFEnemyShipNocolors2","1","240","2024-04-26 15:29:04"
"basilelast","FullPilot","1","6","-2","1","58","4","1","1","633","1150","1","0","67","33","1","1","67","33","FFEnemyShipNocolors5","FFEnemyShipNocolors2","1","298","2024-04-26 15:29:07"
"basilelast","FullPilot","1","7","-2","1","79","20","1","1","617","1133","1","0","67","33","1","1","67","33","FFEnemyShipNocolors5","FFEnemyShipNocolors2","1","377","2024-04-26 15:29:10"
"basilelast","FullPilot","1","8","-2","2","86","17","1","0","616","1133","1","0","67","33","1","1","67","33","FFEnemyShipNocolors5","FFEnemyShipNocolors2","1","394","2024-04-26 15:29:13"
"basilelast","FullPilot","1","9","-2","2","93","45","1","0","616","1133","1","0","67","33","1","1","67","33","FFEnemyShipNocolors5","FFEnemyShipNocolors2","1","439","2024-04-26 15:29:17"
"basilelast","FullPilot","1","10","-2","2","78","33","1","0","600","1100","1","0","67","33","1","1","67","33","FFEnemyShipNocolors5","FFEnemyShipNocolors2","1","472","2024-04-26 15:29:20"
"basilelast","FullPilot","1","11","-2","2","50","35","1","0","599","1099","1","0","67","33","1","1","67","33","FFEnemyShipNocolors5","FFEnemyShipNocolors2","1","507","2024-04-26 15:29:23"
"basilelast","FullPilot","1","12","-2","2","72","52","1","0","616","1116","1","0","67","33","1","1","67","33","FFEnemyShipNocolors5","FFEnemyShipNocolors2","1","559","2024-04-26 15:29:26"
"basilelast","FullPilot","1","13","-2","1","62","53","1","1","616","1133","1","0","67","33","1","1","67","33","FFEnemyShipNocolors5","FFEnemyShipNocolors2","1","621","2024-04-26 15:29:29"
"basilelast","FullPilot","1","14","-2","2","98","22","1","0","617","1117","1","0","67","33","1","1","67","33","FFEnemyShipNocolors5","FFEnemyShipNocolors2","1","643","2024-04-26 15:29:32"
"basilelast","FullPilot","1","15","-2","1","71","19","1","1","616","1116","1","0","67","33","1","1","67","33","FFEnemyShipNocolors5","FFEnemyShipNocolors2","1","714","2024-04-26 15:29:35"
"basilelast","FullPilot","1","16","-2","1","58","51","1","1","616","1133","1","0","67","33","1","1","67","33","FFEnemyShipNocolors5","FFEnemyShipNocolors2","1","772","2024-04-26 15:29:38"
"basilelast","FullPilot","1","17","-2","2","31","24","1","0","616","1116","1","0","67","33","1","1","67","33","FFEnemyShipNocolors5","FFEnemyShipNocolors2","1","796","2024-04-26 15:29:41"
"basilelast","FullPilot","1","18","-2","2","58","64","1","0","616","1133","1","0","67","33","1","1","67","33","FFEnemyShipNocolors5","FFEnemyShipNocolors2","1","860","2024-04-26 15:29:44"
"basilelast","FullPilot","1","19","-2","2","77","26","1","0","633","1133","1","0","67","33","1","1","67","33","FFEnemyShipNocolors5","FFEnemyShipNocolors2","1","886","2024-04-26 15:29:47"
"basilelast","FullPilot","1","20","-2","2","45","35","1","0","616","1116","1","0","67","33","1","1","67","33","FFEnemyShipNocolors5","FFEnemyShipNocolors2","1","921","2024-04-26 15:29:51"
"basilelast","FullPilot","1","21","-2","2","60","36","1","0","616","1116","1","0","67","33","1","1","67","33","FFEnemyShipNocolors5","FFEnemyShipNocolors2","1","957","2024-04-26 15:29:54"
"basilelast","FullPilot","1","22","-2","1","86","58","1","1","599","1099","1","0","67","33","1","1","67","33","FFEnemyShipNocolors5","FFEnemyShipNocolors2","1","1043","2024-04-26 15:29:57"
"basilelast","FullPilot","1","23","-2","2","80","30","1","0","600","1100","1","0","67","33","1","1","67","33","FFEnemyShipNocolors5","FFEnemyShipNocolors2","1","1073","2024-04-26 15:30:00"
"basilelast","FullPilot","1","24","-2","1","39","47","1","1","616","1133","1","0","67","33","1","1","67","33","FFEnemyShipNocolors5","FFEnemyShipNocolors2","1","1112","2024-04-26 15:30:03"
"basilelast","FullPilot","1","25","-2","2","54","34","1","0","617","1133","1","0","67","33","1","1","67","33","FFEnemyShipNocolors5","FFEnemyShipNocolors2","1","1146","2024-04-26 15:30:06"
"basilelast","FullPilot","1","26","-2","1","49","19","1","1","616","1133","1","0","67","33","1","1","67","33","FFEnemyShipNocolors5","FFEnemyShipNocolors2","1","1195","2024-04-26 15:30:09"
"basilelast","FullPilot","1","27","-2","1","86","79","1","1","616","1116","1","0","67","33","1","1","67","33","FFEnemyShipNocolors5","FFEnemyShipNocolors2","1","1281","2024-04-26 15:30:12"
"basilelast","FullPilot","1","28","-2","2","84","9","1","0","616","1133","1","0","67","33","1","1","67","33","FFEnemyShipNocolors5","FFEnemyShipNocolors2","1","1290","2024-04-26 15:30:15"
"basilelast","FullPilot","1","29","-2","2","30","5","1","0","616","1116","1","0","67","33","1","1","67","33","FFEnemyShipNocolors5","FFEnemyShipNocolors2","1","1295","2024-04-26 15:30:18"
"basilelast","FullPilot","1","30","-2","1","92","69","1","1","616","1116","1","0","67","33","1","1","67","33","FFEnemyShipNocolors5","FFEnemyShipNocolors2","1","1387","2024-04-26 15:30:21"
"basilelast","FullPilot","1","31","-2","2","90","46","1","0","616","1133","1","0","67","33","1","1","67","33","FFEnemyShipNocolors5","FFEnemyShipNocolors2","1","1433","2024-04-26 15:30:25"
"basilelast","FullPilot","1","32","-2","2","70","35","1","0","633","1133","1","0","67","33","1","1","67","33","FFEnemyShipNocolors5","FFEnemyShipNocolors2","1","1468","2024-04-26 15:30:28"
"basilelast","FullPilot","1","33","-2","1","75","30","1","1","616","1116","1","0","67","33","1","1","67","33","FFEnemyShipNocolors5","FFEnemyShipNocolors2","1","1543","2024-04-26 15:30:31"
"basilelast","FullPilot","1","34","-2","2","54","86","1","0","616","1116","1","0","67","33","1","1","67","33","FFEnemyShipNocolors5","FFEnemyShipNocolors2","1","1629","2024-04-26 15:30:34"
"basilelast","FullPilot","1","35","-2","2","31","2","1","0","600","1116","1","0","67","33","1","1","67","33","FFEnemyShipNocolors5","FFEnemyShipNocolors2","1","1631","2024-04-26 15:30:37"
"basilelast","FullPilot","1","36","-2","2","67","20","1","0","616","1116","1","0","67","33","1","1","67","33","FFEnemyShipNocolors5","FFEnemyShipNocolors2","1","1651","2024-04-26 15:30:40"
"basilelast","FullPilot","1","37","-2","2","87","54","1","0","616","1116","1","0","67","33","1","1","67","33","FFEnemyShipNocolors5","FFEnemyShipNocolors2","1","1705","2024-04-26 15:30:43"
"basilelast","FullPilot","1","38","-2","2","54","6","1","0","616","1116","1","0","67","33","1","1","67","33","FFEnemyShipNocolors5","FFEnemyShipNocolors2","1","1711","2024-04-26 15:30:46"
"basilelast","FullPilot","1","39","-2","2","58","75","1","0","600","1116","1","0","67","33","1","1","67","33","FFEnemyShipNocolors5","FFEnemyShipNocolors2","1","1786","2024-04-26 15:30:49"
"basilelast","FullPilot","1","40","-2","1","47","51","1","1","616","1133","1","0","67","33","1","1","67","33","FFEnemyShipNocolors5","FFEnemyShipNocolors2","1","1833","2024-04-26 15:30:52"
"basilelast","FullPilot","1","41","-2","2","86","64","1","0","616","1117","1","0","67","33","1","1","67","33","FFEnemyShipNocolors5","FFEnemyShipNocolors2","1","1897","2024-04-26 15:30:55"
"basilelast","FullPilot","1","42","-2","1","74","59","1","1","633","1133","1","0","67","33","1","1","67","33","FFEnemyShipNocolors5","FFEnemyShipNocolors2","1","1971","2024-04-26 15:30:59"
"basilelast","FullPilot","1","43","-2","1","57","33","1","1","616","1116","1","0","67","33","1","1","67","33","FFEnemyShipNocolors5","FFEnemyShipNocolors2","1","2028","2024-04-26 15:31:02"
"basilelast","FullPilot","1","44","-2","1","49","19","1","1","616","1116","1","0","67","33","1","1","67","33","FFEnemyShipNocolors5","FFEnemyShipNocolors2","1","2077","2024-04-26 15:31:05"
"basilelast","FullPilot","1","45","-2","2","41","54","1","0","616","1116","1","0","67","33","1","1","67","33","FFEnemyShipNocolors5","FFEnemyShipNocolors2","1","2131","2024-04-26 15:31:08"
"basilelast","FullPilot","1","46","-2","1","49","4","1","1","633","1133","1","0","67","33","1","1","67","33","FFEnemyShipNocolors5","FFEnemyShipNocolors2","1","2180","2024-04-26 15:31:11"
"basilelast","FullPilot","1","47","-2","1","77","57","1","1","600","1116","1","0","67","33","1","1","67","33","FFEnemyShipNocolors5","FFEnemyShipNocolors2","1","2257","2024-04-26 15:31:14"
"basilelast","FullPilot","1","48","-2","1","65","21","1","1","616","1133","1","0","67","33","1","1","67","33","FFEnemyShipNocolors5","FFEnemyShipNocolors2","1","2322","2024-04-26 15:31:17"
"basilelast","FullPilot","1","49","-2","2","69","46","1","0","616","1116","1","0","67","33","1","1","67","33","FFEnemyShipNocolors5","FFEnemyShipNocolors2","1","2368","2024-04-26 15:31:20"
"basilelast","FullPilot","1","50","-2","2","60","63","1","0","616","1133","1","0","67","33","1","1","67","33","FFEnemyShipNocolors5","FFEnemyShipNocolors2","1","2431","2024-04-26 15:31:23"
"basilelast","FullPilot","1","51","-2","2","51","21","1","0","616","1116","1","0","67","33","1","1","67","33","FFEnemyShipNocolors5","FFEnemyShipNocolors2","1","2452","2024-04-26 15:31:26"
"basilelast","FullPilot","1","52","-2","2","66","45","1","0","616","1116","1","0","67","33","1","1","67","33","FFEnemyShipNocolors5","FFEnemyShipNocolors2","1","2497","2024-04-26 15:31:29"
"basilelast","FullPilot","1","53","-2","2","40","9","1","0","616","1133","1","0","67","33","1","1","67","33","FFEnemyShipNocolors5","FFEnemyShipNocolors2","1","2506","2024-04-26 15:31:33"
"basilelast","FullPilot","1","54","-2","2","85","21","1","0","616","1116","1","0","67","33","1","1","67","33","FFEnemyShipNocolors5","FFEnemyShipNocolors2","1","2527","2024-04-26 15:31:36"
"basilelast","FullPilot","1","55","-2","1","43","17","1","1","600","1116","1","0","67","33","1","1","67","33","FFEnemyShipNocolors5","FFEnemyShipNocolors2","1","2570","2024-04-26 15:31:39"
"basilelast","FullPilot","1","56","-2","1","55","72","1","1","616","1116","1","0","67","33","1","1","67","33","FFEnemyShipNocolors5","FFEnemyShipNocolors2","1","2625","2024-04-26 15:31:42"
"basilelast","FullPilot","1","57","-2","2","41","21","1","0","633","1133","1","0","67","33","1","1","67","33","FFEnemyShipNocolors5","FFEnemyShipNocolors2","1","2646","2024-04-26 15:31:45"
"basilelast","FullPilot","1","58","-2","1","85","19","1","1","616","1116","1","0","67","33","1","1","67","33","FFEnemyShipNocolors5","FFEnemyShipNocolors2","1","2731","2024-04-26 15:31:48"
"basilelast","FullPilot","1","59","-2","1","82","16","1","1","616","1116","1","0","67","33","1","1","67","33","FFEnemyShipNocolors5","FFEnemyShipNocolors2","1","2813","2024-04-26 15:31:51"
"basilelast","FullPilot","1","60","-2","2","72","69","1","0","600","1116","1","0","67","33","1","1","67","33","FFEnemyShipNocolors5","FFEnemyShipNocolors2","1","2882","2024-04-26 15:31:54"
"basilelast","FullPilot","1","61","-2","2","82","31","1","0","616","1116","1","0","67","33","1","1","67","33","FFEnemyShipNocolors5","FFEnemyShipNocolors2","1","2913","2024-04-26 15:31:57"
"basilelast","FullPilot","1","62","-2","1","48","60","1","1","600","1116","1","0","67","33","1","1","67","33","FFEnemyShipNocolors5","FFEnemyShipNocolors2","1","2961","2024-04-26 15:32:00"
"basilelast","FullPilot","1","63","-2","1","65","74","1","1","616","1116","1","0","67","33","1","1","67","33","FFEnemyShipNocolors5","FFEnemyShipNocolors2","1","3026","2024-04-26 15:32:03"
"basilelast","FullPilot","1","64","-2","1","51","50","1","1","600","1116","1","0","67","33","1","1","67","33","FFEnemyShipNocolors5","FFEnemyShipNocolors2","1","3077","2024-04-26 15:32:07"
"basilelast","FullPilot","1","65","-2","2","69","4","1","0","600","1117","1","0","67","33","1","1","67","33","FFEnemyShipNocolors5","FFEnemyShipNocolors2","1","3081","2024-04-26 15:32:10"
"basilelast","FullPilot","1","66","-2","2","50","45","1","0","616","1133","1","0","67","33","1","1","67","33","FFEnemyShipNocolors5","FFEnemyShipNocolors2","1","3126","2024-04-26 15:32:13"
"basilelast","FullPilot","1","67","-2","2","63","8","1","0","616","1133","1","0","67","33","1","1","67","33","FFEnemyShipNocolors5","FFEnemyShipNocolors2","1","3134","2024-04-26 15:32:16"
"basilelast","FullPilot","1","68","-2","1","60","31","1","1","617","1117","1","0","67","33","1","1","67","33","FFEnemyShipNocolors5","FFEnemyShipNocolors2","1","3194","2024-04-26 15:32:19"
"basilelast","FullPilot","1","69","-2","1","57","63","1","1","616","1132","1","0","67","33","1","1","67","33","FFEnemyShipNocolors5","FFEnemyShipNocolors2","1","3251","2024-04-26 15:32:22"
"basilelast","FullPilot","1","70","-2","1","61","44","1","1","616","1133","1","0","67","33","1","1","67","33","FFEnemyShipNocolors5","FFEnemyShipNocolors2","1","3312","2024-04-26 15:32:25"
"basilelast","FullPilot","1","71","-2","2","46","23","1","0","600","1100","1","0","67","33","1","1","67","33","FFEnemyShipNocolors5","FFEnemyShipNocolors2","1","3335","2024-04-26 15:32:28"
"basilelast","FullPilot","2","0","1","1","74","33","1","1","516","1033","1","0","9","5","0.12","0.18","72","28","FFEnemyShipNocolors8","FFEnemyShipNoColors12","0","0","2024-04-26 15:46:01"
"basilelast","FullPilot","2","1","1","1","60","3","1","1","533","1033","1","0","9","8","0.12","0.27","72","28","FFEnemyShipNocolors8","FFEnemyShipNoColors12","0","0","2024-04-26 15:46:05"
"basilelast","FullPilot","2","2","0","2","41","40","1","0","633","1150","1","0","7","14","0.12","0.38","62","38","FFEnemyShipNocolors1","FFEnemyShipNocolors3","1","40","2024-04-26 15:46:08"
"basilelast","FullPilot","2","3","0","1","84","49","1","1","616","1116","1","0","7","19","0.12","0.5","62","38","FFEnemyShipNocolors1","FFEnemyShipNocolors3","1","124","2024-04-26 15:46:11"
"basilelast","FullPilot","2","4","1","1","49","27","1","1","517","1033","1","0","9","17","0.12","0.62","72","28","FFEnemyShipNocolors8","FFEnemyShipNoColors12","0","124","2024-04-26 15:46:14"
"basilelast","FullPilot","2","5","0","1","71","45","1","1","600","1116","1","0","7","28","0.12","0.73","62","38","FFEnemyShipNocolors1","FFEnemyShipNocolors3","0","124","2024-04-26 15:46:18"
"basilelast","FullPilot","2","6","0","1","55","30","1","1","616","1116","1","0","7","31","0.12","0.82","62","38","FFEnemyShipNocolors1","FFEnemyShipNocolors3","0","124","2024-04-26 15:46:21"
"basilelast","FullPilot","2","7","1","2","56","36","1","0","517","1117","1","0","9","25","0.12","0.88","72","28","FFEnemyShipNocolors8","FFEnemyShipNoColors12","1","160","2024-04-26 15:46:24"
"basilelast","FullPilot","2","8","1","0","85","35","0","1","0","0","0","0","13","3","0.18","0.12","72","28","FFEnemyShipNocolors8","FFEnemyShipNoColors12","0","160","2024-04-26 15:46:29"
"basilelast","FullPilot","2","9","1","2","68","31","1","0","1000","3000","1","0","13","8","0.18","0.27","72","28","FFEnemyShipNocolors8","FFEnemyShipNoColors12","0","160","2024-04-26 15:46:41"
"basilelast","FullPilot","2","10","0","1","53","23","1","1","2000","4000","1","0","11","14","0.18","0.38","62","38","FFEnemyShipNocolors1","FFEnemyShipNocolors3","0","160","2024-04-26 15:46:53"
"basilelast","FullPilot","2","11","1","1","49","1","1","1","1000","2999","1","0","13","14","0.18","0.5","72","28","FFEnemyShipNocolors8","FFEnemyShipNoColors12","1","209","2024-04-26 15:47:05"
"basilelast","FullPilot","2","12","0","1","56","37","1","1","1999","4000","1","0","11","24","0.18","0.62","62","38","FFEnemyShipNocolors1","FFEnemyShipNocolors3","0","209","2024-04-26 15:47:17"
"basilelast","FullPilot","2","13","1","2","59","15","1","0","1000","3000","1","0","13","20","0.18","0.73","72","28","FFEnemyShipNocolors8","FFEnemyShipNoColors12","1","224","2024-04-26 15:47:29"
"basilelast","FullPilot","2","14","0","2","56","41","1","0","600","1117","1","0","11","31","0.18","0.82","62","38","FFEnemyShipNocolors1","FFEnemyShipNocolors3","1","265","2024-04-26 15:47:36"
"basilelast","FullPilot","2","15","0","1","46","42","1","1","599","1116","1","0","11","33","0.18","0.88","62","38","FFEnemyShipNocolors1","FFEnemyShipNocolors3","0","265","2024-04-26 15:47:40"
"basilelast","FullPilot","2","16","0","2","48","28","1","0","600","1117","1","0","17","5","0.27","0.12","62","38","FFEnemyShipNocolors1","FFEnemyShipNocolors3","0","265","2024-04-26 15:47:43"
"basilelast","FullPilot","2","17","1","2","65","6","1","0","549","1050","1","0","19","5","0.27","0.18","72","28","FFEnemyShipNocolors8","FFEnemyShipNoColors12","0","265","2024-04-26 15:47:47"
"basilelast","FullPilot","2","18","0","1","69","45","1","1","600","1100","1","0","17","14","0.27","0.38","62","38","FFEnemyShipNocolors1","FFEnemyShipNocolors3","0","265","2024-04-26 15:47:50"
"basilelast","FullPilot","2","19","0","2","82","63","1","0","600","1100","1","0","17","19","0.27","0.5","62","38","FFEnemyShipNocolors1","FFEnemyShipNocolors3","0","265","2024-04-26 15:47:54"
"basilelast","FullPilot","2","20","1","1","62","48","1","1","204","721","1","0","19","17","0.27","0.62","72","28","FFEnemyShipNocolors8","FFEnemyShipNoColors12","0","265","2024-04-26 15:48:02"
"basilelast","FullPilot","2","21","1","1","84","45","1","1","533","1033","1","0","19","20","0.27","0.73","72","28","FFEnemyShipNocolors8","FFEnemyShipNoColors12","1","349","2024-04-26 15:48:05"
"basilelast","FullPilot","2","22","1","2","70","15","1","0","533","1050","1","0","19","23","0.27","0.82","72","28","FFEnemyShipNocolors8","FFEnemyShipNoColors12","1","364","2024-04-26 15:48:08"
"basilelast","FullPilot","2","23","0","2","46","24","1","0","616","1116","1","0","17","33","0.27","0.88","62","38","FFEnemyShipNocolors1","FFEnemyShipNocolors3","0","364","2024-04-26 15:48:12"
"basilelast","FullPilot","2","24","0","1","46","25","1","1","633","1133","1","0","24","5","0.38","0.12","62","38","FFEnemyShipNocolors1","FFEnemyShipNocolors3","1","410","2024-04-26 15:48:15"
"basilelast","FullPilot","2","25","0","2","61","25","1","0","617","2615","1","0","24","7","0.38","0.18","62","38","FFEnemyShipNocolors1","FFEnemyShipNocolors3","0","410","2024-04-26 15:48:23"
"basilelast","FullPilot","2","26","0","2","32","53","1","0","617","1133","1","0","24","10","0.38","0.27","62","38","FFEnemyShipNocolors1","FFEnemyShipNocolors3","0","410","2024-04-26 15:48:29"
"basilelast","FullPilot","2","27","0","1","46","19","1","1","616","1117","1","0","24","19","0.38","0.5","62","38","FFEnemyShipNocolors1","FFEnemyShipNocolors3","1","456","2024-04-26 15:48:32"
"basilelast","FullPilot","2","28","0","1","49","42","1","1","616","1116","1","0","24","24","0.38","0.62","62","38","FFEnemyShipNocolors1","FFEnemyShipNocolors3","1","505","2024-04-26 15:48:35"
"basilelast","FullPilot","2","29","0","2","47","24","1","0","616","1116","1","0","24","28","0.38","0.73","62","38","FFEnemyShipNocolors1","FFEnemyShipNocolors3","1","529","2024-04-26 15:48:39"
"basilelast","FullPilot","2","30","0","2","57","75","1","0","2001","4000","1","0","24","31","0.38","0.82","62","38","FFEnemyShipNocolors1","FFEnemyShipNocolors3","1","604","2024-04-26 15:48:49"
"basilelast","FullPilot","2","31","1","2","99","30","1","0","533","1033","1","0","27","25","0.38","0.88","72","28","FFEnemyShipNocolors8","FFEnemyShipNoColors12","1","634","2024-04-26 15:48:52"
"basilelast","FullPilot","2","32","1","1","60","98","1","1","533","1044","1","0","36","3","0.5","0.12","72","28","FFEnemyShipNocolors8","FFEnemyShipNoColors12","1","694","2024-04-26 15:48:55"
"basilelast","FullPilot","2","33","1","1","54","46","1","1","517","1035","1","0","36","5","0.5","0.18","72","28","FFEnemyShipNocolors8","FFEnemyShipNoColors12","1","748","2024-04-26 15:48:58"
"basilelast","FullPilot","2","34","0","2","85","45","1","0","600","1100","1","0","31","10","0.5","0.27","62","38","FFEnemyShipNocolors1","FFEnemyShipNocolors3","0","748","2024-04-26 15:49:01"
"basilelast","FullPilot","2","35","1","2","64","35","1","0","516","1017","1","0","36","11","0.5","0.38","72","28","FFEnemyShipNocolors8","FFEnemyShipNoColors12","1","783","2024-04-26 15:49:04"
"basilelast","FullPilot","2","36","1","2","62","26","1","0","533","1049","1","0","36","17","0.5","0.62","72","28","FFEnemyShipNocolors8","FFEnemyShipNoColors12","0","783","2024-04-26 15:49:08"
"basilelast","FullPilot","2","37","1","2","41","35","1","0","533","1049","1","0","36","20","0.5","0.73","72","28","FFEnemyShipNocolors8","FFEnemyShipNoColors12","1","818","2024-04-26 15:49:11"
"basilelast","FullPilot","2","38","0","2","50","33","1","0","600","1100","1","0","31","31","0.5","0.82","62","38","FFEnemyShipNocolors1","FFEnemyShipNocolors3","1","851","2024-04-26 15:49:14"
"basilelast","FullPilot","2","39","1","1","87","55","1","1","533","1034","1","0","36","25","0.5","0.88","72","28","FFEnemyShipNocolors8","FFEnemyShipNoColors12","0","851","2024-04-26 15:49:17"
"basilelast","FullPilot","2","40","1","1","77","23","1","1","533","1049","1","0","45","3","0.62","0.12","72","28","FFEnemyShipNocolors8","FFEnemyShipNoColors12","1","928","2024-04-26 15:49:20"
"basilelast","FullPilot","2","41","0","1","81","19","1","1","600","1116","1","0","38","7","0.62","0.18","62","38","FFEnemyShipNocolors1","FFEnemyShipNocolors3","1","1009","2024-04-26 15:49:23"
"basilelast","FullPilot","2","42","1","2","91","2","1","0","533","1034","1","0","45","8","0.62","0.27","72","28","FFEnemyShipNocolors8","FFEnemyShipNoColors12","0","1009","2024-04-26 15:49:27"
"basilelast","FullPilot","2","43","0","2","71","54","1","0","615","1132","1","0","38","14","0.62","0.38","62","38","FFEnemyShipNocolors1","FFEnemyShipNocolors3","0","1009","2024-04-26 15:49:30"
"basilelast","FullPilot","2","44","1","2","74","8","1","0","533","1033","1","0","45","14","0.62","0.5","72","28","FFEnemyShipNocolors8","FFEnemyShipNoColors12","0","1009","2024-04-26 15:49:33"
"basilelast","FullPilot","2","45","0","1","69","38","1","1","617","1118","1","0","38","28","0.62","0.73","62","38","FFEnemyShipNocolors1","FFEnemyShipNocolors3","1","1078","2024-04-26 15:49:37"
"basilelast","FullPilot","2","46","0","1","54","49","1","1","617","1134","1","0","38","31","0.62","0.82","62","38","FFEnemyShipNocolors1","FFEnemyShipNocolors3","1","1132","2024-04-26 15:49:40"
"basilelast","FullPilot","2","47","0","2","83","31","1","0","616","1117","1","0","38","33","0.62","0.88","62","38","FFEnemyShipNocolors1","FFEnemyShipNocolors3","1","1163","2024-04-26 15:49:43"
"basilelast","FullPilot","2","48","1","1","51","26","1","1","533","1033","1","0","53","3","0.73","0.12","72","28","FFEnemyShipNocolors8","FFEnemyShipNoColors12","1","1214","2024-04-26 15:49:46"
"basilelast","FullPilot","2","49","1","1","57","30","1","1","533","1033","1","0","53","5","0.73","0.18","72","28","FFEnemyShipNocolors8","FFEnemyShipNoColors12","1","1271","2024-04-26 15:49:49"
"basilelast","FullPilot","2","50","1","2","19","28","1","0","533","1034","1","0","53","8","0.73","0.27","72","28","FFEnemyShipNocolors8","FFEnemyShipNoColors12","0","1271","2024-04-26 15:49:52"
"basilelast","FullPilot","2","51","1","2","90","27","1","0","517","1033","1","0","53","11","0.73","0.38","72","28","FFEnemyShipNocolors8","FFEnemyShipNoColors12","0","1271","2024-04-26 15:49:56"
"basilelast","FullPilot","2","52","0","2","28","15","1","0","633","1133","1","0","45","19","0.73","0.5","62","38","FFEnemyShipNocolors1","FFEnemyShipNocolors3","1","1286","2024-04-26 15:49:59"
"basilelast","FullPilot","2","53","0","2","72","61","1","0","616","1133","1","0","45","24","0.73","0.62","62","38","FFEnemyShipNocolors1","FFEnemyShipNocolors3","0","1286","2024-04-26 15:50:02"
"basilelast","FullPilot","2","54","0","2","64","23","1","0","633","1134","1","0","45","31","0.73","0.82","62","38","FFEnemyShipNocolors1","FFEnemyShipNocolors3","1","1309","2024-04-26 15:50:05"
"basilelast","FullPilot","2","55","0","1","65","15","1","1","616","1133","1","0","45","33","0.73","0.88","62","38","FFEnemyShipNocolors1","FFEnemyShipNocolors3","0","1309","2024-04-26 15:50:08"
"basilelast","FullPilot","2","56","1","2","51","47","1","0","533","1034","1","0","59","3","0.82","0.12","72","28","FFEnemyShipNocolors8","FFEnemyShipNoColors12","1","1356","2024-04-26 15:50:12"
"basilelast","FullPilot","2","57","1","2","59","48","1","0","517","1033","1","0","59","5","0.82","0.18","72","28","FFEnemyShipNocolors8","FFEnemyShipNoColors12","0","1356","2024-04-26 15:50:15"
"basilelast","FullPilot","2","58","0","2","93","32","1","0","599","1101","1","0","51","10","0.82","0.27","62","38","FFEnemyShipNocolors1","FFEnemyShipNocolors3","0","1356","2024-04-26 15:50:18"
"basilelast","FullPilot","2","59","1","2","94","26","1","0","548","1048","1","0","59","11","0.82","0.38","72","28","FFEnemyShipNocolors8","FFEnemyShipNoColors12","0","1356","2024-04-26 15:50:22"
"basilelast","FullPilot","2","60","1","1","53","37","1","1","533","1034","1","0","59","14","0.82","0.5","72","28","FFEnemyShipNocolors8","FFEnemyShipNoColors12","1","1409","2024-04-26 15:50:25"
"basilelast","FullPilot","2","61","0","2","54","40","1","0","600","1100","1","0","51","24","0.82","0.62","62","38","FFEnemyShipNocolors1","FFEnemyShipNocolors3","1","1449","2024-04-26 15:50:28"
"basilelast","FullPilot","2","62","0","2","59","61","1","0","616","1116","1","0","51","28","0.82","0.73","62","38","FFEnemyShipNocolors1","FFEnemyShipNocolors3","0","1449","2024-04-26 15:50:31"
"basilelast","FullPilot","2","63","0","1","75","27","1","1","600","1100","1","0","51","33","0.82","0.88","62","38","FFEnemyShipNocolors1","FFEnemyShipNocolors3","1","1524","2024-04-26 15:50:34"
"basilelast","FullPilot","2","64","1","1","70","5","1","1","533","1049","1","0","63","3","0.88","0.12","72","28","FFEnemyShipNocolors8","FFEnemyShipNoColors12","1","1594","2024-04-26 15:50:37"
"basilelast","FullPilot","2","65","0","2","32","41","1","0","616","1116","1","0","55","7","0.88","0.18","62","38","FFEnemyShipNocolors1","FFEnemyShipNocolors3","1","1635","2024-04-26 15:50:40"
"basilelast","FullPilot","2","66","0","2","64","35","1","0","633","1133","1","0","55","10","0.88","0.27","62","38","FFEnemyShipNocolors1","FFEnemyShipNocolors3","0","1635","2024-04-26 15:50:44"
"basilelast","FullPilot","2","67","1","2","63","48","1","0","1001","3000","1","0","63","11","0.88","0.38","72","28","FFEnemyShipNocolors8","FFEnemyShipNoColors12","0","1635","2024-04-26 15:50:52"
"basilelast","FullPilot","2","68","1","2","57","42","1","0","1000","2999","1","0","63","14","0.88","0.5","72","28","FFEnemyShipNocolors8","FFEnemyShipNoColors12","1","1677","2024-04-26 15:51:04"
"basilelast","FullPilot","2","69","0","1","80","44","1","1","1999","3133","1","0","55","24","0.88","0.62","62","38","FFEnemyShipNocolors1","FFEnemyShipNocolors3","0","1677","2024-04-26 15:51:14"
"basilelast","FullPilot","2","70","0","2","73","64","1","0","600","1117","1","0","55","28","0.88","0.73","62","38","FFEnemyShipNocolors1","FFEnemyShipNocolors3","1","1741","2024-04-26 15:51:18"
"basilelast","FullPilot","2","71","1","1","19","44","1","1","533","1033","1","0","63","23","0.88","0.82","72","28","FFEnemyShipNocolors8","FFEnemyShipNoColors12","1","1760","2024-04-26 15:51:21"
"basilelast","FullPilot","2","72","0","1","75","24","1","1","616","1133","1","0","7","7","0.12","0.18","62","38","FFEnemyShipNocolors1","FFEnemyShipNocolors3","0","1760","2024-04-26 15:51:24"
"basilelast","FullPilot","2","73","1","1","59","9","1","1","533","1034","1","0","9","8","0.12","0.27","72","28","FFEnemyShipNocolors8","FFEnemyShipNoColors12","0","1760","2024-04-26 15:51:27"
"basilelast","FullPilot","2","74","1","1","56","17","1","1","550","1050","1","0","9","11","0.12","0.38","72","28","FFEnemyShipNocolors8","FFEnemyShipNoColors12","0","1760","2024-04-26 15:51:31"
"basilelast","FullPilot","2","75","0","1","91","0","1","1","600","1101","1","0","7","19","0.12","0.5","62","38","FFEnemyShipNocolors1","FFEnemyShipNocolors3","0","1760","2024-04-26 15:51:34"
"basilelast","FullPilot","2","76","1","2","79","64","1","0","533","1033","1","0","9","17","0.12","0.62","72","28","FFEnemyShipNocolors8","FFEnemyShipNoColors12","1","1824","2024-04-26 15:51:39"
"basilelast","FullPilot","2","77","1","2","57","40","1","0","1001","3001","1","0","9","20","0.12","0.73","72","28","FFEnemyShipNocolors8","FFEnemyShipNoColors12","1","1864","2024-04-26 15:51:51"
"basilelast","FullPilot","2","78","1","1","86","10","1","1","1000","3001","1","0","9","23","0.12","0.82","72","28","FFEnemyShipNocolors8","FFEnemyShipNoColors12","0","1864","2024-04-26 15:52:03"
"basilelast","FullPilot","2","79","0","2","55","52","1","0","2000","4000","1","0","7","33","0.12","0.88","62","38","FFEnemyShipNocolors1","FFEnemyShipNocolors3","1","1916","2024-04-26 15:52:15"
"basilelast","FullPilot","2","80","0","2","41","86","1","0","2000","4000","1","0","11","5","0.18","0.12","62","38","FFEnemyShipNocolors1","FFEnemyShipNocolors3","0","1916","2024-04-26 15:52:27"
"basilelast","FullPilot","2","81","1","2","67","44","1","0","1000","3000","1","0","13","8","0.18","0.27","72","28","FFEnemyShipNocolors8","FFEnemyShipNoColors12","0","1916","2024-04-26 15:52:39"
"basilelast","FullPilot","2","82","0","1","95","33","1","1","2000","4000","1","0","11","14","0.18","0.38","62","38","FFEnemyShipNocolors1","FFEnemyShipNocolors3","0","1916","2024-04-26 15:52:49"
"basilelast","FullPilot","2","83","1","1","46","41","1","1","533","1049","1","0","13","14","0.18","0.5","72","28","FFEnemyShipNocolors8","FFEnemyShipNoColors12","0","1916","2024-04-26 15:52:55"
"basilelast","FullPilot","2","84","1","2","80","28","1","0","2000","4000","1","0","13","17","0.18","0.62","72","28","FFEnemyShipNocolors8","FFEnemyShipNoColors12","0","1916","2024-04-26 15:53:07"
"basilelast","FullPilot","2","85","0","1","39","50","1","1","1999","3999","1","0","11","28","0.18","0.73","62","38","FFEnemyShipNocolors1","FFEnemyShipNocolors3","1","1955","2024-04-26 15:53:19"
"basilelast","FullPilot","2","86","1","1","55","19","1","1","999","3001","1","0","13","23","0.18","0.82","72","28","FFEnemyShipNocolors8","FFEnemyShipNoColors12","0","1955","2024-04-26 15:53:31"
"basilelast","FullPilot","2","87","1","1","55","18","1","1","1001","3001","1","0","13","25","0.18","0.88","72","28","FFEnemyShipNocolors8","FFEnemyShipNoColors12","0","1955","2024-04-26 15:53:43"
"basilelast","FullPilot","2","88","1","2","89","35","1","0","1000","3001","1","0","19","3","0.27","0.12","72","28","FFEnemyShipNocolors8","FFEnemyShipNoColors12","0","1955","2024-04-26 15:53:55"
"basilelast","FullPilot","2","89","0","1","93","60","1","1","1999","3999","1","0","17","7","0.27","0.18","62","38","FFEnemyShipNocolors1","FFEnemyShipNocolors3","0","1955","2024-04-26 15:54:07"
"basilelast","FullPilot","2","90","1","2","93","4","1","0","1000","3000","1","0","19","11","0.27","0.38","72","28","FFEnemyShipNocolors8","FFEnemyShipNoColors12","1","1959","2024-04-26 15:54:19"
"basilelast","FullPilot","2","91","1","2","65","37","1","0","999","2999","1","0","19","14","0.27","0.5","72","28","FFEnemyShipNocolors8","FFEnemyShipNoColors12","1","1996","2024-04-26 15:54:31"
"basilelast","FullPilot","2","92","1","2","90","11","1","0","1000","3001","1","0","19","17","0.27","0.62","72","28","FFEnemyShipNocolors8","FFEnemyShipNoColors12","1","2007","2024-04-26 15:54:43"
"basilelast","FullPilot","2","93","0","2","75","16","1","0","2000","4000","1","0","17","28","0.27","0.73","62","38","FFEnemyShipNocolors1","FFEnemyShipNocolors3","0","2007","2024-04-26 15:54:55"
"basilelast","FullPilot","2","94","0","2","69","69","1","0","2000","4000","1","0","17","31","0.27","0.82","62","38","FFEnemyShipNocolors1","FFEnemyShipNocolors3","1","2076","2024-04-26 15:55:07"
"basilelast","FullPilot","2","95","1","1","35","10","1","1","1000","3000","1","0","19","25","0.27","0.88","72","28","FFEnemyShipNocolors8","FFEnemyShipNoColors12","1","2111","2024-04-26 15:55:19"
"basilelast","FullPilot","2","96","0","1","65","62","1","1","2000","4000","1","0","24","5","0.38","0.12","62","38","FFEnemyShipNocolors1","FFEnemyShipNocolors3","0","2111","2024-04-26 15:55:31"
"basilelast","FullPilot","2","97","0","1","42","55","1","1","1999","4000","1","0","24","7","0.38","0.18","62","38","FFEnemyShipNocolors1","FFEnemyShipNocolors3","0","2111","2024-04-26 15:55:43"
"basilelast","FullPilot","2","98","0","2","88","52","1","0","2001","4000","1","0","24","10","0.38","0.27","62","38","FFEnemyShipNocolors1","FFEnemyShipNocolors3","1","2163","2024-04-26 15:55:55"
"basilelast","FullPilot","2","99","1","2","71","5","1","0","1000","3000","1","0","27","14","0.38","0.5","72","28","FFEnemyShipNocolors8","FFEnemyShipNoColors12","1","2168","2024-04-26 15:56:07"
"basilelast","FullPilot","2","100","0","1","70","59","1","1","2000","4000","1","0","24","24","0.38","0.62","62","38","FFEnemyShipNocolors1","FFEnemyShipNocolors3","1","2238","2024-04-26 15:56:19"
"basilelast","FullPilot","2","101","0","1","43","44","1","1","2000","3999","1","0","24","28","0.38","0.73","62","38","FFEnemyShipNocolors1","FFEnemyShipNocolors3","0","2238","2024-04-26 15:56:31"
"basilelast","FullPilot","2","102","1","2","72","23","1","0","1001","3001","1","0","27","23","0.38","0.82","72","28","FFEnemyShipNocolors8","FFEnemyShipNoColors12","1","2261","2024-04-26 15:56:43"
"basilelast","FullPilot","2","103","1","2","56","40","1","0","999","2999","1","0","27","25","0.38","0.88","72","28","FFEnemyShipNocolors8","FFEnemyShipNoColors12","1","2301","2024-04-26 15:56:55"
"basilelast","FullPilot","2","104","0","1","63","52","1","1","2001","4001","1","0","31","5","0.5","0.12","62","38","FFEnemyShipNocolors1","FFEnemyShipNocolors3","0","2301","2024-04-26 15:57:07"
"basilelast","FullPilot","2","105","0","2","58","20","1","0","2000","4000","1","0","31","7","0.5","0.18","62","38","FFEnemyShipNocolors1","FFEnemyShipNocolors3","0","2301","2024-04-26 15:57:19"
"basilelast","FullPilot","2","106","0","1","32","11","1","1","2000","4000","1","0","31","10","0.5","0.27","62","38","FFEnemyShipNocolors1","FFEnemyShipNocolors3","1","2333","2024-04-26 15:57:31"
"basilelast","FullPilot","2","107","1","1","40","38","1","1","1001","3001","1","0","36","11","0.5","0.38","72","28","FFEnemyShipNocolors8","FFEnemyShipNoColors12","1","2373","2024-04-26 15:57:43"
"basilelast","FullPilot","2","108","0","1","5","27","1","1","2000","3999","1","0","31","24","0.5","0.62","62","38","FFEnemyShipNocolors1","FFEnemyShipNocolors3","1","2378","2024-04-26 15:57:55"
"basilelast","FullPilot","2","109","0","1","51","44","1","1","600","1116","1","0","31","28","0.5","0.73","62","38","FFEnemyShipNocolors1","FFEnemyShipNocolors3","0","2378","2024-04-26 15:58:01"
"basilelast","FullPilot","2","110","0","2","64","51","1","0","617","1117","1","0","31","31","0.5","0.82","62","38","FFEnemyShipNocolors1","FFEnemyShipNocolors3","1","2429","2024-04-26 15:58:04"
"basilelast","FullPilot","2","111","1","2","67","40","1","0","533","1066","1","0","36","25","0.5","0.88","72","28","FFEnemyShipNocolors8","FFEnemyShipNoColors12","1","2469","2024-04-26 15:58:07"
"basilelast","FullPilot","2","112","1","1","57","41","1","1","550","1050","1","0","45","3","0.62","0.12","72","28","FFEnemyShipNocolors8","FFEnemyShipNoColors12","0","2469","2024-04-26 15:58:11"
"basilelast","FullPilot","2","113","0","1","68","47","1","1","616","1116","1","0","38","7","0.62","0.18","62","38","FFEnemyShipNocolors1","FFEnemyShipNocolors3","1","2537","2024-04-26 15:58:14"
"basilelast","FullPilot","2","114","1","2","52","34","1","0","516","1016","1","0","45","8","0.62","0.27","72","28","FFEnemyShipNocolors8","FFEnemyShipNoColors12","0","2537","2024-04-26 15:58:17"
"basilelast","FullPilot","2","115","0","1","71","15","1","1","616","1117","1","0","38","14","0.62","0.38","62","38","FFEnemyShipNocolors1","FFEnemyShipNocolors3","0","2537","2024-04-26 15:58:21"
"basilelast","FullPilot","2","116","1","1","61","10","1","1","534","1050","1","0","45","14","0.62","0.5","72","28","FFEnemyShipNocolors8","FFEnemyShipNoColors12","1","2598","2024-04-26 15:58:24"
"basilelast","FullPilot","2","117","1","2","69","59","1","0","550","1066","1","0","45","20","0.62","0.73","72","28","FFEnemyShipNocolors8","FFEnemyShipNoColors12","0","2598","2024-04-26 15:58:27"
"basilelast","FullPilot","2","118","0","1","75","27","1","1","600","1117","1","0","38","31","0.62","0.82","62","38","FFEnemyShipNocolors1","FFEnemyShipNocolors3","1","2673","2024-04-26 15:58:30"
"basilelast","FullPilot","2","119","0","2","21","51","1","0","616","1116","1","0","38","33","0.62","0.88","62","38","FFEnemyShipNocolors1","FFEnemyShipNocolors3","1","2724","2024-04-26 15:58:33"
"basilelast","FullPilot","2","120","1","2","99","39","1","0","533","1045","1","0","53","3","0.73","0.12","72","28","FFEnemyShipNocolors8","FFEnemyShipNoColors12","0","2724","2024-04-26 15:58:37"
"basilelast","FullPilot","2","121","0","1","58","23","1","1","616","1116","1","0","45","7","0.73","0.18","62","38","FFEnemyShipNocolors1","FFEnemyShipNocolors3","0","2724","2024-04-26 15:58:40"
"basilelast","FullPilot","2","122","1","1","70","8","1","1","550","1050","1","0","53","8","0.73","0.27","72","28","FFEnemyShipNocolors8","FFEnemyShipNoColors12","1","2794","2024-04-26 15:58:43"
"basilelast","FullPilot","2","123","1","2","76","19","1","0","533","1033","1","0","53","11","0.73","0.38","72","28","FFEnemyShipNocolors8","FFEnemyShipNoColors12","1","2813","2024-04-26 15:58:46"
"basilelast","FullPilot","2","124","1","2","99","1","1","0","533","1033","1","0","53","14","0.73","0.5","72","28","FFEnemyShipNocolors8","FFEnemyShipNoColors12","0","2813","2024-04-26 15:58:49"
"basilelast","FullPilot","2","125","1","2","46","23","1","0","533","1033","1","0","53","17","0.73","0.62","72","28","FFEnemyShipNocolors8","FFEnemyShipNoColors12","1","2836","2024-04-26 15:58:52"
"basilelast","FullPilot","2","126","1","2","85","12","1","0","533","1050","1","0","53","23","0.73","0.82","72","28","FFEnemyShipNocolors8","FFEnemyShipNoColors12","1","2848","2024-04-26 15:58:56"
"basilelast","FullPilot","2","127","0","2","76","75","1","0","601","1116","1","0","45","33","0.73","0.88","62","38","FFEnemyShipNocolors1","FFEnemyShipNocolors3","1","2923","2024-04-26 15:58:59"
"basilelast","FullPilot","2","128","0","1","67","55","1","1","616","1133","1","0","51","5","0.82","0.12","62","38","FFEnemyShipNocolors1","FFEnemyShipNocolors3","1","2990","2024-04-26 15:59:02"
"basilelast","FullPilot","2","129","0","1","72","39","1","1","617","1134","1","0","51","7","0.82","0.18","62","38","FFEnemyShipNocolors1","FFEnemyShipNocolors3","1","3062","2024-04-26 15:59:05"
"basilelast","FullPilot","2","130","0","1","52","39","1","1","632","1149","1","0","51","10","0.82","0.27","62","38","FFEnemyShipNocolors1","FFEnemyShipNocolors3","1","3114","2024-04-26 15:59:08"
"basilelast","FullPilot","2","131","1","2","39","38","1","0","549","1050","1","0","59","11","0.82","0.38","72","28","FFEnemyShipNocolors8","FFEnemyShipNoColors12","1","3152","2024-04-26 15:59:11"
"basilelast","FullPilot","2","132","1","1","52","52","1","1","549","1066","1","0","59","14","0.82","0.5","72","28","FFEnemyShipNocolors8","FFEnemyShipNoColors12","1","3204","2024-04-26 15:59:14"
"basilelast","FullPilot","2","133","1","1","74","20","1","1","550","1066","1","0","59","17","0.82","0.62","72","28","FFEnemyShipNocolors8","FFEnemyShipNoColors12","0","3204","2024-04-26 15:59:17"
"basilelast","FullPilot","2","134","0","2","54","58","1","0","616","1118","1","0","51","28","0.82","0.73","62","38","FFEnemyShipNocolors1","FFEnemyShipNocolors3","1","3262","2024-04-26 15:59:21"
"basilelast","FullPilot","2","135","0","1","63","28","1","1","616","1133","1","0","51","33","0.82","0.88","62","38","FFEnemyShipNocolors1","FFEnemyShipNocolors3","1","3325","2024-04-26 15:59:24"
"basilelast","FullPilot","2","136","1","1","65","18","1","1","533","1033","1","0","63","3","0.88","0.12","72","28","FFEnemyShipNocolors8","FFEnemyShipNoColors12","1","3390","2024-04-26 15:59:27"
"basilelast","FullPilot","2","137","1","2","71","14","1","0","549","1049","1","0","63","5","0.88","0.18","72","28","FFEnemyShipNocolors8","FFEnemyShipNoColors12","0","3390","2024-04-26 15:59:30"
"basilelast","FullPilot","2","138","0","2","26","46","1","0","616","1117","1","0","55","10","0.88","0.27","62","38","FFEnemyShipNocolors1","FFEnemyShipNocolors3","0","3390","2024-04-26 15:59:33"
"basilelast","FullPilot","2","139","0","2","30","38","1","0","616","1116","1","0","55","14","0.88","0.38","62","38","FFEnemyShipNocolors1","FFEnemyShipNocolors3","0","3390","2024-04-26 15:59:37"
"basilelast","FullPilot","2","140","1","2","92","64","1","0","516","1017","1","0","63","14","0.88","0.5","72","28","FFEnemyShipNocolors8","FFEnemyShipNoColors12","1","3454","2024-04-26 15:59:40"
"basilelast","FullPilot","2","141","1","2","84","41","1","0","516","1016","1","0","63","17","0.88","0.62","72","28","FFEnemyShipNocolors8","FFEnemyShipNoColors12","1","3495","2024-04-26 15:59:43"
"basilelast","FullPilot","2","142","1","1","92","4","1","1","550","1050","1","0","63","20","0.88","0.73","72","28","FFEnemyShipNocolors8","FFEnemyShipNoColors12","1","3587","2024-04-26 15:59:48"
"basilelast","FullPilot","2","143","0","1","77","31","1","1","2000","4000","1","0","55","31","0.88","0.82","62","38","FFEnemyShipNocolors1","FFEnemyShipNocolors3","1","3664","2024-04-26 16:00:00"
"basilelast","FullPilot","3","0","1","1","93","25","1","1","283","799","1","0","9","5","0.12","0.18","72","28","FFEnemyShipNoColors9","FFEnemyShipNocolors7","0","0","2024-04-26 16:01:42"
"basilelast","FullPilot","3","1","0","1","89","13","1","1","282","799","1","0","7","10","0.12","0.27","62","38","FFEnemyShipNoColors11","FFEnemyShipNocolors6","0","0","2024-04-26 16:01:45"
"basilelast","FullPilot","3","2","1","1","63","57","1","1","283","783","1","0","9","11","0.12","0.38","72","28","FFEnemyShipNoColors9","FFEnemyShipNocolors7","1","63","2024-04-26 16:01:48"
"basilelast","FullPilot","3","3","0","1","57","22","1","1","300","801","1","0","7","19","0.12","0.5","62","38","FFEnemyShipNoColors11","FFEnemyShipNocolors6","0","63","2024-04-26 16:01:52"
"basilelast","FullPilot","3","4","1","2","51","53","1","0","284","784","1","0","9","17","0.12","0.62","72","28","FFEnemyShipNoColors9","FFEnemyShipNocolors7","0","63","2024-04-26 16:01:55"
"basilelast","FullPilot","3","5","0","2","38","24","1","0","283","800","1","0","7","28","0.12","0.73","62","38","FFEnemyShipNoColors11","FFEnemyShipNocolors6","1","87","2024-04-26 16:01:58"
"basilelast","FullPilot","3","6","0","1","51","23","1","1","284","801","1","0","7","31","0.12","0.82","62","38","FFEnemyShipNoColors11","FFEnemyShipNocolors6","0","87","2024-04-26 16:02:02"
"basilelast","FullPilot","3","7","0","2","56","58","1","0","282","798","1","0","7","33","0.12","0.88","62","38","FFEnemyShipNoColors11","FFEnemyShipNocolors6","1","145","2024-04-26 16:02:05"
"basilelast","FullPilot","3","8","1","1","58","43","1","1","283","783","1","0","13","3","0.18","0.12","72","28","FFEnemyShipNoColors9","FFEnemyShipNocolors7","0","145","2024-04-26 16:02:08"
"basilelast","FullPilot","3","9","1","2","89","46","1","0","299","800","1","0","13","8","0.18","0.27","72","28","FFEnemyShipNoColors9","FFEnemyShipNocolors7","1","191","2024-04-26 16:02:11"
"basilelast","FullPilot","3","10","1","1","70","19","1","1","283","800","1","0","13","11","0.18","0.38","72","28","FFEnemyShipNoColors9","FFEnemyShipNocolors7","1","261","2024-04-26 16:02:17"
"basilelast","FullPilot","3","11","0","1","80","29","1","1","999","2999","1","0","11","19","0.18","0.5","62","38","FFEnemyShipNoColors11","FFEnemyShipNocolors6","0","261","2024-04-26 16:02:29"
"basilelast","FullPilot","3","12","0","2","74","31","1","0","999","3000","1","0","11","24","0.18","0.62","62","38","FFEnemyShipNoColors11","FFEnemyShipNocolors6","1","292","2024-04-26 16:02:41"
"basilelast","FullPilot","3","13","0","1","93","50","1","1","1000","3000","1","0","11","28","0.18","0.73","62","38","FFEnemyShipNoColors11","FFEnemyShipNocolors6","0","292","2024-04-26 16:02:53"
"basilelast","FullPilot","3","14","0","2","67","31","1","0","1000","3000","1","0","11","31","0.18","0.82","62","38","FFEnemyShipNoColors11","FFEnemyShipNocolors6","1","323","2024-04-26 16:03:05"
"basilelast","FullPilot","3","15","0","2","72","23","1","0","999","2999","1","0","11","33","0.18","0.88","62","38","FFEnemyShipNoColors11","FFEnemyShipNocolors6","1","346","2024-04-26 16:03:17"
"basilelast","FullPilot","3","16","1","1","66","28","1","1","1000","2999","1","0","19","3","0.27","0.12","72","28","FFEnemyShipNoColors9","FFEnemyShipNocolors7","0","346","2024-04-26 16:03:29"
"basilelast","FullPilot","3","17","0","2","97","90","1","0","1000","2999","1","0","17","7","0.27","0.18","62","38","FFEnemyShipNoColors11","FFEnemyShipNocolors6","0","346","2024-04-26 16:03:41"
"basilelast","FullPilot","3","18","1","1","55","69","1","1","999","2999","1","0","19","11","0.27","0.38","72","28","FFEnemyShipNoColors9","FFEnemyShipNocolors7","1","401","2024-04-26 16:03:53"
"basilelast","FullPilot","3","19","1","1","55","15","1","1","1000","3000","1","0","19","14","0.27","0.5","72","28","FFEnemyShipNoColors9","FFEnemyShipNocolors7","0","401","2024-04-26 16:04:05"
"basilelast","FullPilot","3","20","1","0","72","47","0","1","0","0","0","0","19","17","0.27","0.62","72","28","FFEnemyShipNoColors9","FFEnemyShipNocolors7","0","401","2024-04-26 16:04:13"
"basilelast","FullPilot","3","21","0","1","81","48","1","1","1001","3001","1","0","17","28","0.27","0.73","62","38","FFEnemyShipNoColors11","FFEnemyShipNocolors6","1","482","2024-04-26 16:04:25"
"basilelast","FullPilot","3","22","0","2","63","8","1","0","1000","2999","1","0","17","31","0.27","0.82","62","38","FFEnemyShipNoColors11","FFEnemyShipNocolors6","1","490","2024-04-26 16:04:37"
"basilelast","FullPilot","3","23","0","2","53","28","1","0","999","3000","1","0","17","33","0.27","0.88","62","38","FFEnemyShipNoColors11","FFEnemyShipNocolors6","0","490","2024-04-26 16:04:49"
"basilelast","FullPilot","3","24","0","2","60","35","1","0","1000","3001","1","0","24","5","0.38","0.12","62","38","FFEnemyShipNoColors11","FFEnemyShipNocolors6","0","490","2024-04-26 16:05:01"
"basilelast","FullPilot","3","25","1","1","77","1","1","1","999","3000","1","0","27","5","0.38","0.18","72","28","FFEnemyShipNoColors9","FFEnemyShipNocolors7","0","490","2024-04-26 16:05:13"
"basilelast","FullPilot","3","26","0","1","85","35","1","1","999","3000","1","0","24","10","0.38","0.27","62","38","FFEnemyShipNoColors11","FFEnemyShipNocolors6","0","490","2024-04-26 16:05:25"
"basilelast","FullPilot","3","27","0","1","36","35","1","1","1000","3001","1","0","24","19","0.38","0.5","62","38","FFEnemyShipNoColors11","FFEnemyShipNocolors6","0","490","2024-04-26 16:05:37"
"basilelast","FullPilot","3","28","0","0","44","13","0","1","0","0","0","0","24","24","0.38","0.62","62","38","FFEnemyShipNoColors11","FFEnemyShipNocolors6","0","490","2024-04-26 16:05:45"
"basilelast","FullPilot","3","29","1","1","97","26","1","1","1000","3001","1","0","27","20","0.38","0.73","72","28","FFEnemyShipNoColors9","FFEnemyShipNocolors7","0","490","2024-04-26 16:05:57"
"basilelast","FullPilot","3","30","0","2","66","4","1","0","1000","3000","1","0","24","31","0.38","0.82","62","38","FFEnemyShipNoColors11","FFEnemyShipNocolors6","1","494","2024-04-26 16:06:09"
"basilelast","FullPilot","3","31","0","2","39","15","1","0","1001","3000","1","0","24","33","0.38","0.88","62","38","FFEnemyShipNoColors11","FFEnemyShipNocolors6","1","509","2024-04-26 16:06:21"
"basilelast","FullPilot","3","32","1","1","89","32","1","1","999","3000","1","0","36","3","0.5","0.12","72","28","FFEnemyShipNoColors9","FFEnemyShipNocolors7","0","509","2024-04-26 16:06:33"
"basilelast","FullPilot","3","33","0","1","61","39","1","1","1000","3000","1","0","31","7","0.5","0.18","62","38","FFEnemyShipNoColors11","FFEnemyShipNocolors6","0","509","2024-04-26 16:06:45"
"basilelast","FullPilot","3","34","1","1","73","41","1","1","999","2999","1","0","36","8","0.5","0.27","72","28","FFEnemyShipNoColors9","FFEnemyShipNocolors7","1","582","2024-04-26 16:06:57"
"basilelast","FullPilot","3","35","0","1","54","48","1","1","1000","3000","1","0","31","14","0.5","0.38","62","38","FFEnemyShipNoColors11","FFEnemyShipNocolors6","1","636","2024-04-26 16:07:09"
"basilelast","FullPilot","3","36","1","2","49","22","1","0","999","2999","1","0","36","17","0.5","0.62","72","28","FFEnemyShipNoColors9","FFEnemyShipNocolors7","0","636","2024-04-26 16:07:21"
"basilelast","FullPilot","3","37","0","2","51","26","1","0","1000","3000","1","0","31","28","0.5","0.73","62","38","FFEnemyShipNoColors11","FFEnemyShipNocolors6","0","636","2024-04-26 16:07:33"
"basilelast","FullPilot","3","38","0","1","81","35","1","1","1000","3000","1","0","31","31","0.5","0.82","62","38","FFEnemyShipNoColors11","FFEnemyShipNocolors6","1","717","2024-04-26 16:07:45"
"basilelast","FullPilot","3","39","1","2","64","29","1","0","999","3000","1","0","36","25","0.5","0.88","72","28","FFEnemyShipNoColors9","FFEnemyShipNocolors7","1","746","2024-04-26 16:07:57"
"basilelast","FullPilot","3","40","1","2","93","70","1","0","1000","3000","1","0","45","3","0.62","0.12","72","28","FFEnemyShipNoColors9","FFEnemyShipNocolors7","0","746","2024-04-26 16:08:09"
"basilelast","FullPilot","3","41","1","1","76","6","1","1","1000","3000","1","0","45","5","0.62","0.18","72","28","FFEnemyShipNoColors9","FFEnemyShipNocolors7","1","822","2024-04-26 16:08:21"
"basilelast","FullPilot","3","42","0","1","16","31","1","1","998","2999","1","0","38","10","0.62","0.27","62","38","FFEnemyShipNoColors11","FFEnemyShipNocolors6","1","838","2024-04-26 16:08:33"
"basilelast","FullPilot","3","43","1","1","45","38","1","1","1000","3001","1","0","45","11","0.62","0.38","72","28","FFEnemyShipNoColors9","FFEnemyShipNocolors7","1","883","2024-04-26 16:08:45"
"basilelast","FullPilot","3","44","1","2","74","43","1","0","1000","3000","1","0","45","14","0.62","0.5","72","28","FFEnemyShipNoColors9","FFEnemyShipNocolors7","0","883","2024-04-26 16:08:57"
"basilelast","FullPilot","3","45","0","2","64","44","1","0","1000","3000","1","0","38","28","0.62","0.73","62","38","FFEnemyShipNoColors11","FFEnemyShipNocolors6","1","927","2024-04-26 16:09:09"
"basilelast","FullPilot","3","46","1","2","86","16","1","0","999","3000","1","0","45","23","0.62","0.82","72","28","FFEnemyShipNoColors9","FFEnemyShipNocolors7","1","943","2024-04-26 16:09:21"
"basilelast","FullPilot","3","47","1","2","97","13","1","0","999","3000","1","0","45","25","0.62","0.88","72","28","FFEnemyShipNoColors9","FFEnemyShipNocolors7","1","956","2024-04-26 16:09:33"
"basilelast","FullPilot","3","48","1","1","95","19","1","1","1000","2999","1","0","53","3","0.73","0.12","72","28","FFEnemyShipNoColors9","FFEnemyShipNocolors7","1","1051","2024-04-26 16:09:45"
"basilelast","FullPilot","3","49","0","1","36","49","1","1","1000","3000","1","0","45","7","0.73","0.18","62","38","FFEnemyShipNoColors11","FFEnemyShipNocolors6","1","1087","2024-04-26 16:09:57"
"basilelast","FullPilot","3","50","1","2","76","18","1","0","283","800","1","0","53","8","0.73","0.27","72","28","FFEnemyShipNoColors9","FFEnemyShipNocolors7","1","1105","2024-04-26 16:10:04"
"basilelast","FullPilot","3","51","1","2","75","49","1","0","299","799","1","0","53","11","0.73","0.38","72","28","FFEnemyShipNoColors9","FFEnemyShipNocolors7","0","1105","2024-04-26 16:10:07"
"basilelast","FullPilot","3","52","0","1","28","40","1","1","300","816","1","0","45","19","0.73","0.5","62","38","FFEnemyShipNoColors11","FFEnemyShipNocolors6","1","1133","2024-04-26 16:10:10"
"basilelast","FullPilot","3","53","0","1","3","38","1","1","300","800","1","0","45","24","0.73","0.62","62","38","FFEnemyShipNoColors11","FFEnemyShipNocolors6","0","1133","2024-04-26 16:10:13"
"basilelast","FullPilot","3","54","0","2","70","20","1","0","300","817","1","0","45","31","0.73","0.82","62","38","FFEnemyShipNoColors11","FFEnemyShipNocolors6","1","1153","2024-04-26 16:10:16"
"basilelast","FullPilot","3","55","1","2","66","6","1","0","283","783","1","0","53","25","0.73","0.88","72","28","FFEnemyShipNoColors9","FFEnemyShipNocolors7","1","1159","2024-04-26 16:10:20"
"basilelast","FullPilot","3","56","0","1","58","4","1","1","283","783","1","0","51","5","0.82","0.12","62","38","FFEnemyShipNoColors11","FFEnemyShipNocolors6","1","1217","2024-04-26 16:10:23"
"basilelast","FullPilot","3","57","1","1","87","14","1","1","300","816","1","0","59","5","0.82","0.18","72","28","FFEnemyShipNoColors9","FFEnemyShipNocolors7","1","1304","2024-04-26 16:10:26"
"basilelast","FullPilot","3","58","1","1","57","12","1","1","300","800","1","0","59","8","0.82","0.27","72","28","FFEnemyShipNoColors9","FFEnemyShipNocolors7","1","1361","2024-04-26 16:10:29"
"basilelast","FullPilot","3","59","0","2","97","62","1","0","283","784","1","0","51","14","0.82","0.38","62","38","FFEnemyShipNoColors11","FFEnemyShipNocolors6","0","1361","2024-04-26 16:10:32"
"basilelast","FullPilot","3","60","0","2","51","30","1","0","286","802","1","0","51","19","0.82","0.5","62","38","FFEnemyShipNoColors11","FFEnemyShipNocolors6","1","1391","2024-04-26 16:10:35"
"basilelast","FullPilot","3","61","1","2","59","29","1","0","299","816","1","0","59","17","0.82","0.62","72","28","FFEnemyShipNoColors9","FFEnemyShipNocolors7","0","1391","2024-04-26 16:10:39"
"basilelast","FullPilot","3","62","0","2","51","59","1","0","283","800","1","0","51","28","0.82","0.73","62","38","FFEnemyShipNoColors11","FFEnemyShipNocolors6","1","1450","2024-04-26 16:10:42"
"basilelast","FullPilot","3","63","0","2","56","12","1","0","300","800","1","0","51","33","0.82","0.88","62","38","FFEnemyShipNoColors11","FFEnemyShipNocolors6","1","1462","2024-04-26 16:10:45"
"basilelast","FullPilot","3","64","1","1","84","27","1","1","300","816","1","0","63","3","0.88","0.12","72","28","FFEnemyShipNoColors9","FFEnemyShipNocolors7","1","1546","2024-04-26 16:10:48"
"basilelast","FullPilot","3","65","0","1","56","47","1","1","299","800","1","0","55","7","0.88","0.18","62","38","FFEnemyShipNoColors11","FFEnemyShipNocolors6","0","1546","2024-04-26 16:10:51"
"basilelast","FullPilot","3","66","1","2","77","27","1","0","300","800","1","0","63","8","0.88","0.27","72","28","FFEnemyShipNoColors9","FFEnemyShipNocolors7","0","1546","2024-04-26 16:10:55"
"basilelast","FullPilot","3","67","0","1","68","48","1","1","283","800","1","0","55","14","0.88","0.38","62","38","FFEnemyShipNoColors11","FFEnemyShipNocolors6","1","1614","2024-04-26 16:10:58"
"basilelast","FullPilot","3","68","1","1","89","15","1","1","283","783","1","0","63","14","0.88","0.5","72","28","FFEnemyShipNoColors9","FFEnemyShipNocolors7","1","1703","2024-04-26 16:11:01"
"basilelast","FullPilot","3","69","0","2","49","45","1","0","283","799","1","0","55","24","0.88","0.62","62","38","FFEnemyShipNoColors11","FFEnemyShipNocolors6","1","1748","2024-04-26 16:11:04"
"basilelast","FullPilot","3","70","1","2","68","42","1","0","283","783","1","0","63","20","0.88","0.73","72","28","FFEnemyShipNoColors9","FFEnemyShipNocolors7","1","1790","2024-04-26 16:11:07"
"basilelast","FullPilot","3","71","0","1","55","21","1","1","266","783","1","0","55","31","0.88","0.82","62","38","FFEnemyShipNoColors11","FFEnemyShipNocolors6","1","1845","2024-04-26 16:11:10"
"basilelast","FullPilot","3","72","0","2","61","69","1","0","266","783","1","0","7","7","0.12","0.18","62","38","FFEnemyShipNoColors11","FFEnemyShipNocolors6","0","1845","2024-04-26 16:11:13"
"basilelast","FullPilot","3","73","1","1","81","0","1","1","283","783","1","0","9","8","0.12","0.27","72","28","FFEnemyShipNoColors9","FFEnemyShipNocolors7","0","1845","2024-04-26 16:11:17"
"basilelast","FullPilot","3","74","1","2","90","45","1","0","299","800","1","0","9","11","0.12","0.38","72","28","FFEnemyShipNoColors9","FFEnemyShipNocolors7","1","1890","2024-04-26 16:11:20"
"basilelast","FullPilot","3","75","0","2","23","25","1","0","300","816","1","0","7","19","0.12","0.5","62","38","FFEnemyShipNoColors11","FFEnemyShipNocolors6","1","1915","2024-04-26 16:11:23"
"basilelast","FullPilot","3","76","0","2","80","23","1","0","300","816","1","0","7","24","0.12","0.62","62","38","FFEnemyShipNoColors11","FFEnemyShipNocolors6","0","1915","2024-04-26 16:11:26"
"basilelast","FullPilot","3","77","1","2","54","25","1","0","299","800","1","0","9","20","0.12","0.73","72","28","FFEnemyShipNoColors9","FFEnemyShipNocolors7","1","1940","2024-04-26 16:11:29"
"basilelast","FullPilot","3","78","0","2","83","51","1","0","283","783","1","0","7","31","0.12","0.82","62","38","FFEnemyShipNoColors11","FFEnemyShipNocolors6","1","1991","2024-04-26 16:11:32"
"basilelast","FullPilot","3","79","1","2","89","21","1","0","300","800","1","0","9","25","0.12","0.88","72","28","FFEnemyShipNoColors9","FFEnemyShipNocolors7","1","2012","2024-04-26 16:11:36"
"basilelast","FullPilot","3","80","0","1","81","17","1","1","283","783","1","0","11","5","0.18","0.12","62","38","FFEnemyShipNoColors11","FFEnemyShipNocolors6","0","2012","2024-04-26 16:11:39"
"basilelast","FullPilot","3","81","1","2","77","31","1","0","299","800","1","0","13","8","0.18","0.27","72","28","FFEnemyShipNoColors9","FFEnemyShipNocolors7","1","2043","2024-04-26 16:11:42"
"basilelast","FullPilot","3","82","1","2","64","33","1","0","300","816","1","0","13","11","0.18","0.38","72","28","FFEnemyShipNoColors9","FFEnemyShipNocolors7","1","2076","2024-04-26 16:11:45"
"basilelast","FullPilot","3","83","0","1","80","45","1","1","283","800","1","0","11","19","0.18","0.5","62","38","FFEnemyShipNoColors11","FFEnemyShipNocolors6","1","2156","2024-04-26 16:11:48"
"basilelast","FullPilot","3","84","0","2","76","15","1","0","283","800","1","0","11","24","0.18","0.62","62","38","FFEnemyShipNoColors11","FFEnemyShipNocolors6","0","2156","2024-04-26 16:11:52"
"basilelast","FullPilot","3","85","0","2","77","20","1","0","300","800","1","0","11","28","0.18","0.73","62","38","FFEnemyShipNoColors11","FFEnemyShipNocolors6","1","2176","2024-04-26 16:11:55"
"basilelast","FullPilot","3","86","1","1","64","34","1","1","299","816","1","0","13","23","0.18","0.82","72","28","FFEnemyShipNoColors9","FFEnemyShipNocolors7","1","2240","2024-04-26 16:11:58"
"basilelast","FullPilot","3","87","1","2","48","42","1","0","300","816","1","0","13","25","0.18","0.88","72","28","FFEnemyShipNoColors9","FFEnemyShipNocolors7","1","2282","2024-04-26 16:12:01"
"basilelast","FullPilot","3","88","0","1","89","8","1","1","283","783","1","0","17","5","0.27","0.12","62","38","FFEnemyShipNoColors11","FFEnemyShipNocolors6","0","2282","2024-04-26 16:12:04"
"basilelast","FullPilot","3","89","1","2","76","37","1","0","300","816","1","0","19","5","0.27","0.18","72","28","FFEnemyShipNoColors9","FFEnemyShipNocolors7","1","2319","2024-04-26 16:12:07"
"basilelast","FullPilot","3","90","1","1","52","27","1","1","283","783","1","0","19","11","0.27","0.38","72","28","FFEnemyShipNoColors9","FFEnemyShipNocolors7","0","2319","2024-04-26 16:12:11"
"basilelast","FullPilot","3","91","0","1","68","24","1","1","300","800","1","0","17","19","0.27","0.5","62","38","FFEnemyShipNoColors11","FFEnemyShipNocolors6","0","2319","2024-04-26 16:12:14"
"basilelast","FullPilot","3","92","0","1","54","49","1","1","300","800","1","0","17","24","0.27","0.62","62","38","FFEnemyShipNoColors11","FFEnemyShipNocolors6","0","2319","2024-04-26 16:12:17"
"basilelast","FullPilot","3","93","0","2","67","7","1","0","283","783","1","0","17","28","0.27","0.73","62","38","FFEnemyShipNoColors11","FFEnemyShipNocolors6","1","2326","2024-04-26 16:12:20"
"basilelast","FullPilot","3","94","1","2","35","24","1","0","283","783","1","0","19","23","0.27","0.82","72","28","FFEnemyShipNoColors9","FFEnemyShipNocolors7","1","2350","2024-04-26 16:12:23"
"basilelast","FullPilot","3","95","1","2","57","56","1","0","283","800","1","0","19","25","0.27","0.88","72","28","FFEnemyShipNoColors9","FFEnemyShipNocolors7","0","2350","2024-04-26 16:12:27"
"basilelast","FullPilot","3","96","1","2","66","66","1","0","300","800","1","0","27","3","0.38","0.12","72","28","FFEnemyShipNoColors9","FFEnemyShipNocolors7","0","2350","2024-04-26 16:12:30"
"basilelast","FullPilot","3","97","0","2","57","22","1","0","283","783","1","0","24","7","0.38","0.18","62","38","FFEnemyShipNoColors11","FFEnemyShipNocolors6","0","2350","2024-04-26 16:12:33"
"basilelast","FullPilot","3","98","1","2","98","2","1","0","300","800","1","0","27","8","0.38","0.27","72","28","FFEnemyShipNoColors9","FFEnemyShipNocolors7","1","2352","2024-04-26 16:12:37"
"basilelast","FullPilot","3","99","1","2","78","25","1","0","266","783","1","0","27","14","0.38","0.5","72","28","FFEnemyShipNoColors9","FFEnemyShipNocolors7","1","2377","2024-04-26 16:12:40"
"basilelast","FullPilot","3","100","0","1","44","61","1","1","284","799","1","0","24","24","0.38","0.62","62","38","FFEnemyShipNoColors11","FFEnemyShipNocolors6","0","2377","2024-04-26 16:12:43"
"basilelast","FullPilot","3","101","0","2","60","0","1","0","300","800","1","0","24","28","0.38","0.73","62","38","FFEnemyShipNoColors11","FFEnemyShipNocolors6","1","2377","2024-04-26 16:12:46"
"basilelast","FullPilot","3","102","1","2","85","29","1","0","300","800","1","0","27","23","0.38","0.82","72","28","FFEnemyShipNoColors9","FFEnemyShipNocolors7","1","2406","2024-04-26 16:12:49"
"basilelast","FullPilot","3","103","1","2","89","19","1","0","300","800","1","0","27","25","0.38","0.88","72","28","FFEnemyShipNoColors9","FFEnemyShipNocolors7","1","2425","2024-04-26 16:12:52"
"basilelast","FullPilot","3","104","1","1","88","11","1","1","300","816","1","0","36","3","0.5","0.12","72","28","FFEnemyShipNoColors9","FFEnemyShipNocolors7","1","2513","2024-04-26 16:12:55"
"basilelast","FullPilot","3","105","1","1","79","42","1","1","299","816","1","0","36","5","0.5","0.18","72","28","FFEnemyShipNoColors9","FFEnemyShipNocolors7","0","2513","2024-04-26 16:12:59"
"basilelast","FullPilot","3","106","1","2","65","34","1","0","299","800","1","0","36","8","0.5","0.27","72","28","FFEnemyShipNoColors9","FFEnemyShipNocolors7","0","2513","2024-04-26 16:13:02"
"basilelast","FullPilot","3","107","1","1","79","30","1","1","299","801","1","0","36","11","0.5","0.38","72","28","FFEnemyShipNoColors9","FFEnemyShipNocolors7","1","2592","2024-04-26 16:13:05"
"basilelast","FullPilot","3","108","0","1","47","38","1","1","300","799","1","0","31","24","0.5","0.62","62","38","FFEnemyShipNoColors11","FFEnemyShipNocolors6","0","2592","2024-04-26 16:13:08"
"basilelast","FullPilot","3","109","1","1","49","35","1","1","300","800","1","0","36","20","0.5","0.73","72","28","FFEnemyShipNoColors9","FFEnemyShipNocolors7","1","2641","2024-04-26 16:13:12"
"basilelast","FullPilot","3","110","0","1","68","5","1","1","283","783","1","0","31","31","0.5","0.82","62","38","FFEnemyShipNoColors11","FFEnemyShipNocolors6","0","2641","2024-04-26 16:13:15"
"basilelast","FullPilot","3","111","0","2","43","44","1","0","300","800","1","0","31","33","0.5","0.88","62","38","FFEnemyShipNoColors11","FFEnemyShipNocolors6","1","2685","2024-04-26 16:13:18"
"basilelast","FullPilot","3","112","1","2","63","50","1","0","299","816","1","0","45","3","0.62","0.12","72","28","FFEnemyShipNoColors9","FFEnemyShipNocolors7","1","2735","2024-04-26 16:13:21"
"basilelast","FullPilot","3","113","0","1","46","33","1","1","300","800","1","0","38","7","0.62","0.18","62","38","FFEnemyShipNoColors11","FFEnemyShipNocolors6","1","2781","2024-04-26 16:13:24"
"basilelast","FullPilot","3","114","1","1","94","0","1","1","299","799","1","0","45","8","0.62","0.27","72","28","FFEnemyShipNoColors9","FFEnemyShipNocolors7","0","2781","2024-04-26 16:13:28"
"basilelast","FullPilot","3","115","0","1","46","60","1","1","299","800","1","0","38","14","0.62","0.38","62","38","FFEnemyShipNoColors11","FFEnemyShipNocolors6","0","2781","2024-04-26 16:13:31"
"basilelast","FullPilot","3","116","0","1","67","12","1","1","300","800","1","0","38","19","0.62","0.5","62","38","FFEnemyShipNoColors11","FFEnemyShipNocolors6","0","2781","2024-04-26 16:13:34"
"basilelast","FullPilot","3","117","0","2","38","53","1","0","283","800","1","0","38","28","0.62","0.73","62","38","FFEnemyShipNoColors11","FFEnemyShipNocolors6","0","2781","2024-04-26 16:13:37"
"basilelast","FullPilot","3","118","0","1","65","30","1","1","283","800","1","0","38","31","0.62","0.82","62","38","FFEnemyShipNoColors11","FFEnemyShipNocolors6","1","2846","2024-04-26 16:13:41"
"basilelast","FullPilot","3","119","1","1","52","41","1","1","300","800","1","0","45","25","0.62","0.88","72","28","FFEnemyShipNoColors9","FFEnemyShipNocolors7","1","2898","2024-04-26 16:13:44"
"basilelast","FullPilot","3","120","1","1","47","37","1","1","300","800","1","0","53","3","0.73","0.12","72","28","FFEnemyShipNoColors9","FFEnemyShipNocolors7","0","2898","2024-04-26 16:13:47"
"basilelast","FullPilot","3","121","1","2","92","6","1","0","299","800","1","0","53","5","0.73","0.18","72","28","FFEnemyShipNoColors9","FFEnemyShipNocolors7","0","2898","2024-04-26 16:13:50"
"basilelast","FullPilot","3","122","1","2","65","24","1","0","283","783","1","0","53","8","0.73","0.27","72","28","FFEnemyShipNoColors9","FFEnemyShipNocolors7","0","2898","2024-04-26 16:13:54"
"basilelast","FullPilot","3","123","1","1","21","30","1","1","267","783","1","0","53","11","0.73","0.38","72","28","FFEnemyShipNoColors9","FFEnemyShipNocolors7","1","2919","2024-04-26 16:13:57"
"basilelast","FullPilot","3","124","1","1","94","3","1","1","283","783","1","0","53","14","0.73","0.5","72","28","FFEnemyShipNoColors9","FFEnemyShipNocolors7","1","3013","2024-04-26 16:14:00"
"basilelast","FullPilot","3","125","0","1","61","27","1","1","283","783","1","0","45","24","0.73","0.62","62","38","FFEnemyShipNoColors11","FFEnemyShipNocolors6","1","3074","2024-04-26 16:14:03"
"basilelast","FullPilot","3","126","1","1","34","24","1","1","299","799","1","0","53","23","0.73","0.82","72","28","FFEnemyShipNoColors9","FFEnemyShipNocolors7","1","3108","2024-04-26 16:14:06"
"basilelast","FullPilot","3","127","1","2","65","66","1","0","299","800","1","0","53","25","0.73","0.88","72","28","FFEnemyShipNoColors9","FFEnemyShipNocolors7","1","3174","2024-04-26 16:14:09"
"basilelast","FullPilot","3","128","1","1","70","67","1","1","300","800","1","0","59","3","0.82","0.12","72","28","FFEnemyShipNoColors9","FFEnemyShipNocolors7","1","3244","2024-04-26 16:14:12"
"basilelast","FullPilot","3","129","1","2","56","33","1","0","299","799","1","0","59","5","0.82","0.18","72","28","FFEnemyShipNoColors9","FFEnemyShipNocolors7","0","3244","2024-04-26 16:14:16"
"basilelast","FullPilot","3","130","0","1","59","31","1","1","283","800","1","0","51","10","0.82","0.27","62","38","FFEnemyShipNoColors11","FFEnemyShipNocolors6","1","3303","2024-04-26 16:14:19"
"basilelast","FullPilot","3","131","1","1","72","32","1","1","283","783","1","0","59","11","0.82","0.38","72","28","FFEnemyShipNoColors9","FFEnemyShipNocolors7","1","3375","2024-04-26 16:14:22"
"basilelast","FullPilot","3","132","0","2","56","17","1","0","300","800","1","0","51","19","0.82","0.5","62","38","FFEnemyShipNoColors11","FFEnemyShipNocolors6","0","3375","2024-04-26 16:14:25"
"basilelast","FullPilot","3","133","1","2","68","50","1","0","299","800","1","0","59","17","0.82","0.62","72","28","FFEnemyShipNoColors9","FFEnemyShipNocolors7","1","3425","2024-04-26 16:14:28"
"basilelast","FullPilot","3","134","0","1","43","46","1","1","283","800","1","0","51","28","0.82","0.73","62","38","FFEnemyShipNoColors11","FFEnemyShipNocolors6","1","3468","2024-04-26 16:14:31"
"basilelast","FullPilot","3","135","0","2","66","52","1","0","300","800","1","0","51","33","0.82","0.88","62","38","FFEnemyShipNoColors11","FFEnemyShipNocolors6","0","3468","2024-04-26 16:14:35"
"basilelast","FullPilot","3","136","0","2","98","47","1","0","283","783","1","0","55","5","0.88","0.12","62","38","FFEnemyShipNoColors11","FFEnemyShipNocolors6","0","3468","2024-04-26 16:14:38"
"basilelast","FullPilot","3","137","0","2","57","32","1","0","300","800","1","0","55","7","0.88","0.18","62","38","FFEnemyShipNoColors11","FFEnemyShipNocolors6","1","3500","2024-04-26 16:14:41"
"basilelast","FullPilot","3","138","0","2","88","66","1","0","283","800","1","0","55","10","0.88","0.27","62","38","FFEnemyShipNoColors11","FFEnemyShipNocolors6","0","3500","2024-04-26 16:14:45"
"basilelast","FullPilot","3","139","1","1","87","35","1","1","301","816","1","0","63","11","0.88","0.38","72","28","FFEnemyShipNoColors9","FFEnemyShipNocolors7","1","3587","2024-04-26 16:14:48"
"basilelast","FullPilot","3","140","0","2","72","12","1","0","300","816","1","0","55","19","0.88","0.5","62","38","FFEnemyShipNoColors11","FFEnemyShipNocolors6","1","3599","2024-04-26 16:14:51"
"basilelast","FullPilot","3","141","1","2","94","3","1","0","300","817","1","0","63","17","0.88","0.62","72","28","FFEnemyShipNoColors9","FFEnemyShipNocolors7","1","3602","2024-04-26 16:14:54"
"basilelast","FullPilot","3","142","0","1","43","24","1","1","300","816","1","0","55","28","0.88","0.73","62","38","FFEnemyShipNoColors11","FFEnemyShipNocolors6","1","3645","2024-04-26 16:14:57"
"basilelast","FullPilot","3","143","1","2","83","23","1","0","283","799","1","0","63","23","0.88","0.82","72","28","FFEnemyShipNoColors9","FFEnemyShipNocolors7","1","3668","2024-04-26 16:15:00"
"test","FullPilot","2","0","0","2","66","68","1","0","603","1103","1","0","11","24","0.18","0.62","62","38","FFEnemyShipNocolors1","FFEnemyShipNocolors3","1","68","2024-04-29 11:38:28"
"test","FullPilot","2","1","1","1","89","49","1","1","528","1028","1","0","53","11","0.73","0.38","72","28","FFEnemyShipNoColors12","FFEnemyShipNocolors8","1","157","2024-04-29 11:38:31"
"test","FullPilot","2","2","1","1","84","32","1","1","522","1022","1","0","13","23","0.18","0.82","72","28","FFEnemyShipNoColors12","FFEnemyShipNocolors8","0","157","2024-04-29 11:38:35"
"test","FullPilot","2","3","1","1","63","15","1","1","537","1037","1","0","27","3","0.38","0.12","72","28","FFEnemyShipNoColors12","FFEnemyShipNocolors8","0","157","2024-04-29 11:38:38"
"test","FullPilot","0","0","-1","2","50","50","1","0","816","966","1","0","19","25","0.38","0.5","50","50","FFEnemyNeutral","FFEnemyNeutral","1","50","2024-04-29 12:36:27"
"test","FullPilot","0","1","-1","2","50","50","0","1","766","866","0","1","9","14","0.18","0.27","50","50","FFEnemyNeutral","FFEnemyNeutral","0","50","2024-04-29 12:36:29"
"test","FullPilot","0","2","-1","1","50","50","1","1","583","651","1","0","41","19","0.82","0.38","50","50","FFEnemyNeutral","FFEnemyNeutral","1","100","2024-04-29 12:36:32"
"test","FullPilot","0","3","-1","1","50","50","0","0","483","550","0","1","44","19","0.88","0.38","50","50","FFEnemyNeutral","FFEnemyNeutral","1","150","2024-04-29 12:36:34"
"test","FullPilot","0","4","-1","1","50","50","1","1","449","533","1","0","44","25","0.88","0.5","50","50","FFEnemyNeutral","FFEnemyNeutral","1","200","2024-04-29 12:36:37"
"test","FullPilot","0","0","-1","2","50","50","1","0","683","832","1","0","6","31","0.12","0.62","50","50","FFEnemyNeutral","FFEnemyNeutral","1","50","2024-04-29 12:36:55"
"test","FullPilot","0","1","-1","2","50","50","1","0","399","600","1","0","9","31","0.18","0.62","50","50","FFEnemyNeutral","FFEnemyNeutral","1","100","2024-04-29 12:36:58"
"test","FullPilot","0","2","-1","2","50","50","1","0","716","899","1","0","31","41","0.62","0.82","50","50","FFEnemyNeutral","FFEnemyNeutral","1","150","2024-04-29 12:37:00"
"test","FullPilot","0","3","-1","2","50","50","1","0","533","650","1","0","19","25","0.38","0.5","50","50","FFEnemyNeutral","FFEnemyNeutral","0","150","2024-04-29 12:37:03"
"test","FullPilot","0","4","-1","2","50","50","1","0","450","533","1","0","14","25","0.27","0.5","50","50","FFEnemyNeutral","FFEnemyNeutral","1","200","2024-04-29 12:37:05"
"test","FullPilot","0","5","-1","1","50","50","1","1","516","666","1","0","37","25","0.73","0.5","50","50","FFEnemyNeutral","FFEnemyNeutral","1","250","2024-04-29 12:37:08"
"test","FullPilot","0","6","-1","1","50","50","1","1","466","683","1","0","37","14","0.73","0.27","50","50","FFEnemyNeutral","FFEnemyNeutral","0","250","2024-04-29 12:37:10"
"test","FullPilot","0","7","-1","2","50","50","0","1","500","616","0","1","9","25","0.18","0.5","50","50","FFEnemyNeutral","FFEnemyNeutral","1","300","2024-04-29 12:37:13"
"test","FullPilot","0","8","-1","1","50","50","0","0","716","750","0","1","31","25","0.62","0.5","50","50","FFEnemyNeutral","FFEnemyNeutral","1","350","2024-04-29 12:37:15"
"test","FullPilot","0","9","-1","2","50","50","1","0","649","800","1","0","9","44","0.18","0.88","50","50","FFEnemyNeutral","FFEnemyNeutral","1","400","2024-04-29 12:37:18"
"test","FullPilot","0","10","-1","1","50","50","1","1","783","900","1","0","44","41","0.88","0.82","50","50","FFEnemyNeutral","FFEnemyNeutral","1","450","2024-04-29 12:37:21"
"test","FullPilot","0","11","-1","2","50","50","1","0","899","1100","1","1","9","14","0.18","0.27","50","50","FFEnemyNeutral","FFEnemyNeutral","1","500","2024-04-29 12:37:24"
"test","FullPilot","0","0","-1","1","50","50","1","1","383","466","1","0","41","6","0.82","0.12","50","50","FFEnemyNeutral","FFEnemyNeutral","1","50","2024-04-29 12:37:55"
"test","FullPilot","0","1","-1","1","50","50","1","1","449","516","1","0","41","31","0.82","0.62","50","50","FFEnemyNeutral","FFEnemyNeutral","1","100","2024-04-29 12:37:58"
"test","FullPilot","0","2","-1","1","50","50","0","0","516","583","0","1","25","19","0.5","0.38","50","50","FFEnemyNeutral","FFEnemyNeutral","1","150","2024-04-29 12:38:00"
"test","FullPilot","0","3","-1","1","50","50","1","1","316","416","1","0","44","14","0.88","0.27","50","50","FFEnemyNeutral","FFEnemyNeutral","1","200","2024-04-29 12:38:02"
"test","FullPilot","0","4","-1","2","50","50","0","1","483","583","0","1","37","44","0.73","0.88","50","50","FFEnemyNeutral","FFEnemyNeutral","1","250","2024-04-29 12:38:05"
"test","FullPilot","0","5","-1","2","50","50","1","0","350","450","1","0","25","41","0.5","0.82","50","50","FFEnemyNeutral","FFEnemyNeutral","0","250","2024-04-29 12:38:07"
"test","FullPilot","0","6","-1","1","50","50","0","0","450","533","0","1","44","31","0.88","0.62","50","50","FFEnemyNeutral","FFEnemyNeutral","0","250","2024-04-29 12:38:10"
"test","FullPilot","0","7","-1","1","50","50","0","0","366","433","0","1","44","19","0.88","0.38","50","50","FFEnemyNeutral","FFEnemyNeutral","1","300","2024-04-29 12:38:12"
"test","FullPilot","0","8","-1","2","50","50","1","0","433","516","1","0","41","44","0.82","0.88","50","50","FFEnemyNeutral","FFEnemyNeutral","1","350","2024-04-29 12:38:14"
"test","FullPilot","1","0","-2","1","94","13","1","1","616","1117","1","0","67","33","1","1","67","33","FFEnemyShipNocolors2","FFEnemyShipNocolors5","1","94","2024-04-29 12:38:28"
"test","FullPilot","1","1","-2","2","62","21","1","0","633","1133","1","0","67","33","1","1","67","33","FFEnemyShipNocolors2","FFEnemyShipNocolors5","1","115","2024-04-29 12:38:31"
"test","FullPilot","2","0","0","2","72","45","1","0","467","617","1","0","7","24","0.12","0.62","62","38","FFEnemyShipNocolors3","FFEnemyShipNocolors1","1","45","2024-04-29 12:38:46"
"test","FullPilot","2","1","0","1","35","7","0","0","783","833","0","1","45","7","0.73","0.18","62","38","FFEnemyShipNocolors3","FFEnemyShipNocolors1","1","80","2024-04-29 12:38:49"
"test","FullPilot","2","2","0","2","40","45","1","0","1416","1566","1","0","38","31","0.62","0.82","62","38","FFEnemyShipNocolors3","FFEnemyShipNocolors1","1","125","2024-04-29 12:38:52"
"test","FullPilot","2","3","1","1","71","59","1","1","566","816","1","0","45","11","0.62","0.38","72","28","FFEnemyShipNoColors12","FFEnemyShipNocolors8","0","125","2024-04-29 12:38:55"
"test","FullPilot","2","4","0","2","68","15","0","1","583","950","0","1","7","31","0.12","0.82","62","38","FFEnemyShipNocolors3","FFEnemyShipNocolors1","1","140","2024-04-29 12:38:58"
"test","FullPilot","2","5","0","1","65","23","0","0","449","600","0","1","55","5","0.88","0.12","62","38","FFEnemyShipNocolors3","FFEnemyShipNocolors1","1","205","2024-04-29 12:39:01"
"test","FullPilot","2","6","0","2","21","36","0","1","599","700","0","1","38","31","0.62","0.82","62","38","FFEnemyShipNocolors3","FFEnemyShipNocolors1","1","241","2024-04-29 12:39:04"
"test","FullPilot","2","7","0","2","44","44","1","0","533","616","1","0","17","28","0.27","0.73","62","38","FFEnemyShipNocolors3","FFEnemyShipNocolors1","1","285","2024-04-29 12:39:06"
"test","FullPilot","2","8","0","2","60","32","0","1","749","950","0","1","7","28","0.12","0.73","62","38","FFEnemyShipNocolors3","FFEnemyShipNocolors1","0","285","2024-04-29 12:39:09"
"test","FullPilot","2","9","1","0","75","36","0","1","0","0","0","0","13","20","0.18","0.73","72","28","FFEnemyShipNoColors12","FFEnemyShipNocolors8","0","285","2024-04-29 12:39:15"
"test","FullPilot","3","0","0","1","54","29","1","1","300","467","1","0","45","19","0.73","0.5","62","38","FFEnemyShipNocolors6","FFEnemyShipNoColors11","1","54","2024-04-29 12:39:45"
"test","FullPilot","3","1","0","2","62","13","1","0","382","849","1","0","24","19","0.38","0.5","62","38","FFEnemyShipNocolors6","FFEnemyShipNoColors11","0","54","2024-04-29 12:39:48"
"test","FullPilot","3","2","0","1","51","45","1","1","99","199","1","0","51","7","0.82","0.18","62","38","FFEnemyShipNocolors6","FFEnemyShipNoColors11","0","54","2024-04-29 12:39:51"
"test","FullPilot","3","3","1","1","79","39","1","1","66","149","1","0","59","8","0.82","0.27","72","28","FFEnemyShipNoColors9","FFEnemyShipNocolors7","0","54","2024-04-29 12:39:54"
"test","FullPilot","3","4","1","1","34","25","1","1","266","383","1","0","63","11","0.88","0.38","72","28","FFEnemyShipNoColors9","FFEnemyShipNocolors7","1","88","2024-04-29 12:39:56"
"test","FullPilot","3","5","1","1","53","40","1","1","400","583","1","0","59","17","0.82","0.62","72","28","FFEnemyShipNoColors9","FFEnemyShipNocolors7","1","141","2024-04-29 12:39:59"
"test","FullPilot","3","6","0","2","89","43","0","1","316","483","0","1","38","28","0.62","0.73","62","38","FFEnemyShipNocolors6","FFEnemyShipNoColors11","1","184","2024-04-29 12:40:02"
"test","FullPilot","3","7","0","2","86","52","0","1","266","383","0","1","24","19","0.38","0.5","62","38","FFEnemyShipNocolors6","FFEnemyShipNoColors11","1","236","2024-04-29 12:40:04"
"test","FullPilot","3","8","1","1","80","28","0","0","233","400","0","1","59","17","0.82","0.62","72","28","FFEnemyShipNoColors9","FFEnemyShipNocolors7","1","316","2024-04-29 12:40:07"
"test","FullPilot","3","9","0","2","52","59","1","0","899","1050","1","0","45","31","0.73","0.82","62","38","FFEnemyShipNocolors6","FFEnemyShipNoColors11","1","375","2024-04-29 12:40:10"
"test","FullPilot","3","10","1","2","72","41","0","1","282","516","0","1","36","25","0.5","0.88","72","28","FFEnemyShipNoColors9","FFEnemyShipNocolors7","1","416","2024-04-29 12:40:13"
"test","FullPilot","3","11","1","2","79","32","0","1","350","466","0","1","19","14","0.27","0.5","72","28","FFEnemyShipNoColors9","FFEnemyShipNocolors7","1","448","2024-04-29 12:40:15"
"test","FullPilot","3","12","0","1","71","20","1","1","367","600","1","0","38","19","0.62","0.5","62","38","FFEnemyShipNocolors6","FFEnemyShipNoColors11","1","519","2024-04-29 12:40:18"
"test","FullPilot","3","13","0","2","77","59","1","0","500","883","1","0","7","10","0.12","0.27","62","38","FFEnemyShipNocolors6","FFEnemyShipNoColors11","1","578","2024-04-29 12:40:21"
"test","FullPilot","3","14","0","2","83","17","1","0","199","400","1","0","38","28","0.62","0.73","62","38","FFEnemyShipNocolors6","FFEnemyShipNoColors11","0","578","2024-04-29 12:40:24"
"test","FullPilot","0","0","-1","1","50","50","0","0","582","716","0","1","14","9","0.27","0.18","50","50","FFEnemyNeutral","FFEnemyNeutral","0","0","2024-04-29 12:49:07"
"test","FullPilot","0","1","-1","1","50","50","0","0","433","500","0","1","37","14","0.73","0.27","50","50","FFEnemyNeutral","FFEnemyNeutral","1","50","2024-04-29 12:49:09"
"test","FullPilot","0","2","-1","2","50","50","0","1","467","567","0","1","25","31","0.5","0.62","50","50","FFEnemyNeutral","FFEnemyNeutral","0","50","2024-04-29 12:49:11"
"test","FullPilot","0","3","-1","2","50","50","0","1","399","483","0","1","25","37","0.5","0.73","50","50","FFEnemyNeutral","FFEnemyNeutral","1","100","2024-04-29 12:49:14"
"test","FullPilot","0","4","-1","1","50","50","0","0","549","650","0","1","19","9","0.38","0.18","50","50","FFEnemyNeutral","FFEnemyNeutral","0","100","2024-04-29 12:49:16"
"test","FullPilot","0","5","-1","1","50","50","1","1","466","583","1","0","44","19","0.88","0.38","50","50","FFEnemyNeutral","FFEnemyNeutral","0","100","2024-04-29 12:49:19"
"test","FullPilot","0","6","-1","0","50","50","0","0","0","0","0","0","19","31","0.38","0.62","50","50","FFEnemyNeutral","FFEnemyNeutral","0","100","2024-04-29 12:49:24"
"test","FullPilot","0","7","-1","0","50","50","0","0","0","0","0","0","37","41","0.73","0.82","50","50","FFEnemyNeutral","FFEnemyNeutral","0","100","2024-04-29 12:49:28"
"test","FullPilot","0","8","-1","0","50","50","0","1","0","0","0","0","6","41","0.12","0.82","50","50","FFEnemyNeutral","FFEnemyNeutral","0","100","2024-04-29 12:49:43"
"test","FullPilot","0","9","-1","0","50","50","0","0","0","0","0","0","6","25","0.12","0.5","50","50","FFEnemyNeutral","FFEnemyNeutral","0","100","2024-04-29 12:49:54"
"test","FullPilot","0","10","-1","0","50","50","0","1","0","0","0","0","9","37","0.18","0.73","50","50","FFEnemyNeutral","FFEnemyNeutral","0","100","2024-04-29 12:49:58"
"test","FullPilot","0","11","-1","0","50","50","0","0","0","0","0","0","25","14","0.5","0.27","50","50","FFEnemyNeutral","FFEnemyNeutral","0","100","2024-04-29 12:50:16"
"test","FullPilot","0","12","-1","0","50","50","0","1","0","0","0","0","25","9","0.5","0.18","50","50","FFEnemyNeutral","FFEnemyNeutral","0","100","2024-04-29 12:50:33"
"test","FullPilot","0","13","-1","0","50","50","0","1","0","0","0","0","41","14","0.82","0.27","50","50","FFEnemyNeutral","FFEnemyNeutral","0","100","2024-04-29 12:50:50"
"test","FullPilot","0","14","-1","0","50","50","0","0","0","0","0","0","37","19","0.73","0.38","50","50","FFEnemyNeutral","FFEnemyNeutral","0","100","2024-04-29 12:51:59"
"test","FullPilot","0","15","-1","0","50","50","0","0","0","0","0","0","14","19","0.27","0.38","50","50","FFEnemyNeutral","FFEnemyNeutral","0","100","2024-04-29 12:52:12"
"test","FullPilot","0","16","-1","0","50","50","0","1","0","0","0","0","31","9","0.62","0.18","50","50","FFEnemyNeutral","FFEnemyNeutral","0","100","2024-04-29 12:52:27"
"test","FullPilot","0","17","-1","0","50","50","0","1","0","0","0","0","37","9","0.73","0.18","50","50","FFEnemyNeutral","FFEnemyNeutral","0","100","2024-04-29 12:52:31"
"test","FullPilot","0","18","-1","0","50","50","0","1","0","0","0","0","9","44","0.18","0.88","50","50","FFEnemyNeutral","FFEnemyNeutral","0","100","2024-04-29 12:52:36"
"test","FullPilot","0","19","-1","0","50","50","0","1","0","0","0","0","19","44","0.38","0.88","50","50","FFEnemyNeutral","FFEnemyNeutral","0","100","2024-04-29 12:52:40"
"test","FullPilot","0","20","-1","0","50","50","0","0","0","0","0","0","6","44","0.12","0.88","50","50","FFEnemyNeutral","FFEnemyNeutral","0","100","2024-04-29 12:52:55"
"test","FullPilot","0","21","-1","0","50","50","0","1","0","0","0","0","6","37","0.12","0.73","50","50","FFEnemyNeutral","FFEnemyNeutral","0","100","2024-04-29 12:53:12"
"test","FullPilot","0","22","-1","0","50","50","0","1","0","0","0","0","44","9","0.88","0.18","50","50","FFEnemyNeutral","FFEnemyNeutral","0","100","2024-04-29 12:53:29"
"test","FullPilot","0","23","-1","0","50","50","0","1","0","0","0","0","9","25","0.18","0.5","50","50","FFEnemyNeutral","FFEnemyNeutral","0","100","2024-04-29 12:54:01"
"test","FullPilot","0","24","-1","0","50","50","0","1","0","0","0","0","44","37","0.88","0.73","50","50","FFEnemyNeutral","FFEnemyNeutral","0","100","2024-04-29 12:54:10"
"test","FullPilot","0","25","-1","0","50","50","0","1","0","0","0","0","44","25","0.88","0.5","50","50","FFEnemyNeutral","FFEnemyNeutral","0","100","2024-04-29 12:54:27"
"test","FullPilot","0","26","-1","0","50","50","0","0","0","0","0","0","14","41","0.27","0.82","50","50","FFEnemyNeutral","FFEnemyNeutral","0","100","2024-04-29 12:54:44"
"test","FullPilot","0","27","-1","0","50","50","0","1","0","0","0","0","31","14","0.62","0.27","50","50","FFEnemyNeutral","FFEnemyNeutral","0","100","2024-04-29 12:54:56"
"test","FullPilot","0","28","-1","0","50","50","0","1","0","0","0","0","14","44","0.27","0.88","50","50","FFEnemyNeutral","FFEnemyNeutral","0","100","2024-04-29 12:55:00"
"test","FullPilot","0","29","-1","0","50","50","0","0","0","0","0","0","44","41","0.88","0.82","50","50","FFEnemyNeutral","FFEnemyNeutral","0","100","2024-04-29 12:55:05"
"test","FullPilot","0","30","-1","0","50","50","0","0","0","0","0","0","19","6","0.38","0.12","50","50","FFEnemyNeutral","FFEnemyNeutral","0","100","2024-04-29 12:55:10"
"test","FullPilot","0","31","-1","0","50","50","0","0","0","0","0","0","37","44","0.73","0.88","50","50","FFEnemyNeutral","FFEnemyNeutral","0","100","2024-04-29 12:55:14"
"test","FullPilot","0","32","-1","0","50","50","0","1","0","0","0","0","44","31","0.88","0.62","50","50","FFEnemyNeutral","FFEnemyNeutral","0","100","2024-04-29 12:55:19"
"test","FullPilot","0","33","-1","0","50","50","0","0","0","0","0","0","44","6","0.88","0.12","50","50","FFEnemyNeutral","FFEnemyNeutral","0","100","2024-04-29 12:55:23"
"test","FullPilot","0","34","-1","0","50","50","0","1","0","0","0","0","14","37","0.27","0.73","50","50","FFEnemyNeutral","FFEnemyNeutral","0","100","2024-04-29 12:55:28"
"test","FullPilot","0","35","-1","0","50","50","0","0","0","0","0","0","41","25","0.82","0.5","50","50","FFEnemyNeutral","FFEnemyNeutral","0","100","2024-04-29 12:55:32"
"test","FullPilot","0","36","-1","0","50","50","0","0","0","0","0","0","37","6","0.73","0.12","50","50","FFEnemyNeutral","FFEnemyNeutral","0","100","2024-04-29 12:55:37"
"test","FullPilot","0","37","-1","0","50","50","0","1","0","0","0","0","6","14","0.12","0.27","50","50","FFEnemyNeutral","FFEnemyNeutral","0","100","2024-04-29 12:55:42"
"test","FullPilot","0","38","-1","0","50","50","0","1","0","0","0","0","31","6","0.62","0.12","50","50","FFEnemyNeutral","FFEnemyNeutral","0","100","2024-04-29 12:55:46"
"test","FullPilot","0","39","-1","0","50","50","0","1","2700","0","1","0","41","9","0.82","0.18","50","50","FFEnemyNeutral","FFEnemyNeutral","0","100","2024-04-29 12:55:51"
"test","FullPilot","0","40","-1","1","50","50","0","0","1000","1133","0","1","31","25","0.62","0.5","50","50","FFEnemyNeutral","FFEnemyNeutral","0","100","2024-04-29 12:55:54"
"test","FullPilot","0","41","-1","2","50","50","1","0","1166","1433","1","1","9","14","0.18","0.27","50","50","FFEnemyNeutral","FFEnemyNeutral","1","150","2024-04-29 12:55:57"
"test","FullPilot","0","42","-1","1","50","50","0","0","916","983","0","1","41","6","0.82","0.12","50","50","FFEnemyNeutral","FFEnemyNeutral","1","200","2024-04-29 12:56:00"
"test","FullPilot","0","43","-1","2","50","50","1","0","900","966","1","0","9","31","0.18","0.62","50","50","FFEnemyNeutral","FFEnemyNeutral","1","250","2024-04-29 12:56:02"
"test","FullPilot","0","44","-1","2","50","50","0","1","1016","1049","0","1","25","44","0.5","0.88","50","50","FFEnemyNeutral","FFEnemyNeutral","1","300","2024-04-29 12:56:05"
"test","FullPilot","0","45","-1","2","50","50","0","1","1116","1316","0","1","6","9","0.12","0.18","50","50","FFEnemyNeutral","FFEnemyNeutral","0","300","2024-04-29 12:56:08"
"test","FullPilot","0","46","-1","2","50","50","0","1","866","1050","1","1","41","44","0.82","0.88","50","50","FFEnemyNeutral","FFEnemyNeutral","0","300","2024-04-29 12:56:11"
"test","FullPilot","0","47","-1","2","50","50","1","0","850","933","1","0","19","41","0.38","0.82","50","50","FFEnemyNeutral","FFEnemyNeutral","0","300","2024-04-29 12:56:14"
"test","FullPilot","0","48","-1","0","50","50","0","0","0","0","0","0","41","19","0.82","0.38","50","50","FFEnemyNeutral","FFEnemyNeutral","0","300","2024-04-29 12:56:26"
"test","FullPilot","0","49","-1","0","50","50","0","0","0","0","0","0","31","19","0.62","0.38","50","50","FFEnemyNeutral","FFEnemyNeutral","0","300","2024-04-29 12:56:31"
"test","FullPilot","0","50","-1","0","50","50","0","1","0","0","0","0","25","19","0.5","0.38","50","50","FFEnemyNeutral","FFEnemyNeutral","0","300","2024-04-29 12:56:35"
"test","FullPilot","0","51","-1","0","50","50","0","1","0","0","0","0","14","31","0.27","0.62","50","50","FFEnemyNeutral","FFEnemyNeutral","0","300","2024-04-29 12:56:40"
"test","FullPilot","0","52","-1","0","50","50","0","0","0","0","0","0","14","6","0.27","0.12","50","50","FFEnemyNeutral","FFEnemyNeutral","0","300","2024-04-29 12:56:44"
"test","FullPilot","0","53","-1","0","50","50","0","0","0","0","0","0","6","31","0.12","0.62","50","50","FFEnemyNeutral","FFEnemyNeutral","0","300","2024-04-29 12:56:49"
"test","FullPilot","0","54","-1","0","50","50","0","0","0","0","0","0","9","19","0.18","0.38","50","50","FFEnemyNeutral","FFEnemyNeutral","0","300","2024-04-29 12:56:54"
"test","FullPilot","0","55","-1","0","50","50","0","1","0","0","0","0","41","31","0.82","0.62","50","50","FFEnemyNeutral","FFEnemyNeutral","0","300","2024-04-29 12:56:58"
"test","FullPilot","0","56","-1","0","50","50","0","1","0","0","0","0","19","25","0.38","0.5","50","50","FFEnemyNeutral","FFEnemyNeutral","0","300","2024-04-29 12:57:06"
"test","FullPilot","0","57","-1","0","50","50","0","1","0","0","0","0","31","37","0.62","0.73","50","50","FFEnemyNeutral","FFEnemyNeutral","0","300","2024-04-29 12:57:19"
"test","FullPilot","0","58","-1","0","50","50","0","1","0","0","0","0","25","6","0.5","0.12","50","50","FFEnemyNeutral","FFEnemyNeutral","0","300","2024-04-29 12:57:27"
"test","FullPilot","0","59","-1","2","50","50","1","0","1317","1366","1","0","25","41","0.5","0.82","50","50","FFEnemyNeutral","FFEnemyNeutral","0","300","2024-04-29 12:57:30"
"test","FullPilot","0","60","-1","1","50","50","1","1","766","867","1","0","31","41","0.62","0.82","50","50","FFEnemyNeutral","FFEnemyNeutral","1","350","2024-04-29 12:57:33"
"test","FullPilot","0","61","-1","1","50","50","0","0","932","1016","0","1","37","31","0.73","0.62","50","50","FFEnemyNeutral","FFEnemyNeutral","0","350","2024-04-29 12:57:36"
"test","FullPilot","0","62","-1","2","50","50","0","1","1332","1449","0","1","9","6","0.18","0.12","50","50","FFEnemyNeutral","FFEnemyNeutral","0","350","2024-04-29 12:57:39"
"test","FullPilot","0","63","-1","1","50","50","1","1","333","483","1","0","44","14","0.88","0.27","50","50","FFEnemyNeutral","FFEnemyNeutral","1","400","2024-04-29 12:57:42"
"test","FullPilot","0","64","-1","2","50","50","1","0","1766","1833","1","0","14","25","0.27","0.5","50","50","FFEnemyNeutral","FFEnemyNeutral","0","400","2024-04-29 12:57:45"
"test","FullPilot","0","65","-1","1","50","50","0","0","1233","1349","0","1","19","14","0.38","0.27","50","50","FFEnemyNeutral","FFEnemyNeutral","1","450","2024-04-29 12:57:49"
"test","FullPilot","0","66","-1","2","50","50","1","0","5499","5666","1","0","6","19","0.12","0.38","50","50","FFEnemyNeutral","FFEnemyNeutral","0","450","2024-04-29 12:57:56"
"test","FullPilot","0","67","-1","2","50","50","1","0","1333","2099","1","0","31","44","0.62","0.88","50","50","FFEnemyNeutral","FFEnemyNeutral","1","500","2024-04-29 12:58:00"
"test","FullPilot","0","68","-1","1","50","50","1","1","1049","1432","1","0","37","25","0.73","0.5","50","50","FFEnemyNeutral","FFEnemyNeutral","1","550","2024-04-29 12:58:03"
"test","FullPilot","0","69","-1","2","50","50","1","0","933","999","1","0","9","41","0.18","0.82","50","50","FFEnemyNeutral","FFEnemyNeutral","1","600","2024-04-29 12:58:06"
"test","FullPilot","0","70","-1","2","50","50","1","0","1566","1933","1","1","41","37","0.82","0.73","50","50","FFEnemyNeutral","FFEnemyNeutral","1","650","2024-04-29 12:58:09"
"test","FullPilot","0","71","-1","2","50","50","1","0","900","950","1","0","19","37","0.38","0.73","50","50","FFEnemyNeutral","FFEnemyNeutral","1","700","2024-04-29 12:58:12"
"test","FullPilot","1","0","-2","2","75","11","1","0","616","1133","1","0","67","33","1","1","67","33","FFEnemyShipNocolors2","FFEnemyShipNocolors5","1","11","2024-04-29 12:58:26"
"test","FullPilot","1","1","-2","1","40","23","1","1","616","1133","1","0","67","33","1","1","67","33","FFEnemyShipNocolors2","FFEnemyShipNocolors5","1","51","2024-04-29 12:58:29"
"test","FullPilot","1","2","-2","2","93","22","1","0","616","1116","1","0","67","33","1","1","67","33","FFEnemyShipNocolors2","FFEnemyShipNocolors5","1","73","2024-04-29 12:59:37"
"test","FullPilot","1","3","-2","1","40","44","1","1","600","1100","1","0","67","33","1","1","67","33","FFEnemyShipNocolors2","FFEnemyShipNocolors5","1","113","2024-04-29 12:59:40"
"test","FullPilot","0","0","-1","2","50","50","0","1","1149","1449","0","1","6","25","0.12","0.5","50","50","FFEnemyNeutral","FFEnemyNeutral","1","50","2024-04-29 15:36:27"
"test","FullPilot","0","1","-1","1","50","50","0","0","466","550","0","1","37","14","0.73","0.27","50","50","FFEnemyNeutral","FFEnemyNeutral","0","50","2024-04-29 15:36:29"
"test","FullPilot","0","2","-1","1","50","50","0","0","433","566","0","1","31","9","0.62","0.18","50","50","FFEnemyNeutral","FFEnemyNeutral","1","100","2024-04-29 15:36:32"
"test","FullPilot","0","3","-1","2","50","50","1","0","633","750","1","0","14","44","0.27","0.88","50","50","FFEnemyNeutral","FFEnemyNeutral","1","150","2024-04-29 15:36:35"
"test","FullPilot","0","0","-1","1","50","50","0","0","1499","1716","0","1","37","25","0.73","0.5","50","50","FFEnemyNeutral","FFEnemyNeutral","0","0","2024-04-29 15:39:15"
"test","FullPilot","0","1","-1","1","50","50","1","1","550","650","1","0","41","9","0.82","0.18","50","50","FFEnemyNeutral","FFEnemyNeutral","0","0","2024-04-29 15:39:18"
"test","FullPilot","0","2","-1","2","50","50","1","0","400","466","1","0","6","41","0.12","0.82","50","50","FFEnemyNeutral","FFEnemyNeutral","1","50","2024-04-29 15:39:20"
"test","FullPilot","0","3","-1","1","50","50","0","0","484","568","0","1","41","25","0.82","0.5","50","50","FFEnemyNeutral","FFEnemyNeutral","1","100","2024-04-29 15:39:22"
"test","FullPilot","0","4","-1","1","50","50","1","1","400","599","1","0","25","14","0.5","0.27","50","50","FFEnemyNeutral","FFEnemyNeutral","1","150","2024-04-29 15:39:25"
"test","FullPilot","0","5","-1","2","50","50","1","0","901","984","1","0","6","9","0.12","0.18","50","50","FFEnemyNeutral","FFEnemyNeutral","0","150","2024-04-29 15:39:28"
"test","FullPilot","0","6","-1","2","50","50","0","1","466","566","0","1","14","31","0.27","0.62","50","50","FFEnemyNeutral","FFEnemyNeutral","0","150","2024-04-29 15:39:30"
"test","FullPilot","0","7","-1","1","50","50","1","1","401","501","1","0","44","25","0.88","0.5","50","50","FFEnemyNeutral","FFEnemyNeutral","1","200","2024-04-29 15:39:33"
"test","FullPilot","0","8","-1","1","50","50","1","1","1967","2067","1","0","25","19","0.5","0.38","50","50","FFEnemyNeutral","FFEnemyNeutral","0","200","2024-04-29 15:45:28"
"test","FullPilot","1","0","-2","0","99","31","0","1","3049","0","1","0","67","33","1","1","67","33","FFEnemyShipNocolors5","FFEnemyShipNocolors2","0","0","2024-04-29 15:55:43"
"test","FullPilot","1","1","-2","2","56","41","1","0","1400","1616","1","0","67","33","1","1","67","33","FFEnemyShipNocolors5","FFEnemyShipNocolors2","1","41","2024-04-29 15:55:46"
"test","FullPilot","1","2","-2","2","78","29","1","0","999","1216","1","0","67","33","1","1","67","33","FFEnemyShipNocolors5","FFEnemyShipNocolors2","1","70","2024-04-29 15:55:50"
"test","FullPilot","1","3","-2","2","60","1","1","0","849","1333","1","0","67","33","1","1","67","33","FFEnemyShipNocolors5","FFEnemyShipNocolors2","1","71","2024-04-29 15:55:53"
"test","FullPilot","1","4","-2","2","47","70","1","0","866","1216","1","0","67","33","1","1","67","33","FFEnemyShipNocolors5","FFEnemyShipNocolors2","1","141","2024-04-29 15:55:56"
"test","FullPilot","1","5","-2","0","86","10","0","1","0","0","0","0","67","33","1","1","67","33","FFEnemyShipNocolors5","FFEnemyShipNocolors2","0","141","2024-04-29 15:56:00"
"test","FullPilot","3","0","1","2","84","20","0","1","500","733","0","1","19","11","0.27","0.38","72","28","FFEnemyShipNocolors7","FFEnemyShipNoColors9","0","0","2024-04-29 15:56:39"
"test","FullPilot","3","1","0","1","58","56","1","1","166","350","1","0","38","5","0.62","0.12","62","38","FFEnemyShipNocolors6","FFEnemyShipNoColors11","1","58","2024-04-29 15:56:42"
"test","FullPilot","3","2","0","1","17","18","1","1","216","416","1","0","31","5","0.5","0.12","62","38","FFEnemyShipNocolors6","FFEnemyShipNoColors11","0","58","2024-04-29 15:56:45"
"test","FullPilot","3","3","0","2","35","77","0","1","99","216","0","1","7","33","0.12","0.88","62","38","FFEnemyShipNocolors6","FFEnemyShipNoColors11","1","135","2024-04-29 15:56:47"
"test","FullPilot","3","4","1","1","73","2","0","0","199","416","0","1","53","17","0.73","0.62","72","28","FFEnemyShipNocolors7","FFEnemyShipNoColors9","1","208","2024-04-29 15:56:50"
"5dd4767b32288646716dc98a","FullPilot","0","0","-1","1","50","50","1","1","868","1483","1","0","44","19","0.88","0.38","50","50","FFEnemyNeutral","FFEnemyNeutral","1","50","2024-04-29 16:15:53"
"5dd4767b32288646716dc98a","FullPilot","0","1","-1","2","50","50","1","0","1000","1585","1","0","6","25","0.12","0.5","50","50","FFEnemyNeutral","FFEnemyNeutral","1","100","2024-04-29 16:15:57"
"5dd4767b32288646716dc98a","FullPilot","0","2","-1","0","50","50","0","0","2382","0","1","0","9","14","0.18","0.27","50","50","FFEnemyNeutral","FFEnemyNeutral","0","100","2024-04-29 16:16:01"
"5dd4767b32288646716dc98a","FullPilot","0","3","-1","1","50","50","0","0","151","1136","0","2","19","25","0.38","0.5","50","50","FFEnemyNeutral","FFEnemyNeutral","0","100","2024-04-29 16:16:04"
"5dd4767b32288646716dc98a","FullPilot","0","4","-1","2","50","50","1","0","999","1483","1","0","31","14","0.62","0.27","50","50","FFEnemyNeutral","FFEnemyNeutral","0","100","2024-04-29 16:16:07"
"5dd4767b32288646716dc98a","FullPilot","0","5","-1","1","50","50","0","0","1165","1652","0","1","41","37","0.82","0.73","50","50","FFEnemyNeutral","FFEnemyNeutral","1","150","2024-04-29 16:16:11"
"5dd4767b32288646716dc98a","FullPilot","0","6","-1","1","50","50","1","1","1482","1983","1","0","14","6","0.27","0.12","50","50","FFEnemyNeutral","FFEnemyNeutral","0","150","2024-04-29 16:16:14"
"5dd4767b32288646716dc98a","FullPilot","0","7","-1","1","50","50","0","0","1030","1565","0","1","25","9","0.5","0.18","50","50","FFEnemyNeutral","FFEnemyNeutral","0","150","2024-04-29 16:16:18"
"5dd4767b32288646716dc98a","FullPilot","0","8","-1","2","50","50","1","0","748","1266","1","0","25","44","0.5","0.88","50","50","FFEnemyNeutral","FFEnemyNeutral","0","150","2024-04-29 16:16:21"
"5dd4767b32288646716dc98a","FullPilot","0","9","-1","2","50","50","0","1","948","1400","0","1","25","6","0.5","0.12","50","50","FFEnemyNeutral","FFEnemyNeutral","1","200","2024-04-29 16:16:24"
"5dd4767b32288646716dc98a","FullPilot","0","10","-1","1","50","50","1","1","666","1199","1","0","6","44","0.12","0.88","50","50","FFEnemyNeutral","FFEnemyNeutral","0","200","2024-04-29 16:16:27"
"5dd4767b32288646716dc98a","FullPilot","0","11","-1","2","50","50","0","1","718","1349","0","1","37","9","0.73","0.18","50","50","FFEnemyNeutral","FFEnemyNeutral","0","200","2024-04-29 16:16:30"
"5dd4767b32288646716dc98a","FullPilot","0","12","-1","1","50","50","1","1","1204","1584","1","0","9","6","0.18","0.12","50","50","FFEnemyNeutral","FFEnemyNeutral","1","250","2024-04-29 16:16:34"
"5dd4767b32288646716dc98a","FullPilot","0","13","-1","2","50","50","0","1","782","1217","0","1","37","19","0.73","0.38","50","50","FFEnemyNeutral","FFEnemyNeutral","0","250","2024-04-29 16:16:37"
"5dd4767b32288646716dc98a","FullPilot","0","14","-1","2","50","50","1","0","914","1351","1","0","44","31","0.88","0.62","50","50","FFEnemyNeutral","FFEnemyNeutral","0","250","2024-04-29 16:16:40"
"5dd4767b32288646716dc98a","FullPilot","0","15","-1","1","50","50","1","1","1398","1784","1","0","9","31","0.18","0.62","50","50","FFEnemyNeutral","FFEnemyNeutral","0","250","2024-04-29 16:16:44"
"5dd4767b32288646716dc98a","FullPilot","0","16","-1","2","50","50","0","1","950","1453","0","1","41","25","0.82","0.5","50","50","FFEnemyNeutral","FFEnemyNeutral","1","300","2024-04-29 16:16:47"
"5dd4767b32288646716dc98a","FullPilot","0","17","-1","1","50","50","1","1","1416","1852","1","0","6","14","0.12","0.27","50","50","FFEnemyNeutral","FFEnemyNeutral","0","300","2024-04-29 16:16:51"
"5dd4767b32288646716dc98a","FullPilot","0","18","-1","1","50","50","0","0","1542","1886","0","1","6","9","0.12","0.18","50","50","FFEnemyNeutral","FFEnemyNeutral","0","300","2024-04-29 16:16:54"
"5dd4767b32288646716dc98a","FullPilot","0","19","-1","2","50","50","0","1","1466","1798","0","1","19","9","0.38","0.18","50","50","FFEnemyNeutral","FFEnemyNeutral","0","300","2024-04-29 16:16:58"
"5dd4767b32288646716dc98a","FullPilot","0","20","-1","2","50","50","0","1","1000","1369","0","1","19","41","0.38","0.82","50","50","FFEnemyNeutral","FFEnemyNeutral","1","350","2024-04-29 16:17:01"
"5dd4767b32288646716dc98a","FullPilot","0","21","-1","1","50","50","0","0","1299","1684","0","1","44","41","0.88","0.82","50","50","FFEnemyNeutral","FFEnemyNeutral","0","350","2024-04-29 16:17:04"
"5dd4767b32288646716dc98a","FullPilot","0","22","-1","1","50","50","1","1","765","1199","1","0","41","44","0.82","0.88","50","50","FFEnemyNeutral","FFEnemyNeutral","0","350","2024-04-29 16:17:07"
"5dd4767b32288646716dc98a","FullPilot","0","23","-1","1","50","50","1","1","882","1272","1","0","14","9","0.27","0.18","50","50","FFEnemyNeutral","FFEnemyNeutral","0","350","2024-04-29 16:17:11"
"5dd4767b32288646716dc98a","FullPilot","0","24","-1","2","50","50","1","0","764","1148","1","0","31","44","0.62","0.88","50","50","FFEnemyNeutral","FFEnemyNeutral","1","400","2024-04-29 16:17:14"
"5dd4767b32288646716dc98a","FullPilot","0","25","-1","1","50","50","1","1","867","1351","1","0","37","41","0.73","0.82","50","50","FFEnemyNeutral","FFEnemyNeutral","0","400","2024-04-29 16:17:17"
"5dd4767b32288646716dc98a","FullPilot","0","26","-1","1","50","50","0","0","901","1297","0","1","9","37","0.18","0.73","50","50","FFEnemyNeutral","FFEnemyNeutral","0","400","2024-04-29 16:17:20"
"5dd4767b32288646716dc98a","FullPilot","0","27","-1","2","50","50","1","0","582","984","1","0","44","14","0.88","0.27","50","50","FFEnemyNeutral","FFEnemyNeutral","0","400","2024-04-29 16:17:23"
"5dd4767b32288646716dc98a","FullPilot","0","28","-1","1","50","50","1","1","651","1133","1","0","9","25","0.18","0.5","50","50","FFEnemyNeutral","FFEnemyNeutral","0","400","2024-04-29 16:17:26"
"5dd4767b32288646716dc98a","FullPilot","0","29","-1","2","50","50","0","1","1130","1565","0","1","6","31","0.12","0.62","50","50","FFEnemyNeutral","FFEnemyNeutral","1","450","2024-04-29 16:17:29"
"5dd4767b32288646716dc98a","FullPilot","0","30","-1","2","50","50","1","0","649","1051","1","0","6","37","0.12","0.73","50","50","FFEnemyNeutral","FFEnemyNeutral","1","500","2024-04-29 16:17:32"
"5dd4767b32288646716dc98a","FullPilot","0","31","-1","1","50","50","1","1","714","1165","1","0","44","9","0.88","0.18","50","50","FFEnemyNeutral","FFEnemyNeutral","1","550","2024-04-29 16:17:35"
"5dd4767b32288646716dc98a","FullPilot","0","32","-1","1","50","50","0","0","800","1184","0","1","37","14","0.73","0.27","50","50","FFEnemyNeutral","FFEnemyNeutral","1","600","2024-04-29 16:17:38"
"5dd4767b32288646716dc98a","FullPilot","0","33","-1","1","50","50","0","0","701","1135","0","1","41","6","0.82","0.12","50","50","FFEnemyNeutral","FFEnemyNeutral","1","650","2024-04-29 16:17:40"
"5dd4767b32288646716dc98a","FullPilot","0","34","-1","1","50","50","0","0","683","1117","0","1","37","25","0.73","0.5","50","50","FFEnemyNeutral","FFEnemyNeutral","1","700","2024-04-29 16:17:43"
"5dd4767b32288646716dc98a","FullPilot","0","35","-1","2","50","50","1","0","677","1079","1","0","14","37","0.27","0.73","50","50","FFEnemyNeutral","FFEnemyNeutral","1","750","2024-04-29 16:17:46"
"5dd4767b32288646716dc98a","FullPilot","0","36","-1","2","50","50","1","0","702","1169","1","0","19","37","0.38","0.73","50","50","FFEnemyNeutral","FFEnemyNeutral","1","800","2024-04-29 16:17:49"
"5dd4767b32288646716dc98a","FullPilot","0","37","-1","2","50","50","0","1","849","1300","0","1","6","19","0.12","0.38","50","50","FFEnemyNeutral","FFEnemyNeutral","0","800","2024-04-29 16:17:52"
"5dd4767b32288646716dc98a","FullPilot","0","38","-1","2","50","50","1","0","600","1000","1","0","9","44","0.18","0.88","50","50","FFEnemyNeutral","FFEnemyNeutral","1","850","2024-04-29 16:17:55"
"5dd4767b32288646716dc98a","FullPilot","0","39","-1","1","50","50","1","1","716","1234","1","0","37","6","0.73","0.12","50","50","FFEnemyNeutral","FFEnemyNeutral","1","900","2024-04-29 16:17:58"
"5dd4767b32288646716dc98a","FullPilot","0","40","-1","1","50","50","0","0","833","1300","0","1","44","6","0.88","0.12","50","50","FFEnemyNeutral","FFEnemyNeutral","1","950","2024-04-29 16:18:01"
"5dd4767b32288646716dc98a","FullPilot","0","41","-1","1","50","50","1","1","633","1099","1","0","44","25","0.88","0.5","50","50","FFEnemyNeutral","FFEnemyNeutral","1","1000","2024-04-29 16:18:04"
"5dd4767b32288646716dc98a","FullPilot","0","42","-1","2","50","50","1","0","582","1132","1","0","14","31","0.27","0.62","50","50","FFEnemyNeutral","FFEnemyNeutral","0","1000","2024-04-29 16:18:06"
"5dd4767b32288646716dc98a","FullPilot","0","43","-1","1","50","50","0","0","716","1255","0","1","41","9","0.82","0.18","50","50","FFEnemyNeutral","FFEnemyNeutral","1","1050","2024-04-29 16:18:10"
"5dd4767b32288646716dc98a","FullPilot","0","44","-1","2","50","50","1","0","1214","1550","1","0","25","41","0.5","0.82","50","50","FFEnemyNeutral","FFEnemyNeutral","1","1100","2024-04-29 16:18:13"
"5dd4767b32288646716dc98a","FullPilot","0","45","-1","2","50","50","0","1","666","1167","0","1","6","41","0.12","0.82","50","50","FFEnemyNeutral","FFEnemyNeutral","1","1150","2024-04-29 16:18:16"
"5dd4767b32288646716dc98a","FullPilot","0","46","-1","2","50","50","1","0","631","1384","1","0","37","44","0.73","0.88","50","50","FFEnemyNeutral","FFEnemyNeutral","0","1150","2024-04-29 16:18:19"
"5dd4767b32288646716dc98a","FullPilot","0","47","-1","2","50","50","0","1","899","1285","0","1","19","44","0.38","0.88","50","50","FFEnemyNeutral","FFEnemyNeutral","1","1200","2024-04-29 16:18:22"
"5dd4767b32288646716dc98a","FullPilot","0","48","-1","2","50","50","0","1","949","1367","0","1","25","37","0.5","0.73","50","50","FFEnemyNeutral","FFEnemyNeutral","1","1250","2024-04-29 16:18:25"
"5dd4767b32288646716dc98a","FullPilot","0","49","-1","2","50","50","0","1","1001","1503","0","1","14","25","0.27","0.5","50","50","FFEnemyNeutral","FFEnemyNeutral","0","1250","2024-04-29 16:18:28"
"5dd4767b32288646716dc98a","FullPilot","0","50","-1","1","50","50","1","1","1051","1453","1","0","25","19","0.5","0.38","50","50","FFEnemyNeutral","FFEnemyNeutral","1","1300","2024-04-29 16:18:31"
"5dd4767b32288646716dc98a","FullPilot","0","51","-1","2","50","50","0","1","1917","2252","0","1","31","41","0.62","0.82","50","50","FFEnemyNeutral","FFEnemyNeutral","1","1350","2024-04-29 16:18:35"
"5dd4767b32288646716dc98a","FullPilot","0","52","-1","2","50","50","0","1","1151","1569","0","1","31","37","0.62","0.73","50","50","FFEnemyNeutral","FFEnemyNeutral","1","1400","2024-04-29 16:18:38"
"5dd4767b32288646716dc98a","FullPilot","0","53","-1","2","50","50","0","1","2201","2535","0","1","44","37","0.88","0.73","50","50","FFEnemyNeutral","FFEnemyNeutral","0","1400","2024-04-29 16:18:42"
"5dd4767b32288646716dc98a","FullPilot","0","54","-1","1","50","50","1","1","719","1086","1","0","31","19","0.62","0.38","50","50","FFEnemyNeutral","FFEnemyNeutral","0","1400","2024-04-29 16:18:45"
"5dd4767b32288646716dc98a","FullPilot","0","55","-1","1","50","50","0","0","682","1083","0","1","31","9","0.62","0.18","50","50","FFEnemyNeutral","FFEnemyNeutral","1","1450","2024-04-29 16:18:48"
"5dd4767b32288646716dc98a","FullPilot","0","56","-1","2","50","50","0","1","932","1383","0","1","14","41","0.27","0.82","50","50","FFEnemyNeutral","FFEnemyNeutral","1","1500","2024-04-29 16:18:52"
"5dd4767b32288646716dc98a","FullPilot","0","57","-1","1","50","50","0","0","765","1233","0","1","41","31","0.82","0.62","50","50","FFEnemyNeutral","FFEnemyNeutral","1","1550","2024-04-29 16:18:54"
"5dd4767b32288646716dc98a","FullPilot","0","58","-1","1","50","50","1","1","998","1300","1","0","37","31","0.73","0.62","50","50","FFEnemyNeutral","FFEnemyNeutral","1","1600","2024-04-29 16:18:57"
"5dd4767b32288646716dc98a","FullPilot","0","59","-1","2","50","50","1","0","1250","1600","1","0","14","19","0.27","0.38","50","50","FFEnemyNeutral","FFEnemyNeutral","0","1600","2024-04-29 16:19:01"
"5dd4767b32288646716dc98a","FullPilot","0","60","-1","1","50","50","1","1","1183","1519","1","0","25","31","0.5","0.62","50","50","FFEnemyNeutral","FFEnemyNeutral","0","1600","2024-04-29 16:19:04"
"5dd4767b32288646716dc98a","FullPilot","0","61","-1","2","50","50","0","1","717","1133","0","1","19","31","0.38","0.62","50","50","FFEnemyNeutral","FFEnemyNeutral","1","1650","2024-04-29 16:19:07"
"5dd4767b32288646716dc98a","FullPilot","0","62","-1","2","50","50","0","1","751","1234","0","1","9","19","0.18","0.38","50","50","FFEnemyNeutral","FFEnemyNeutral","0","1650","2024-04-29 16:19:10"
"5dd4767b32288646716dc98a","FullPilot","0","63","-1","2","50","50","1","0","780","1099","1","0","9","41","0.18","0.82","50","50","FFEnemyNeutral","FFEnemyNeutral","1","1700","2024-04-29 16:19:13"
"5dd4767b32288646716dc98a","FullPilot","0","64","-1","1","50","50","1","1","833","1250","1","0","31","6","0.62","0.12","50","50","FFEnemyNeutral","FFEnemyNeutral","0","1700","2024-04-29 16:19:16"
"5dd4767b32288646716dc98a","FullPilot","0","65","-1","1","50","50","0","0","798","1214","0","1","19","6","0.38","0.12","50","50","FFEnemyNeutral","FFEnemyNeutral","0","1700","2024-04-29 16:19:19"
"5dd4767b32288646716dc98a","FullPilot","0","66","-1","1","50","50","1","1","832","1200","1","0","25","14","0.5","0.27","50","50","FFEnemyNeutral","FFEnemyNeutral","1","1750","2024-04-29 16:19:22"
"5dd4767b32288646716dc98a","FullPilot","0","67","-1","1","50","50","1","1","1666","1936","1","0","31","25","0.62","0.5","50","50","FFEnemyNeutral","FFEnemyNeutral","1","1800","2024-04-29 16:19:26"
"5dd4767b32288646716dc98a","FullPilot","0","68","-1","2","50","50","0","1","1217","1585","0","1","41","14","0.82","0.27","50","50","FFEnemyNeutral","FFEnemyNeutral","0","1800","2024-04-29 16:19:29"
"5dd4767b32288646716dc98a","FullPilot","0","69","-1","2","50","50","0","1","800","1166","0","1","14","44","0.27","0.88","50","50","FFEnemyNeutral","FFEnemyNeutral","1","1850","2024-04-29 16:19:32"
"5dd4767b32288646716dc98a","FullPilot","0","70","-1","1","50","50","1","1","733","1116","1","0","41","19","0.82","0.38","50","50","FFEnemyNeutral","FFEnemyNeutral","1","1900","2024-04-29 16:19:35"
"5dd4767b32288646716dc98a","FullPilot","0","71","-1","1","50","50","0","0","1351","1635","0","1","19","14","0.38","0.27","50","50","FFEnemyNeutral","FFEnemyNeutral","1","1950","2024-04-29 16:19:38"
"5dd4767b32288646716dc98a","FullPilot","1","0","-2","2","69","34","1","0","1633","2033","1","0","67","33","1","1","67","33","FFEnemyShipNocolors5","FFEnemyShipNocolors2","1","34","2024-04-29 16:20:47"
"5dd4767b32288646716dc98a","FullPilot","1","1","-2","1","53","27","1","1","1500","1850","1","0","67","33","1","1","67","33","FFEnemyShipNocolors5","FFEnemyShipNocolors2","1","87","2024-04-29 16:20:51"
"5dd4767b32288646716dc98a","FullPilot","1","2","-2","1","49","39","1","1","1197","1633","1","0","67","33","1","1","67","33","FFEnemyShipNocolors5","FFEnemyShipNocolors2","1","136","2024-04-29 16:20:54"
"5dd4767b32288646716dc98a","FullPilot","1","3","-2","1","55","1","0","0","1383","1767","0","1","67","33","1","1","67","33","FFEnemyShipNocolors5","FFEnemyShipNocolors2","1","191","2024-04-29 16:20:58"
"5dd4767b32288646716dc98a","FullPilot","1","4","-2","1","81","26","0","0","1332","1750","0","1","67","33","1","1","67","33","FFEnemyShipNocolors5","FFEnemyShipNocolors2","1","272","2024-04-29 16:21:01"
"5dd4767b32288646716dc98a","FullPilot","1","5","-2","1","65","1","0","0","1232","1732","0","1","67","33","1","1","67","33","FFEnemyShipNocolors5","FFEnemyShipNocolors2","1","337","2024-04-29 16:21:05"
"5dd4767b32288646716dc98a","FullPilot","1","6","-2","1","73","53","0","0","1267","1717","0","1","67","33","1","1","67","33","FFEnemyShipNocolors5","FFEnemyShipNocolors2","1","410","2024-04-29 16:21:08"
"5dd4767b32288646716dc98a","FullPilot","1","7","-2","1","62","18","0","0","1232","1683","0","1","67","33","1","1","67","33","FFEnemyShipNocolors5","FFEnemyShipNocolors2","1","472","2024-04-29 16:21:12"
"5dd4767b32288646716dc98a","FullPilot","1","8","-2","1","56","57","0","0","1284","1734","0","1","67","33","1","1","67","33","FFEnemyShipNocolors5","FFEnemyShipNocolors2","1","528","2024-04-29 16:21:15"
"5dd4767b32288646716dc98a","FullPilot","1","9","-2","2","76","56","0","1","1382","1769","0","1","67","33","1","1","67","33","FFEnemyShipNocolors5","FFEnemyShipNocolors2","1","584","2024-04-29 16:21:19"
"5dd4767b32288646716dc98a","FullPilot","1","10","-2","2","82","82","0","1","1267","1617","0","1","67","33","1","1","67","33","FFEnemyShipNocolors5","FFEnemyShipNocolors2","1","666","2024-04-29 16:21:23"
"5dd4767b32288646716dc98a","FullPilot","1","11","-2","2","82","47","1","0","1367","1752","1","0","67","33","1","1","67","33","FFEnemyShipNocolors5","FFEnemyShipNocolors2","1","713","2024-04-29 16:21:26"
"5dd4767b32288646716dc98a","FullPilot","1","12","-2","2","90","0","0","1","1131","1482","0","1","67","33","1","1","67","33","FFEnemyShipNocolors5","FFEnemyShipNocolors2","1","713","2024-04-29 16:21:29"
"5dd4767b32288646716dc98a","FullPilot","1","13","-2","1","21","56","0","0","1280","1680","0","1","67","33","1","1","67","33","FFEnemyShipNocolors5","FFEnemyShipNocolors2","1","734","2024-04-29 16:21:33"
"5dd4767b32288646716dc98a","FullPilot","1","14","-2","1","48","42","0","0","1083","1467","0","1","67","33","1","1","67","33","FFEnemyShipNocolors5","FFEnemyShipNocolors2","1","782","2024-04-29 16:21:36"
"5dd4767b32288646716dc98a","FullPilot","1","15","-2","1","44","43","1","1","1250","1634","1","0","67","33","1","1","67","33","FFEnemyShipNocolors5","FFEnemyShipNocolors2","1","826","2024-04-29 16:21:39"
"5dd4767b32288646716dc98a","FullPilot","1","16","-2","1","95","37","1","1","1183","1599","1","0","67","33","1","1","67","33","FFEnemyShipNocolors5","FFEnemyShipNocolors2","1","921","2024-04-29 16:21:43"
"5dd4767b32288646716dc98a","FullPilot","1","17","-2","1","79","50","0","0","1298","1651","0","1","67","33","1","1","67","33","FFEnemyShipNocolors5","FFEnemyShipNocolors2","1","1000","2024-04-29 16:21:46"
"5dd4767b32288646716dc98a","FullPilot","1","18","-2","1","22","22","1","1","1151","1518","1","0","67","33","1","1","67","33","FFEnemyShipNocolors5","FFEnemyShipNocolors2","1","1022","2024-04-29 16:21:50"
"5dd4767b32288646716dc98a","FullPilot","1","19","-2","1","61","22","0","0","1214","1551","0","1","67","33","1","1","67","33","FFEnemyShipNocolors5","FFEnemyShipNocolors2","1","1083","2024-04-29 16:21:53"
"5dd4767b32288646716dc98a","FullPilot","1","20","-2","1","53","22","1","1","1097","1520","1","0","67","33","1","1","67","33","FFEnemyShipNocolors5","FFEnemyShipNocolors2","1","1136","2024-04-29 16:21:56"
"5dd4767b32288646716dc98a","FullPilot","1","21","-2","1","69","29","0","0","1166","1633","0","1","67","33","1","1","67","33","FFEnemyShipNocolors5","FFEnemyShipNocolors2","1","1205","2024-04-29 16:22:00"
"5dd4767b32288646716dc98a","FullPilot","1","22","-2","1","85","61","0","0","1181","1617","0","1","67","33","1","1","67","33","FFEnemyShipNocolors5","FFEnemyShipNocolors2","1","1290","2024-04-29 16:22:04"
"5dd4767b32288646716dc98a","FullPilot","1","23","-2","1","80","66","1","1","1170","1568","1","0","67","33","1","1","67","33","FFEnemyShipNocolors5","FFEnemyShipNocolors2","1","1370","2024-04-29 16:22:07"
"5dd4767b32288646716dc98a","FullPilot","1","24","-2","1","44","17","0","0","1283","1734","0","1","67","33","1","1","67","33","FFEnemyShipNocolors5","FFEnemyShipNocolors2","1","1414","2024-04-29 16:22:11"
"5dd4767b32288646716dc98a","FullPilot","1","25","-2","1","51","44","0","0","1451","1969","0","1","67","33","1","1","67","33","FFEnemyShipNocolors5","FFEnemyShipNocolors2","1","1465","2024-04-29 16:22:14"
"5dd4767b32288646716dc98a","FullPilot","1","26","-2","0","84","23","0","0","3200","0","0","1","67","33","1","1","67","33","FFEnemyShipNocolors5","FFEnemyShipNocolors2","0","1465","2024-04-29 16:22:19"
"5dd4767b32288646716dc98a","FullPilot","1","27","-2","1","67","24","1","1","1350","2600","1","0","67","33","1","1","67","33","FFEnemyShipNocolors5","FFEnemyShipNocolors2","1","1532","2024-04-29 16:22:23"
"5dd4767b32288646716dc98a","FullPilot","1","28","-2","1","60","42","0","0","1247","1649","0","1","67","33","1","1","67","33","FFEnemyShipNocolors5","FFEnemyShipNocolors2","1","1592","2024-04-29 16:22:26"
"5dd4767b32288646716dc98a","FullPilot","1","29","-2","1","89","76","0","0","1199","1615","0","1","67","33","1","1","67","33","FFEnemyShipNocolors5","FFEnemyShipNocolors2","1","1681","2024-04-29 16:22:30"
"5dd4767b32288646716dc98a","FullPilot","1","30","-2","1","37","21","0","0","1984","2334","0","1","67","33","1","1","67","33","FFEnemyShipNocolors5","FFEnemyShipNocolors2","1","1718","2024-04-29 16:22:34"
"5dd4767b32288646716dc98a","FullPilot","1","31","-2","1","82","39","0","0","1185","1550","0","1","67","33","1","1","67","33","FFEnemyShipNocolors5","FFEnemyShipNocolors2","1","1800","2024-04-29 16:22:38"
"5dd4767b32288646716dc98a","FullPilot","1","32","-2","1","99","8","1","1","1251","1652","1","0","67","33","1","1","67","33","FFEnemyShipNocolors5","FFEnemyShipNocolors2","1","1899","2024-04-29 16:22:41"
"5dd4767b32288646716dc98a","FullPilot","1","33","-2","1","78","19","1","1","1200","1583","1","0","67","33","1","1","67","33","FFEnemyShipNocolors5","FFEnemyShipNocolors2","1","1977","2024-04-29 16:22:45"
"5dd4767b32288646716dc98a","FullPilot","1","34","-2","1","82","25","1","1","1116","1517","1","0","67","33","1","1","67","33","FFEnemyShipNocolors5","FFEnemyShipNocolors2","1","2059","2024-04-29 16:22:48"
"5dd4767b32288646716dc98a","FullPilot","1","35","-2","1","70","12","1","1","2051","2569","1","0","67","33","1","1","67","33","FFEnemyShipNocolors5","FFEnemyShipNocolors2","1","2129","2024-04-29 16:22:52"
"5dd4767b32288646716dc98a","FullPilot","1","36","-2","1","90","52","1","1","1064","1467","1","0","67","33","1","1","67","33","FFEnemyShipNocolors5","FFEnemyShipNocolors2","1","2219","2024-04-29 16:22:55"
"5dd4767b32288646716dc98a","FullPilot","1","37","-2","1","61","12","0","0","1416","1884","0","1","67","33","1","1","67","33","FFEnemyShipNocolors5","FFEnemyShipNocolors2","1","2280","2024-04-29 16:22:59"
"5dd4767b32288646716dc98a","FullPilot","1","38","-2","1","98","17","1","1","1133","1533","1","0","67","33","1","1","67","33","FFEnemyShipNocolors5","FFEnemyShipNocolors2","1","2378","2024-04-29 16:23:02"
"5dd4767b32288646716dc98a","FullPilot","1","39","-2","1","97","56","1","1","1383","1817","1","0","67","33","1","1","67","33","FFEnemyShipNocolors5","FFEnemyShipNocolors2","1","2475","2024-04-29 16:23:05"
"5dd4767b32288646716dc98a","FullPilot","1","40","-2","1","58","17","1","1","1619","2034","1","0","67","33","1","1","67","33","FFEnemyShipNocolors5","FFEnemyShipNocolors2","1","2533","2024-04-29 16:23:09"
"5dd4767b32288646716dc98a","FullPilot","1","41","-2","1","68","43","0","0","1269","1683","0","1","67","33","1","1","67","33","FFEnemyShipNocolors5","FFEnemyShipNocolors2","1","2601","2024-04-29 16:23:13"
"5dd4767b32288646716dc98a","FullPilot","1","42","-2","1","71","13","1","1","1283","1700","1","0","67","33","1","1","67","33","FFEnemyShipNocolors5","FFEnemyShipNocolors2","1","2672","2024-04-29 16:23:16"
"5dd4767b32288646716dc98a","FullPilot","1","43","-2","1","63","28","0","0","1248","1650","0","1","67","33","1","1","67","33","FFEnemyShipNocolors5","FFEnemyShipNocolors2","1","2735","2024-04-29 16:23:20"
"5dd4767b32288646716dc98a","FullPilot","1","44","-2","1","62","48","1","1","1149","1567","1","0","67","33","1","1","67","33","FFEnemyShipNocolors5","FFEnemyShipNocolors2","1","2797","2024-04-29 16:23:23"
"5dd4767b32288646716dc98a","FullPilot","1","45","-2","1","89","41","0","0","1466","1884","0","1","67","33","1","1","67","33","FFEnemyShipNocolors5","FFEnemyShipNocolors2","1","2886","2024-04-29 16:23:27"
"5dd4767b32288646716dc98a","FullPilot","1","46","-2","1","83","37","0","0","1349","1750","0","1","67","33","1","1","67","33","FFEnemyShipNocolors5","FFEnemyShipNocolors2","1","2969","2024-04-29 16:23:30"
"5dd4767b32288646716dc98a","FullPilot","1","47","-2","1","50","41","0","0","1199","1633","0","1","67","33","1","1","67","33","FFEnemyShipNocolors5","FFEnemyShipNocolors2","1","3019","2024-04-29 16:23:34"
"5dd4767b32288646716dc98a","FullPilot","1","48","-2","1","37","30","1","1","1433","1884","1","0","67","33","1","1","67","33","FFEnemyShipNocolors5","FFEnemyShipNocolors2","1","3056","2024-04-29 16:23:37"
"5dd4767b32288646716dc98a","FullPilot","1","49","-2","1","68","45","1","1","1467","1917","1","0","67","33","1","1","67","33","FFEnemyShipNocolors5","FFEnemyShipNocolors2","1","3124","2024-04-29 16:23:41"
"5dd4767b32288646716dc98a","FullPilot","1","50","-2","1","50","53","0","0","1617","2050","0","1","67","33","1","1","67","33","FFEnemyShipNocolors5","FFEnemyShipNocolors2","1","3174","2024-04-29 16:23:44"
"5dd4767b32288646716dc98a","FullPilot","1","51","-2","1","70","70","1","1","1284","1753","1","0","67","33","1","1","67","33","FFEnemyShipNocolors5","FFEnemyShipNocolors2","1","3244","2024-04-29 16:23:48"
"5dd4767b32288646716dc98a","FullPilot","1","52","-2","1","50","45","0","0","1149","1581","0","1","67","33","1","1","67","33","FFEnemyShipNocolors5","FFEnemyShipNocolors2","1","3294","2024-04-29 16:23:51"
"5dd4767b32288646716dc98a","FullPilot","1","53","-2","1","90","8","1","1","1165","1616","1","0","67","33","1","1","67","33","FFEnemyShipNocolors5","FFEnemyShipNocolors2","1","3384","2024-04-29 16:23:55"
"5dd4767b32288646716dc98a","FullPilot","1","54","-2","1","54","19","1","1","1283","1700","1","0","67","33","1","1","67","33","FFEnemyShipNocolors5","FFEnemyShipNocolors2","1","3438","2024-04-29 16:23:58"
"5dd4767b32288646716dc98a","FullPilot","1","55","-2","1","95","72","0","0","1267","1667","0","1","67","33","1","1","67","33","FFEnemyShipNocolors5","FFEnemyShipNocolors2","1","3533","2024-04-29 16:24:02"
"5dd4767b32288646716dc98a","FullPilot","1","56","-2","1","72","26","1","1","1051","1517","1","0","67","33","1","1","67","33","FFEnemyShipNocolors5","FFEnemyShipNocolors2","1","3605","2024-04-29 16:24:05"
"5dd4767b32288646716dc98a","FullPilot","1","57","-2","1","28","74","0","0","1346","1764","0","1","67","33","1","1","67","33","FFEnemyShipNocolors5","FFEnemyShipNocolors2","1","3633","2024-04-29 16:24:09"
"5dd4767b32288646716dc98a","FullPilot","1","58","-2","1","61","45","0","0","1248","1633","0","1","67","33","1","1","67","33","FFEnemyShipNocolors5","FFEnemyShipNocolors2","1","3694","2024-04-29 16:24:12"
"5dd4767b32288646716dc98a","FullPilot","1","59","-2","1","54","40","1","1","1102","1602","1","0","67","33","1","1","67","33","FFEnemyShipNocolors5","FFEnemyShipNocolors2","1","3748","2024-04-29 16:24:16"
"5dd4767b32288646716dc98a","FullPilot","1","60","-2","1","98","62","0","0","1168","1585","0","1","67","33","1","1","67","33","FFEnemyShipNocolors5","FFEnemyShipNocolors2","1","3846","2024-04-29 16:24:19"
"5dd4767b32288646716dc98a","FullPilot","1","61","-2","1","56","61","0","0","1200","1584","0","1","67","33","1","1","67","33","FFEnemyShipNocolors5","FFEnemyShipNocolors2","1","3902","2024-04-29 16:24:23"
"5dd4767b32288646716dc98a","FullPilot","1","62","-2","1","93","93","0","0","1182","1585","0","1","67","33","1","1","67","33","FFEnemyShipNocolors5","FFEnemyShipNocolors2","1","3995","2024-04-29 16:24:26"
"5dd4767b32288646716dc98a","FullPilot","1","63","-2","1","54","5","0","0","1130","1531","0","1","67","33","1","1","67","33","FFEnemyShipNocolors5","FFEnemyShipNocolors2","1","4049","2024-04-29 16:24:30"
"5dd4767b32288646716dc98a","FullPilot","1","64","-2","1","71","35","1","1","1184","1634","1","0","67","33","1","1","67","33","FFEnemyShipNocolors5","FFEnemyShipNocolors2","1","4120","2024-04-29 16:24:33"
"5dd4767b32288646716dc98a","FullPilot","1","65","-2","1","23","44","1","1","1583","1969","1","0","67","33","1","1","67","33","FFEnemyShipNocolors5","FFEnemyShipNocolors2","1","4143","2024-04-29 16:24:37"
"5dd4767b32288646716dc98a","FullPilot","1","66","-2","2","87","78","1","0","1531","1881","1","0","67","33","1","1","67","33","FFEnemyShipNocolors5","FFEnemyShipNocolors2","1","4221","2024-04-29 16:24:41"
"5dd4767b32288646716dc98a","FullPilot","1","67","-2","2","59","29","0","1","1199","1600","0","1","67","33","1","1","67","33","FFEnemyShipNocolors5","FFEnemyShipNocolors2","1","4250","2024-04-29 16:24:44"
"5dd4767b32288646716dc98a","FullPilot","1","68","-2","1","77","43","0","0","1732","2083","0","1","67","33","1","1","67","33","FFEnemyShipNocolors5","FFEnemyShipNocolors2","1","4327","2024-04-29 16:24:48"
"5dd4767b32288646716dc98a","FullPilot","1","69","-2","1","70","40","1","1","1215","1684","1","0","67","33","1","1","67","33","FFEnemyShipNocolors5","FFEnemyShipNocolors2","1","4397","2024-04-29 16:24:51"
"5dd4767b32288646716dc98a","FullPilot","1","70","-2","1","60","30","0","0","1185","1586","0","1","67","33","1","1","67","33","FFEnemyShipNocolors5","FFEnemyShipNocolors2","1","4457","2024-04-29 16:24:55"
"5dd4767b32288646716dc98a","FullPilot","1","71","-2","1","64","58","1","1","1116","1531","1","0","67","33","1","1","67","33","FFEnemyShipNocolors5","FFEnemyShipNocolors2","1","4521","2024-04-29 16:24:58"
"5dd4767b32288646716dc98a","FullPilot","2","0","1","1","31","12","1","1","865","1382","1","0","27","20","0.38","0.73","72","28","FFEnemyShipNocolors8","FFEnemyShipNoColors12","0","0","2024-04-29 16:25:53"
"5dd4767b32288646716dc98a","FullPilot","2","1","1","2","90","28","1","0","530","999","1","0","13","25","0.18","0.88","72","28","FFEnemyShipNocolors8","FFEnemyShipNoColors12","1","28","2024-04-29 16:25:56"
"5dd4767b32288646716dc98a","FullPilot","2","2","0","2","53","5","1","0","648","1116","1","0","17","28","0.27","0.73","62","38","FFEnemyShipNocolors3","FFEnemyShipNocolors1","0","28","2024-04-29 16:25:59"
"5dd4767b32288646716dc98a","FullPilot","2","3","0","1","4","56","0","0","1497","1852","0","1","55","28","0.88","0.73","62","38","FFEnemyShipNocolors3","FFEnemyShipNocolors1","1","32","2024-04-29 16:26:02"
"5dd4767b32288646716dc98a","FullPilot","2","4","1","1","37","85","1","1","1216","1650","1","0","53","8","0.73","0.27","72","28","FFEnemyShipNocolors8","FFEnemyShipNoColors12","1","69","2024-04-29 16:26:06"
"5dd4767b32288646716dc98a","FullPilot","2","5","1","1","99","33","1","1","1199","1715","1","0","27","8","0.38","0.27","72","28","FFEnemyShipNocolors8","FFEnemyShipNoColors12","1","168","2024-04-29 16:26:10"
"5dd4767b32288646716dc98a","FullPilot","2","6","0","1","71","67","1","1","951","1534","1","0","17","5","0.27","0.12","62","38","FFEnemyShipNocolors3","FFEnemyShipNocolors1","0","168","2024-04-29 16:26:13"
"5dd4767b32288646716dc98a","FullPilot","2","7","0","2","31","52","0","1","1249","1683","0","1","11","5","0.18","0.12","62","38","FFEnemyShipNocolors3","FFEnemyShipNocolors1","0","168","2024-04-29 16:26:17"
"5dd4767b32288646716dc98a","FullPilot","2","8","1","1","86","37","0","0","1300","1683","0","1","53","25","0.73","0.88","72","28","FFEnemyShipNocolors8","FFEnemyShipNoColors12","1","254","2024-04-29 16:26:21"
"5dd4767b32288646716dc98a","FullPilot","2","9","1","1","96","57","0","0","1152","1586","0","1","9","20","0.12","0.73","72","28","FFEnemyShipNocolors8","FFEnemyShipNoColors12","0","254","2024-04-29 16:26:24"
"5dd4767b32288646716dc98a","FullPilot","2","10","0","2","74","33","1","0","1467","1801","1","0","17","33","0.27","0.88","62","38","FFEnemyShipNocolors3","FFEnemyShipNocolors1","1","287","2024-04-29 16:26:28"
"5dd4767b32288646716dc98a","FullPilot","2","11","1","1","93","6","1","1","1283","1668","1","0","36","3","0.5","0.12","72","28","FFEnemyShipNocolors8","FFEnemyShipNoColors12","1","380","2024-04-29 16:26:31"
"5dd4767b32288646716dc98a","FullPilot","2","12","1","1","74","32","0","0","1317","1717","0","1","36","11","0.5","0.38","72","28","FFEnemyShipNocolors8","FFEnemyShipNoColors12","1","454","2024-04-29 16:26:35"
"5dd4767b32288646716dc98a","FullPilot","2","13","1","1","23","9","0","0","1248","1617","0","1","19","3","0.27","0.12","72","28","FFEnemyShipNocolors8","FFEnemyShipNoColors12","0","454","2024-04-29 16:26:39"
"5dd4767b32288646716dc98a","FullPilot","2","14","1","1","89","55","1","1","1452","1834","1","0","9","11","0.12","0.38","72","28","FFEnemyShipNocolors8","FFEnemyShipNoColors12","0","454","2024-04-29 16:26:43"
"5dd4767b32288646716dc98a","FullPilot","2","15","1","1","76","39","1","1","1384","1785","1","0","27","14","0.38","0.5","72","28","FFEnemyShipNocolors8","FFEnemyShipNoColors12","1","530","2024-04-29 16:26:46"
"5dd4767b32288646716dc98a","FullPilot","2","16","1","1","55","29","1","1","1113","1601","1","0","13","8","0.18","0.27","72","28","FFEnemyShipNocolors8","FFEnemyShipNoColors12","0","530","2024-04-29 16:26:50"
"5dd4767b32288646716dc98a","FullPilot","2","17","0","1","81","47","1","1","1334","1818","1","0","51","5","0.82","0.12","62","38","FFEnemyShipNocolors3","FFEnemyShipNocolors1","1","611","2024-04-29 16:26:53"
"5dd4767b32288646716dc98a","FullPilot","2","18","0","2","65","23","1","0","1833","2249","1","0","24","24","0.38","0.62","62","38","FFEnemyShipNocolors3","FFEnemyShipNocolors1","1","634","2024-04-29 16:26:57"
"5dd4767b32288646716dc98a","FullPilot","2","19","1","1","63","29","1","1","1150","1633","1","0","53","14","0.73","0.5","72","28","FFEnemyShipNocolors8","FFEnemyShipNoColors12","1","697","2024-04-29 16:27:01"
"5dd4767b32288646716dc98a","FullPilot","2","20","1","1","72","29","1","1","1084","1602","1","0","63","14","0.88","0.5","72","28","FFEnemyShipNocolors8","FFEnemyShipNoColors12","1","769","2024-04-29 16:27:05"
"5dd4767b32288646716dc98a","FullPilot","2","21","0","2","44","32","0","1","1751","2151","0","1","24","31","0.38","0.82","62","38","FFEnemyShipNocolors3","FFEnemyShipNocolors1","1","801","2024-04-29 16:27:08"
"5dd4767b32288646716dc98a","FullPilot","2","22","1","1","57","39","0","0","1348","1834","0","1","63","8","0.88","0.27","72","28","FFEnemyShipNocolors8","FFEnemyShipNoColors12","1","858","2024-04-29 16:27:12"
"5dd4767b32288646716dc98a","FullPilot","2","23","0","2","44","56","1","0","1814","2200","1","0","7","19","0.12","0.5","62","38","FFEnemyShipNocolors3","FFEnemyShipNocolors1","0","858","2024-04-29 16:27:16"
"5dd4767b32288646716dc98a","FullPilot","2","24","1","1","81","35","0","0","1102","1503","0","1","59","5","0.82","0.18","72","28","FFEnemyShipNocolors8","FFEnemyShipNoColors12","1","939","2024-04-29 16:27:19"
"5dd4767b32288646716dc98a","FullPilot","2","25","1","1","49","23","1","1","1183","1586","1","0","36","8","0.5","0.27","72","28","FFEnemyShipNocolors8","FFEnemyShipNoColors12","1","988","2024-04-29 16:27:23"
"5dd4767b32288646716dc98a","FullPilot","2","26","1","1","70","29","0","0","1249","1651","0","1","27","5","0.38","0.18","72","28","FFEnemyShipNocolors8","FFEnemyShipNoColors12","0","988","2024-04-29 16:27:27"
"5dd4767b32288646716dc98a","FullPilot","2","27","0","1","33","32","0","0","732","1183","0","1","51","14","0.82","0.38","62","38","FFEnemyShipNocolors3","FFEnemyShipNocolors1","1","1021","2024-04-29 16:27:30"
"5dd4767b32288646716dc98a","FullPilot","2","28","0","2","89","26","1","0","666","1116","1","0","17","24","0.27","0.62","62","38","FFEnemyShipNocolors3","FFEnemyShipNocolors1","0","1021","2024-04-29 16:27:33"
"5dd4767b32288646716dc98a","FullPilot","2","29","1","2","51","18","0","1","600","1067","0","1","36","23","0.5","0.82","72","28","FFEnemyShipNocolors8","FFEnemyShipNoColors12","1","1039","2024-04-29 16:27:36"
"5dd4767b32288646716dc98a","FullPilot","2","30","1","1","61","54","0","0","705","1184","0","1","36","5","0.5","0.18","72","28","FFEnemyShipNocolors8","FFEnemyShipNoColors12","1","1100","2024-04-29 16:27:39"
"5dd4767b32288646716dc98a","FullPilot","2","31","1","2","89","1","1","0","682","1100","1","0","36","20","0.5","0.73","72","28","FFEnemyShipNocolors8","FFEnemyShipNoColors12","0","1100","2024-04-29 16:27:42"
"5dd4767b32288646716dc98a","FullPilot","2","32","0","1","63","36","0","0","1152","1550","0","1","7","14","0.12","0.38","62","38","FFEnemyShipNocolors3","FFEnemyShipNocolors1","0","1100","2024-04-29 16:27:46"
"5dd4767b32288646716dc98a","FullPilot","2","33","1","1","66","27","0","0","1135","1584","0","1","53","17","0.73","0.62","72","28","FFEnemyShipNocolors8","FFEnemyShipNoColors12","1","1166","2024-04-29 16:27:50"
"5dd4767b32288646716dc98a","FullPilot","2","34","0","1","62","53","1","1","716","1183","1","0","45","7","0.73","0.18","62","38","FFEnemyShipNocolors3","FFEnemyShipNocolors1","0","1166","2024-04-29 16:27:53"
"5dd4767b32288646716dc98a","FullPilot","2","35","1","1","50","26","1","1","649","1084","1","0","63","3","0.88","0.12","72","28","FFEnemyShipNocolors8","FFEnemyShipNoColors12","1","1216","2024-04-29 16:27:56"
"5dd4767b32288646716dc98a","FullPilot","2","36","0","1","82","9","1","1","748","1866","1","1","11","24","0.18","0.62","62","38","FFEnemyShipNocolors3","FFEnemyShipNocolors1","0","1216","2024-04-29 16:28:00"
"5dd4767b32288646716dc98a","FullPilot","2","37","0","1","78","33","1","1","1548","1901","1","0","7","10","0.12","0.27","62","38","FFEnemyShipNocolors3","FFEnemyShipNocolors1","0","1216","2024-04-29 16:28:04"
"5dd4767b32288646716dc98a","FullPilot","2","38","0","2","77","42","0","1","749","1267","0","1","55","7","0.88","0.18","62","38","FFEnemyShipNocolors3","FFEnemyShipNocolors1","0","1216","2024-04-29 16:28:07"
"5dd4767b32288646716dc98a","FullPilot","2","39","0","2","36","56","1","0","630","2250","2","1","11","28","0.18","0.73","62","38","FFEnemyShipNocolors3","FFEnemyShipNocolors1","1","1272","2024-04-29 16:28:11"
"5dd4767b32288646716dc98a","FullPilot","2","40","1","1","59","28","0","0","1098","1515","0","1","59","17","0.82","0.62","72","28","FFEnemyShipNocolors8","FFEnemyShipNoColors12","1","1331","2024-04-29 16:28:15"
"5dd4767b32288646716dc98a","FullPilot","2","41","1","1","46","16","0","0","1198","1566","0","1","45","20","0.62","0.73","72","28","FFEnemyShipNocolors8","FFEnemyShipNoColors12","1","1377","2024-04-29 16:28:18"
"5dd4767b32288646716dc98a","FullPilot","2","42","0","1","58","59","0","0","1100","1731","0","1","11","19","0.18","0.5","62","38","FFEnemyShipNocolors3","FFEnemyShipNocolors1","1","1435","2024-04-29 16:28:22"
"5dd4767b32288646716dc98a","FullPilot","2","43","1","1","97","44","1","1","1166","1584","1","0","19","23","0.27","0.82","72","28","FFEnemyShipNocolors8","FFEnemyShipNoColors12","0","1435","2024-04-29 16:28:26"
"5dd4767b32288646716dc98a","FullPilot","2","44","1","1","44","3","1","1","1120","1535","1","0","9","5","0.12","0.18","72","28","FFEnemyShipNocolors8","FFEnemyShipNoColors12","1","1479","2024-04-29 16:28:29"
"5dd4767b32288646716dc98a","FullPilot","2","45","1","1","86","22","1","1","1050","1434","1","0","27","8","0.38","0.27","72","28","FFEnemyShipNocolors8","FFEnemyShipNoColors12","0","1479","2024-04-29 16:28:32"
"5dd4767b32288646716dc98a","FullPilot","2","46","0","1","41","40","0","0","1266","1634","0","1","51","28","0.82","0.73","62","38","FFEnemyShipNocolors3","FFEnemyShipNocolors1","1","1520","2024-04-29 16:28:36"
"5dd4767b32288646716dc98a","FullPilot","2","47","1","1","54","28","0","0","1166","1532","0","1","36","20","0.5","0.73","72","28","FFEnemyShipNocolors8","FFEnemyShipNoColors12","0","1520","2024-04-29 16:28:40"
"5dd4767b32288646716dc98a","FullPilot","2","48","1","1","61","50","0","0","1050","1433","0","1","9","23","0.12","0.82","72","28","FFEnemyShipNocolors8","FFEnemyShipNoColors12","0","1520","2024-04-29 16:28:43"
"5dd4767b32288646716dc98a","FullPilot","2","49","1","1","79","40","0","0","1067","1484","0","1","63","17","0.88","0.62","72","28","FFEnemyShipNocolors8","FFEnemyShipNoColors12","1","1599","2024-04-29 16:28:46"
"5dd4767b32288646716dc98a","FullPilot","2","50","0","1","79","18","0","0","1285","1683","0","1","51","19","0.82","0.5","62","38","FFEnemyShipNocolors3","FFEnemyShipNocolors1","0","1599","2024-04-29 16:28:50"
"5dd4767b32288646716dc98a","FullPilot","2","51","0","1","41","47","1","1","1150","1548","1","0","38","7","0.62","0.18","62","38","FFEnemyShipNocolors3","FFEnemyShipNocolors1","0","1599","2024-04-29 16:28:54"
"5dd4767b32288646716dc98a","FullPilot","2","52","1","1","82","50","0","0","1020","1419","0","1","27","17","0.38","0.62","72","28","FFEnemyShipNocolors8","FFEnemyShipNoColors12","0","1599","2024-04-29 16:28:57"
"5dd4767b32288646716dc98a","FullPilot","2","53","1","1","77","41","1","1","1335","1753","1","0","63","3","0.88","0.12","72","28","FFEnemyShipNocolors8","FFEnemyShipNoColors12","1","1676","2024-04-29 16:29:01"
"5dd4767b32288646716dc98a","FullPilot","2","54","1","2","76","28","1","0","1698","2084","1","0","9","17","0.12","0.62","72","28","FFEnemyShipNocolors8","FFEnemyShipNoColors12","1","1704","2024-04-29 16:29:05"
"5dd4767b32288646716dc98a","FullPilot","2","55","0","2","87","21","1","0","1267","2318","1","1","31","7","0.5","0.18","62","38","FFEnemyShipNocolors3","FFEnemyShipNocolors1","0","1704","2024-04-29 16:29:09"
"5dd4767b32288646716dc98a","FullPilot","2","56","0","1","70","51","1","1","1234","1615","1","0","51","10","0.82","0.27","62","38","FFEnemyShipNocolors3","FFEnemyShipNocolors1","1","1774","2024-04-29 16:29:13"
"5dd4767b32288646716dc98a","FullPilot","2","57","0","1","73","28","0","0","1199","1651","0","1","55","14","0.88","0.38","62","38","FFEnemyShipNocolors3","FFEnemyShipNocolors1","1","1847","2024-04-29 16:29:16"
"5dd4767b32288646716dc98a","FullPilot","2","58","0","1","71","47","1","1","1767","2068","1","0","45","24","0.73","0.62","62","38","FFEnemyShipNocolors3","FFEnemyShipNocolors1","0","1847","2024-04-29 16:29:20"
"5dd4767b32288646716dc98a","FullPilot","2","59","1","1","94","23","0","0","1182","1583","0","1","27","5","0.38","0.18","72","28","FFEnemyShipNocolors8","FFEnemyShipNoColors12","0","1847","2024-04-29 16:29:24"
"5dd4767b32288646716dc98a","FullPilot","2","60","1","1","83","18","0","0","1083","1484","0","1","63","11","0.88","0.38","72","28","FFEnemyShipNocolors8","FFEnemyShipNoColors12","1","1930","2024-04-29 16:29:27"
"5dd4767b32288646716dc98a","FullPilot","2","61","0","1","82","48","1","1","1249","1600","1","0","45","31","0.73","0.82","62","38","FFEnemyShipNocolors3","FFEnemyShipNocolors1","1","2012","2024-04-29 16:29:31"
"5dd4767b32288646716dc98a","FullPilot","2","62","1","1","44","5","0","0","1016","1449","0","1","63","17","0.88","0.62","72","28","FFEnemyShipNocolors8","FFEnemyShipNoColors12","1","2056","2024-04-29 16:29:34"
"5dd4767b32288646716dc98a","FullPilot","2","63","1","2","30","30","0","1","917","1490","0","1","9","23","0.12","0.82","72","28","FFEnemyShipNocolors8","FFEnemyShipNoColors12","1","2086","2024-04-29 16:29:37"
"5dd4767b32288646716dc98a","FullPilot","2","64","1","2","78","40","0","1","933","1502","0","1","13","23","0.18","0.82","72","28","FFEnemyShipNocolors8","FFEnemyShipNoColors12","1","2126","2024-04-29 16:29:41"
"5dd4767b32288646716dc98a","FullPilot","2","65","1","2","60","23","0","1","732","1784","1","1","45","5","0.62","0.18","72","28","FFEnemyShipNocolors8","FFEnemyShipNoColors12","0","2126","2024-04-29 16:29:45"
"5dd4767b32288646716dc98a","FullPilot","2","66","1","1","66","10","1","1","584","1002","1","0","45","3","0.62","0.12","72","28","FFEnemyShipNocolors8","FFEnemyShipNoColors12","0","2126","2024-04-29 16:29:48"
"5dd4767b32288646716dc98a","FullPilot","2","67","0","1","16","53","1","1","1447","1833","1","0","31","5","0.5","0.12","62","38","FFEnemyShipNocolors3","FFEnemyShipNocolors1","1","2142","2024-04-29 16:29:51"
"5dd4767b32288646716dc98a","FullPilot","2","68","0","1","54","19","0","0","866","1234","0","1","24","5","0.38","0.12","62","38","FFEnemyShipNocolors3","FFEnemyShipNocolors1","0","2142","2024-04-29 16:29:55"
"5dd4767b32288646716dc98a","FullPilot","2","69","1","1","59","16","0","0","749","1200","0","1","63","8","0.88","0.27","72","28","FFEnemyShipNocolors8","FFEnemyShipNoColors12","1","2201","2024-04-29 16:29:58"
"5dd4767b32288646716dc98a","FullPilot","2","70","1","2","54","43","0","1","698","1150","0","1","45","25","0.62","0.88","72","28","FFEnemyShipNocolors8","FFEnemyShipNoColors12","1","2244","2024-04-29 16:30:01"
"5dd4767b32288646716dc98a","FullPilot","2","71","1","2","54","59","0","1","716","1216","0","1","27","23","0.38","0.82","72","28","FFEnemyShipNocolors8","FFEnemyShipNoColors12","1","2303","2024-04-29 16:30:04"
"5dd4767b32288646716dc98a","FullPilot","2","72","0","1","93","8","0","0","799","1317","0","1","45","14","0.73","0.38","62","38","FFEnemyShipNocolors3","FFEnemyShipNocolors1","0","2303","2024-04-29 16:30:07"
"5dd4767b32288646716dc98a","FullPilot","2","73","0","2","65","54","0","1","716","1216","0","1","31","33","0.5","0.88","62","38","FFEnemyShipNocolors3","FFEnemyShipNocolors1","1","2357","2024-04-29 16:30:10"
"5dd4767b32288646716dc98a","FullPilot","2","74","1","2","78","55","1","0","532","1017","1","0","27","25","0.38","0.88","72","28","FFEnemyShipNocolors8","FFEnemyShipNoColors12","1","2412","2024-04-29 16:30:13"
"5dd4767b32288646716dc98a","FullPilot","2","75","0","2","53","22","1","0","668","1067","1","0","24","33","0.38","0.88","62","38","FFEnemyShipNocolors3","FFEnemyShipNocolors1","1","2434","2024-04-29 16:30:16"
"5dd4767b32288646716dc98a","FullPilot","2","76","1","2","65","22","0","1","551","1184","0","1","36","17","0.5","0.62","72","28","FFEnemyShipNocolors8","FFEnemyShipNoColors12","1","2456","2024-04-29 16:30:19"
"5dd4767b32288646716dc98a","FullPilot","2","77","0","2","77","38","0","1","1149","1617","0","1","51","33","0.82","0.88","62","38","FFEnemyShipNocolors3","FFEnemyShipNocolors1","1","2494","2024-04-29 16:30:23"
"5dd4767b32288646716dc98a","FullPilot","2","78","0","2","60","39","1","0","1133","1567","1","0","11","14","0.18","0.38","62","38","FFEnemyShipNocolors3","FFEnemyShipNocolors1","0","2494","2024-04-29 16:30:26"
"5dd4767b32288646716dc98a","FullPilot","2","79","0","2","55","65","1","0","799","1184","1","0","38","31","0.62","0.82","62","38","FFEnemyShipNocolors3","FFEnemyShipNocolors1","1","2559","2024-04-29 16:30:29"
"5dd4767b32288646716dc98a","FullPilot","2","80","0","2","62","43","0","1","650","1099","0","1","11","31","0.18","0.82","62","38","FFEnemyShipNocolors3","FFEnemyShipNocolors1","1","2602","2024-04-29 16:30:32"
"5dd4767b32288646716dc98a","FullPilot","2","81","0","2","68","21","0","1","633","1134","0","1","17","24","0.27","0.62","62","38","FFEnemyShipNocolors3","FFEnemyShipNocolors1","1","2623","2024-04-29 16:30:35"
"5dd4767b32288646716dc98a","FullPilot","2","82","0","1","85","55","0","0","1434","1866","0","1","55","31","0.88","0.82","62","38","FFEnemyShipNocolors3","FFEnemyShipNocolors1","1","2708","2024-04-29 16:30:39"
"5dd4767b32288646716dc98a","FullPilot","2","83","1","2","97","29","0","1","799","1249","0","1","45","25","0.62","0.88","72","28","FFEnemyShipNocolors8","FFEnemyShipNoColors12","1","2737","2024-04-29 16:30:42"
"5dd4767b32288646716dc98a","FullPilot","2","84","0","1","78","18","0","0","1382","1784","0","1","17","7","0.27","0.18","62","38","FFEnemyShipNocolors3","FFEnemyShipNocolors1","1","2815","2024-04-29 16:30:45"
"5dd4767b32288646716dc98a","FullPilot","2","85","1","1","63","67","0","0","1250","1735","0","1","19","5","0.27","0.18","72","28","FFEnemyShipNocolors8","FFEnemyShipNoColors12","1","2878","2024-04-29 16:30:49"
"5dd4767b32288646716dc98a","FullPilot","2","86","0","1","55","61","1","1","1066","1534","1","0","38","5","0.62","0.12","62","38","FFEnemyShipNocolors3","FFEnemyShipNocolors1","1","2933","2024-04-29 16:30:52"
"5dd4767b32288646716dc98a","FullPilot","2","87","1","2","54","28","0","1","665","1167","0","1","45","20","0.62","0.73","72","28","FFEnemyShipNocolors8","FFEnemyShipNoColors12","1","2961","2024-04-29 16:30:55"
"5dd4767b32288646716dc98a","FullPilot","2","88","1","2","53","39","1","0","799","1282","1","0","19","11","0.27","0.38","72","28","FFEnemyShipNocolors8","FFEnemyShipNoColors12","0","2961","2024-04-29 16:30:59"
"5dd4767b32288646716dc98a","FullPilot","2","89","1","1","79","21","1","1","565","1066","1","0","53","11","0.73","0.38","72","28","FFEnemyShipNocolors8","FFEnemyShipNoColors12","1","3040","2024-04-29 16:31:02"
"5dd4767b32288646716dc98a","FullPilot","2","90","0","2","55","28","0","1","698","1316","0","1","11","14","0.18","0.38","62","38","FFEnemyShipNocolors3","FFEnemyShipNocolors1","0","3040","2024-04-29 16:31:05"
"5dd4767b32288646716dc98a","FullPilot","2","91","1","2","83","43","0","1","634","1136","0","1","13","17","0.18","0.62","72","28","FFEnemyShipNocolors8","FFEnemyShipNoColors12","1","3083","2024-04-29 16:31:08"
"5dd4767b32288646716dc98a","FullPilot","2","92","0","1","24","27","1","1","633","1115","1","0","45","5","0.73","0.12","62","38","FFEnemyShipNocolors3","FFEnemyShipNocolors1","1","3107","2024-04-29 16:31:11"
"5dd4767b32288646716dc98a","FullPilot","2","93","0","1","48","2","1","1","613","1217","1","0","38","14","0.62","0.38","62","38","FFEnemyShipNocolors3","FFEnemyShipNocolors1","1","3155","2024-04-29 16:31:14"
"5dd4767b32288646716dc98a","FullPilot","2","94","0","2","38","4","1","0","617","1134","1","0","11","33","0.18","0.88","62","38","FFEnemyShipNocolors3","FFEnemyShipNocolors1","1","3159","2024-04-29 16:31:17"
"5dd4767b32288646716dc98a","FullPilot","2","95","0","1","72","43","1","1","812","1279","1","0","51","28","0.82","0.73","62","38","FFEnemyShipNocolors3","FFEnemyShipNocolors1","1","3231","2024-04-29 16:31:20"
"5dd4767b32288646716dc98a","FullPilot","2","96","0","1","55","44","0","0","781","1267","0","1","51","7","0.82","0.18","62","38","FFEnemyShipNocolors3","FFEnemyShipNocolors1","1","3286","2024-04-29 16:31:23"
"5dd4767b32288646716dc98a","FullPilot","2","97","0","1","66","40","1","1","584","1300","1","0","31","14","0.5","0.38","62","38","FFEnemyShipNocolors3","FFEnemyShipNocolors1","1","3352","2024-04-29 16:31:26"
"5dd4767b32288646716dc98a","FullPilot","2","98","0","1","36","23","0","0","766","1267","0","1","38","10","0.62","0.27","62","38","FFEnemyShipNocolors3","FFEnemyShipNocolors1","1","3388","2024-04-29 16:31:29"
"5dd4767b32288646716dc98a","FullPilot","2","99","0","2","41","58","0","1","815","1365","0","1","7","24","0.12","0.62","62","38","FFEnemyShipNocolors3","FFEnemyShipNocolors1","0","3388","2024-04-29 16:31:33"
"5dd4767b32288646716dc98a","FullPilot","2","100","1","1","73","14","1","1","615","1065","1","0","63","20","0.88","0.73","72","28","FFEnemyShipNocolors8","FFEnemyShipNoColors12","1","3461","2024-04-29 16:31:36"
"5dd4767b32288646716dc98a","FullPilot","2","101","0","2","75","52","1","0","635","1152","1","0","51","33","0.82","0.88","62","38","FFEnemyShipNocolors3","FFEnemyShipNocolors1","1","3513","2024-04-29 16:31:39"
"5dd4767b32288646716dc98a","FullPilot","2","102","1","1","92","25","0","0","582","1119","0","1","59","8","0.82","0.27","72","28","FFEnemyShipNocolors8","FFEnemyShipNoColors12","1","3605","2024-04-29 16:31:42"
"5dd4767b32288646716dc98a","FullPilot","2","103","1","2","79","60","1","0","485","999","1","0","13","20","0.18","0.73","72","28","FFEnemyShipNocolors8","FFEnemyShipNoColors12","1","3665","2024-04-29 16:31:45"
"5dd4767b32288646716dc98a","FullPilot","2","104","1","1","59","15","1","1","449","982","1","0","59","3","0.82","0.12","72","28","FFEnemyShipNocolors8","FFEnemyShipNoColors12","1","3724","2024-04-29 16:31:48"
"5dd4767b32288646716dc98a","FullPilot","2","105","1","1","54","25","1","1","535","1085","1","0","53","5","0.73","0.18","72","28","FFEnemyShipNocolors8","FFEnemyShipNoColors12","0","3724","2024-04-29 16:31:51"
"5dd4767b32288646716dc98a","FullPilot","2","106","0","1","32","13","0","0","751","1273","0","1","51","19","0.82","0.5","62","38","FFEnemyShipNocolors3","FFEnemyShipNocolors1","0","3724","2024-04-29 16:31:54"
"5dd4767b32288646716dc98a","FullPilot","2","107","0","2","97","31","1","0","483","1153","1","0","7","33","0.12","0.88","62","38","FFEnemyShipNocolors3","FFEnemyShipNocolors1","1","3755","2024-04-29 16:31:57"
"5dd4767b32288646716dc98a","FullPilot","2","108","0","1","68","59","0","0","666","1266","0","1","38","10","0.62","0.27","62","38","FFEnemyShipNocolors3","FFEnemyShipNocolors1","1","3823","2024-04-29 16:32:00"
"5dd4767b32288646716dc98a","FullPilot","2","109","1","2","95","31","1","0","551","1135","1","0","13","14","0.18","0.5","72","28","FFEnemyShipNocolors8","FFEnemyShipNoColors12","0","3823","2024-04-29 16:32:04"
"5dd4767b32288646716dc98a","FullPilot","2","110","0","1","81","60","1","1","669","1286","1","0","31","10","0.5","0.27","62","38","FFEnemyShipNocolors3","FFEnemyShipNocolors1","1","3904","2024-04-29 16:32:07"
"5dd4767b32288646716dc98a","FullPilot","2","111","0","1","53","60","1","1","800","1367","1","0","55","19","0.88","0.5","62","38","FFEnemyShipNocolors3","FFEnemyShipNocolors1","1","3957","2024-04-29 16:32:10"
"5dd4767b32288646716dc98a","FullPilot","2","112","0","2","25","31","1","0","766","1501","1","0","24","19","0.38","0.5","62","38","FFEnemyShipNocolors3","FFEnemyShipNocolors1","1","3988","2024-04-29 16:32:13"
"5dd4767b32288646716dc98a","FullPilot","2","113","1","1","55","30","1","1","849","1416","1","0","63","23","0.88","0.82","72","28","FFEnemyShipNocolors8","FFEnemyShipNoColors12","1","4043","2024-04-29 16:32:16"
"5dd4767b32288646716dc98a","FullPilot","2","114","0","2","47","49","0","1","966","1517","0","1","38","31","0.62","0.82","62","38","FFEnemyShipNocolors3","FFEnemyShipNocolors1","0","4043","2024-04-29 16:32:19"
"5dd4767b32288646716dc98a","FullPilot","2","115","1","2","78","35","0","1","1118","1617","0","1","19","14","0.27","0.5","72","28","FFEnemyShipNocolors8","FFEnemyShipNoColors12","1","4078","2024-04-29 16:32:23"
"5dd4767b32288646716dc98a","FullPilot","2","116","0","1","41","27","1","1","816","1266","1","0","45","19","0.73","0.5","62","38","FFEnemyShipNocolors3","FFEnemyShipNocolors1","1","4119","2024-04-29 16:32:26"
"5dd4767b32288646716dc98a","FullPilot","2","117","0","1","57","46","1","1","1216","1617","1","0","11","5","0.18","0.12","62","38","FFEnemyShipNocolors3","FFEnemyShipNocolors1","1","4176","2024-04-29 16:32:30"
"5dd4767b32288646716dc98a","FullPilot","2","118","1","2","30","48","0","1","669","1202","0","1","9","20","0.12","0.73","72","28","FFEnemyShipNocolors8","FFEnemyShipNoColors12","0","4176","2024-04-29 16:32:33"
"5dd4767b32288646716dc98a","FullPilot","2","119","1","1","90","26","1","1","597","1200","1","0","45","11","0.62","0.38","72","28","FFEnemyShipNocolors8","FFEnemyShipNoColors12","1","4266","2024-04-29 16:32:36"
"5dd4767b32288646716dc98a","FullPilot","2","120","0","2","70","35","1","0","733","1200","1","0","17","19","0.27","0.5","62","38","FFEnemyShipNocolors3","FFEnemyShipNocolors1","1","4301","2024-04-29 16:32:39"
"5dd4767b32288646716dc98a","FullPilot","2","121","0","2","52","42","1","0","716","1250","1","0","31","24","0.5","0.62","62","38","FFEnemyShipNocolors3","FFEnemyShipNocolors1","1","4343","2024-04-29 16:32:42"
"5dd4767b32288646716dc98a","FullPilot","2","122","1","1","60","13","1","1","1083","1533","1","0","13","8","0.18","0.27","72","28","FFEnemyShipNocolors8","FFEnemyShipNoColors12","0","4343","2024-04-29 16:32:46"
"5dd4767b32288646716dc98a","FullPilot","2","123","0","2","4","72","0","1","1103","1503","0","1","17","14","0.27","0.38","62","38","FFEnemyShipNocolors3","FFEnemyShipNocolors1","1","4415","2024-04-29 16:32:49"
"5dd4767b32288646716dc98a","FullPilot","2","124","0","1","67","59","1","1","1149","1617","1","0","7","7","0.12","0.18","62","38","FFEnemyShipNocolors3","FFEnemyShipNocolors1","0","4415","2024-04-29 16:32:53"
"5dd4767b32288646716dc98a","FullPilot","2","125","0","2","59","46","0","1","732","1167","0","1","17","28","0.27","0.73","62","38","FFEnemyShipNocolors3","FFEnemyShipNocolors1","1","4461","2024-04-29 16:32:56"
"5dd4767b32288646716dc98a","FullPilot","2","126","1","2","61","24","1","0","482","1066","1","0","9","25","0.12","0.88","72","28","FFEnemyShipNocolors8","FFEnemyShipNoColors12","1","4485","2024-04-29 16:32:59"
"5dd4767b32288646716dc98a","FullPilot","2","127","1","1","94","11","0","0","899","1386","0","1","45","14","0.62","0.5","72","28","FFEnemyShipNocolors8","FFEnemyShipNoColors12","1","4579","2024-04-29 16:33:02"
"5dd4767b32288646716dc98a","FullPilot","2","128","1","2","76","19","0","1","765","1198","0","1","19","23","0.27","0.82","72","28","FFEnemyShipNocolors8","FFEnemyShipNoColors12","1","4598","2024-04-29 16:33:05"
"5dd4767b32288646716dc98a","FullPilot","2","129","1","2","80","10","0","1","783","1383","0","1","53","25","0.73","0.88","72","28","FFEnemyShipNocolors8","FFEnemyShipNoColors12","1","4608","2024-04-29 16:33:08"
"5dd4767b32288646716dc98a","FullPilot","2","130","1","2","93","71","0","1","782","1316","0","1","9","14","0.12","0.5","72","28","FFEnemyShipNocolors8","FFEnemyShipNoColors12","1","4679","2024-04-29 16:33:11"
"5dd4767b32288646716dc98a","FullPilot","2","131","0","2","76","3","0","1","633","1734","1","1","17","33","0.27","0.88","62","38","FFEnemyShipNocolors3","FFEnemyShipNocolors1","1","4682","2024-04-29 16:33:15"
"5dd4767b32288646716dc98a","FullPilot","2","132","0","1","97","68","0","0","684","1166","0","1","45","5","0.73","0.12","62","38","FFEnemyShipNocolors3","FFEnemyShipNocolors1","1","4779","2024-04-29 16:33:18"
"5dd4767b32288646716dc98a","FullPilot","2","133","0","2","59","42","1","0","1085","1652","1","0","7","10","0.12","0.27","62","38","FFEnemyShipNocolors3","FFEnemyShipNocolors1","0","4779","2024-04-29 16:33:21"
"5dd4767b32288646716dc98a","FullPilot","2","134","0","2","36","18","1","0","601","1103","1","0","31","33","0.5","0.88","62","38","FFEnemyShipNocolors3","FFEnemyShipNocolors1","1","4797","2024-04-29 16:33:24"
"5dd4767b32288646716dc98a","FullPilot","2","135","1","2","56","14","0","1","713","1133","0","1","36","23","0.5","0.82","72","28","FFEnemyShipNocolors8","FFEnemyShipNoColors12","1","4811","2024-04-29 16:33:28"
"5dd4767b32288646716dc98a","FullPilot","2","136","1","1","55","67","1","1","698","1184","1","0","53","8","0.73","0.27","72","28","FFEnemyShipNocolors8","FFEnemyShipNoColors12","1","4866","2024-04-29 16:33:31"
"5dd4767b32288646716dc98a","FullPilot","2","137","0","1","58","14","1","1","749","1250","1","0","55","7","0.88","0.18","62","38","FFEnemyShipNocolors3","FFEnemyShipNocolors1","0","4866","2024-04-29 16:33:34"
"5dd4767b32288646716dc98a","FullPilot","2","138","1","1","73","19","1","1","500","1066","1","0","59","11","0.82","0.38","72","28","FFEnemyShipNocolors8","FFEnemyShipNoColors12","1","4939","2024-04-29 16:33:37"
"5dd4767b32288646716dc98a","FullPilot","2","139","0","2","56","46","0","1","644","1130","0","1","24","28","0.38","0.73","62","38","FFEnemyShipNocolors3","FFEnemyShipNocolors1","1","4985","2024-04-29 16:33:40"
"5dd4767b32288646716dc98a","FullPilot","2","140","0","1","66","34","1","1","616","1181","1","0","24","5","0.38","0.12","62","38","FFEnemyShipNocolors3","FFEnemyShipNocolors1","1","5051","2024-04-29 16:33:43"
"5dd4767b32288646716dc98a","FullPilot","2","141","0","2","36","87","0","1","866","1350","0","1","45","31","0.73","0.82","62","38","FFEnemyShipNocolors3","FFEnemyShipNocolors1","1","5138","2024-04-29 16:33:46"
"5dd4767b32288646716dc98a","FullPilot","2","142","1","1","69","66","0","0","648","1166","0","1","59","17","0.82","0.62","72","28","FFEnemyShipNocolors8","FFEnemyShipNoColors12","1","5207","2024-04-29 16:33:49"
"5dd4767b32288646716dc98a","FullPilot","2","143","0","1","69","45","0","0","899","1450","0","1","38","19","0.62","0.5","62","38","FFEnemyShipNocolors3","FFEnemyShipNocolors1","0","5207","2024-04-29 16:33:52"
"5dd4767b32288646716dc98a","FullPilot","3","0","0","1","63","36","1","1","533","1100","1","0","24","28","0.38","0.73","62","38","FFEnemyShipNoColors11","FFEnemyShipNocolors6","1","63","2024-04-29 16:34:23"
"5dd4767b32288646716dc98a","FullPilot","3","1","0","2","67","69","0","1","584","1069","0","1","51","14","0.82","0.38","62","38","FFEnemyShipNoColors11","FFEnemyShipNocolors6","0","63","2024-04-29 16:34:27"
"5dd4767b32288646716dc98a","FullPilot","3","2","0","2","69","45","1","0","251","784","1","0","55","14","0.88","0.38","62","38","FFEnemyShipNoColors11","FFEnemyShipNocolors6","0","63","2024-04-29 16:34:30"
"5dd4767b32288646716dc98a","FullPilot","3","3","0","1","25","32","1","1","384","783","1","0","38","10","0.62","0.27","62","38","FFEnemyShipNoColors11","FFEnemyShipNocolors6","1","88","2024-04-29 16:34:33"
"5dd4767b32288646716dc98a","FullPilot","3","4","1","1","89","35","0","0","666","1132","0","1","27","5","0.38","0.18","72","28","FFEnemyShipNoColors9","FFEnemyShipNocolors7","0","88","2024-04-29 16:34:37"
"5dd4767b32288646716dc98a","FullPilot","3","5","1","2","59","39","1","0","800","1267","1","0","63","3","0.88","0.12","72","28","FFEnemyShipNoColors9","FFEnemyShipNocolors7","0","88","2024-04-29 16:34:41"
"5dd4767b32288646716dc98a","FullPilot","3","6","1","2","75","13","0","1","448","951","0","1","13","20","0.18","0.73","72","28","FFEnemyShipNoColors9","FFEnemyShipNocolors7","0","88","2024-04-29 16:34:44"
"5dd4767b32288646716dc98a","FullPilot","3","7","1","2","67","1","1","0","369","766","1","0","63","8","0.88","0.27","72","28","FFEnemyShipNoColors9","FFEnemyShipNocolors7","0","88","2024-04-29 16:34:47"
"5dd4767b32288646716dc98a","FullPilot","3","8","1","1","70","12","1","1","951","1268","1","0","19","3","0.27","0.12","72","28","FFEnemyShipNoColors9","FFEnemyShipNocolors7","0","88","2024-04-29 16:34:51"
"5dd4767b32288646716dc98a","FullPilot","3","9","1","2","56","54","1","0","631","966","1","0","59","3","0.82","0.12","72","28","FFEnemyShipNoColors9","FFEnemyShipNocolors7","0","88","2024-04-29 16:34:54"
"5dd4767b32288646716dc98a","FullPilot","3","10","1","1","65","60","1","1","500","867","1","0","36","8","0.5","0.27","72","28","FFEnemyShipNoColors9","FFEnemyShipNocolors7","1","153","2024-04-29 16:34:57"
"5dd4767b32288646716dc98a","FullPilot","3","11","1","2","74","10","1","0","549","932","1","0","59","17","0.82","0.62","72","28","FFEnemyShipNoColors9","FFEnemyShipNocolors7","1","163","2024-04-29 16:35:00"
"5dd4767b32288646716dc98a","FullPilot","3","12","0","1","60","26","1","1","801","1250","1","0","55","10","0.88","0.27","62","38","FFEnemyShipNoColors11","FFEnemyShipNocolors6","0","163","2024-04-29 16:35:04"
"5dd4767b32288646716dc98a","FullPilot","3","13","1","2","60","5","0","1","381","765","0","1","19","20","0.27","0.73","72","28","FFEnemyShipNoColors9","FFEnemyShipNocolors7","1","168","2024-04-29 16:35:07"
"5dd4767b32288646716dc98a","FullPilot","3","14","1","2","47","51","1","0","331","748","1","0","13","23","0.18","0.82","72","28","FFEnemyShipNoColors9","FFEnemyShipNocolors7","1","219","2024-04-29 16:35:10"
"5dd4767b32288646716dc98a","FullPilot","3","15","1","2","30","41","1","0","850","1301","1","0","59","20","0.82","0.73","72","28","FFEnemyShipNoColors9","FFEnemyShipNocolors7","0","219","2024-04-29 16:35:14"
"5dd4767b32288646716dc98a","FullPilot","3","16","1","1","93","24","0","0","703","1036","0","1","59","11","0.82","0.38","72","28","FFEnemyShipNoColors9","FFEnemyShipNocolors7","1","312","2024-04-29 16:35:17"
"5dd4767b32288646716dc98a","FullPilot","3","17","0","2","49","50","0","1","1870","2187","0","1","17","19","0.27","0.5","62","38","FFEnemyShipNoColors11","FFEnemyShipNocolors6","1","362","2024-04-29 16:35:21"
"5dd4767b32288646716dc98a","FullPilot","3","18","1","1","72","59","0","0","1085","1452","0","1","19","25","0.27","0.88","72","28","FFEnemyShipNoColors9","FFEnemyShipNocolors7","0","362","2024-04-29 16:35:25"
"5dd4767b32288646716dc98a","FullPilot","3","19","1","2","82","8","1","0","498","918","1","0","36","23","0.5","0.82","72","28","FFEnemyShipNoColors9","FFEnemyShipNocolors7","1","370","2024-04-29 16:35:28"
"5dd4767b32288646716dc98a","FullPilot","3","20","0","2","60","21","0","1","481","934","0","1","17","24","0.27","0.62","62","38","FFEnemyShipNoColors11","FFEnemyShipNocolors6","0","370","2024-04-29 16:35:31"
"5dd4767b32288646716dc98a","FullPilot","3","21","0","1","78","44","1","1","366","734","1","0","45","24","0.73","0.62","62","38","FFEnemyShipNoColors11","FFEnemyShipNocolors6","0","370","2024-04-29 16:35:34"
"5dd4767b32288646716dc98a","FullPilot","3","22","1","1","94","36","0","0","818","1719","1","1","13","11","0.18","0.38","72","28","FFEnemyShipNoColors9","FFEnemyShipNocolors7","0","370","2024-04-29 16:35:38"
"5dd4767b32288646716dc98a","FullPilot","3","23","1","1","59","10","1","1","332","732","1","0","59","8","0.82","0.27","72","28","FFEnemyShipNoColors9","FFEnemyShipNocolors7","0","370","2024-04-29 16:35:41"
"5dd4767b32288646716dc98a","FullPilot","3","24","0","1","73","10","1","1","198","617","1","0","55","5","0.88","0.12","62","38","FFEnemyShipNoColors11","FFEnemyShipNocolors6","1","443","2024-04-29 16:35:45"
"5dd4767b32288646716dc98a","FullPilot","3","25","0","2","70","69","1","0","284","801","1","0","17","24","0.27","0.62","62","38","FFEnemyShipNoColors11","FFEnemyShipNocolors6","0","443","2024-04-29 16:35:48"
"5dd4767b32288646716dc98a","FullPilot","3","26","0","1","75","100","1","1","415","866","1","0","45","7","0.73","0.18","62","38","FFEnemyShipNoColors11","FFEnemyShipNocolors6","1","518","2024-04-29 16:35:51"
"5dd4767b32288646716dc98a","FullPilot","3","27","1","2","64","6","0","1","532","949","0","1","9","17","0.12","0.62","72","28","FFEnemyShipNoColors9","FFEnemyShipNocolors7","0","518","2024-04-29 16:35:55"
"5dd4767b32288646716dc98a","FullPilot","3","28","0","2","78","48","1","0","283","649","1","0","31","31","0.5","0.82","62","38","FFEnemyShipNoColors11","FFEnemyShipNocolors6","1","566","2024-04-29 16:35:58"
"5dd4767b32288646716dc98a","FullPilot","3","29","0","2","44","44","0","1","1483","1851","0","1","11","10","0.18","0.27","62","38","FFEnemyShipNoColors11","FFEnemyShipNocolors6","0","566","2024-04-29 16:36:02"
"5dd4767b32288646716dc98a","FullPilot","3","30","1","2","77","38","1","0","216","617","1","0","45","14","0.62","0.5","72","28","FFEnemyShipNoColors9","FFEnemyShipNocolors7","0","566","2024-04-29 16:36:05"
"5dd4767b32288646716dc98a","FullPilot","3","31","0","1","82","12","0","0","333","732","0","1","55","19","0.88","0.5","62","38","FFEnemyShipNoColors11","FFEnemyShipNocolors6","1","648","2024-04-29 16:36:08"
"5dd4767b32288646716dc98a","FullPilot","3","32","0","1","33","64","0","0","547","962","0","1","31","7","0.5","0.18","62","38","FFEnemyShipNoColors11","FFEnemyShipNocolors6","1","681","2024-04-29 16:36:11"
"5dd4767b32288646716dc98a","FullPilot","3","33","1","1","66","50","1","1","435","885","1","0","63","17","0.88","0.62","72","28","FFEnemyShipNoColors9","FFEnemyShipNocolors7","1","747","2024-04-29 16:36:14"
"5dd4767b32288646716dc98a","FullPilot","3","34","1","1","44","21","1","1","483","1133","1","0","59","17","0.82","0.62","72","28","FFEnemyShipNoColors9","FFEnemyShipNocolors7","1","791","2024-04-29 16:36:17"
"5dd4767b32288646716dc98a","FullPilot","3","35","0","2","85","42","1","0","509","1176","1","0","11","33","0.18","0.88","62","38","FFEnemyShipNoColors11","FFEnemyShipNocolors6","1","833","2024-04-29 16:36:20"
"5dd4767b32288646716dc98a","FullPilot","3","36","1","1","88","65","0","0","1081","1514","0","1","13","3","0.18","0.12","72","28","FFEnemyShipNoColors9","FFEnemyShipNocolors7","0","833","2024-04-29 16:36:24"
"5dd4767b32288646716dc98a","FullPilot","3","37","0","2","80","24","1","0","1101","1369","1","0","7","33","0.12","0.88","62","38","FFEnemyShipNoColors11","FFEnemyShipNocolors6","1","857","2024-04-29 16:36:28"
"5dd4767b32288646716dc98a","FullPilot","3","38","0","1","51","26","0","0","599","1131","0","1","38","14","0.62","0.38","62","38","FFEnemyShipNoColors11","FFEnemyShipNocolors6","1","908","2024-04-29 16:36:31"
"5dd4767b32288646716dc98a","FullPilot","3","39","1","1","38","70","0","0","486","1082","0","1","45","5","0.62","0.18","72","28","FFEnemyShipNoColors9","FFEnemyShipNocolors7","1","946","2024-04-29 16:36:34"
"5dd4767b32288646716dc98a","FullPilot","3","40","0","1","44","51","1","1","1199","1534","1","0","31","7","0.5","0.18","62","38","FFEnemyShipNoColors11","FFEnemyShipNocolors6","0","946","2024-04-29 16:36:38"
"5dd4767b32288646716dc98a","FullPilot","3","41","1","2","69","31","1","0","316","850","1","0","13","23","0.18","0.82","72","28","FFEnemyShipNoColors9","FFEnemyShipNocolors7","1","977","2024-04-29 16:36:41"
"5dd4767b32288646716dc98a","FullPilot","3","42","0","2","65","34","1","0","199","751","1","0","38","33","0.62","0.88","62","38","FFEnemyShipNoColors11","FFEnemyShipNocolors6","1","1011","2024-04-29 16:36:44"
"5dd4767b32288646716dc98a","FullPilot","3","43","1","1","80","12","0","0","1049","1483","0","1","13","8","0.18","0.27","72","28","FFEnemyShipNoColors9","FFEnemyShipNocolors7","0","1011","2024-04-29 16:36:48"
"5dd4767b32288646716dc98a","FullPilot","3","44","1","2","87","30","0","1","1194","1601","0","1","27","25","0.38","0.88","72","28","FFEnemyShipNoColors9","FFEnemyShipNocolors7","1","1041","2024-04-29 16:36:52"
"5dd4767b32288646716dc98a","FullPilot","3","45","0","1","75","31","0","0","1401","1751","0","1","45","5","0.73","0.12","62","38","FFEnemyShipNoColors11","FFEnemyShipNocolors6","0","1041","2024-04-29 16:36:55"
"5dd4767b32288646716dc98a","FullPilot","3","46","0","1","33","50","1","1","497","1047","1","0","55","28","0.88","0.73","62","38","FFEnemyShipNoColors11","FFEnemyShipNocolors6","1","1074","2024-04-29 16:36:58"
"5dd4767b32288646716dc98a","FullPilot","3","47","1","1","85","44","0","0","581","1068","0","1","53","11","0.73","0.38","72","28","FFEnemyShipNoColors9","FFEnemyShipNocolors7","1","1159","2024-04-29 16:37:01"
"5dd4767b32288646716dc98a","FullPilot","3","48","0","2","93","31","1","0","1049","1435","1","0","11","33","0.18","0.88","62","38","FFEnemyShipNoColors11","FFEnemyShipNocolors6","1","1190","2024-04-29 16:37:05"
"5dd4767b32288646716dc98a","FullPilot","3","49","0","2","48","70","0","1","1297","1700","0","1","17","19","0.27","0.5","62","38","FFEnemyShipNoColors11","FFEnemyShipNocolors6","1","1260","2024-04-29 16:37:09"
"5dd4767b32288646716dc98a","FullPilot","3","50","0","1","63","43","1","1","917","1403","1","0","24","10","0.38","0.27","62","38","FFEnemyShipNoColors11","FFEnemyShipNocolors6","0","1260","2024-04-29 16:37:12"
"5dd4767b32288646716dc98a","FullPilot","3","51","1","1","39","13","0","0","516","934","0","1","63","5","0.88","0.18","72","28","FFEnemyShipNoColors9","FFEnemyShipNocolors7","1","1299","2024-04-29 16:37:15"
"5dd4767b32288646716dc98a","FullPilot","3","52","1","2","86","56","0","1","1083","1448","0","1","19","25","0.27","0.88","72","28","FFEnemyShipNoColors9","FFEnemyShipNocolors7","1","1355","2024-04-29 16:37:19"
"5dd4767b32288646716dc98a","FullPilot","3","53","1","2","64","38","0","1","652","1250","0","1","36","20","0.5","0.73","72","28","FFEnemyShipNoColors9","FFEnemyShipNocolors7","1","1393","2024-04-29 16:37:22"
"5dd4767b32288646716dc98a","FullPilot","3","54","0","1","47","26","1","1","1618","1936","1","0","17","14","0.27","0.38","62","38","FFEnemyShipNoColors11","FFEnemyShipNocolors6","0","1393","2024-04-29 16:37:27"
"5dd4767b32288646716dc98a","FullPilot","3","55","0","2","32","20","1","0","468","852","1","0","11","19","0.18","0.5","62","38","FFEnemyShipNoColors11","FFEnemyShipNocolors6","0","1393","2024-04-29 16:37:30"
"5dd4767b32288646716dc98a","FullPilot","3","56","0","2","53","30","0","1","299","751","0","1","45","31","0.73","0.82","62","38","FFEnemyShipNoColors11","FFEnemyShipNocolors6","1","1423","2024-04-29 16:37:33"
"5dd4767b32288646716dc98a","FullPilot","3","57","1","2","73","11","1","0","482","950","1","0","13","11","0.18","0.38","72","28","FFEnemyShipNoColors9","FFEnemyShipNocolors7","0","1423","2024-04-29 16:37:36"
"5dd4767b32288646716dc98a","FullPilot","3","58","0","1","75","34","1","1","547","965","1","0","31","5","0.5","0.12","62","38","FFEnemyShipNoColors11","FFEnemyShipNocolors6","0","1423","2024-04-29 16:37:40"
"5dd4767b32288646716dc98a","FullPilot","3","59","0","2","46","13","0","1","969","1367","0","1","51","33","0.82","0.88","62","38","FFEnemyShipNoColors11","FFEnemyShipNocolors6","1","1436","2024-04-29 16:37:43"
"5dd4767b32288646716dc98a","FullPilot","3","60","0","1","60","60","0","0","283","772","0","1","55","7","0.88","0.18","62","38","FFEnemyShipNoColors11","FFEnemyShipNocolors6","1","1496","2024-04-29 16:37:46"
"5dd4767b32288646716dc98a","FullPilot","3","61","1","2","75","54","0","1","299","848","0","1","27","25","0.38","0.88","72","28","FFEnemyShipNoColors9","FFEnemyShipNocolors7","1","1550","2024-04-29 16:37:49"
"5dd4767b32288646716dc98a","FullPilot","3","62","0","1","69","45","1","1","399","866","1","0","45","10","0.73","0.27","62","38","FFEnemyShipNoColors11","FFEnemyShipNocolors6","1","1619","2024-04-29 16:37:52"
"5dd4767b32288646716dc98a","FullPilot","3","63","0","2","70","62","0","1","766","1237","0","1","38","28","0.62","0.73","62","38","FFEnemyShipNoColors11","FFEnemyShipNocolors6","1","1681","2024-04-29 16:37:56"
"5dd4767b32288646716dc98a","FullPilot","3","64","1","1","54","23","1","1","516","933","1","0","36","11","0.5","0.38","72","28","FFEnemyShipNoColors9","FFEnemyShipNocolors7","1","1735","2024-04-29 16:37:59"
"5dd4767b32288646716dc98a","FullPilot","3","65","0","2","90","39","1","0","500","902","1","0","24","24","0.38","0.62","62","38","FFEnemyShipNoColors11","FFEnemyShipNocolors6","0","1735","2024-04-29 16:38:02"
"5dd4767b32288646716dc98a","FullPilot","3","66","1","2","62","9","0","1","300","785","0","1","13","17","0.18","0.62","72","28","FFEnemyShipNoColors9","FFEnemyShipNocolors7","1","1744","2024-04-29 16:38:05"
"5dd4767b32288646716dc98a","FullPilot","3","67","0","2","69","63","1","0","383","783","1","0","31","24","0.5","0.62","62","38","FFEnemyShipNoColors11","FFEnemyShipNocolors6","1","1807","2024-04-29 16:38:08"
"5dd4767b32288646716dc98a","FullPilot","3","68","1","2","82","53","0","1","365","818","0","1","53","25","0.73","0.88","72","28","FFEnemyShipNoColors9","FFEnemyShipNocolors7","1","1860","2024-04-29 16:38:11"
"5dd4767b32288646716dc98a","FullPilot","3","69","1","1","95","35","0","0","283","783","0","1","53","11","0.73","0.38","72","28","FFEnemyShipNoColors9","FFEnemyShipNocolors7","1","1955","2024-04-29 16:38:14"
"5dd4767b32288646716dc98a","FullPilot","3","70","1","2","60","33","1","0","1068","2069","1","1","19","5","0.27","0.18","72","28","FFEnemyShipNoColors9","FFEnemyShipNocolors7","0","1955","2024-04-29 16:38:19"
"5dd4767b32288646716dc98a","FullPilot","3","71","0","2","75","22","1","0","617","1584","1","1","11","28","0.18","0.73","62","38","FFEnemyShipNoColors11","FFEnemyShipNocolors6","1","1977","2024-04-29 16:38:22"
"5dd4767b32288646716dc98a","FullPilot","3","72","1","1","56","44","0","0","401","800","0","1","59","14","0.82","0.5","72","28","FFEnemyShipNoColors9","FFEnemyShipNocolors7","1","2033","2024-04-29 16:38:25"
"5dd4767b32288646716dc98a","FullPilot","3","73","0","1","61","37","1","1","315","732","1","0","51","10","0.82","0.27","62","38","FFEnemyShipNoColors11","FFEnemyShipNocolors6","1","2094","2024-04-29 16:38:28"
"5dd4767b32288646716dc98a","FullPilot","3","74","1","2","58","7","0","1","218","650","0","1","9","25","0.12","0.88","72","28","FFEnemyShipNoColors9","FFEnemyShipNocolors7","1","2101","2024-04-29 16:38:31"
"5dd4767b32288646716dc98a","FullPilot","3","75","0","2","80","33","1","0","284","700","1","0","17","31","0.27","0.82","62","38","FFEnemyShipNoColors11","FFEnemyShipNocolors6","1","2134","2024-04-29 16:38:34"
"5dd4767b32288646716dc98a","FullPilot","3","76","0","1","58","42","0","0","251","800","0","1","51","5","0.82","0.12","62","38","FFEnemyShipNoColors11","FFEnemyShipNocolors6","1","2192","2024-04-29 16:38:37"
"5dd4767b32288646716dc98a","FullPilot","3","77","1","1","54","64","0","0","998","1401","0","1","13","3","0.18","0.12","72","28","FFEnemyShipNoColors9","FFEnemyShipNocolors7","0","2192","2024-04-29 16:38:41"
"5dd4767b32288646716dc98a","FullPilot","3","78","1","1","89","54","1","1","463","900","1","0","19","5","0.27","0.18","72","28","FFEnemyShipNoColors9","FFEnemyShipNocolors7","0","2192","2024-04-29 16:38:45"
"5dd4767b32288646716dc98a","FullPilot","3","79","0","2","67","37","1","0","349","731","1","0","7","28","0.12","0.73","62","38","FFEnemyShipNoColors11","FFEnemyShipNocolors6","1","2229","2024-04-29 16:38:48"
"5dd4767b32288646716dc98a","FullPilot","3","80","1","1","37","7","0","0","383","833","0","1","53","3","0.73","0.12","72","28","FFEnemyShipNoColors9","FFEnemyShipNocolors7","1","2266","2024-04-29 16:38:51"
"5dd4767b32288646716dc98a","FullPilot","3","81","1","1","91","10","0","0","365","832","0","1","36","3","0.5","0.12","72","28","FFEnemyShipNoColors9","FFEnemyShipNocolors7","1","2357","2024-04-29 16:38:54"
"5dd4767b32288646716dc98a","FullPilot","3","82","0","1","89","49","1","1","283","997","1","0","45","24","0.73","0.62","62","38","FFEnemyShipNoColors11","FFEnemyShipNocolors6","1","2446","2024-04-29 16:38:57"
"5dd4767b32288646716dc98a","FullPilot","3","83","0","1","80","53","0","0","949","1400","0","1","7","7","0.12","0.18","62","38","FFEnemyShipNoColors11","FFEnemyShipNocolors6","0","2446","2024-04-29 16:39:00"
"5dd4767b32288646716dc98a","FullPilot","3","84","0","2","98","19","0","1","250","650","0","1","7","31","0.12","0.82","62","38","FFEnemyShipNoColors11","FFEnemyShipNocolors6","1","2465","2024-04-29 16:39:04"
"5dd4767b32288646716dc98a","FullPilot","3","85","0","2","62","22","1","0","331","781","1","0","11","19","0.18","0.5","62","38","FFEnemyShipNoColors11","FFEnemyShipNocolors6","0","2465","2024-04-29 16:39:07"
"5dd4767b32288646716dc98a","FullPilot","3","86","0","1","66","51","0","0","149","635","0","1","55","14","0.88","0.38","62","38","FFEnemyShipNoColors11","FFEnemyShipNocolors6","1","2531","2024-04-29 16:39:10"
"5dd4767b32288646716dc98a","FullPilot","3","87","1","1","72","20","1","1","333","717","1","0","45","11","0.62","0.38","72","28","FFEnemyShipNoColors9","FFEnemyShipNocolors7","0","2531","2024-04-29 16:39:13"
"5dd4767b32288646716dc98a","FullPilot","3","88","0","2","25","38","1","0","398","766","1","0","38","31","0.62","0.82","62","38","FFEnemyShipNoColors11","FFEnemyShipNocolors6","1","2569","2024-04-29 16:39:16"
"5dd4767b32288646716dc98a","FullPilot","3","89","1","1","77","49","1","1","351","802","1","0","59","14","0.82","0.5","72","28","FFEnemyShipNoColors9","FFEnemyShipNocolors7","0","2569","2024-04-29 16:39:20"
"5dd4767b32288646716dc98a","FullPilot","3","90","1","1","73","37","1","1","366","836","1","0","63","17","0.88","0.62","72","28","FFEnemyShipNoColors9","FFEnemyShipNocolors7","1","2642","2024-04-29 16:39:23"
"5dd4767b32288646716dc98a","FullPilot","3","91","0","2","76","15","0","1","394","893","0","1","17","31","0.27","0.82","62","38","FFEnemyShipNoColors11","FFEnemyShipNocolors6","1","2657","2024-04-29 16:39:26"
"5dd4767b32288646716dc98a","FullPilot","3","92","1","2","77","36","1","0","933","1366","1","0","19","3","0.27","0.12","72","28","FFEnemyShipNoColors9","FFEnemyShipNocolors7","0","2657","2024-04-29 16:39:29"
"5dd4767b32288646716dc98a","FullPilot","3","93","0","2","49","43","1","0","401","818","1","0","45","33","0.73","0.88","62","38","FFEnemyShipNoColors11","FFEnemyShipNocolors6","1","2700","2024-04-29 16:39:32"
"5dd4767b32288646716dc98a","FullPilot","3","94","1","1","64","43","1","1","416","1017","1","0","53","23","0.73","0.82","72","28","FFEnemyShipNoColors9","FFEnemyShipNocolors7","1","2764","2024-04-29 16:39:36"
"5dd4767b32288646716dc98a","FullPilot","3","95","0","2","52","17","0","1","481","967","0","1","7","14","0.12","0.38","62","38","FFEnemyShipNoColors11","FFEnemyShipNocolors6","0","2764","2024-04-29 16:39:39"
"5dd4767b32288646716dc98a","FullPilot","3","96","1","2","70","18","1","0","297","853","1","0","27","17","0.38","0.62","72","28","FFEnemyShipNoColors9","FFEnemyShipNocolors7","1","2782","2024-04-29 16:39:42"
"5dd4767b32288646716dc98a","FullPilot","3","97","1","2","41","51","1","0","264","700","1","0","19","20","0.27","0.73","72","28","FFEnemyShipNoColors9","FFEnemyShipNocolors7","1","2833","2024-04-29 16:39:45"
"5dd4767b32288646716dc98a","FullPilot","3","98","0","1","35","35","0","0","352","868","0","1","31","14","0.5","0.38","62","38","FFEnemyShipNoColors11","FFEnemyShipNocolors6","1","2868","2024-04-29 16:39:48"
"5dd4767b32288646716dc98a","FullPilot","3","99","0","2","61","27","0","1","367","951","0","1","38","31","0.62","0.82","62","38","FFEnemyShipNoColors11","FFEnemyShipNocolors6","0","2868","2024-04-29 16:39:51"
"5dd4767b32288646716dc98a","FullPilot","3","100","1","2","80","55","0","1","649","1153","0","1","59","25","0.82","0.88","72","28","FFEnemyShipNoColors9","FFEnemyShipNocolors7","1","2923","2024-04-29 16:39:54"
"5dd4767b32288646716dc98a","FullPilot","3","101","1","1","80","51","0","0","466","1050","0","1","36","8","0.5","0.27","72","28","FFEnemyShipNoColors9","FFEnemyShipNocolors7","0","2923","2024-04-29 16:39:57"
"5dd4767b32288646716dc98a","FullPilot","3","102","1","2","67","27","0","1","350","750","0","1","27","23","0.38","0.82","72","28","FFEnemyShipNoColors9","FFEnemyShipNocolors7","1","2950","2024-04-29 16:40:00"
"5dd4767b32288646716dc98a","FullPilot","3","103","0","1","34","76","1","1","231","667","1","0","55","19","0.88","0.5","62","38","FFEnemyShipNoColors11","FFEnemyShipNocolors6","0","2950","2024-04-29 16:40:04"
"5dd4767b32288646716dc98a","FullPilot","3","104","0","1","72","40","0","0","318","769","0","1","51","28","0.82","0.73","62","38","FFEnemyShipNoColors11","FFEnemyShipNocolors6","1","3022","2024-04-29 16:40:07"
"5dd4767b32288646716dc98a","FullPilot","3","105","0","2","42","60","0","1","282","716","0","1","11","24","0.18","0.62","62","38","FFEnemyShipNoColors11","FFEnemyShipNocolors6","1","3082","2024-04-29 16:40:10"
"5dd4767b32288646716dc98a","FullPilot","3","106","1","1","80","8","0","0","232","781","0","1","45","8","0.62","0.27","72","28","FFEnemyShipNoColors9","FFEnemyShipNocolors7","0","3082","2024-04-29 16:40:13"
"5dd4767b32288646716dc98a","FullPilot","3","107","1","2","47","30","0","1","1166","1601","0","1","19","11","0.27","0.38","72","28","FFEnemyShipNoColors9","FFEnemyShipNocolors7","0","3082","2024-04-29 16:40:17"
"5dd4767b32288646716dc98a","FullPilot","3","108","0","1","78","25","1","1","1066","1467","1","0","7","10","0.12","0.27","62","38","FFEnemyShipNoColors11","FFEnemyShipNocolors6","0","3082","2024-04-29 16:40:20"
"5dd4767b32288646716dc98a","FullPilot","3","109","1","1","59","36","0","0","252","852","0","1","9","5","0.12","0.18","72","28","FFEnemyShipNoColors9","FFEnemyShipNocolors7","0","3082","2024-04-29 16:40:24"
"5dd4767b32288646716dc98a","FullPilot","3","110","1","1","37","22","0","0","767","1218","0","1","45","5","0.62","0.18","72","28","FFEnemyShipNoColors9","FFEnemyShipNocolors7","0","3082","2024-04-29 16:40:28"
"5dd4767b32288646716dc98a","FullPilot","3","111","0","1","82","41","1","1","843","1243","1","0","51","7","0.82","0.18","62","38","FFEnemyShipNoColors11","FFEnemyShipNocolors6","1","3164","2024-04-29 16:40:31"
"5dd4767b32288646716dc98a","FullPilot","3","112","0","2","65","46","0","1","299","732","0","1","31","33","0.5","0.88","62","38","FFEnemyShipNoColors11","FFEnemyShipNocolors6","1","3210","2024-04-29 16:40:34"
"5dd4767b32288646716dc98a","FullPilot","3","113","0","1","79","31","0","0","1133","1550","0","1","55","31","0.88","0.82","62","38","FFEnemyShipNoColors11","FFEnemyShipNocolors6","1","3289","2024-04-29 16:40:38"
"5dd4767b32288646716dc98a","FullPilot","3","114","1","2","45","31","1","0","633","1083","1","0","9","11","0.12","0.38","72","28","FFEnemyShipNoColors9","FFEnemyShipNocolors7","0","3289","2024-04-29 16:40:41"
"5dd4767b32288646716dc98a","FullPilot","3","115","0","2","71","56","1","0","1265","1617","1","0","24","19","0.38","0.5","62","38","FFEnemyShipNoColors11","FFEnemyShipNocolors6","0","3289","2024-04-29 16:40:45"
"5dd4767b32288646716dc98a","FullPilot","3","116","1","1","55","9","1","1","814","1167","1","0","59","5","0.82","0.18","72","28","FFEnemyShipNoColors9","FFEnemyShipNocolors7","1","3344","2024-04-29 16:40:48"
"5dd4767b32288646716dc98a","FullPilot","3","117","1","1","61","19","1","1","1034","1435","1","0","45","20","0.62","0.73","72","28","FFEnemyShipNoColors9","FFEnemyShipNocolors7","0","3344","2024-04-29 16:40:52"
"5dd4767b32288646716dc98a","FullPilot","3","118","1","2","58","43","0","1","649","1050","0","1","27","14","0.38","0.5","72","28","FFEnemyShipNoColors9","FFEnemyShipNocolors7","0","3344","2024-04-29 16:40:55"
"5dd4767b32288646716dc98a","FullPilot","3","119","0","2","31","37","1","0","416","828","1","0","31","33","0.5","0.88","62","38","FFEnemyShipNoColors11","FFEnemyShipNocolors6","1","3381","2024-04-29 16:40:58"
"5dd4767b32288646716dc98a","FullPilot","3","120","1","1","62","47","0","0","567","1019","0","1","27","3","0.38","0.12","72","28","FFEnemyShipNoColors9","FFEnemyShipNocolors7","0","3381","2024-04-29 16:41:01"
"5dd4767b32288646716dc98a","FullPilot","3","121","0","1","66","38","0","0","499","885","0","1","38","5","0.62","0.12","62","38","FFEnemyShipNoColors11","FFEnemyShipNocolors6","1","3447","2024-04-29 16:41:05"
"5dd4767b32288646716dc98a","FullPilot","3","122","0","2","69","31","0","1","350","767","0","1","7","24","0.12","0.62","62","38","FFEnemyShipNoColors11","FFEnemyShipNocolors6","0","3447","2024-04-29 16:41:08"
"5dd4767b32288646716dc98a","FullPilot","3","123","0","2","76","45","1","0","216","601","1","0","7","19","0.12","0.5","62","38","FFEnemyShipNoColors11","FFEnemyShipNocolors6","1","3492","2024-04-29 16:41:10"
"5dd4767b32288646716dc98a","FullPilot","3","124","1","1","73","25","0","0","482","983","0","1","45","14","0.62","0.5","72","28","FFEnemyShipNoColors9","FFEnemyShipNocolors7","1","3565","2024-04-29 16:41:13"
"5dd4767b32288646716dc98a","FullPilot","3","125","0","2","21","31","1","0","999","1433","1","0","55","31","0.88","0.82","62","38","FFEnemyShipNoColors11","FFEnemyShipNocolors6","0","3565","2024-04-29 16:41:17"
"5dd4767b32288646716dc98a","FullPilot","3","126","1","1","59","66","1","1","230","632","1","0","53","14","0.73","0.5","72","28","FFEnemyShipNoColors9","FFEnemyShipNocolors7","1","3624","2024-04-29 16:41:20"
"5dd4767b32288646716dc98a","FullPilot","3","127","0","2","97","46","1","0","948","1517","1","0","55","28","0.88","0.73","62","38","FFEnemyShipNoColors11","FFEnemyShipNocolors6","0","3624","2024-04-29 16:41:24"
"5dd4767b32288646716dc98a","FullPilot","3","128","0","2","47","38","1","0","233","817","1","0","7","28","0.12","0.73","62","38","FFEnemyShipNoColors11","FFEnemyShipNocolors6","1","3662","2024-04-29 16:41:27"
"5dd4767b32288646716dc98a","FullPilot","3","129","0","1","38","46","1","1","1467","1797","1","0","7","10","0.12","0.27","62","38","FFEnemyShipNoColors11","FFEnemyShipNocolors6","0","3662","2024-04-29 16:41:31"
"5dd4767b32288646716dc98a","FullPilot","3","130","0","1","58","53","1","1","1099","1416","1","0","24","7","0.38","0.18","62","38","FFEnemyShipNoColors11","FFEnemyShipNocolors6","0","3662","2024-04-29 16:41:35"
"5dd4767b32288646716dc98a","FullPilot","3","131","0","2","60","23","0","1","1032","1368","0","1","24","10","0.38","0.27","62","38","FFEnemyShipNoColors11","FFEnemyShipNocolors6","0","3662","2024-04-29 16:41:39"
"5dd4767b32288646716dc98a","FullPilot","3","132","1","1","59","5","1","1","216","650","1","0","53","14","0.73","0.5","72","28","FFEnemyShipNoColors9","FFEnemyShipNocolors7","1","3721","2024-04-29 16:41:42"
"5dd4767b32288646716dc98a","FullPilot","3","133","1","1","73","3","1","1","316","700","1","0","53","8","0.73","0.27","72","28","FFEnemyShipNoColors9","FFEnemyShipNocolors7","0","3721","2024-04-29 16:41:45"
"5dd4767b32288646716dc98a","FullPilot","3","134","0","2","15","32","0","1","267","734","0","1","31","28","0.5","0.73","62","38","FFEnemyShipNoColors11","FFEnemyShipNocolors6","0","3721","2024-04-29 16:41:48"
"5dd4767b32288646716dc98a","FullPilot","3","135","1","2","44","17","0","1","383","901","0","1","36","17","0.5","0.62","72","28","FFEnemyShipNoColors9","FFEnemyShipNocolors7","1","3738","2024-04-29 16:41:51"
"5dd4767b32288646716dc98a","FullPilot","3","136","1","1","62","34","0","0","414","897","0","1","53","5","0.73","0.18","72","28","FFEnemyShipNoColors9","FFEnemyShipNocolors7","1","3800","2024-04-29 16:41:54"
"5dd4767b32288646716dc98a","FullPilot","3","137","1","2","77","9","0","1","316","816","0","1","27","23","0.38","0.82","72","28","FFEnemyShipNoColors9","FFEnemyShipNocolors7","1","3809","2024-04-29 16:41:57"
"5dd4767b32288646716dc98a","FullPilot","3","138","1","2","63","11","1","0","230","649","1","0","27","20","0.38","0.73","72","28","FFEnemyShipNoColors9","FFEnemyShipNocolors7","1","3820","2024-04-29 16:42:00"
"5dd4767b32288646716dc98a","FullPilot","3","139","1","2","79","53","0","1","297","849","0","1","9","23","0.12","0.82","72","28","FFEnemyShipNoColors9","FFEnemyShipNocolors7","1","3873","2024-04-29 16:42:03"
"5dd4767b32288646716dc98a","FullPilot","3","140","1","1","84","60","0","0","278","914","0","1","45","3","0.62","0.12","72","28","FFEnemyShipNoColors9","FFEnemyShipNocolors7","0","3873","2024-04-29 16:42:07"
"5dd4767b32288646716dc98a","FullPilot","3","141","0","2","70","57","0","1","1133","1534","0","1","38","33","0.62","0.88","62","38","FFEnemyShipNoColors11","FFEnemyShipNocolors6","1","3930","2024-04-29 16:42:10"
"5dd4767b32288646716dc98a","FullPilot","3","142","0","1","30","46","1","1","947","1349","1","0","24","5","0.38","0.12","62","38","FFEnemyShipNoColors11","FFEnemyShipNocolors6","0","3930","2024-04-29 16:42:14"
"5dd4767b32288646716dc98a","FullPilot","3","143","1","2","57","30","0","1","399","918","0","1","9","14","0.12","0.5","72","28","FFEnemyShipNoColors9","FFEnemyShipNocolors7","0","3930","2024-04-29 16:42:17"
"63316daa57747115376760da","FullPilot","0","0","-1","2","50","50","1","0","714","1190","1","0","19","9","0.38","0.18","50","50","FFEnemyNeutral","FFEnemyNeutral","0","0","2024-04-30 09:13:24"
"63316daa57747115376760da","FullPilot","0","1","-1","2","50","50","0","1","466","1217","1","1","31","25","0.62","0.5","50","50","FFEnemyNeutral","FFEnemyNeutral","1","50","2024-04-30 09:13:27"
"63316daa57747115376760da","FullPilot","0","2","-1","2","50","50","1","0","569","855","1","0","31","41","0.62","0.82","50","50","FFEnemyNeutral","FFEnemyNeutral","1","100","2024-04-30 09:13:30"
"63316daa57747115376760da","FullPilot","0","3","-1","1","50","50","1","1","465","699","1","0","44","19","0.88","0.38","50","50","FFEnemyNeutral","FFEnemyNeutral","1","150","2024-04-30 09:13:33"
"63316daa57747115376760da","FullPilot","0","4","-1","2","50","50","1","0","483","767","1","0","9","25","0.18","0.5","50","50","FFEnemyNeutral","FFEnemyNeutral","0","150","2024-04-30 09:13:36"
"63316daa57747115376760da","FullPilot","0","5","-1","1","50","50","1","1","440","647","1","0","37","9","0.73","0.18","50","50","FFEnemyNeutral","FFEnemyNeutral","1","200","2024-04-30 09:13:38"
"63316daa57747115376760da","FullPilot","0","6","-1","2","50","50","1","0","452","700","1","0","31","37","0.62","0.73","50","50","FFEnemyNeutral","FFEnemyNeutral","1","250","2024-04-30 09:13:41"
"63316daa57747115376760da","FullPilot","0","7","-1","2","50","50","0","1","449","667","0","1","6","37","0.12","0.73","50","50","FFEnemyNeutral","FFEnemyNeutral","1","300","2024-04-30 09:13:43"
"63316daa57747115376760da","FullPilot","0","8","-1","1","50","50","1","1","415","633","1","0","31","6","0.62","0.12","50","50","FFEnemyNeutral","FFEnemyNeutral","0","300","2024-04-30 09:13:46"
"63316daa57747115376760da","FullPilot","0","9","-1","1","50","50","1","1","466","667","1","0","41","25","0.82","0.5","50","50","FFEnemyNeutral","FFEnemyNeutral","1","350","2024-04-30 09:13:48"
"63316daa57747115376760da","FullPilot","0","10","-1","2","50","50","0","1","482","700","0","1","25","41","0.5","0.82","50","50","FFEnemyNeutral","FFEnemyNeutral","0","350","2024-04-30 09:13:51"
"63316daa57747115376760da","FullPilot","0","11","-1","2","50","50","1","0","365","684","1","0","25","31","0.5","0.62","50","50","FFEnemyNeutral","FFEnemyNeutral","0","350","2024-04-30 09:13:54"
"63316daa57747115376760da","FullPilot","0","12","-1","1","50","50","1","1","494","714","1","0","19","6","0.38","0.12","50","50","FFEnemyNeutral","FFEnemyNeutral","0","350","2024-04-30 09:13:56"
"63316daa57747115376760da","FullPilot","0","13","-1","2","50","50","0","1","614","865","0","1","19","31","0.38","0.62","50","50","FFEnemyNeutral","FFEnemyNeutral","0","350","2024-04-30 09:13:59"
"5cfb82a12bcca70018252f81","FullPilot","0","0","-1","1","50","50","1","1","822","1195","1","0","6","41","0.12","0.82","50","50","FFEnemyNeutral","FFEnemyNeutral","0","0","2024-04-30 09:13:59"
"63316daa57747115376760da","FullPilot","0","14","-1","2","50","50","1","0","463","663","1","0","41","6","0.82","0.12","50","50","FFEnemyNeutral","FFEnemyNeutral","0","350","2024-04-30 09:14:02"
"5cfb82a12bcca70018252f81","FullPilot","0","1","-1","2","50","50","0","1","831","1514","0","1","31","25","0.62","0.5","50","50","FFEnemyNeutral","FFEnemyNeutral","0","0","2024-04-30 09:14:03"
"63316daa57747115376760da","FullPilot","0","15","-1","2","50","50","0","1","468","751","0","1","14","25","0.27","0.5","50","50","FFEnemyNeutral","FFEnemyNeutral","1","400","2024-04-30 09:14:05"
"5cfb82a12bcca70018252f81","FullPilot","0","2","-1","2","50","50","1","0","781","1432","1","0","41","19","0.82","0.38","50","50","FFEnemyNeutral","FFEnemyNeutral","1","50","2024-04-30 09:14:06"
"63316daa57747115376760da","FullPilot","0","16","-1","2","50","50","1","0","443","696","1","0","6","19","0.12","0.38","50","50","FFEnemyNeutral","FFEnemyNeutral","0","400","2024-04-30 09:14:07"
"5cfb82a12bcca70018252f81","FullPilot","0","3","-1","1","50","50","0","0","750","1083","0","1","6","25","0.12","0.5","50","50","FFEnemyNeutral","FFEnemyNeutral","0","50","2024-04-30 09:14:09"
"63316daa57747115376760da","FullPilot","0","17","-1","2","50","50","1","0","464","2071","1","0","14","41","0.27","0.82","50","50","FFEnemyNeutral","FFEnemyNeutral","1","450","2024-04-30 09:14:11"
"5cfb82a12bcca70018252f81","FullPilot","0","4","-1","1","50","50","0","0","599","916","0","1","19","37","0.38","0.73","50","50","FFEnemyNeutral","FFEnemyNeutral","0","50","2024-04-30 09:14:12"
"63316daa57747115376760da","FullPilot","0","18","-1","2","50","50","1","0","445","2422","1","0","6","25","0.12","0.5","50","50","FFEnemyNeutral","FFEnemyNeutral","0","450","2024-04-30 09:14:15"
"5cfb82a12bcca70018252f81","FullPilot","0","5","-1","1","50","50","1","1","680","1800","1","1","6","44","0.12","0.88","50","50","FFEnemyNeutral","FFEnemyNeutral","0","50","2024-04-30 09:14:15"
"63316daa57747115376760da","FullPilot","0","19","-1","2","50","50","1","0","496","882","1","0","14","31","0.27","0.62","50","50","FFEnemyNeutral","FFEnemyNeutral","1","500","2024-04-30 09:14:18"
"5cfb82a12bcca70018252f81","FullPilot","0","6","-1","2","50","50","1","0","985","1318","1","0","9","41","0.18","0.82","50","50","FFEnemyNeutral","FFEnemyNeutral","1","100","2024-04-30 09:14:19"
"63316daa57747115376760da","FullPilot","0","20","-1","1","50","50","0","0","535","866","0","1","41","14","0.82","0.27","50","50","FFEnemyNeutral","FFEnemyNeutral","1","550","2024-04-30 09:14:21"
"5cfb82a12bcca70018252f81","FullPilot","0","7","-1","1","50","50","0","0","616","949","0","1","37","25","0.73","0.5","50","50","FFEnemyNeutral","FFEnemyNeutral","0","100","2024-04-30 09:14:21"
"63316daa57747115376760da","FullPilot","0","21","-1","2","50","50","0","1","1149","1383","0","1","6","14","0.12","0.27","50","50","FFEnemyNeutral","FFEnemyNeutral","0","550","2024-04-30 09:14:24"
"5cfb82a12bcca70018252f81","FullPilot","0","8","-1","2","50","50","0","1","548","902","0","1","9","37","0.18","0.73","50","50","FFEnemyNeutral","FFEnemyNeutral","1","150","2024-04-30 09:14:24"
"5cfb82a12bcca70018252f81","FullPilot","0","9","-1","2","50","50","1","0","1101","1452","1","0","6","14","0.12","0.27","50","50","FFEnemyNeutral","FFEnemyNeutral","0","150","2024-04-30 09:14:27"
"63316daa57747115376760da","FullPilot","0","22","-1","1","50","50","1","1","754","1558","1","1","31","14","0.62","0.27","50","50","FFEnemyNeutral","FFEnemyNeutral","1","600","2024-04-30 09:14:28"
"5cfb82a12bcca70018252f81","FullPilot","0","10","-1","2","50","50","1","0","532","849","1","0","14","41","0.27","0.82","50","50","FFEnemyNeutral","FFEnemyNeutral","1","200","2024-04-30 09:14:30"
"63316daa57747115376760da","FullPilot","0","23","-1","2","50","50","1","0","731","1000","1","0","44","37","0.88","0.73","50","50","FFEnemyNeutral","FFEnemyNeutral","1","650","2024-04-30 09:14:30"
"5cfb82a12bcca70018252f81","FullPilot","0","11","-1","1","50","50","0","0","832","1134","0","1","41","37","0.82","0.73","50","50","FFEnemyNeutral","FFEnemyNeutral","0","200","2024-04-30 09:14:33"
"63316daa57747115376760da","FullPilot","0","24","-1","2","50","50","1","0","932","1152","1","0","44","41","0.88","0.82","50","50","FFEnemyNeutral","FFEnemyNeutral","1","700","2024-04-30 09:14:33"
"5cfb82a12bcca70018252f81","FullPilot","0","12","-1","2","50","50","0","1","699","1032","0","1","25","31","0.5","0.62","50","50","FFEnemyNeutral","FFEnemyNeutral","1","250","2024-04-30 09:14:36"
"63316daa57747115376760da","FullPilot","0","25","-1","2","50","50","0","1","766","1083","0","1","31","19","0.62","0.38","50","50","FFEnemyNeutral","FFEnemyNeutral","0","700","2024-04-30 09:14:36"
"5cfb82a12bcca70018252f81","FullPilot","0","13","-1","1","50","50","0","0","834","1150","0","1","44","41","0.88","0.82","50","50","FFEnemyNeutral","FFEnemyNeutral","1","300","2024-04-30 09:14:39"
"63316daa57747115376760da","FullPilot","0","26","-1","1","50","50","1","1","677","882","1","0","37","41","0.73","0.82","50","50","FFEnemyNeutral","FFEnemyNeutral","1","750","2024-04-30 09:14:39"
"5cfb82a12bcca70018252f81","FullPilot","0","14","-1","2","50","50","1","0","1098","1365","1","0","14","19","0.27","0.38","50","50","FFEnemyNeutral","FFEnemyNeutral","1","350","2024-04-30 09:14:42"
"63316daa57747115376760da","FullPilot","0","27","-1","2","50","50","0","1","868","1068","0","1","14","9","0.27","0.18","50","50","FFEnemyNeutral","FFEnemyNeutral","0","750","2024-04-30 09:14:42"
"5cfb82a12bcca70018252f81","FullPilot","0","15","-1","1","50","50","0","0","515","818","0","1","41","6","0.82","0.12","50","50","FFEnemyNeutral","FFEnemyNeutral","1","400","2024-04-30 09:14:44"
"63316daa57747115376760da","FullPilot","0","28","-1","2","50","50","1","0","621","816","1","0","9","19","0.18","0.38","50","50","FFEnemyNeutral","FFEnemyNeutral","0","750","2024-04-30 09:14:45"
"5cfb82a12bcca70018252f81","FullPilot","0","16","-1","1","50","50","1","1","514","748","1","0","41","14","0.82","0.27","50","50","FFEnemyNeutral","FFEnemyNeutral","1","450","2024-04-30 09:14:47"
"63316daa57747115376760da","FullPilot","0","29","-1","1","50","50","1","1","953","1153","1","0","44","14","0.88","0.27","50","50","FFEnemyNeutral","FFEnemyNeutral","1","800","2024-04-30 09:14:48"
"5cfb82a12bcca70018252f81","FullPilot","0","17","-1","2","50","50","1","0","1017","1217","1","0","9","14","0.18","0.27","50","50","FFEnemyNeutral","FFEnemyNeutral","0","450","2024-04-30 09:14:50"
"63316daa57747115376760da","FullPilot","0","30","-1","2","50","50","1","0","574","1818","2","1","25","6","0.5","0.12","50","50","FFEnemyNeutral","FFEnemyNeutral","0","800","2024-04-30 09:14:52"
"5cfb82a12bcca70018252f81","FullPilot","0","18","-1","1","50","50","0","0","532","816","0","1","25","14","0.5","0.27","50","50","FFEnemyNeutral","FFEnemyNeutral","0","450","2024-04-30 09:14:53"
"63316daa57747115376760da","FullPilot","0","31","-1","2","50","50","0","1","450","685","0","1","25","44","0.5","0.88","50","50","FFEnemyNeutral","FFEnemyNeutral","1","850","2024-04-30 09:14:54"
"5cfb82a12bcca70018252f81","FullPilot","0","19","-1","1","50","50","1","1","432","632","1","0","31","19","0.62","0.38","50","50","FFEnemyNeutral","FFEnemyNeutral","1","500","2024-04-30 09:14:55"
"63316daa57747115376760da","FullPilot","0","32","-1","1","50","50","0","0","498","917","0","1","25","9","0.5","0.18","50","50","FFEnemyNeutral","FFEnemyNeutral","1","900","2024-04-30 09:14:58"
"5cfb82a12bcca70018252f81","FullPilot","0","20","-1","2","50","50","1","0","498","649","1","0","9","44","0.18","0.88","50","50","FFEnemyNeutral","FFEnemyNeutral","1","550","2024-04-30 09:14:58"
"5cfb82a12bcca70018252f81","FullPilot","0","21","-1","1","50","50","0","0","429","615","0","1","44","25","0.88","0.5","50","50","FFEnemyNeutral","FFEnemyNeutral","1","600","2024-04-30 09:15:00"
"63316daa57747115376760da","FullPilot","0","33","-1","1","50","50","0","0","416","749","0","1","44","9","0.88","0.18","50","50","FFEnemyNeutral","FFEnemyNeutral","0","900","2024-04-30 09:15:00"
"5cfb82a12bcca70018252f81","FullPilot","0","22","-1","2","50","50","0","1","716","983","0","1","37","41","0.73","0.82","50","50","FFEnemyNeutral","FFEnemyNeutral","1","650","2024-04-30 09:15:03"
"63316daa57747115376760da","FullPilot","0","34","-1","1","50","50","0","0","987","1463","0","1","25","19","0.5","0.38","50","50","FFEnemyNeutral","FFEnemyNeutral","0","900","2024-04-30 09:15:04"
"5cfb82a12bcca70018252f81","FullPilot","0","23","-1","2","50","50","1","0","416","650","1","0","31","37","0.62","0.73","50","50","FFEnemyNeutral","FFEnemyNeutral","1","700","2024-04-30 09:15:06"
"5cfb82a12bcca70018252f81","FullPilot","0","24","-1","1","50","50","0","0","467","732","0","1","25","9","0.5","0.18","50","50","FFEnemyNeutral","FFEnemyNeutral","1","750","2024-04-30 09:15:08"
"63316daa57747115376760da","FullPilot","0","35","-1","1","50","50","1","1","2015","2782","1","1","14","6","0.27","0.12","50","50","FFEnemyNeutral","FFEnemyNeutral","0","900","2024-04-30 09:15:08"
"5cfb82a12bcca70018252f81","FullPilot","0","25","-1","1","50","50","1","1","683","933","1","0","19","14","0.38","0.27","50","50","FFEnemyNeutral","FFEnemyNeutral","0","750","2024-04-30 09:15:11"
"63316daa57747115376760da","FullPilot","0","36","-1","1","50","50","1","1","782","991","1","0","44","6","0.88","0.12","50","50","FFEnemyNeutral","FFEnemyNeutral","1","950","2024-04-30 09:15:11"
"5cfb82a12bcca70018252f81","FullPilot","0","26","-1","2","50","50","1","0","498","767","1","0","19","25","0.38","0.5","50","50","FFEnemyNeutral","FFEnemyNeutral","1","800","2024-04-30 09:15:14"
"63316daa57747115376760da","FullPilot","0","37","-1","1","50","50","1","1","693","929","1","0","9","14","0.18","0.27","50","50","FFEnemyNeutral","FFEnemyNeutral","0","950","2024-04-30 09:15:14"
"5cfb82a12bcca70018252f81","FullPilot","0","27","-1","1","50","50","1","1","1101","1267","1","0","9","6","0.18","0.12","50","50","FFEnemyNeutral","FFEnemyNeutral","0","800","2024-04-30 09:15:17"
"63316daa57747115376760da","FullPilot","0","38","-1","1","50","50","0","0","698","1464","1","1","19","14","0.38","0.27","50","50","FFEnemyNeutral","FFEnemyNeutral","0","950","2024-04-30 09:15:18"
"5cfb82a12bcca70018252f81","FullPilot","0","28","-1","1","50","50","1","1","716","933","1","0","25","19","0.5","0.38","50","50","FFEnemyNeutral","FFEnemyNeutral","0","800","2024-04-30 09:15:19"
"63316daa57747115376760da","FullPilot","0","39","-1","1","50","50","0","0","500","700","0","1","41","9","0.82","0.18","50","50","FFEnemyNeutral","FFEnemyNeutral","1","1000","2024-04-30 09:15:20"
"5cfb82a12bcca70018252f81","FullPilot","0","29","-1","2","50","50","1","0","499","684","1","0","19","41","0.38","0.82","50","50","FFEnemyNeutral","FFEnemyNeutral","1","850","2024-04-30 09:15:22"
"63316daa57747115376760da","FullPilot","0","40","-1","2","50","50","1","0","1168","1350","1","0","19","44","0.38","0.88","50","50","FFEnemyNeutral","FFEnemyNeutral","1","1050","2024-04-30 09:15:23"
"5cfb82a12bcca70018252f81","FullPilot","0","30","-1","1","50","50","0","0","597","867","0","1","14","6","0.27","0.12","50","50","FFEnemyNeutral","FFEnemyNeutral","1","900","2024-04-30 09:15:25"
"63316daa57747115376760da","FullPilot","0","41","-1","1","50","50","0","0","516","783","0","1","37","25","0.73","0.5","50","50","FFEnemyNeutral","FFEnemyNeutral","1","1100","2024-04-30 09:15:26"
"5cfb82a12bcca70018252f81","FullPilot","0","31","-1","2","50","50","0","1","434","666","0","1","25","44","0.5","0.88","50","50","FFEnemyNeutral","FFEnemyNeutral","0","900","2024-04-30 09:15:27"
"650ee274aa4447ac435b7830","FullPilot","0","0","-1","1","50","50","1","1","1458","1763","1","0","44","9","0.88","0.18","50","50","FFEnemyNeutral","FFEnemyNeutral","1","50","2024-04-30 09:15:28"
"63316daa57747115376760da","FullPilot","0","42","-1","1","50","50","0","0","516","783","0","1","41","31","0.82","0.62","50","50","FFEnemyNeutral","FFEnemyNeutral","1","1150","2024-04-30 09:15:29"
"5cfb82a12bcca70018252f81","FullPilot","0","32","-1","2","50","50","1","0","449","634","1","0","9","25","0.18","0.5","50","50","FFEnemyNeutral","FFEnemyNeutral","0","900","2024-04-30 09:15:30"
"650ee274aa4447ac435b7830","FullPilot","0","1","-1","1","50","50","0","0","978","1673","0","1","31","19","0.62","0.38","50","50","FFEnemyNeutral","FFEnemyNeutral","0","50","2024-04-30 09:15:31"
"63316daa57747115376760da","FullPilot","0","43","-1","2","50","50","1","0","982","1268","1","0","9","6","0.18","0.12","50","50","FFEnemyNeutral","FFEnemyNeutral","0","1150","2024-04-30 09:15:32"
"5cfb82a12bcca70018252f81","FullPilot","0","33","-1","1","50","50","0","0","574","850","0","1","44","31","0.88","0.62","50","50","FFEnemyNeutral","FFEnemyNeutral","1","950","2024-04-30 09:15:33"
"650ee274aa4447ac435b7830","FullPilot","0","2","-1","2","50","50","0","1","1680","1965","0","1","41","6","0.82","0.12","50","50","FFEnemyNeutral","FFEnemyNeutral","0","50","2024-04-30 09:15:35"
"63316daa57747115376760da","FullPilot","0","44","-1","1","50","50","1","1","680","1500","1","0","37","14","0.73","0.27","50","50","FFEnemyNeutral","FFEnemyNeutral","0","1150","2024-04-30 09:15:35"
"5cfb82a12bcca70018252f81","FullPilot","0","34","-1","1","50","50","0","0","448","668","0","1","31","14","0.62","0.27","50","50","FFEnemyNeutral","FFEnemyNeutral","1","1000","2024-04-30 09:15:35"
"650ee274aa4447ac435b7830","FullPilot","0","3","-1","2","50","50","1","0","374","597","1","0","14","9","0.27","0.18","50","50","FFEnemyNeutral","FFEnemyNeutral","0","50","2024-04-30 09:15:37"
"5cfb82a12bcca70018252f81","FullPilot","0","35","-1","1","50","50","0","0","382","666","0","1","41","9","0.82","0.18","50","50","FFEnemyNeutral","FFEnemyNeutral","1","1050","2024-04-30 09:15:38"
"63316daa57747115376760da","FullPilot","0","45","-1","2","50","50","1","0","801","1070","1","0","6","9","0.12","0.18","50","50","FFEnemyNeutral","FFEnemyNeutral","0","1150","2024-04-30 09:15:38"
"5cfb82a12bcca70018252f81","FullPilot","0","36","-1","2","50","50","0","1","384","649","0","1","19","44","0.38","0.88","50","50","FFEnemyNeutral","FFEnemyNeutral","0","1050","2024-04-30 09:15:40"
"650ee274aa4447ac435b7830","FullPilot","0","4","-1","2","50","50","1","0","41","1548","1","2","25","31","0.5","0.62","50","50","FFEnemyNeutral","FFEnemyNeutral","1","100","2024-04-30 09:15:41"
"63316daa57747115376760da","FullPilot","0","46","-1","1","50","50","0","0","725","949","0","1","41","19","0.82","0.38","50","50","FFEnemyNeutral","FFEnemyNeutral","1","1200","2024-04-30 09:15:41"
"5cfb82a12bcca70018252f81","FullPilot","0","37","-1","1","50","50","0","0","532","833","0","1","41","25","0.82","0.5","50","50","FFEnemyNeutral","FFEnemyNeutral","1","1100","2024-04-30 09:15:43"
"63316daa57747115376760da","FullPilot","0","47","-1","2","50","50","1","0","699","883","1","0","6","44","0.12","0.88","50","50","FFEnemyNeutral","FFEnemyNeutral","1","1250","2024-04-30 09:15:44"
"650ee274aa4447ac435b7830","FullPilot","0","5","-1","1","50","50","1","1","1521","1764","1","0","19","6","0.38","0.12","50","50","FFEnemyNeutral","FFEnemyNeutral","0","100","2024-04-30 09:15:44"
"5cfb82a12bcca70018252f81","FullPilot","0","38","-1","2","50","50","1","0","1049","1318","1","0","6","9","0.12","0.18","50","50","FFEnemyNeutral","FFEnemyNeutral","0","1100","2024-04-30 09:15:46"
"63316daa57747115376760da","FullPilot","0","48","-1","2","50","50","0","1","415","683","0","1","9","44","0.18","0.88","50","50","FFEnemyNeutral","FFEnemyNeutral","0","1250","2024-04-30 09:15:47"
"650ee274aa4447ac435b7830","FullPilot","0","6","-1","2","50","50","0","1","743","1048","0","1","19","37","0.38","0.73","50","50","FFEnemyNeutral","FFEnemyNeutral","0","100","2024-04-30 09:15:47"
"5cfb82a12bcca70018252f81","FullPilot","0","39","-1","2","50","50","1","0","515","800","1","0","25","41","0.5","0.82","50","50","FFEnemyNeutral","FFEnemyNeutral","1","1150","2024-04-30 09:15:49"
"63316daa57747115376760da","FullPilot","0","49","-1","2","50","50","1","0","418","621","1","0","9","37","0.18","0.73","50","50","FFEnemyNeutral","FFEnemyNeutral","1","1300","2024-04-30 09:15:49"
"650ee274aa4447ac435b7830","FullPilot","0","7","-1","2","50","50","1","0","638","833","1","0","14","41","0.27","0.82","50","50","FFEnemyNeutral","FFEnemyNeutral","1","150","2024-04-30 09:15:50"
"5cfb82a12bcca70018252f81","FullPilot","0","40","-1","2","50","50","1","0","399","616","1","0","14","44","0.27","0.88","50","50","FFEnemyNeutral","FFEnemyNeutral","1","1200","2024-04-30 09:15:51"
"63316daa57747115376760da","FullPilot","0","50","-1","2","50","50","0","1","454","696","0","1","19","37","0.38","0.73","50","50","FFEnemyNeutral","FFEnemyNeutral","1","1350","2024-04-30 09:15:52"
"650ee274aa4447ac435b7830","FullPilot","0","8","-1","1","50","50","0","0","680","951","0","1","41","31","0.82","0.62","50","50","FFEnemyNeutral","FFEnemyNeutral","1","200","2024-04-30 09:15:52"
"5cfb82a12bcca70018252f81","FullPilot","0","41","-1","2","50","50","1","0","531","750","1","0","31","41","0.62","0.82","50","50","FFEnemyNeutral","FFEnemyNeutral","1","1250","2024-04-30 09:15:54"
"63316daa57747115376760da","FullPilot","0","51","-1","2","50","50","1","0","366","584","1","0","14","37","0.27","0.73","50","50","FFEnemyNeutral","FFEnemyNeutral","1","1400","2024-04-30 09:15:54"
"650ee274aa4447ac435b7830","FullPilot","0","9","-1","1","50","50","0","0","582","825","0","1","31","9","0.62","0.18","50","50","FFEnemyNeutral","FFEnemyNeutral","0","200","2024-04-30 09:15:55"
"5cfb82a12bcca70018252f81","FullPilot","0","42","-1","1","50","50","0","0","647","949","0","1","19","9","0.38","0.18","50","50","FFEnemyNeutral","FFEnemyNeutral","0","1250","2024-04-30 09:15:57"
"63316daa57747115376760da","FullPilot","0","52","-1","1","50","50","0","0","450","717","0","1","31","9","0.62","0.18","50","50","FFEnemyNeutral","FFEnemyNeutral","1","1450","2024-04-30 09:15:57"
"650ee274aa4447ac435b7830","FullPilot","0","10","-1","2","50","50","1","0","479","715","1","0","19","9","0.38","0.18","50","50","FFEnemyNeutral","FFEnemyNeutral","0","200","2024-04-30 09:15:58"
"5cfb82a12bcca70018252f81","FullPilot","0","43","-1","1","50","50","1","1","432","668","1","0","44","9","0.88","0.18","50","50","FFEnemyNeutral","FFEnemyNeutral","1","1300","2024-04-30 09:15:59"
"63316daa57747115376760da","FullPilot","0","53","-1","1","50","50","1","1","965","1133","1","0","41","37","0.82","0.73","50","50","FFEnemyNeutral","FFEnemyNeutral","1","1500","2024-04-30 09:16:00"
"650ee274aa4447ac435b7830","FullPilot","0","11","-1","2","50","50","0","1","381","936","0","1","14","6","0.27","0.12","50","50","FFEnemyNeutral","FFEnemyNeutral","0","200","2024-04-30 09:16:00"
"5cfb82a12bcca70018252f81","FullPilot","0","44","-1","2","50","50","1","0","433","683","1","0","14","37","0.27","0.73","50","50","FFEnemyNeutral","FFEnemyNeutral","1","1350","2024-04-30 09:16:02"
"63316daa57747115376760da","FullPilot","0","54","-1","2","50","50","0","1","432","660","0","1","14","44","0.27","0.88","50","50","FFEnemyNeutral","FFEnemyNeutral","1","1550","2024-04-30 09:16:02"
"650ee274aa4447ac435b7830","FullPilot","0","12","-1","2","50","50","0","1","763","999","0","1","41","19","0.82","0.38","50","50","FFEnemyNeutral","FFEnemyNeutral","1","250","2024-04-30 09:16:03"
"5cfb82a12bcca70018252f81","FullPilot","0","45","-1","1","50","50","1","1","452","719","1","0","37","6","0.73","0.12","50","50","FFEnemyNeutral","FFEnemyNeutral","1","1400","2024-04-30 09:16:04"
"63316daa57747115376760da","FullPilot","0","55","-1","2","50","50","0","1","465","666","0","1","25","37","0.5","0.73","50","50","FFEnemyNeutral","FFEnemyNeutral","0","1550","2024-04-30 09:16:05"
"650ee274aa4447ac435b7830","FullPilot","0","13","-1","2","50","50","1","0","1020","1250","1","0","44","37","0.88","0.73","50","50","FFEnemyNeutral","FFEnemyNeutral","1","300","2024-04-30 09:16:06"
"5cfb82a12bcca70018252f81","FullPilot","0","46","-1","2","50","50","1","0","467","714","1","0","14","25","0.27","0.5","50","50","FFEnemyNeutral","FFEnemyNeutral","1","1450","2024-04-30 09:16:07"
"63316daa57747115376760da","FullPilot","0","56","-1","2","50","50","1","0","420","583","1","0","6","41","0.12","0.82","50","50","FFEnemyNeutral","FFEnemyNeutral","1","1600","2024-04-30 09:16:08"
"650ee274aa4447ac435b7830","FullPilot","0","14","-1","1","50","50","0","0","776","1076","0","1","37","25","0.73","0.5","50","50","FFEnemyNeutral","FFEnemyNeutral","1","350","2024-04-30 09:16:09"
"5cfb82a12bcca70018252f81","FullPilot","0","47","-1","2","50","50","1","0","398","648","1","0","19","31","0.38","0.62","50","50","FFEnemyNeutral","FFEnemyNeutral","0","1450","2024-04-30 09:16:09"
"63316daa57747115376760da","FullPilot","0","57","-1","1","50","50","1","1","382","566","1","0","37","19","0.73","0.38","50","50","FFEnemyNeutral","FFEnemyNeutral","1","1650","2024-04-30 09:16:10"
"650ee274aa4447ac435b7830","FullPilot","0","15","-1","2","50","50","1","0","541","721","1","0","6","44","0.12","0.88","50","50","FFEnemyNeutral","FFEnemyNeutral","1","400","2024-04-30 09:16:12"
"5cfb82a12bcca70018252f81","FullPilot","0","48","-1","2","50","50","1","0","348","581","1","0","6","31","0.12","0.62","50","50","FFEnemyNeutral","FFEnemyNeutral","1","1500","2024-04-30 09:16:12"
"63316daa57747115376760da","FullPilot","0","58","-1","2","50","50","1","0","399","585","1","0","37","44","0.73","0.88","50","50","FFEnemyNeutral","FFEnemyNeutral","1","1700","2024-04-30 09:16:12"
"650ee274aa4447ac435b7830","FullPilot","0","16","-1","2","50","50","0","1","680","1090","0","1","41","44","0.82","0.88","50","50","FFEnemyNeutral","FFEnemyNeutral","1","450","2024-04-30 09:16:14"
"5cfb82a12bcca70018252f81","FullPilot","0","49","-1","1","50","50","1","1","419","634","1","0","19","6","0.38","0.12","50","50","FFEnemyNeutral","FFEnemyNeutral","1","1550","2024-04-30 09:16:14"
"63316daa57747115376760da","FullPilot","0","59","-1","2","50","50","1","0","399","566","1","0","6","31","0.12","0.62","50","50","FFEnemyNeutral","FFEnemyNeutral","1","1750","2024-04-30 09:16:15"
"650ee274aa4447ac435b7830","FullPilot","0","17","-1","1","50","50","0","0","743","978","0","1","37","14","0.73","0.27","50","50","FFEnemyNeutral","FFEnemyNeutral","0","450","2024-04-30 09:16:17"
"5cfb82a12bcca70018252f81","FullPilot","0","50","-1","2","50","50","0","1","767","1034","0","1","41","44","0.82","0.88","50","50","FFEnemyNeutral","FFEnemyNeutral","1","1600","2024-04-30 09:16:17"
"63316daa57747115376760da","FullPilot","0","60","-1","1","50","50","1","1","385","565","1","0","44","25","0.88","0.5","50","50","FFEnemyNeutral","FFEnemyNeutral","1","1800","2024-04-30 09:16:17"
"650ee274aa4447ac435b7830","FullPilot","0","18","-1","1","50","50","1","1","763","978","1","0","44","41","0.88","0.82","50","50","FFEnemyNeutral","FFEnemyNeutral","1","500","2024-04-30 09:16:20"
"5cfb82a12bcca70018252f81","FullPilot","0","51","-1","2","50","50","0","1","565","849","0","1","37","44","0.73","0.88","50","50","FFEnemyNeutral","FFEnemyNeutral","1","1650","2024-04-30 09:16:20"
"63316daa57747115376760da","FullPilot","0","61","-1","1","50","50","0","0","482","650","0","1","37","31","0.73","0.62","50","50","FFEnemyNeutral","FFEnemyNeutral","1","1850","2024-04-30 09:16:20"
"650ee274aa4447ac435b7830","FullPilot","0","19","-1","2","50","50","0","1","659","860","0","1","14","37","0.27","0.73","50","50","FFEnemyNeutral","FFEnemyNeutral","0","500","2024-04-30 09:16:22"
"5cfb82a12bcca70018252f81","FullPilot","0","52","-1","1","50","50","0","0","484","767","0","1","37","19","0.73","0.38","50","50","FFEnemyNeutral","FFEnemyNeutral","1","1700","2024-04-30 09:16:22"
"63316daa57747115376760da","FullPilot","0","62","-1","2","50","50","0","1","415","602","0","1","9","31","0.18","0.62","50","50","FFEnemyNeutral","FFEnemyNeutral","1","1900","2024-04-30 09:16:22"
"63316daa57747115376760da","FullPilot","0","63","-1","1","50","50","0","0","433","568","0","1","44","31","0.88","0.62","50","50","FFEnemyNeutral","FFEnemyNeutral","1","1950","2024-04-30 09:16:25"
"5cfb82a12bcca70018252f81","FullPilot","0","53","-1","1","50","50","1","1","462","746","1","0","31","6","0.62","0.12","50","50","FFEnemyNeutral","FFEnemyNeutral","0","1700","2024-04-30 09:16:25"
"650ee274aa4447ac435b7830","FullPilot","0","20","-1","2","50","50","1","0","499","680","1","0","9","44","0.18","0.88","50","50","FFEnemyNeutral","FFEnemyNeutral","1","550","2024-04-30 09:16:25"
"63316daa57747115376760da","FullPilot","0","64","-1","2","50","50","0","1","396","580","0","1","9","41","0.18","0.82","50","50","FFEnemyNeutral","FFEnemyNeutral","1","2000","2024-04-30 09:16:27"
"650ee274aa4447ac435b7830","FullPilot","0","21","-1","1","50","50","1","1","562","777","1","0","41","14","0.82","0.27","50","50","FFEnemyNeutral","FFEnemyNeutral","1","600","2024-04-30 09:16:27"
"5cfb82a12bcca70018252f81","FullPilot","0","54","-1","1","50","50","1","1","497","734","1","0","41","31","0.82","0.62","50","50","FFEnemyNeutral","FFEnemyNeutral","1","1750","2024-04-30 09:16:28"
"63316daa57747115376760da","FullPilot","0","65","-1","1","50","50","0","0","416","566","0","1","25","14","0.5","0.27","50","50","FFEnemyNeutral","FFEnemyNeutral","1","2050","2024-04-30 09:16:30"
"650ee274aa4447ac435b7830","FullPilot","0","22","-1","1","50","50","1","1","1298","1444","1","0","25","9","0.5","0.18","50","50","FFEnemyNeutral","FFEnemyNeutral","1","650","2024-04-30 09:16:31"
"5cfb82a12bcca70018252f81","FullPilot","0","55","-1","2","50","50","1","0","1015","1200","1","0","6","19","0.12","0.38","50","50","FFEnemyNeutral","FFEnemyNeutral","1","1800","2024-04-30 09:16:31"
"63316daa57747115376760da","FullPilot","0","66","-1","2","50","50","1","0","375","524","1","0","19","41","0.38","0.82","50","50","FFEnemyNeutral","FFEnemyNeutral","1","2100","2024-04-30 09:16:32"
"5cfb82a12bcca70018252f81","FullPilot","0","56","-1","2","50","50","0","1","451","767","0","1","6","37","0.12","0.73","50","50","FFEnemyNeutral","FFEnemyNeutral","1","1850","2024-04-30 09:16:33"
"63316daa57747115376760da","FullPilot","0","67","-1","2","50","50","0","1","598","800","0","1","41","44","0.82","0.88","50","50","FFEnemyNeutral","FFEnemyNeutral","1","2150","2024-04-30 09:16:35"
"650ee274aa4447ac435b7830","FullPilot","0","23","-1","0","50","50","0","0","2700","0","0","1","41","37","0.82","0.73","50","50","FFEnemyNeutral","FFEnemyNeutral","0","650","2024-04-30 09:16:35"
"5cfb82a12bcca70018252f81","FullPilot","0","57","-1","2","50","50","1","0","449","702","1","0","9","31","0.18","0.62","50","50","FFEnemyNeutral","FFEnemyNeutral","1","1900","2024-04-30 09:16:36"
"63316daa57747115376760da","FullPilot","0","68","-1","2","50","50","1","0","401","518","1","0","31","44","0.62","0.88","50","50","FFEnemyNeutral","FFEnemyNeutral","1","2200","2024-04-30 09:16:37"
"650ee274aa4447ac435b7830","FullPilot","0","24","-1","2","50","50","1","0","1117","1374","1","0","9","6","0.18","0.12","50","50","FFEnemyNeutral","FFEnemyNeutral","0","650","2024-04-30 09:16:38"
"5cfb82a12bcca70018252f81","FullPilot","0","58","-1","1","50","50","0","0","484","835","0","1","25","6","0.5","0.12","50","50","FFEnemyNeutral","FFEnemyNeutral","0","1900","2024-04-30 09:16:38"
"63316daa57747115376760da","FullPilot","0","69","-1","2","50","50","0","1","427","567","0","1","19","25","0.38","0.5","50","50","FFEnemyNeutral","FFEnemyNeutral","0","2200","2024-04-30 09:16:40"
"5cfb82a12bcca70018252f81","FullPilot","0","59","-1","1","50","50","0","0","466","684","0","1","37","14","0.73","0.27","50","50","FFEnemyNeutral","FFEnemyNeutral","1","1950","2024-04-30 09:16:41"
"650ee274aa4447ac435b7830","FullPilot","0","25","-1","1","50","50","0","0","618","1222","0","1","31","44","0.62","0.88","50","50","FFEnemyNeutral","FFEnemyNeutral","1","700","2024-04-30 09:16:41"
"63316daa57747115376760da","FullPilot","0","70","-1","1","50","50","1","1","349","467","1","0","37","6","0.73","0.12","50","50","FFEnemyNeutral","FFEnemyNeutral","1","2250","2024-04-30 09:16:43"
"5cfb82a12bcca70018252f81","FullPilot","0","60","-1","1","50","50","1","1","499","884","1","0","44","6","0.88","0.12","50","50","FFEnemyNeutral","FFEnemyNeutral","1","2000","2024-04-30 09:16:44"
"650ee274aa4447ac435b7830","FullPilot","0","26","-1","2","50","50","0","1","999","1443","0","1","19","25","0.38","0.5","50","50","FFEnemyNeutral","FFEnemyNeutral","0","700","2024-04-30 09:16:44"
"63316daa57747115376760da","FullPilot","0","71","-1","2","50","50","0","1","481","649","0","1","14","19","0.27","0.38","50","50","FFEnemyNeutral","FFEnemyNeutral","1","2300","2024-04-30 09:16:45"
"5cfb82a12bcca70018252f81","FullPilot","0","61","-1","2","50","50","1","0","547","800","1","0","9","19","0.18","0.38","50","50","FFEnemyNeutral","FFEnemyNeutral","0","2000","2024-04-30 09:16:46"
"650ee274aa4447ac435b7830","FullPilot","0","27","-1","2","50","50","1","0","1104","1305","1","0","31","37","0.62","0.73","50","50","FFEnemyNeutral","FFEnemyNeutral","1","750","2024-04-30 09:16:47"
"5cfb82a12bcca70018252f81","FullPilot","0","62","-1","1","50","50","1","1","537","784","1","0","37","9","0.73","0.18","50","50","FFEnemyNeutral","FFEnemyNeutral","1","2050","2024-04-30 09:16:49"
"650ee274aa4447ac435b7830","FullPilot","0","28","-1","1","50","50","1","1","1437","1715","1","0","44","31","0.88","0.62","50","50","FFEnemyNeutral","FFEnemyNeutral","1","800","2024-04-30 09:16:51"
"5cfb82a12bcca70018252f81","FullPilot","0","63","-1","1","50","50","0","0","714","965","0","1","14","9","0.27","0.18","50","50","FFEnemyNeutral","FFEnemyNeutral","1","2100","2024-04-30 09:16:52"
"650ee274aa4447ac435b7830","FullPilot","0","29","-1","2","50","50","0","1","881","1145","0","1","9","25","0.18","0.5","50","50","FFEnemyNeutral","FFEnemyNeutral","0","800","2024-04-30 09:16:54"
"5cfb82a12bcca70018252f81","FullPilot","0","64","-1","1","50","50","1","1","449","599","1","0","31","9","0.62","0.18","50","50","FFEnemyNeutral","FFEnemyNeutral","1","2150","2024-04-30 09:16:54"
"650ee274aa4447ac435b7830","FullPilot","0","30","-1","2","50","50","1","0","916","1076","1","0","25","14","0.5","0.27","50","50","FFEnemyNeutral","FFEnemyNeutral","0","800","2024-04-30 09:16:57"
"5cfb82a12bcca70018252f81","FullPilot","0","65","-1","2","50","50","1","0","465","599","1","0","31","44","0.62","0.88","50","50","FFEnemyNeutral","FFEnemyNeutral","1","2200","2024-04-30 09:16:57"
"5cfb82a12bcca70018252f81","FullPilot","0","66","-1","1","50","50","0","0","448","669","0","1","44","19","0.88","0.38","50","50","FFEnemyNeutral","FFEnemyNeutral","1","2250","2024-04-30 09:16:59"
"650ee274aa4447ac435b7830","FullPilot","0","31","-1","2","50","50","1","0","1125","1312","1","0","6","41","0.12","0.82","50","50","FFEnemyNeutral","FFEnemyNeutral","1","850","2024-04-30 09:17:00"
"5cfb82a12bcca70018252f81","FullPilot","0","67","-1","2","50","50","1","0","482","651","1","0","25","37","0.5","0.73","50","50","FFEnemyNeutral","FFEnemyNeutral","1","2300","2024-04-30 09:17:02"
"650ee274aa4447ac435b7830","FullPilot","0","32","-1","2","50","50","0","1","1124","1590","0","1","9","31","0.18","0.62","50","50","FFEnemyNeutral","FFEnemyNeutral","1","900","2024-04-30 09:17:03"
"5cfb82a12bcca70018252f81","FullPilot","0","68","-1","1","50","50","1","1","749","1016","1","0","44","37","0.88","0.73","50","50","FFEnemyNeutral","FFEnemyNeutral","1","2350","2024-04-30 09:17:04"
"650ee274aa4447ac435b7830","FullPilot","0","33","-1","2","50","50","1","0","923","1131","1","0","14","31","0.27","0.62","50","50","FFEnemyNeutral","FFEnemyNeutral","1","950","2024-04-30 09:17:06"
"5cfb82a12bcca70018252f81","FullPilot","0","69","-1","1","50","50","0","0","582","852","0","1","37","31","0.73","0.62","50","50","FFEnemyNeutral","FFEnemyNeutral","1","2400","2024-04-30 09:17:07"
"650ee274aa4447ac435b7830","FullPilot","0","34","-1","2","50","50","1","0","958","1181","1","0","6","37","0.12","0.73","50","50","FFEnemyNeutral","FFEnemyNeutral","1","1000","2024-04-30 09:17:09"
"5cfb82a12bcca70018252f81","FullPilot","0","70","-1","1","50","50","0","0","448","731","0","1","44","14","0.88","0.27","50","50","FFEnemyNeutral","FFEnemyNeutral","1","2450","2024-04-30 09:17:10"
"650ee274aa4447ac435b7830","FullPilot","0","35","-1","1","50","50","1","1","895","1145","1","0","44","6","0.88","0.12","50","50","FFEnemyNeutral","FFEnemyNeutral","1","1050","2024-04-30 09:17:11"
"5cfb82a12bcca70018252f81","FullPilot","0","71","-1","2","50","50","1","0","449","717","1","0","14","31","0.27","0.62","50","50","FFEnemyNeutral","FFEnemyNeutral","1","2500","2024-04-30 09:17:12"
"650ee274aa4447ac435b7830","FullPilot","0","36","-1","1","50","50","1","1","777","1062","1","0","41","9","0.82","0.18","50","50","FFEnemyNeutral","FFEnemyNeutral","1","1100","2024-04-30 09:17:14"
"650ee274aa4447ac435b7830","FullPilot","0","37","-1","2","50","50","1","0","923","1250","1","0","9","37","0.18","0.73","50","50","FFEnemyNeutral","FFEnemyNeutral","1","1150","2024-04-30 09:17:17"
"650ee274aa4447ac435b7830","FullPilot","0","38","-1","1","50","50","1","1","721","985","1","0","31","6","0.62","0.12","50","50","FFEnemyNeutral","FFEnemyNeutral","1","1200","2024-04-30 09:17:20"
"650ee274aa4447ac435b7830","FullPilot","0","39","-1","2","50","50","0","1","958","1228","0","1","6","19","0.12","0.38","50","50","FFEnemyNeutral","FFEnemyNeutral","0","1200","2024-04-30 09:17:23"
"650ee274aa4447ac435b7830","FullPilot","0","40","-1","1","50","50","0","0","923","1264","0","1","37","6","0.73","0.12","50","50","FFEnemyNeutral","FFEnemyNeutral","1","1250","2024-04-30 09:17:26"
"650ee274aa4447ac435b7830","FullPilot","0","41","-1","1","50","50","0","0","881","1145","0","1","37","19","0.73","0.38","50","50","FFEnemyNeutral","FFEnemyNeutral","1","1300","2024-04-30 09:17:29"
"650ee274aa4447ac435b7830","FullPilot","0","42","-1","1","50","50","0","0","819","1187","0","1","31","14","0.62","0.27","50","50","FFEnemyNeutral","FFEnemyNeutral","0","1300","2024-04-30 09:17:31"
"650ee274aa4447ac435b7830","FullPilot","0","43","-1","1","50","50","1","1","819","1069","1","0","25","6","0.5","0.12","50","50","FFEnemyNeutral","FFEnemyNeutral","1","1350","2024-04-30 09:17:34"
"650ee274aa4447ac435b7830","FullPilot","0","44","-1","1","50","50","1","1","895","1173","1","0","44","14","0.88","0.27","50","50","FFEnemyNeutral","FFEnemyNeutral","1","1400","2024-04-30 09:17:37"
"650ee274aa4447ac435b7830","FullPilot","0","45","-1","2","50","50","0","1","2000","2208","0","1","37","41","0.73","0.82","50","50","FFEnemyNeutral","FFEnemyNeutral","1","1450","2024-04-30 09:17:41"
"650ee274aa4447ac435b7830","FullPilot","0","46","-1","2","50","50","0","1","1416","2166","1","1","9","14","0.18","0.27","50","50","FFEnemyNeutral","FFEnemyNeutral","0","1450","2024-04-30 09:17:44"
"650ee274aa4447ac435b7830","FullPilot","0","47","-1","2","50","50","1","0","875","1473","1","1","25","41","0.5","0.82","50","50","FFEnemyNeutral","FFEnemyNeutral","1","1500","2024-04-30 09:17:48"
"63316daa57747115376760da","FullPilot","1","0","-2","2","61","54","1","0","994","1205","1","0","67","33","1","1","67","33","FFEnemyShipNocolors2","FFEnemyShipNocolors5","1","54","2024-04-30 09:17:50"
"650ee274aa4447ac435b7830","FullPilot","0","48","-1","2","50","50","0","1","1041","1270","0","1","14","19","0.27","0.38","50","50","FFEnemyNeutral","FFEnemyNeutral","1","1550","2024-04-30 09:17:51"
"63316daa57747115376760da","FullPilot","1","1","-2","1","60","63","0","0","1166","1950","1","1","67","33","1","1","67","33","FFEnemyShipNocolors2","FFEnemyShipNocolors5","1","114","2024-04-30 09:17:53"
"650ee274aa4447ac435b7830","FullPilot","0","49","-1","1","50","50","0","0","1021","1305","0","1","37","9","0.73","0.18","50","50","FFEnemyNeutral","FFEnemyNeutral","1","1600","2024-04-30 09:17:54"
"650ee274aa4447ac435b7830","FullPilot","0","50","-1","1","50","50","1","1","936","1200","1","0","25","19","0.5","0.38","50","50","FFEnemyNeutral","FFEnemyNeutral","1","1650","2024-04-30 09:17:56"
"63316daa57747115376760da","FullPilot","1","2","-2","1","82","37","1","1","1051","1284","1","0","67","33","1","1","67","33","FFEnemyShipNocolors2","FFEnemyShipNocolors5","1","196","2024-04-30 09:17:57"
"650ee274aa4447ac435b7830","FullPilot","0","51","-1","2","50","50","1","0","819","1041","1","0","14","25","0.27","0.5","50","50","FFEnemyNeutral","FFEnemyNeutral","0","1650","2024-04-30 09:17:59"
"63316daa57747115376760da","FullPilot","1","3","-2","1","49","46","1","1","949","1201","1","0","67","33","1","1","67","33","FFEnemyShipNocolors2","FFEnemyShipNocolors5","1","245","2024-04-30 09:18:00"
"650ee274aa4447ac435b7830","FullPilot","0","52","-1","2","50","50","0","1","1013","1290","0","1","9","41","0.18","0.82","50","50","FFEnemyNeutral","FFEnemyNeutral","0","1650","2024-04-30 09:18:02"
"63316daa57747115376760da","FullPilot","1","4","-2","1","67","30","1","1","882","1135","1","0","67","33","1","1","67","33","FFEnemyShipNocolors2","FFEnemyShipNocolors5","1","312","2024-04-30 09:18:03"
"650ee274aa4447ac435b7830","FullPilot","0","53","-1","2","50","50","1","0","1041","1270","1","0","19","44","0.38","0.88","50","50","FFEnemyNeutral","FFEnemyNeutral","1","1700","2024-04-30 09:18:05"
"63316daa57747115376760da","FullPilot","1","5","-2","2","40","33","1","0","1147","1414","1","0","67","33","1","1","67","33","FFEnemyShipNocolors2","FFEnemyShipNocolors5","1","345","2024-04-30 09:18:06"
"650ee274aa4447ac435b7830","FullPilot","0","54","-1","1","50","50","0","0","1374","1645","0","1","44","19","0.88","0.38","50","50","FFEnemyNeutral","FFEnemyNeutral","1","1750","2024-04-30 09:18:09"
"63316daa57747115376760da","FullPilot","1","6","-2","2","85","22","1","0","1065","1316","1","0","67","33","1","1","67","33","FFEnemyShipNocolors2","FFEnemyShipNocolors5","1","367","2024-04-30 09:18:10"
"650ee274aa4447ac435b7830","FullPilot","0","55","-1","2","50","50","0","1","902","1145","0","1","31","41","0.62","0.82","50","50","FFEnemyNeutral","FFEnemyNeutral","1","1800","2024-04-30 09:18:12"
"63316daa57747115376760da","FullPilot","1","7","-2","2","91","49","1","0","999","1233","1","0","67","33","1","1","67","33","FFEnemyShipNocolors2","FFEnemyShipNocolors5","1","416","2024-04-30 09:18:13"
"650ee274aa4447ac435b7830","FullPilot","0","56","-1","2","50","50","0","1","923","1138","0","1","6","25","0.12","0.5","50","50","FFEnemyNeutral","FFEnemyNeutral","0","1800","2024-04-30 09:18:14"
"63316daa57747115376760da","FullPilot","1","8","-2","1","82","35","0","0","897","1131","0","1","67","33","1","1","67","33","FFEnemyShipNocolors2","FFEnemyShipNocolors5","1","498","2024-04-30 09:18:16"
"650ee274aa4447ac435b7830","FullPilot","0","57","-1","2","50","50","1","0","1020","1187","1","0","6","9","0.12","0.18","50","50","FFEnemyNeutral","FFEnemyNeutral","0","1800","2024-04-30 09:18:17"
"5cfb82a12bcca70018252f81","FullPilot","1","0","-2","1","76","35","1","1","1467","1784","1","0","67","33","1","1","67","33","FFEnemyShipNocolors5","FFEnemyShipNocolors2","1","76","2024-04-30 09:18:18"
"63316daa57747115376760da","FullPilot","1","9","-2","1","95","55","1","1","967","1167","1","0","67","33","1","1","67","33","FFEnemyShipNocolors2","FFEnemyShipNocolors5","1","593","2024-04-30 09:18:19"
"650ee274aa4447ac435b7830","FullPilot","0","58","-1","2","50","50","0","1","819","1000","0","1","6","31","0.12","0.62","50","50","FFEnemyNeutral","FFEnemyNeutral","0","1800","2024-04-30 09:18:20"
"5cfb82a12bcca70018252f81","FullPilot","1","1","-2","2","15","7","1","0","1663","1967","1","0","67","33","1","1","67","33","FFEnemyShipNocolors5","FFEnemyShipNocolors2","1","83","2024-04-30 09:18:21"
"63316daa57747115376760da","FullPilot","1","10","-2","1","50","0","1","1","915","1118","1","0","67","33","1","1","67","33","FFEnemyShipNocolors2","FFEnemyShipNocolors5","1","643","2024-04-30 09:18:22"
"650ee274aa4447ac435b7830","FullPilot","0","59","-1","2","50","50","1","0","819","1013","1","0","14","44","0.27","0.88","50","50","FFEnemyNeutral","FFEnemyNeutral","1","1850","2024-04-30 09:18:23"
"5cfb82a12bcca70018252f81","FullPilot","1","2","-2","1","87","19","1","1","1233","1500","1","0","67","33","1","1","67","33","FFEnemyShipNocolors5","FFEnemyShipNocolors2","1","170","2024-04-30 09:18:25"
"63316daa57747115376760da","FullPilot","1","11","-2","1","52","15","0","0","916","1150","0","1","67","33","1","1","67","33","FFEnemyShipNocolors2","FFEnemyShipNocolors5","1","695","2024-04-30 09:18:26"
"650ee274aa4447ac435b7830","FullPilot","0","60","-1","2","50","50","0","1","923","1146","0","1","19","31","0.38","0.62","50","50","FFEnemyNeutral","FFEnemyNeutral","1","1900","2024-04-30 09:18:26"
"5cfb82a12bcca70018252f81","FullPilot","1","3","-2","1","62","45","1","1","1116","1400","1","0","67","33","1","1","67","33","FFEnemyShipNocolors5","FFEnemyShipNocolors2","1","232","2024-04-30 09:18:28"
"63316daa57747115376760da","FullPilot","1","12","-2","1","96","32","1","1","833","967","1","0","67","33","1","1","67","33","FFEnemyShipNocolors2","FFEnemyShipNocolors5","1","791","2024-04-30 09:18:29"
"650ee274aa4447ac435b7830","FullPilot","0","61","-1","2","50","50","1","0","1555","1784","1","0","6","14","0.12","0.27","50","50","FFEnemyNeutral","FFEnemyNeutral","1","1950","2024-04-30 09:18:29"
"5cfb82a12bcca70018252f81","FullPilot","1","4","-2","1","55","46","0","0","1736","2049","0","1","67","33","1","1","67","33","FFEnemyShipNocolors5","FFEnemyShipNocolors2","1","287","2024-04-30 09:18:32"
"63316daa57747115376760da","FullPilot","1","13","-2","1","57","8","1","1","908","1076","1","0","67","33","1","1","67","33","FFEnemyShipNocolors2","FFEnemyShipNocolors5","1","848","2024-04-30 09:18:32"
"650ee274aa4447ac435b7830","FullPilot","0","62","-1","2","50","50","0","1","896","1173","0","1","25","44","0.5","0.88","50","50","FFEnemyNeutral","FFEnemyNeutral","0","1950","2024-04-30 09:18:32"
"63316daa57747115376760da","FullPilot","1","14","-2","1","45","13","1","1","782","899","1","0","67","33","1","1","67","33","FFEnemyShipNocolors2","FFEnemyShipNocolors5","1","893","2024-04-30 09:18:35"
"5cfb82a12bcca70018252f81","FullPilot","1","5","-2","1","79","19","1","1","1098","1364","1","0","67","33","1","1","67","33","FFEnemyShipNocolors5","FFEnemyShipNocolors2","1","366","2024-04-30 09:18:35"
"650ee274aa4447ac435b7830","FullPilot","0","63","-1","2","50","50","0","1","917","1215","0","1","19","41","0.38","0.82","50","50","FFEnemyNeutral","FFEnemyNeutral","0","1950","2024-04-30 09:18:35"
"63316daa57747115376760da","FullPilot","1","15","-2","1","90","48","0","0","799","950","0","1","67","33","1","1","67","33","FFEnemyShipNocolors2","FFEnemyShipNocolors5","1","983","2024-04-30 09:18:38"
"5cfb82a12bcca70018252f81","FullPilot","1","6","-2","1","73","23","0","0","1281","1548","0","1","67","33","1","1","67","33","FFEnemyShipNocolors5","FFEnemyShipNocolors2","1","439","2024-04-30 09:18:38"
"650ee274aa4447ac435b7830","FullPilot","0","64","-1","2","50","50","0","1","1041","1446","0","1","25","37","0.5","0.73","50","50","FFEnemyNeutral","FFEnemyNeutral","1","2000","2024-04-30 09:18:39"
"63316daa57747115376760da","FullPilot","1","16","-2","1","44","20","0","0","906","1069","0","1","67","33","1","1","67","33","FFEnemyShipNocolors2","FFEnemyShipNocolors5","1","1027","2024-04-30 09:18:41"
"5cfb82a12bcca70018252f81","FullPilot","1","7","-2","2","46","29","0","1","1265","1499","0","1","67","33","1","1","67","33","FFEnemyShipNocolors5","FFEnemyShipNocolors2","1","468","2024-04-30 09:18:41"
"650ee274aa4447ac435b7830","FullPilot","0","65","-1","1","50","50","1","1","1117","1346","1","0","31","25","0.62","0.5","50","50","FFEnemyNeutral","FFEnemyNeutral","1","2050","2024-04-30 09:18:42"
"63316daa57747115376760da","FullPilot","1","17","-2","1","60","63","1","1","913","1074","1","0","67","33","1","1","67","33","FFEnemyShipNocolors2","FFEnemyShipNocolors5","1","1087","2024-04-30 09:18:44"
"650ee274aa4447ac435b7830","FullPilot","0","66","-1","1","50","50","0","0","936","1215","0","1","44","25","0.88","0.5","50","50","FFEnemyNeutral","FFEnemyNeutral","1","2100","2024-04-30 09:18:44"
"5cfb82a12bcca70018252f81","FullPilot","1","8","-2","2","85","40","1","0","1034","1315","1","0","67","33","1","1","67","33","FFEnemyShipNocolors5","FFEnemyShipNocolors2","1","508","2024-04-30 09:18:45"
"650ee274aa4447ac435b7830","FullPilot","0","67","-1","1","50","50","1","1","1158","1423","1","0","37","31","0.73","0.62","50","50","FFEnemyNeutral","FFEnemyNeutral","1","2150","2024-04-30 09:18:47"
"63316daa57747115376760da","FullPilot","1","18","-2","1","41","60","1","1","779","964","1","0","67","33","1","1","67","33","FFEnemyShipNocolors2","FFEnemyShipNocolors5","1","1128","2024-04-30 09:18:48"
"5cfb82a12bcca70018252f81","FullPilot","1","9","-2","1","66","33","1","1","1049","1251","1","0","67","33","1","1","67","33","FFEnemyShipNocolors5","FFEnemyShipNocolors2","1","574","2024-04-30 09:18:48"
"63316daa57747115376760da","FullPilot","1","19","-2","1","63","13","1","1","749","919","1","0","67","33","1","1","67","33","FFEnemyShipNocolors2","FFEnemyShipNocolors5","1","1191","2024-04-30 09:18:50"
"5cfb82a12bcca70018252f81","FullPilot","1","10","-2","1","73","6","1","1","1115","1333","1","0","67","33","1","1","67","33","FFEnemyShipNocolors5","FFEnemyShipNocolors2","1","647","2024-04-30 09:18:51"
"650ee274aa4447ac435b7830","FullPilot","0","68","-1","0","50","50","0","0","2840","0","1","0","9","19","0.18","0.38","50","50","FFEnemyNeutral","FFEnemyNeutral","0","2150","2024-04-30 09:18:52"
"63316daa57747115376760da","FullPilot","1","20","-2","1","63","38","0","0","949","1134","0","1","67","33","1","1","67","33","FFEnemyShipNocolors2","FFEnemyShipNocolors5","1","1254","2024-04-30 09:18:53"
"5cfb82a12bcca70018252f81","FullPilot","1","11","-2","1","51","11","0","0","1148","1416","0","1","67","33","1","1","67","33","FFEnemyShipNocolors5","FFEnemyShipNocolors2","1","698","2024-04-30 09:18:54"
"650ee274aa4447ac435b7830","FullPilot","0","69","-1","1","50","50","0","0","1764","2021","0","1","19","14","0.38","0.27","50","50","FFEnemyNeutral","FFEnemyNeutral","1","2200","2024-04-30 09:18:55"
"63316daa57747115376760da","FullPilot","1","21","-2","1","75","79","1","1","750","900","1","0","67","33","1","1","67","33","FFEnemyShipNocolors2","FFEnemyShipNocolors5","1","1329","2024-04-30 09:18:57"
"5cfb82a12bcca70018252f81","FullPilot","1","12","-2","1","77","29","1","1","1048","1251","1","0","67","33","1","1","67","33","FFEnemyShipNocolors5","FFEnemyShipNocolors2","1","775","2024-04-30 09:18:57"
"63316daa57747115376760da","FullPilot","1","22","-2","1","99","62","0","0","799","1001","0","1","67","33","1","1","67","33","FFEnemyShipNocolors2","FFEnemyShipNocolors5","1","1428","2024-04-30 09:19:00"
"650ee274aa4447ac435b7830","FullPilot","0","70","-1","0","50","50","0","1","0","0","0","0","37","44","0.73","0.88","50","50","FFEnemyNeutral","FFEnemyNeutral","0","2200","2024-04-30 09:19:00"
"5cfb82a12bcca70018252f81","FullPilot","1","13","-2","1","76","59","1","1","949","1132","1","0","67","33","1","1","67","33","FFEnemyShipNocolors5","FFEnemyShipNocolors2","1","851","2024-04-30 09:19:00"
"63316daa57747115376760da","FullPilot","1","23","-2","1","55","62","0","0","883","1067","0","1","67","33","1","1","67","33","FFEnemyShipNocolors2","FFEnemyShipNocolors5","1","1483","2024-04-30 09:19:03"
"5cfb82a12bcca70018252f81","FullPilot","1","14","-2","1","64","70","0","0","947","1150","0","1","67","33","1","1","67","33","FFEnemyShipNocolors5","FFEnemyShipNocolors2","1","915","2024-04-30 09:19:03"
"650ee274aa4447ac435b7830","FullPilot","0","71","-1","1","50","50","1","1","881","1791","1","2","41","25","0.82","0.5","50","50","FFEnemyNeutral","FFEnemyNeutral","1","2250","2024-04-30 09:19:03"
"63316daa57747115376760da","FullPilot","1","24","-2","1","78","29","0","0","839","1011","0","1","67","33","1","1","67","33","FFEnemyShipNocolors2","FFEnemyShipNocolors5","1","1561","2024-04-30 09:19:06"
"5cfb82a12bcca70018252f81","FullPilot","1","15","-2","1","30","55","1","1","1284","1585","1","0","67","33","1","1","67","33","FFEnemyShipNocolors5","FFEnemyShipNocolors2","1","945","2024-04-30 09:19:07"
"63316daa57747115376760da","FullPilot","1","25","-2","1","66","23","1","1","781","951","1","0","67","33","1","1","67","33","FFEnemyShipNocolors2","FFEnemyShipNocolors5","1","1627","2024-04-30 09:19:09"
"5cfb82a12bcca70018252f81","FullPilot","1","16","-2","1","61","61","0","0","1098","1317","0","1","67","33","1","1","67","33","FFEnemyShipNocolors5","FFEnemyShipNocolors2","1","1006","2024-04-30 09:19:10"
"63316daa57747115376760da","FullPilot","1","26","-2","1","63","47","0","0","835","1013","0","1","67","33","1","1","67","33","FFEnemyShipNocolors2","FFEnemyShipNocolors5","1","1690","2024-04-30 09:19:13"
"5cfb82a12bcca70018252f81","FullPilot","1","17","-2","1","72","49","1","1","934","1150","1","0","67","33","1","1","67","33","FFEnemyShipNocolors5","FFEnemyShipNocolors2","1","1078","2024-04-30 09:19:13"
"63316daa57747115376760da","FullPilot","1","27","-2","1","62","43","1","1","732","950","1","0","67","33","1","1","67","33","FFEnemyShipNocolors2","FFEnemyShipNocolors5","1","1752","2024-04-30 09:19:15"
"5cfb82a12bcca70018252f81","FullPilot","1","18","-2","1","73","3","0","0","964","1215","0","1","67","33","1","1","67","33","FFEnemyShipNocolors5","FFEnemyShipNocolors2","1","1151","2024-04-30 09:19:16"
"63316daa57747115376760da","FullPilot","1","28","-2","1","63","25","1","1","851","1033","1","0","67","33","1","1","67","33","FFEnemyShipNocolors2","FFEnemyShipNocolors5","1","1815","2024-04-30 09:19:19"
"5cfb82a12bcca70018252f81","FullPilot","1","19","-2","1","55","63","0","0","948","1200","0","1","67","33","1","1","67","33","FFEnemyShipNocolors5","FFEnemyShipNocolors2","1","1206","2024-04-30 09:19:19"
"650ee274aa4447ac435b7830","FullPilot","1","0","-2","1","61","49","1","1","1180","1749","1","0","67","33","1","1","67","33","FFEnemyShipNocolors2","FFEnemyShipNocolors5","1","61","2024-04-30 09:19:20"
"63316daa57747115376760da","FullPilot","1","29","-2","1","56","17","1","1","767","916","1","0","67","33","1","1","67","33","FFEnemyShipNocolors2","FFEnemyShipNocolors5","1","1871","2024-04-30 09:19:22"
"5cfb82a12bcca70018252f81","FullPilot","1","20","-2","1","94","45","0","0","900","1087","0","1","67","33","1","1","67","33","FFEnemyShipNocolors5","FFEnemyShipNocolors2","1","1300","2024-04-30 09:19:22"
"650ee274aa4447ac435b7830","FullPilot","1","1","-2","1","45","20","1","1","1041","1291","1","0","67","33","1","1","67","33","FFEnemyShipNocolors2","FFEnemyShipNocolors5","1","106","2024-04-30 09:19:23"
"63316daa57747115376760da","FullPilot","1","30","-2","1","87","33","0","0","833","1003","0","1","67","33","1","1","67","33","FFEnemyShipNocolors2","FFEnemyShipNocolors5","1","1958","2024-04-30 09:19:25"
"5cfb82a12bcca70018252f81","FullPilot","1","21","-2","1","72","24","1","1","1166","1401","1","0","67","33","1","1","67","33","FFEnemyShipNocolors5","FFEnemyShipNocolors2","1","1372","2024-04-30 09:19:25"
"650ee274aa4447ac435b7830","FullPilot","1","2","-2","2","44","40","1","0","1298","1513","1","0","67","33","1","1","67","33","FFEnemyShipNocolors2","FFEnemyShipNocolors5","1","146","2024-04-30 09:19:26"
"63316daa57747115376760da","FullPilot","1","31","-2","1","72","38","0","0","931","1117","0","1","67","33","1","1","67","33","FFEnemyShipNocolors2","FFEnemyShipNocolors5","1","2030","2024-04-30 09:19:28"
"5cfb82a12bcca70018252f81","FullPilot","1","22","-2","1","68","18","0","0","933","1116","0","1","67","33","1","1","67","33","FFEnemyShipNocolors5","FFEnemyShipNocolors2","1","1440","2024-04-30 09:19:29"
"650ee274aa4447ac435b7830","FullPilot","1","3","-2","1","80","23","0","0","881","1145","0","1","67","33","1","1","67","33","FFEnemyShipNocolors2","FFEnemyShipNocolors5","1","226","2024-04-30 09:19:29"
"63316daa57747115376760da","FullPilot","1","32","-2","1","57","64","0","0","866","1052","0","1","67","33","1","1","67","33","FFEnemyShipNocolors2","FFEnemyShipNocolors5","1","2087","2024-04-30 09:19:31"
"5cfb82a12bcca70018252f81","FullPilot","1","23","-2","1","86","84","0","0","914","1166","0","1","67","33","1","1","67","33","FFEnemyShipNocolors5","FFEnemyShipNocolors2","1","1526","2024-04-30 09:19:32"
"650ee274aa4447ac435b7830","FullPilot","1","4","-2","1","51","33","0","0","1319","1562","0","1","67","33","1","1","67","33","FFEnemyShipNocolors2","FFEnemyShipNocolors5","1","277","2024-04-30 09:19:33"
"63316daa57747115376760da","FullPilot","1","33","-2","1","86","3","1","1","762","929","1","0","67","33","1","1","67","33","FFEnemyShipNocolors2","FFEnemyShipNocolors5","1","2173","2024-04-30 09:19:34"
"5cfb82a12bcca70018252f81","FullPilot","1","24","-2","1","55","35","1","1","1016","1186","1","0","67","33","1","1","67","33","FFEnemyShipNocolors5","FFEnemyShipNocolors2","1","1581","2024-04-30 09:19:35"
"650ee274aa4447ac435b7830","FullPilot","1","5","-2","1","87","7","1","1","1061","1270","1","0","67","33","1","1","67","33","FFEnemyShipNocolors2","FFEnemyShipNocolors5","1","364","2024-04-30 09:19:36"
"63316daa57747115376760da","FullPilot","1","34","-2","1","50","13","0","0","947","1115","0","1","67","33","1","1","67","33","FFEnemyShipNocolors2","FFEnemyShipNocolors5","1","2223","2024-04-30 09:19:37"
"5cfb82a12bcca70018252f81","FullPilot","1","25","-2","1","82","53","1","1","967","1182","1","0","67","33","1","1","67","33","FFEnemyShipNocolors5","FFEnemyShipNocolors2","1","1663","2024-04-30 09:19:38"
"650ee274aa4447ac435b7830","FullPilot","1","6","-2","0","72","41","0","1","3000","0","1","0","67","33","1","1","67","33","FFEnemyShipNocolors2","FFEnemyShipNocolors5","0","364","2024-04-30 09:19:40"
"63316daa57747115376760da","FullPilot","1","35","-2","1","23","48","0","0","888","1108","0","1","67","33","1","1","67","33","FFEnemyShipNocolors2","FFEnemyShipNocolors5","1","2246","2024-04-30 09:19:41"
"5cfb82a12bcca70018252f81","FullPilot","1","26","-2","1","57","40","1","1","1082","1333","1","0","67","33","1","1","67","33","FFEnemyShipNocolors5","FFEnemyShipNocolors2","1","1720","2024-04-30 09:19:41"
"650ee274aa4447ac435b7830","FullPilot","1","7","-2","2","24","39","0","1","395","1049","0","1","67","33","1","1","67","33","FFEnemyShipNocolors2","FFEnemyShipNocolors5","1","403","2024-04-30 09:19:43"
"63316daa57747115376760da","FullPilot","1","36","-2","1","96","34","1","1","736","916","1","0","67","33","1","1","67","33","FFEnemyShipNocolors2","FFEnemyShipNocolors5","1","2342","2024-04-30 09:19:43"
"5cfb82a12bcca70018252f81","FullPilot","1","27","-2","1","63","13","0","0","943","1177","0","1","67","33","1","1","67","33","FFEnemyShipNocolors5","FFEnemyShipNocolors2","1","1783","2024-04-30 09:19:44"
"650ee274aa4447ac435b7830","FullPilot","1","8","-2","2","51","41","1","0","1041","1299","1","0","67","33","1","1","67","33","FFEnemyShipNocolors2","FFEnemyShipNocolors5","1","444","2024-04-30 09:19:46"
"63316daa57747115376760da","FullPilot","1","37","-2","1","41","23","1","1","899","1048","1","0","67","33","1","1","67","33","FFEnemyShipNocolors2","FFEnemyShipNocolors5","1","2383","2024-04-30 09:19:46"
"5cfb82a12bcca70018252f81","FullPilot","1","28","-2","1","74","19","0","0","1033","1267","0","1","67","33","1","1","67","33","FFEnemyShipNocolors5","FFEnemyShipNocolors2","1","1857","2024-04-30 09:19:47"
"63316daa57747115376760da","FullPilot","1","38","-2","1","70","21","1","1","785","951","1","0","67","33","1","1","67","33","FFEnemyShipNocolors2","FFEnemyShipNocolors5","1","2453","2024-04-30 09:19:49"
"650ee274aa4447ac435b7830","FullPilot","1","9","-2","1","86","22","0","0","1902","2166","0","1","67","33","1","1","67","33","FFEnemyShipNocolors2","FFEnemyShipNocolors5","1","530","2024-04-30 09:19:50"
"5cfb82a12bcca70018252f81","FullPilot","1","29","-2","1","73","26","0","0","948","1182","0","1","67","33","1","1","67","33","FFEnemyShipNocolors5","FFEnemyShipNocolors2","1","1930","2024-04-30 09:19:50"
"63316daa57747115376760da","FullPilot","1","39","-2","2","36","39","0","1","873","1082","0","1","67","33","1","1","67","33","FFEnemyShipNocolors2","FFEnemyShipNocolors5","1","2492","2024-04-30 09:19:53"
"650ee274aa4447ac435b7830","FullPilot","1","10","-2","1","69","75","1","1","1244","1458","1","0","67","33","1","1","67","33","FFEnemyShipNocolors2","FFEnemyShipNocolors5","1","599","2024-04-30 09:19:53"
"5cfb82a12bcca70018252f81","FullPilot","1","30","-2","1","49","25","0","0","916","1084","0","1","67","33","1","1","67","33","FFEnemyShipNocolors5","FFEnemyShipNocolors2","1","1979","2024-04-30 09:19:53"
"63316daa57747115376760da","FullPilot","1","40","-2","1","32","61","1","1","791","942","1","0","67","33","1","1","67","33","FFEnemyShipNocolors2","FFEnemyShipNocolors5","1","2524","2024-04-30 09:19:55"
"650ee274aa4447ac435b7830","FullPilot","1","11","-2","1","76","26","0","0","985","1194","0","1","67","33","1","1","67","33","FFEnemyShipNocolors2","FFEnemyShipNocolors5","1","675","2024-04-30 09:19:56"
"5cfb82a12bcca70018252f81","FullPilot","1","31","-2","1","61","57","1","1","1416","1685","1","0","67","33","1","1","67","33","FFEnemyShipNocolors5","FFEnemyShipNocolors2","1","2040","2024-04-30 09:19:57"
"63316daa57747115376760da","FullPilot","1","41","-2","1","68","12","0","0","920","1104","0","1","67","33","1","1","67","33","FFEnemyShipNocolors2","FFEnemyShipNocolors5","1","2592","2024-04-30 09:19:59"
"650ee274aa4447ac435b7830","FullPilot","1","12","-2","1","72","50","1","1","1117","1389","1","0","67","33","1","1","67","33","FFEnemyShipNocolors2","FFEnemyShipNocolors5","1","747","2024-04-30 09:19:59"
"5cfb82a12bcca70018252f81","FullPilot","1","32","-2","1","48","45","0","0","982","1171","0","1","67","33","1","1","67","33","FFEnemyShipNocolors5","FFEnemyShipNocolors2","1","2088","2024-04-30 09:20:00"
"650ee274aa4447ac435b7830","FullPilot","1","13","-2","1","79","28","0","0","999","1284","0","1","67","33","1","1","67","33","FFEnemyShipNocolors2","FFEnemyShipNocolors5","1","826","2024-04-30 09:20:02"
"63316daa57747115376760da","FullPilot","1","42","-2","1","37","1","0","0","862","1034","0","1","67","33","1","1","67","33","FFEnemyShipNocolors2","FFEnemyShipNocolors5","1","2629","2024-04-30 09:20:02"
"5cfb82a12bcca70018252f81","FullPilot","1","33","-2","1","46","32","1","1","1000","1165","1","0","67","33","1","1","67","33","FFEnemyShipNocolors5","FFEnemyShipNocolors2","1","2134","2024-04-30 09:20:03"
"650ee274aa4447ac435b7830","FullPilot","1","14","-2","1","66","42","0","0","777","1041","0","1","67","33","1","1","67","33","FFEnemyShipNocolors2","FFEnemyShipNocolors5","1","892","2024-04-30 09:20:05"
"63316daa57747115376760da","FullPilot","1","43","-2","1","33","58","0","0","882","1036","0","1","67","33","1","1","67","33","FFEnemyShipNocolors2","FFEnemyShipNocolors5","1","2662","2024-04-30 09:20:05"
"5cfb82a12bcca70018252f81","FullPilot","1","34","-2","1","76","46","0","0","932","1116","0","1","67","33","1","1","67","33","FFEnemyShipNocolors5","FFEnemyShipNocolors2","1","2210","2024-04-30 09:20:06"
"650ee274aa4447ac435b7830","FullPilot","1","15","-2","1","40","20","1","1","999","1229","1","0","67","33","1","1","67","33","FFEnemyShipNocolors2","FFEnemyShipNocolors5","1","932","2024-04-30 09:20:08"
"63316daa57747115376760da","FullPilot","1","44","-2","1","73","35","1","1","835","982","1","0","67","33","1","1","67","33","FFEnemyShipNocolors2","FFEnemyShipNocolors5","1","2735","2024-04-30 09:20:08"
"5cfb82a12bcca70018252f81","FullPilot","1","35","-2","1","63","29","0","0","884","1118","0","1","67","33","1","1","67","33","FFEnemyShipNocolors5","FFEnemyShipNocolors2","1","2273","2024-04-30 09:20:09"
"650ee274aa4447ac435b7830","FullPilot","1","16","-2","2","42","22","0","1","1020","1291","0","1","67","33","1","1","67","33","FFEnemyShipNocolors2","FFEnemyShipNocolors5","1","954","2024-04-30 09:20:11"
"63316daa57747115376760da","FullPilot","1","45","-2","1","26","1","1","1","803","995","1","0","67","33","1","1","67","33","FFEnemyShipNocolors2","FFEnemyShipNocolors5","1","2761","2024-04-30 09:20:11"
"5cfb82a12bcca70018252f81","FullPilot","1","36","-2","1","54","26","1","1","1034","1232","1","0","67","33","1","1","67","33","FFEnemyShipNocolors5","FFEnemyShipNocolors2","1","2327","2024-04-30 09:20:12"
"650ee274aa4447ac435b7830","FullPilot","1","17","-2","1","42","25","1","1","881","1117","1","0","67","33","1","1","67","33","FFEnemyShipNocolors2","FFEnemyShipNocolors5","1","996","2024-04-30 09:20:14"
"63316daa57747115376760da","FullPilot","1","46","-2","1","62","20","1","1","732","1284","1","0","67","33","1","1","67","33","FFEnemyShipNocolors2","FFEnemyShipNocolors5","1","2823","2024-04-30 09:20:15"
"5cfb82a12bcca70018252f81","FullPilot","1","37","-2","1","83","23","1","1","1033","1267","1","0","67","33","1","1","67","33","FFEnemyShipNocolors5","FFEnemyShipNocolors2","1","2410","2024-04-30 09:20:16"
"650ee274aa4447ac435b7830","FullPilot","1","18","-2","2","56","42","0","1","937","1174","0","1","67","33","1","1","67","33","FFEnemyShipNocolors2","FFEnemyShipNocolors5","1","1038","2024-04-30 09:20:17"
"63316daa57747115376760da","FullPilot","1","47","-2","1","66","51","1","1","783","966","1","0","67","33","1","1","67","33","FFEnemyShipNocolors2","FFEnemyShipNocolors5","1","2889","2024-04-30 09:20:18"
"5cfb82a12bcca70018252f81","FullPilot","1","38","-2","1","45","22","0","0","815","967","0","1","67","33","1","1","67","33","FFEnemyShipNocolors5","FFEnemyShipNocolors2","1","2455","2024-04-30 09:20:19"
"650ee274aa4447ac435b7830","FullPilot","1","19","-2","1","47","19","1","1","1097","1284","1","0","67","33","1","1","67","33","FFEnemyShipNocolors2","FFEnemyShipNocolors5","1","1085","2024-04-30 09:20:20"
"63316daa57747115376760da","FullPilot","1","48","-2","1","53","61","0","0","848","1018","0","1","67","33","1","1","67","33","FFEnemyShipNocolors2","FFEnemyShipNocolors5","1","2942","2024-04-30 09:20:21"
"5cfb82a12bcca70018252f81","FullPilot","1","39","-2","1","87","38","0","0","967","1165","0","1","67","33","1","1","67","33","FFEnemyShipNocolors5","FFEnemyShipNocolors2","1","2542","2024-04-30 09:20:22"
"650ee274aa4447ac435b7830","FullPilot","1","20","-2","1","43","58","0","0","916","1117","0","1","67","33","1","1","67","33","FFEnemyShipNocolors2","FFEnemyShipNocolors5","1","1128","2024-04-30 09:20:23"
"63316daa57747115376760da","FullPilot","1","49","-2","2","54","32","1","0","966","1134","1","0","67","33","1","1","67","33","FFEnemyShipNocolors2","FFEnemyShipNocolors5","1","2974","2024-04-30 09:20:24"
"5cfb82a12bcca70018252f81","FullPilot","1","40","-2","1","76","30","0","0","847","1081","0","1","67","33","1","1","67","33","FFEnemyShipNocolors5","FFEnemyShipNocolors2","1","2618","2024-04-30 09:20:25"
"650ee274aa4447ac435b7830","FullPilot","1","21","-2","1","97","63","1","1","861","1096","1","0","67","33","1","1","67","33","FFEnemyShipNocolors2","FFEnemyShipNocolors5","1","1225","2024-04-30 09:20:26"
"63316daa57747115376760da","FullPilot","1","50","-2","1","95","58","1","1","799","983","1","0","67","33","1","1","67","33","FFEnemyShipNocolors2","FFEnemyShipNocolors5","1","3069","2024-04-30 09:20:27"
"5cfb82a12bcca70018252f81","FullPilot","1","41","-2","1","85","1","1","1","947","1084","1","0","67","33","1","1","67","33","FFEnemyShipNocolors5","FFEnemyShipNocolors2","1","2703","2024-04-30 09:20:28"
"650ee274aa4447ac435b7830","FullPilot","1","22","-2","2","65","9","1","0","1041","1555","1","0","67","33","1","1","67","33","FFEnemyShipNocolors2","FFEnemyShipNocolors5","1","1234","2024-04-30 09:20:29"
"63316daa57747115376760da","FullPilot","1","51","-2","1","69","30","0","0","751","950","0","1","67","33","1","1","67","33","FFEnemyShipNocolors2","FFEnemyShipNocolors5","1","3138","2024-04-30 09:20:31"
"5cfb82a12bcca70018252f81","FullPilot","1","42","-2","1","69","36","0","0","933","1100","0","1","67","33","1","1","67","33","FFEnemyShipNocolors5","FFEnemyShipNocolors2","1","2772","2024-04-30 09:20:31"
"650ee274aa4447ac435b7830","FullPilot","1","23","-2","1","77","21","1","1","916","1146","1","0","67","33","1","1","67","33","FFEnemyShipNocolors2","FFEnemyShipNocolors5","1","1311","2024-04-30 09:20:32"
"63316daa57747115376760da","FullPilot","1","52","-2","1","12","28","1","1","835","1033","1","0","67","33","1","1","67","33","FFEnemyShipNocolors2","FFEnemyShipNocolors5","1","3150","2024-04-30 09:20:34"
"5cfb82a12bcca70018252f81","FullPilot","1","43","-2","1","75","10","0","0","1019","1251","0","1","67","33","1","1","67","33","FFEnemyShipNocolors5","FFEnemyShipNocolors2","1","2847","2024-04-30 09:20:34"
"650ee274aa4447ac435b7830","FullPilot","1","24","-2","2","93","24","1","0","1020","1243","1","0","67","33","1","1","67","33","FFEnemyShipNocolors2","FFEnemyShipNocolors5","1","1335","2024-04-30 09:20:35"
"63316daa57747115376760da","FullPilot","1","53","-2","1","59","62","0","0","832","1000","0","1","67","33","1","1","67","33","FFEnemyShipNocolors2","FFEnemyShipNocolors5","1","3209","2024-04-30 09:20:37"
"5cfb82a12bcca70018252f81","FullPilot","1","44","-2","1","76","23","1","1","949","1082","1","0","67","33","1","1","67","33","FFEnemyShipNocolors5","FFEnemyShipNocolors2","1","2923","2024-04-30 09:20:37"
"650ee274aa4447ac435b7830","FullPilot","1","25","-2","2","28","17","0","1","936","1214","0","1","67","33","1","1","67","33","FFEnemyShipNocolors2","FFEnemyShipNocolors5","1","1352","2024-04-30 09:20:38"
"5cfb82a12bcca70018252f81","FullPilot","1","45","-2","1","52","59","0","0","900","1066","0","1","67","33","1","1","67","33","FFEnemyShipNocolors5","FFEnemyShipNocolors2","1","2975","2024-04-30 09:20:40"
"63316daa57747115376760da","FullPilot","1","54","-2","1","42","19","0","0","799","984","0","1","67","33","1","1","67","33","FFEnemyShipNocolors2","FFEnemyShipNocolors5","1","3251","2024-04-30 09:20:40"
"650ee274aa4447ac435b7830","FullPilot","1","26","-2","1","70","26","1","1","124","1243","2","0","67","33","1","1","67","33","FFEnemyShipNocolors2","FFEnemyShipNocolors5","1","1422","2024-04-30 09:20:41"
"5cfb82a12bcca70018252f81","FullPilot","1","46","-2","1","71","42","0","0","952","1150","0","1","67","33","1","1","67","33","FFEnemyShipNocolors5","FFEnemyShipNocolors2","1","3046","2024-04-30 09:20:43"
"63316daa57747115376760da","FullPilot","1","55","-2","1","50","3","0","0","897","1064","0","1","67","33","1","1","67","33","FFEnemyShipNocolors2","FFEnemyShipNocolors5","1","3301","2024-04-30 09:20:43"
"650ee274aa4447ac435b7830","FullPilot","1","27","-2","0","63","60","0","0","0","0","0","0","67","33","1","1","67","33","FFEnemyShipNocolors2","FFEnemyShipNocolors5","0","1422","2024-04-30 09:20:45"
"5cfb82a12bcca70018252f81","FullPilot","1","47","-2","1","60","20","1","1","983","1170","1","0","67","33","1","1","67","33","FFEnemyShipNocolors5","FFEnemyShipNocolors2","1","3106","2024-04-30 09:20:46"
"63316daa57747115376760da","FullPilot","1","56","-2","1","70","28","0","0","849","1015","0","1","67","33","1","1","67","33","FFEnemyShipNocolors2","FFEnemyShipNocolors5","1","3371","2024-04-30 09:20:47"
"5cfb82a12bcca70018252f81","FullPilot","1","48","-2","1","84","42","0","0","913","1098","0","1","67","33","1","1","67","33","FFEnemyShipNocolors5","FFEnemyShipNocolors2","1","3190","2024-04-30 09:20:50"
"63316daa57747115376760da","FullPilot","1","57","-2","1","77","64","0","0","832","983","0","1","67","33","1","1","67","33","FFEnemyShipNocolors2","FFEnemyShipNocolors5","1","3448","2024-04-30 09:20:50"
"650ee274aa4447ac435b7830","FullPilot","1","28","-2","0","48","59","0","0","3305","0","0","1","67","33","1","1","67","33","FFEnemyShipNocolors2","FFEnemyShipNocolors5","0","1422","2024-04-30 09:20:50"
"5cfb82a12bcca70018252f81","FullPilot","1","49","-2","1","83","57","1","1","935","1150","1","0","67","33","1","1","67","33","FFEnemyShipNocolors5","FFEnemyShipNocolors2","1","3273","2024-04-30 09:20:53"
"63316daa57747115376760da","FullPilot","1","58","-2","1","61","36","1","1","848","1000","1","0","67","33","1","1","67","33","FFEnemyShipNocolors2","FFEnemyShipNocolors5","1","3509","2024-04-30 09:20:53"
"650ee274aa4447ac435b7830","FullPilot","1","29","-2","1","73","9","1","1","215","1680","2","0","67","33","1","1","67","33","FFEnemyShipNocolors2","FFEnemyShipNocolors5","1","1495","2024-04-30 09:20:53"
"5cfb82a12bcca70018252f81","FullPilot","1","50","-2","1","35","46","1","1","1000","1201","1","0","67","33","1","1","67","33","FFEnemyShipNocolors5","FFEnemyShipNocolors2","1","3308","2024-04-30 09:20:56"
"63316daa57747115376760da","FullPilot","1","59","-2","1","59","39","0","0","866","1067","0","1","67","33","1","1","67","33","FFEnemyShipNocolors2","FFEnemyShipNocolors5","1","3568","2024-04-30 09:20:56"
"650ee274aa4447ac435b7830","FullPilot","1","30","-2","2","53","53","1","0","1381","1673","1","0","67","33","1","1","67","33","FFEnemyShipNocolors2","FFEnemyShipNocolors5","1","1548","2024-04-30 09:20:57"
"5cfb82a12bcca70018252f81","FullPilot","1","51","-2","1","97","17","1","1","983","1200","1","0","67","33","1","1","67","33","FFEnemyShipNocolors5","FFEnemyShipNocolors2","1","3405","2024-04-30 09:20:59"
"63316daa57747115376760da","FullPilot","1","60","-2","1","62","26","1","1","932","1066","1","0","67","33","1","1","67","33","FFEnemyShipNocolors2","FFEnemyShipNocolors5","1","3630","2024-04-30 09:20:59"
"650ee274aa4447ac435b7830","FullPilot","1","31","-2","1","96","21","0","0","1096","1298","0","1","67","33","1","1","67","33","FFEnemyShipNocolors2","FFEnemyShipNocolors5","1","1644","2024-04-30 09:21:00"
"5cfb82a12bcca70018252f81","FullPilot","1","52","-2","1","57","69","0","0","983","1233","0","1","67","33","1","1","67","33","FFEnemyShipNocolors5","FFEnemyShipNocolors2","1","3462","2024-04-30 09:21:02"
"63316daa57747115376760da","FullPilot","1","61","-2","1","47","11","0","0","932","1100","0","1","67","33","1","1","67","33","FFEnemyShipNocolors2","FFEnemyShipNocolors5","1","3677","2024-04-30 09:21:03"
"650ee274aa4447ac435b7830","FullPilot","1","32","-2","1","91","33","0","0","1020","1229","0","1","67","33","1","1","67","33","FFEnemyShipNocolors2","FFEnemyShipNocolors5","1","1735","2024-04-30 09:21:03"
"5cfb82a12bcca70018252f81","FullPilot","1","53","-2","1","45","40","1","1","1381","1634","1","0","67","33","1","1","67","33","FFEnemyShipNocolors5","FFEnemyShipNocolors2","1","3507","2024-04-30 09:21:06"
"63316daa57747115376760da","FullPilot","1","62","-2","1","66","53","1","1","766","934","1","0","67","33","1","1","67","33","FFEnemyShipNocolors2","FFEnemyShipNocolors5","1","3743","2024-04-30 09:21:06"
"650ee274aa4447ac435b7830","FullPilot","1","33","-2","1","79","37","0","0","1839","2069","0","1","67","33","1","1","67","33","FFEnemyShipNocolors2","FFEnemyShipNocolors5","1","1814","2024-04-30 09:21:06"
"5cfb82a12bcca70018252f81","FullPilot","1","54","-2","1","50","45","1","1","1081","1282","1","0","67","33","1","1","67","33","FFEnemyShipNocolors5","FFEnemyShipNocolors2","1","3557","2024-04-30 09:21:09"
"650ee274aa4447ac435b7830","FullPilot","1","34","-2","2","59","75","1","0","1006","1222","1","0","67","33","1","1","67","33","FFEnemyShipNocolors2","FFEnemyShipNocolors5","1","1889","2024-04-30 09:21:09"
"63316daa57747115376760da","FullPilot","1","63","-2","1","41","4","1","1","832","1033","1","0","67","33","1","1","67","33","FFEnemyShipNocolors2","FFEnemyShipNocolors5","1","3784","2024-04-30 09:21:09"
"5cfb82a12bcca70018252f81","FullPilot","1","55","-2","1","47","24","0","0","1086","1352","0","1","67","33","1","1","67","33","FFEnemyShipNocolors5","FFEnemyShipNocolors2","1","3604","2024-04-30 09:21:12"
"650ee274aa4447ac435b7830","FullPilot","1","35","-2","1","66","37","1","1","1576","1986","1","0","67","33","1","1","67","33","FFEnemyShipNocolors2","FFEnemyShipNocolors5","1","1955","2024-04-30 09:21:13"
"63316daa57747115376760da","FullPilot","1","64","-2","1","49","59","0","0","848","983","0","1","67","33","1","1","67","33","FFEnemyShipNocolors2","FFEnemyShipNocolors5","1","3833","2024-04-30 09:21:13"
"5cfb82a12bcca70018252f81","FullPilot","1","56","-2","1","95","34","0","0","1066","1333","0","1","67","33","1","1","67","33","FFEnemyShipNocolors5","FFEnemyShipNocolors2","1","3699","2024-04-30 09:21:15"
"63316daa57747115376760da","FullPilot","1","65","-2","1","76","39","0","0","997","1162","0","1","67","33","1","1","67","33","FFEnemyShipNocolors2","FFEnemyShipNocolors5","1","3909","2024-04-30 09:21:16"
"650ee274aa4447ac435b7830","FullPilot","1","36","-2","2","48","28","1","0","2041","2263","1","0","67","33","1","1","67","33","FFEnemyShipNocolors2","FFEnemyShipNocolors5","1","1983","2024-04-30 09:21:17"
"5cfb82a12bcca70018252f81","FullPilot","1","57","-2","1","58","8","0","0","982","1282","0","1","67","33","1","1","67","33","FFEnemyShipNocolors5","FFEnemyShipNocolors2","1","3757","2024-04-30 09:21:18"
"63316daa57747115376760da","FullPilot","1","66","-2","1","59","15","1","1","801","1005","1","0","67","33","1","1","67","33","FFEnemyShipNocolors2","FFEnemyShipNocolors5","1","3968","2024-04-30 09:21:19"
"650ee274aa4447ac435b7830","FullPilot","1","37","-2","2","59","46","0","1","1138","1388","0","1","67","33","1","1","67","33","FFEnemyShipNocolors2","FFEnemyShipNocolors5","1","2029","2024-04-30 09:21:20"
"5cfb82a12bcca70018252f81","FullPilot","1","58","-2","1","86","62","1","1","970","1202","1","0","67","33","1","1","67","33","FFEnemyShipNocolors5","FFEnemyShipNocolors2","1","3843","2024-04-30 09:21:21"
"63316daa57747115376760da","FullPilot","1","67","-2","1","58","27","1","1","844","1014","1","0","67","33","1","1","67","33","FFEnemyShipNocolors2","FFEnemyShipNocolors5","1","4026","2024-04-30 09:21:22"
"650ee274aa4447ac435b7830","FullPilot","1","38","-2","1","72","45","1","1","840","1048","1","0","67","33","1","1","67","33","FFEnemyShipNocolors2","FFEnemyShipNocolors5","1","2101","2024-04-30 09:21:23"
"5cfb82a12bcca70018252f81","FullPilot","1","59","-2","1","67","63","0","0","966","1197","0","1","67","33","1","1","67","33","FFEnemyShipNocolors5","FFEnemyShipNocolors2","1","3910","2024-04-30 09:21:24"
"63316daa57747115376760da","FullPilot","1","68","-2","1","51","28","0","0","850","1034","0","1","67","33","1","1","67","33","FFEnemyShipNocolors2","FFEnemyShipNocolors5","1","4077","2024-04-30 09:21:25"
"650ee274aa4447ac435b7830","FullPilot","1","39","-2","2","70","26","1","0","680","993","1","0","67","33","1","1","67","33","FFEnemyShipNocolors2","FFEnemyShipNocolors5","1","2127","2024-04-30 09:21:26"
"5cfb82a12bcca70018252f81","FullPilot","1","60","-2","1","70","52","1","1","1000","1235","1","0","67","33","1","1","67","33","FFEnemyShipNocolors5","FFEnemyShipNocolors2","1","3980","2024-04-30 09:21:27"
"63316daa57747115376760da","FullPilot","1","69","-2","1","67","49","0","0","1002","1133","0","1","67","33","1","1","67","33","FFEnemyShipNocolors2","FFEnemyShipNocolors5","1","4144","2024-04-30 09:21:29"
"650ee274aa4447ac435b7830","FullPilot","1","40","-2","1","70","56","0","0","721","986","0","1","67","33","1","1","67","33","FFEnemyShipNocolors2","FFEnemyShipNocolors5","1","2197","2024-04-30 09:21:29"
"5cfb82a12bcca70018252f81","FullPilot","1","61","-2","1","53","58","0","0","916","1085","0","1","67","33","1","1","67","33","FFEnemyShipNocolors5","FFEnemyShipNocolors2","1","4033","2024-04-30 09:21:30"
"650ee274aa4447ac435b7830","FullPilot","1","41","-2","2","66","36","0","1","20","1125","0","2","67","33","1","1","67","33","FFEnemyShipNocolors2","FFEnemyShipNocolors5","1","2233","2024-04-30 09:21:32"
"63316daa57747115376760da","FullPilot","1","70","-2","1","68","57","1","1","783","966","1","0","67","33","1","1","67","33","FFEnemyShipNocolors2","FFEnemyShipNocolors5","1","4212","2024-04-30 09:21:32"
"5cfb82a12bcca70018252f81","FullPilot","1","62","-2","1","55","22","0","0","999","1235","0","1","67","33","1","1","67","33","FFEnemyShipNocolors5","FFEnemyShipNocolors2","1","4088","2024-04-30 09:21:33"
"650ee274aa4447ac435b7830","FullPilot","1","42","-2","1","94","44","1","1","819","1048","1","0","67","33","1","1","67","33","FFEnemyShipNocolors2","FFEnemyShipNocolors5","1","2327","2024-04-30 09:21:35"
"63316daa57747115376760da","FullPilot","1","71","-2","1","47","60","1","1","833","1001","1","0","67","33","1","1","67","33","FFEnemyShipNocolors2","FFEnemyShipNocolors5","1","4259","2024-04-30 09:21:35"
"5cfb82a12bcca70018252f81","FullPilot","1","63","-2","1","51","14","1","1","965","1134","1","0","67","33","1","1","67","33","FFEnemyShipNocolors5","FFEnemyShipNocolors2","1","4139","2024-04-30 09:21:37"
"650ee274aa4447ac435b7830","FullPilot","1","43","-2","1","84","32","1","1","819","1007","1","0","67","33","1","1","67","33","FFEnemyShipNocolors2","FFEnemyShipNocolors5","1","2411","2024-04-30 09:21:38"
"5cfb82a12bcca70018252f81","FullPilot","1","64","-2","1","67","55","0","0","899","1099","0","1","67","33","1","1","67","33","FFEnemyShipNocolors5","FFEnemyShipNocolors2","1","4206","2024-04-30 09:21:40"
"650ee274aa4447ac435b7830","FullPilot","1","44","-2","1","94","60","0","0","922","1104","0","1","67","33","1","1","67","33","FFEnemyShipNocolors2","FFEnemyShipNocolors5","1","2505","2024-04-30 09:21:40"
"5cfb82a12bcca70018252f81","FullPilot","1","65","-2","1","75","26","1","1","949","1100","1","0","67","33","1","1","67","33","FFEnemyShipNocolors5","FFEnemyShipNocolors2","1","4281","2024-04-30 09:21:43"
"650ee274aa4447ac435b7830","FullPilot","1","45","-2","1","85","51","1","1","1200","1437","1","0","67","33","1","1","67","33","FFEnemyShipNocolors2","FFEnemyShipNocolors5","1","2590","2024-04-30 09:21:43"
"5cfb82a12bcca70018252f81","FullPilot","1","66","-2","1","83","9","0","0","902","1152","0","1","67","33","1","1","67","33","FFEnemyShipNocolors5","FFEnemyShipNocolors2","1","4364","2024-04-30 09:21:46"
"650ee274aa4447ac435b7830","FullPilot","1","46","-2","1","58","48","0","0","1082","1270","0","1","67","33","1","1","67","33","FFEnemyShipNocolors2","FFEnemyShipNocolors5","1","2648","2024-04-30 09:21:46"
"5cfb82a12bcca70018252f81","FullPilot","1","67","-2","1","50","27","0","0","915","1182","0","1","67","33","1","1","67","33","FFEnemyShipNocolors5","FFEnemyShipNocolors2","1","4414","2024-04-30 09:21:49"
"650ee274aa4447ac435b7830","FullPilot","1","47","-2","1","57","42","1","1","1034","1312","1","0","67","33","1","1","67","33","FFEnemyShipNocolors2","FFEnemyShipNocolors5","1","2705","2024-04-30 09:21:49"
"5cfb82a12bcca70018252f81","FullPilot","1","68","-2","1","91","28","0","0","983","1167","0","1","67","33","1","1","67","33","FFEnemyShipNocolors5","FFEnemyShipNocolors2","1","4505","2024-04-30 09:21:52"
"650ee274aa4447ac435b7830","FullPilot","1","48","-2","1","35","29","1","1","1076","1347","1","0","67","33","1","1","67","33","FFEnemyShipNocolors2","FFEnemyShipNocolors5","1","2740","2024-04-30 09:21:52"
"5cfb82a12bcca70018252f81","FullPilot","1","69","-2","1","53","15","1","1","1097","1350","1","0","67","33","1","1","67","33","FFEnemyShipNocolors5","FFEnemyShipNocolors2","1","4558","2024-04-30 09:21:55"
"650ee274aa4447ac435b7830","FullPilot","1","49","-2","2","77","6","1","0","1082","1340","1","0","67","33","1","1","67","33","FFEnemyShipNocolors2","FFEnemyShipNocolors5","1","2746","2024-04-30 09:21:55"
"5cfb82a12bcca70018252f81","FullPilot","1","70","-2","1","51","50","0","0","933","1198","0","1","67","33","1","1","67","33","FFEnemyShipNocolors5","FFEnemyShipNocolors2","1","4609","2024-04-30 09:21:58"
"650ee274aa4447ac435b7830","FullPilot","1","50","-2","1","38","44","0","0","1020","1208","0","1","67","33","1","1","67","33","FFEnemyShipNocolors2","FFEnemyShipNocolors5","1","2784","2024-04-30 09:21:58"
"5cfb82a12bcca70018252f81","FullPilot","1","71","-2","1","29","7","0","0","933","1183","0","1","67","33","1","1","67","33","FFEnemyShipNocolors5","FFEnemyShipNocolors2","1","4638","2024-04-30 09:22:01"
"650ee274aa4447ac435b7830","FullPilot","1","51","-2","1","50","34","0","0","1319","1764","0","1","67","33","1","1","67","33","FFEnemyShipNocolors2","FFEnemyShipNocolors5","1","2834","2024-04-30 09:22:02"
"650ee274aa4447ac435b7830","FullPilot","1","52","-2","1","87","55","0","0","1861","2083","0","1","67","33","1","1","67","33","FFEnemyShipNocolors2","FFEnemyShipNocolors5","1","2921","2024-04-30 09:22:05"
"650ee274aa4447ac435b7830","FullPilot","1","53","-2","1","71","25","1","1","1256","1514","1","0","67","33","1","1","67","33","FFEnemyShipNocolors2","FFEnemyShipNocolors5","1","2992","2024-04-30 09:22:09"
"650ee274aa4447ac435b7830","FullPilot","1","54","-2","1","71","21","0","0","916","1139","0","1","67","33","1","1","67","33","FFEnemyShipNocolors2","FFEnemyShipNocolors5","1","3063","2024-04-30 09:22:12"
"650ee274aa4447ac435b7830","FullPilot","1","55","-2","1","76","16","1","1","1138","1396","1","0","67","33","1","1","67","33","FFEnemyShipNocolors2","FFEnemyShipNocolors5","1","3139","2024-04-30 09:22:15"
"650ee274aa4447ac435b7830","FullPilot","1","56","-2","1","73","25","1","1","999","1242","1","0","67","33","1","1","67","33","FFEnemyShipNocolors2","FFEnemyShipNocolors5","1","3212","2024-04-30 09:22:18"
"650ee274aa4447ac435b7830","FullPilot","1","57","-2","1","49","15","0","0","902","1083","0","1","67","33","1","1","67","33","FFEnemyShipNocolors2","FFEnemyShipNocolors5","1","3261","2024-04-30 09:22:21"
"650ee274aa4447ac435b7830","FullPilot","1","58","-2","1","66","27","0","0","1444","1930","0","1","67","33","1","1","67","33","FFEnemyShipNocolors2","FFEnemyShipNocolors5","1","3327","2024-04-30 09:22:24"
"650ee274aa4447ac435b7830","FullPilot","1","59","-2","1","69","24","0","0","1138","1395","0","1","67","33","1","1","67","33","FFEnemyShipNocolors2","FFEnemyShipNocolors5","1","3396","2024-04-30 09:22:27"
"650ee274aa4447ac435b7830","FullPilot","1","60","-2","0","77","13","0","0","3180","0","0","1","67","33","1","1","67","33","FFEnemyShipNocolors2","FFEnemyShipNocolors5","0","3396","2024-04-30 09:22:32"
"63316daa57747115376760da","FullPilot","2","0","0","1","47","15","1","1","654","867","1","0","45","5","0.73","0.12","62","38","FFEnemyShipNocolors3","FFEnemyShipNocolors1","1","47","2024-04-30 09:22:32"
"650ee274aa4447ac435b7830","FullPilot","1","61","-2","1","94","53","0","0","1201","1389","0","1","67","33","1","1","67","33","FFEnemyShipNocolors2","FFEnemyShipNocolors5","1","3490","2024-04-30 09:22:34"
"63316daa57747115376760da","FullPilot","2","1","1","2","57","28","0","1","466","866","0","1","59","25","0.82","0.88","72","28","FFEnemyShipNocolors8","FFEnemyShipNoColors12","1","75","2024-04-30 09:22:35"
"650ee274aa4447ac435b7830","FullPilot","1","62","-2","1","76","54","0","0","1104","1291","0","1","67","33","1","1","67","33","FFEnemyShipNocolors2","FFEnemyShipNocolors5","1","3566","2024-04-30 09:22:37"
"63316daa57747115376760da","FullPilot","2","2","0","1","36","29","0","0","1583","1783","0","1","11","19","0.18","0.5","62","38","FFEnemyShipNocolors3","FFEnemyShipNocolors1","0","75","2024-04-30 09:22:39"
"650ee274aa4447ac435b7830","FullPilot","1","63","-2","1","54","38","1","1","978","1173","1","0","67","33","1","1","67","33","FFEnemyShipNocolors2","FFEnemyShipNocolors5","1","3620","2024-04-30 09:22:40"
"63316daa57747115376760da","FullPilot","2","3","1","1","45","26","1","1","819","1101","1","0","13","23","0.18","0.82","72","28","FFEnemyShipNocolors8","FFEnemyShipNoColors12","1","120","2024-04-30 09:22:42"
"650ee274aa4447ac435b7830","FullPilot","1","64","-2","1","80","39","1","1","1082","1249","1","0","67","33","1","1","67","33","FFEnemyShipNocolors2","FFEnemyShipNocolors5","1","3700","2024-04-30 09:22:43"
"63316daa57747115376760da","FullPilot","2","4","0","1","95","37","0","0","552","784","0","1","51","24","0.82","0.62","62","38","FFEnemyShipNocolors3","FFEnemyShipNocolors1","1","215","2024-04-30 09:22:45"
"650ee274aa4447ac435b7830","FullPilot","1","65","-2","1","72","49","0","0","1138","1319","0","1","67","33","1","1","67","33","FFEnemyShipNocolors2","FFEnemyShipNocolors5","1","3772","2024-04-30 09:22:46"
"63316daa57747115376760da","FullPilot","2","5","0","1","51","16","0","0","981","1166","0","1","31","10","0.5","0.27","62","38","FFEnemyShipNocolors3","FFEnemyShipNocolors1","1","266","2024-04-30 09:22:48"
"650ee274aa4447ac435b7830","FullPilot","1","66","-2","1","80","38","1","1","999","1222","1","0","67","33","1","1","67","33","FFEnemyShipNocolors2","FFEnemyShipNocolors5","1","3852","2024-04-30 09:22:49"
"63316daa57747115376760da","FullPilot","2","6","1","1","71","28","1","1","913","1131","1","0","27","5","0.38","0.18","72","28","FFEnemyShipNocolors8","FFEnemyShipNoColors12","0","266","2024-04-30 09:22:52"
"650ee274aa4447ac435b7830","FullPilot","1","67","-2","1","50","46","0","0","1743","2291","1","1","67","33","1","1","67","33","FFEnemyShipNocolors2","FFEnemyShipNocolors5","1","3902","2024-04-30 09:22:53"
"63316daa57747115376760da","FullPilot","2","7","1","1","84","26","1","1","1144","1296","1","0","27","3","0.38","0.12","72","28","FFEnemyShipNocolors8","FFEnemyShipNoColors12","0","266","2024-04-30 09:22:55"
"650ee274aa4447ac435b7830","FullPilot","1","68","-2","1","91","32","1","1","2223","2515","1","0","67","33","1","1","67","33","FFEnemyShipNocolors2","FFEnemyShipNocolors5","1","3993","2024-04-30 09:22:57"
"63316daa57747115376760da","FullPilot","2","8","1","1","73","61","0","0","549","767","0","1","19","14","0.27","0.5","72","28","FFEnemyShipNocolors8","FFEnemyShipNoColors12","0","266","2024-04-30 09:22:58"
"650ee274aa4447ac435b7830","FullPilot","1","69","-2","1","77","33","1","1","1105","1374","1","0","67","33","1","1","67","33","FFEnemyShipNocolors2","FFEnemyShipNocolors5","1","4070","2024-04-30 09:23:00"
"63316daa57747115376760da","FullPilot","2","9","1","1","69","30","0","0","381","566","0","1","59","8","0.82","0.27","72","28","FFEnemyShipNocolors8","FFEnemyShipNoColors12","1","335","2024-04-30 09:23:01"
"63316daa57747115376760da","FullPilot","2","10","1","1","60","17","0","0","482","650","0","1","59","8","0.82","0.27","72","28","FFEnemyShipNocolors8","FFEnemyShipNoColors12","1","395","2024-04-30 09:23:03"
"650ee274aa4447ac435b7830","FullPilot","1","70","-2","1","42","8","1","1","999","1187","1","0","67","33","1","1","67","33","FFEnemyShipNocolors2","FFEnemyShipNocolors5","1","4112","2024-04-30 09:23:03"
"5cfb82a12bcca70018252f81","FullPilot","2","0","0","2","61","41","0","1","1969","2299","0","1","45","24","0.73","0.62","62","38","FFEnemyShipNocolors3","FFEnemyShipNocolors1","1","41","2024-04-30 09:23:04"
"63316daa57747115376760da","FullPilot","2","11","1","1","42","44","0","0","432","715","0","1","59","14","0.82","0.5","72","28","FFEnemyShipNocolors8","FFEnemyShipNoColors12","1","437","2024-04-30 09:23:06"
"650ee274aa4447ac435b7830","FullPilot","1","71","-2","1","53","9","0","0","1201","1444","0","1","67","33","1","1","67","33","FFEnemyShipNocolors2","FFEnemyShipNocolors5","1","4165","2024-04-30 09:23:06"
"5cfb82a12bcca70018252f81","FullPilot","2","1","1","2","83","63","1","0","650","1601","1","0","19","20","0.27","0.73","72","28","FFEnemyShipNoColors12","FFEnemyShipNocolors8","1","104","2024-04-30 09:23:07"
"63316daa57747115376760da","FullPilot","2","12","1","2","69","24","1","0","599","800","1","0","9","11","0.12","0.38","72","28","FFEnemyShipNocolors8","FFEnemyShipNoColors12","0","437","2024-04-30 09:23:09"
"5cfb82a12bcca70018252f81","FullPilot","2","2","0","2","26","73","1","0","1883","2151","1","0","38","31","0.62","0.82","62","38","FFEnemyShipNocolors3","FFEnemyShipNocolors1","1","177","2024-04-30 09:23:12"
"63316daa57747115376760da","FullPilot","2","13","0","1","89","20","0","0","1247","1416","0","1","11","5","0.18","0.12","62","38","FFEnemyShipNocolors3","FFEnemyShipNocolors1","0","437","2024-04-30 09:23:12"
"5cfb82a12bcca70018252f81","FullPilot","2","3","0","2","55","21","0","1","1067","1369","0","1","31","31","0.5","0.82","62","38","FFEnemyShipNocolors3","FFEnemyShipNocolors1","1","198","2024-04-30 09:23:15"
"63316daa57747115376760da","FullPilot","2","14","1","1","59","21","1","1","583","821","1","0","53","11","0.73","0.38","72","28","FFEnemyShipNocolors8","FFEnemyShipNoColors12","0","437","2024-04-30 09:23:15"
"5cfb82a12bcca70018252f81","FullPilot","2","4","1","2","92","25","0","1","1018","1321","0","1","27","8","0.38","0.27","72","28","FFEnemyShipNoColors12","FFEnemyShipNocolors8","0","198","2024-04-30 09:23:18"
"63316daa57747115376760da","FullPilot","2","15","0","2","73","51","0","1","634","1292","0","1","7","24","0.12","0.62","62","38","FFEnemyShipNocolors3","FFEnemyShipNocolors1","0","437","2024-04-30 09:23:18"
"5cfb82a12bcca70018252f81","FullPilot","2","5","0","2","69","58","0","1","648","967","0","1","7","31","0.12","0.82","62","38","FFEnemyShipNocolors3","FFEnemyShipNocolors1","1","256","2024-04-30 09:23:21"
"63316daa57747115376760da","FullPilot","2","16","1","2","80","19","1","0","599","1217","1","0","45","23","0.62","0.82","72","28","FFEnemyShipNocolors8","FFEnemyShipNoColors12","1","456","2024-04-30 09:23:22"
"63316daa57747115376760da","FullPilot","2","17","0","1","20","19","0","0","549","866","0","1","31","5","0.5","0.12","62","38","FFEnemyShipNocolors3","FFEnemyShipNocolors1","1","476","2024-04-30 09:23:24"
"5cfb82a12bcca70018252f81","FullPilot","2","6","0","1","92","78","0","0","801","2284","1","2","31","5","0.5","0.12","62","38","FFEnemyShipNocolors3","FFEnemyShipNocolors1","1","348","2024-04-30 09:23:25"
"63316daa57747115376760da","FullPilot","2","18","0","1","71","35","1","1","1048","1266","1","0","51","28","0.82","0.73","62","38","FFEnemyShipNocolors3","FFEnemyShipNocolors1","1","547","2024-04-30 09:23:28"
"5cfb82a12bcca70018252f81","FullPilot","2","7","0","1","63","38","1","1","533","766","1","0","51","10","0.82","0.27","62","38","FFEnemyShipNocolors3","FFEnemyShipNocolors1","1","411","2024-04-30 09:23:28"
"650ee274aa4447ac435b7830","FullPilot","2","0","0","2","89","32","1","0","805","1048","1","0","55","7","0.88","0.18","62","38","FFEnemyShipNocolors3","FFEnemyShipNocolors1","0","0","2024-04-30 09:23:29"
"5cfb82a12bcca70018252f81","FullPilot","2","8","0","2","25","39","0","1","481","697","0","1","11","33","0.18","0.88","62","38","FFEnemyShipNocolors3","FFEnemyShipNocolors1","0","411","2024-04-30 09:23:31"
"63316daa57747115376760da","FullPilot","2","19","0","1","40","59","0","0","882","1183","0","1","55","28","0.88","0.73","62","38","FFEnemyShipNocolors3","FFEnemyShipNocolors1","1","587","2024-04-30 09:23:31"
"650ee274aa4447ac435b7830","FullPilot","2","1","1","2","79","47","0","1","937","1284","0","1","53","23","0.73","0.82","72","28","FFEnemyShipNoColors12","FFEnemyShipNocolors8","1","47","2024-04-30 09:23:32"
"5cfb82a12bcca70018252f81","FullPilot","2","9","0","1","53","46","0","0","467","650","0","1","45","7","0.73","0.18","62","38","FFEnemyShipNocolors3","FFEnemyShipNocolors1","1","464","2024-04-30 09:23:33"
"63316daa57747115376760da","FullPilot","2","20","1","2","48","1","0","1","416","651","0","1","36","17","0.5","0.62","72","28","FFEnemyShipNocolors8","FFEnemyShipNoColors12","1","588","2024-04-30 09:23:33"
"650ee274aa4447ac435b7830","FullPilot","2","2","0","2","67","62","1","0","1402","1701","1","0","24","19","0.38","0.5","62","38","FFEnemyShipNocolors3","FFEnemyShipNocolors1","1","109","2024-04-30 09:23:35"
"5cfb82a12bcca70018252f81","FullPilot","2","10","0","2","44","19","0","1","533","784","0","1","38","28","0.62","0.73","62","38","FFEnemyShipNocolors3","FFEnemyShipNocolors1","1","483","2024-04-30 09:23:36"
"63316daa57747115376760da","FullPilot","2","21","0","1","50","54","1","1","499","701","1","0","38","14","0.62","0.38","62","38","FFEnemyShipNocolors3","FFEnemyShipNocolors1","0","588","2024-04-30 09:23:36"
"650ee274aa4447ac435b7830","FullPilot","2","3","1","2","67","8","1","0","798","979","1","0","9","14","0.12","0.5","72","28","FFEnemyShipNoColors12","FFEnemyShipNocolors8","1","117","2024-04-30 09:23:38"
"5cfb82a12bcca70018252f81","FullPilot","2","11","1","2","92","23","1","0","816","1017","1","0","13","8","0.18","0.27","72","28","FFEnemyShipNoColors12","FFEnemyShipNocolors8","0","483","2024-04-30 09:23:39"
"63316daa57747115376760da","FullPilot","2","22","0","2","68","8","0","1","967","1133","0","1","38","7","0.62","0.18","62","38","FFEnemyShipNocolors3","FFEnemyShipNocolors1","0","588","2024-04-30 09:23:40"
"650ee274aa4447ac435b7830","FullPilot","2","4","0","1","28","29","0","0","561","777","0","1","38","14","0.62","0.38","62","38","FFEnemyShipNocolors3","FFEnemyShipNocolors1","1","145","2024-04-30 09:23:41"
"5cfb82a12bcca70018252f81","FullPilot","2","12","0","2","32","75","0","1","600","802","0","1","17","14","0.27","0.38","62","38","FFEnemyShipNocolors3","FFEnemyShipNocolors1","0","483","2024-04-30 09:23:42"
"63316daa57747115376760da","FullPilot","2","23","0","2","78","31","0","1","715","950","0","1","45","33","0.73","0.88","62","38","FFEnemyShipNocolors3","FFEnemyShipNocolors1","0","588","2024-04-30 09:23:43"
"650ee274aa4447ac435b7830","FullPilot","2","5","0","2","68","42","1","0","874","1200","1","0","11","33","0.18","0.88","62","38","FFEnemyShipNocolors3","FFEnemyShipNocolors1","1","187","2024-04-30 09:23:44"
"5cfb82a12bcca70018252f81","FullPilot","2","13","1","1","52","6","0","0","433","652","0","1","36","11","0.5","0.38","72","28","FFEnemyShipNoColors12","FFEnemyShipNocolors8","0","483","2024-04-30 09:23:45"
"650ee274aa4447ac435b7830","FullPilot","2","6","0","2","76","94","1","0","617","825","1","0","7","31","0.12","0.82","62","38","FFEnemyShipNocolors3","FFEnemyShipNocolors1","1","281","2024-04-30 09:23:46"
"63316daa57747115376760da","FullPilot","2","24","1","2","89","32","0","1","904","1051","0","1","9","5","0.12","0.18","72","28","FFEnemyShipNocolors8","FFEnemyShipNoColors12","0","588","2024-04-30 09:23:47"
"5cfb82a12bcca70018252f81","FullPilot","2","14","1","1","79","26","1","1","364","549","1","0","45","8","0.62","0.27","72","28","FFEnemyShipNoColors12","FFEnemyShipNocolors8","0","483","2024-04-30 09:23:47"
"650ee274aa4447ac435b7830","FullPilot","2","7","1","1","68","55","1","1","604","888","1","0","59","5","0.82","0.18","72","28","FFEnemyShipNoColors12","FFEnemyShipNocolors8","1","349","2024-04-30 09:23:49"
"63316daa57747115376760da","FullPilot","2","25","0","2","50","9","1","0","448","616","1","0","11","19","0.18","0.5","62","38","FFEnemyShipNocolors3","FFEnemyShipNocolors1","0","588","2024-04-30 09:23:50"
"5cfb82a12bcca70018252f81","FullPilot","2","15","1","2","80","18","1","0","349","553","1","0","13","25","0.18","0.88","72","28","FFEnemyShipNoColors12","FFEnemyShipNocolors8","1","501","2024-04-30 09:23:50"
"650ee274aa4447ac435b7830","FullPilot","2","8","1","2","76","46","1","0","478","714","1","0","27","25","0.38","0.88","72","28","FFEnemyShipNoColors12","FFEnemyShipNocolors8","1","395","2024-04-30 09:23:52"
"63316daa57747115376760da","FullPilot","2","26","0","1","53","23","1","1","432","600","1","0","17","28","0.27","0.73","62","38","FFEnemyShipNocolors3","FFEnemyShipNocolors1","1","641","2024-04-30 09:23:52"
"5cfb82a12bcca70018252f81","FullPilot","2","16","1","2","92","23","0","1","365","533","0","1","27","23","0.38","0.82","72","28","FFEnemyShipNoColors12","FFEnemyShipNocolors8","1","524","2024-04-30 09:23:53"
"5cfb82a12bcca70018252f81","FullPilot","2","17","1","2","56","24","0","1","349","517","0","1","45","25","0.62","0.88","72","28","FFEnemyShipNoColors12","FFEnemyShipNocolors8","1","548","2024-04-30 09:23:55"
"650ee274aa4447ac435b7830","FullPilot","2","9","0","2","41","77","0","1","660","1722","0","1","51","33","0.82","0.88","62","38","FFEnemyShipNocolors3","FFEnemyShipNocolors1","1","472","2024-04-30 09:23:55"
"63316daa57747115376760da","FullPilot","2","27","1","1","80","39","0","0","1149","1316","0","1","13","8","0.18","0.27","72","28","FFEnemyShipNocolors8","FFEnemyShipNoColors12","0","641","2024-04-30 09:23:56"
"650ee274aa4447ac435b7830","FullPilot","2","10","1","1","58","36","1","1","1180","1388","1","0","45","14","0.62","0.5","72","28","FFEnemyShipNoColors12","FFEnemyShipNocolors8","0","472","2024-04-30 09:23:58"
"63316daa57747115376760da","FullPilot","2","28","0","1","66","18","1","1","499","634","1","0","31","28","0.5","0.73","62","38","FFEnemyShipNocolors3","FFEnemyShipNocolors1","1","707","2024-04-30 09:23:58"
"5cfb82a12bcca70018252f81","FullPilot","2","18","0","1","82","15","1","1","1017","1251","1","0","11","5","0.18","0.12","62","38","FFEnemyShipNocolors3","FFEnemyShipNocolors1","0","548","2024-04-30 09:23:59"
"5cfb82a12bcca70018252f81","FullPilot","2","19","0","2","76","48","0","1","484","667","0","1","7","19","0.12","0.5","62","38","FFEnemyShipNocolors3","FFEnemyShipNocolors1","1","596","2024-04-30 09:24:01"
"63316daa57747115376760da","FullPilot","2","29","0","2","46","63","1","0","845","1018","1","0","31","28","0.5","0.73","62","38","FFEnemyShipNocolors3","FFEnemyShipNocolors1","1","770","2024-04-30 09:24:02"
"650ee274aa4447ac435b7830","FullPilot","2","11","0","1","79","47","1","1","693","1700","2","1","45","7","0.73","0.18","62","38","FFEnemyShipNocolors3","FFEnemyShipNocolors1","1","551","2024-04-30 09:24:02"
"5cfb82a12bcca70018252f81","FullPilot","2","20","0","1","79","84","0","0","566","766","0","1","17","7","0.27","0.18","62","38","FFEnemyShipNocolors3","FFEnemyShipNocolors1","0","596","2024-04-30 09:24:04"
"63316daa57747115376760da","FullPilot","2","30","0","2","33","60","1","0","1016","1183","1","0","24","7","0.38","0.18","62","38","FFEnemyShipNocolors3","FFEnemyShipNocolors1","0","770","2024-04-30 09:24:05"
"650ee274aa4447ac435b7830","FullPilot","2","12","0","1","95","36","1","1","839","1069","1","0","31","14","0.5","0.38","62","38","FFEnemyShipNocolors3","FFEnemyShipNocolors1","0","551","2024-04-30 09:24:05"
"5cfb82a12bcca70018252f81","FullPilot","2","21","1","2","90","24","0","1","397","582","0","1","19","14","0.27","0.5","72","28","FFEnemyShipNoColors12","FFEnemyShipNocolors8","0","596","2024-04-30 09:24:07"
"650ee274aa4447ac435b7830","FullPilot","2","13","0","1","51","42","0","0","875","1056","0","1","55","28","0.88","0.73","62","38","FFEnemyShipNocolors3","FFEnemyShipNocolors1","1","602","2024-04-30 09:24:08"
"63316daa57747115376760da","FullPilot","2","31","1","1","73","41","0","0","832","1017","0","1","36","3","0.5","0.12","72","28","FFEnemyShipNocolors8","FFEnemyShipNoColors12","1","843","2024-04-30 09:24:08"
"5cfb82a12bcca70018252f81","FullPilot","2","22","1","1","95","47","0","0","348","482","0","1","59","11","0.82","0.38","72","28","FFEnemyShipNoColors12","FFEnemyShipNocolors8","1","691","2024-04-30 09:24:09"
"650ee274aa4447ac435b7830","FullPilot","2","14","1","1","78","44","1","1","639","847","1","0","45","3","0.62","0.12","72","28","FFEnemyShipNoColors12","FFEnemyShipNocolors8","0","602","2024-04-30 09:24:11"
"63316daa57747115376760da","FullPilot","2","32","0","1","37","39","0","0","587","937","0","1","55","7","0.88","0.18","62","38","FFEnemyShipNocolors3","FFEnemyShipNocolors1","1","880","2024-04-30 09:24:11"
"5cfb82a12bcca70018252f81","FullPilot","2","23","1","1","58","33","1","1","849","1034","1","0","59","20","0.82","0.73","72","28","FFEnemyShipNoColors12","FFEnemyShipNocolors8","1","749","2024-04-30 09:24:12"
"650ee274aa4447ac435b7830","FullPilot","2","15","0","1","30","38","0","0","534","784","0","1","55","5","0.88","0.12","62","38","FFEnemyShipNocolors3","FFEnemyShipNocolors1","1","632","2024-04-30 09:24:14"
"63316daa57747115376760da","FullPilot","2","33","0","2","57","24","0","1","748","922","0","1","17","14","0.27","0.38","62","38","FFEnemyShipNocolors3","FFEnemyShipNocolors1","1","904","2024-04-30 09:24:14"
"5cfb82a12bcca70018252f81","FullPilot","2","24","1","2","86","36","0","1","414","584","0","1","36","17","0.5","0.62","72","28","FFEnemyShipNoColors12","FFEnemyShipNocolors8","1","785","2024-04-30 09:24:15"
"650ee274aa4447ac435b7830","FullPilot","2","16","0","2","85","31","1","0","597","798","1","0","7","33","0.12","0.88","62","38","FFEnemyShipNocolors3","FFEnemyShipNocolors1","1","663","2024-04-30 09:24:16"
"63316daa57747115376760da","FullPilot","2","34","1","2","72","34","1","0","632","785","1","0","27","25","0.38","0.88","72","28","FFEnemyShipNocolors8","FFEnemyShipNoColors12","1","938","2024-04-30 09:24:17"
"5cfb82a12bcca70018252f81","FullPilot","2","25","0","1","84","67","1","1","599","783","1","0","31","14","0.5","0.38","62","38","FFEnemyShipNocolors3","FFEnemyShipNocolors1","1","869","2024-04-30 09:24:18"
"650ee274aa4447ac435b7830","FullPilot","2","17","1","2","53","17","1","0","464","687","1","0","27","23","0.38","0.82","72","28","FFEnemyShipNoColors12","FFEnemyShipNocolors8","0","663","2024-04-30 09:24:19"
"63316daa57747115376760da","FullPilot","2","35","0","2","67","43","1","0","582","783","1","0","11","31","0.18","0.82","62","38","FFEnemyShipNocolors3","FFEnemyShipNocolors1","1","981","2024-04-30 09:24:19"
"5cfb82a12bcca70018252f81","FullPilot","2","26","1","1","69","41","0","0","431","649","0","1","53","11","0.73","0.38","72","28","FFEnemyShipNoColors12","FFEnemyShipNocolors8","1","938","2024-04-30 09:24:20"
"650ee274aa4447ac435b7830","FullPilot","2","18","0","2","94","60","0","1","583","756","0","1","11","28","0.18","0.73","62","38","FFEnemyShipNocolors3","FFEnemyShipNocolors1","0","663","2024-04-30 09:24:22"
"63316daa57747115376760da","FullPilot","2","36","1","1","39","38","0","0","580","754","0","1","27","8","0.38","0.27","72","28","FFEnemyShipNocolors8","FFEnemyShipNoColors12","1","1020","2024-04-30 09:24:22"
"5cfb82a12bcca70018252f81","FullPilot","2","27","1","1","65","56","0","0","399","551","0","1","53","8","0.73","0.27","72","28","FFEnemyShipNoColors12","FFEnemyShipNocolors8","1","1003","2024-04-30 09:24:23"
"650ee274aa4447ac435b7830","FullPilot","2","19","1","1","50","10","0","0","499","681","0","1","53","5","0.73","0.18","72","28","FFEnemyShipNoColors12","FFEnemyShipNocolors8","1","713","2024-04-30 09:24:24"
"63316daa57747115376760da","FullPilot","2","37","0","2","75","55","0","1","551","820","0","1","51","33","0.82","0.88","62","38","FFEnemyShipNocolors3","FFEnemyShipNocolors1","1","1075","2024-04-30 09:24:25"
"5cfb82a12bcca70018252f81","FullPilot","2","28","0","2","59","41","0","1","486","650","0","1","38","28","0.62","0.73","62","38","FFEnemyShipNocolors3","FFEnemyShipNocolors1","0","1003","2024-04-30 09:24:26"
"650ee274aa4447ac435b7830","FullPilot","2","20","0","2","33","28","1","0","1103","1277","1","0","11","14","0.18","0.38","62","38","FFEnemyShipNocolors3","FFEnemyShipNocolors1","0","713","2024-04-30 09:24:27"
"63316daa57747115376760da","FullPilot","2","38","0","1","85","58","0","0","815","953","0","1","38","5","0.62","0.12","62","38","FFEnemyShipNocolors3","FFEnemyShipNocolors1","1","1160","2024-04-30 09:24:28"
"5cfb82a12bcca70018252f81","FullPilot","2","29","1","1","68","28","0","0","583","765","0","1","27","5","0.38","0.18","72","28","FFEnemyShipNoColors12","FFEnemyShipNocolors8","0","1003","2024-04-30 09:24:28"
"650ee274aa4447ac435b7830","FullPilot","2","21","0","2","83","61","0","1","603","840","0","1","17","31","0.27","0.82","62","38","FFEnemyShipNocolors3","FFEnemyShipNocolors1","0","713","2024-04-30 09:24:30"
"63316daa57747115376760da","FullPilot","2","39","1","2","46","34","0","1","508","759","0","1","9","11","0.12","0.38","72","28","FFEnemyShipNocolors8","FFEnemyShipNoColors12","0","1160","2024-04-30 09:24:31"
"5cfb82a12bcca70018252f81","FullPilot","2","30","0","1","73","55","1","1","515","684","1","0","45","19","0.73","0.5","62","38","FFEnemyShipNocolors3","FFEnemyShipNocolors1","1","1076","2024-04-30 09:24:31"
"650ee274aa4447ac435b7830","FullPilot","2","22","1","2","65","38","1","0","562","840","1","0","9","8","0.12","0.27","72","28","FFEnemyShipNoColors12","FFEnemyShipNocolors8","1","751","2024-04-30 09:24:33"
"63316daa57747115376760da","FullPilot","2","40","1","1","84","43","0","0","549","800","0","1","63","17","0.88","0.62","72","28","FFEnemyShipNocolors8","FFEnemyShipNoColors12","1","1244","2024-04-30 09:24:33"
"5cfb82a12bcca70018252f81","FullPilot","2","31","1","2","83","38","1","0","398","600","1","0","27","17","0.38","0.62","72","28","FFEnemyShipNoColors12","FFEnemyShipNocolors8","0","1076","2024-04-30 09:24:34"
"63316daa57747115376760da","FullPilot","2","41","1","2","41","57","1","0","348","566","1","0","36","25","0.5","0.88","72","28","FFEnemyShipNocolors8","FFEnemyShipNoColors12","1","1301","2024-04-30 09:24:36"
"650ee274aa4447ac435b7830","FullPilot","2","23","1","2","69","16","1","0","1360","1534","1","0","59","11","0.82","0.38","72","28","FFEnemyShipNoColors12","FFEnemyShipNocolors8","1","767","2024-04-30 09:24:37"
"5cfb82a12bcca70018252f81","FullPilot","2","32","1","1","99","34","1","1","433","616","1","0","36","8","0.5","0.27","72","28","FFEnemyShipNoColors12","FFEnemyShipNocolors8","0","1076","2024-04-30 09:24:37"
"63316daa57747115376760da","FullPilot","2","42","1","2","41","28","0","1","365","566","0","1","27","20","0.38","0.73","72","28","FFEnemyShipNocolors8","FFEnemyShipNoColors12","1","1329","2024-04-30 09:24:39"
"5cfb82a12bcca70018252f81","FullPilot","2","33","1","1","27","33","1","1","383","551","1","0","45","5","0.62","0.18","72","28","FFEnemyShipNoColors12","FFEnemyShipNocolors8","1","1103","2024-04-30 09:24:39"
"650ee274aa4447ac435b7830","FullPilot","2","24","1","1","70","25","1","1","1242","1457","1","0","59","8","0.82","0.27","72","28","FFEnemyShipNoColors12","FFEnemyShipNocolors8","1","837","2024-04-30 09:24:40"
"63316daa57747115376760da","FullPilot","2","43","0","1","50","19","0","0","433","600","0","1","45","19","0.73","0.5","62","38","FFEnemyShipNocolors3","FFEnemyShipNocolors1","1","1379","2024-04-30 09:24:42"
"5cfb82a12bcca70018252f81","FullPilot","2","34","0","2","38","52","0","1","482","751","0","1","31","33","0.5","0.88","62","38","FFEnemyShipNocolors3","FFEnemyShipNocolors1","1","1155","2024-04-30 09:24:42"
"650ee274aa4447ac435b7830","FullPilot","2","25","0","1","78","42","1","1","756","965","1","0","45","10","0.73","0.27","62","38","FFEnemyShipNocolors3","FFEnemyShipNocolors1","1","915","2024-04-30 09:24:43"
"63316daa57747115376760da","FullPilot","2","44","0","2","47","98","0","1","484","635","0","1","38","28","0.62","0.73","62","38","FFEnemyShipNocolors3","FFEnemyShipNocolors1","1","1477","2024-04-30 09:24:44"
"5cfb82a12bcca70018252f81","FullPilot","2","35","1","2","64","3","0","1","466","650","0","1","59","25","0.82","0.88","72","28","FFEnemyShipNoColors12","FFEnemyShipNocolors8","1","1158","2024-04-30 09:24:44"
"650ee274aa4447ac435b7830","FullPilot","2","26","1","2","94","13","1","0","916","1416","1","1","13","8","0.18","0.27","72","28","FFEnemyShipNoColors12","FFEnemyShipNocolors8","0","915","2024-04-30 09:24:46"
"5cfb82a12bcca70018252f81","FullPilot","2","36","1","2","78","30","0","1","398","650","0","1","27","25","0.38","0.88","72","28","FFEnemyShipNoColors12","FFEnemyShipNocolors8","1","1188","2024-04-30 09:24:47"
"63316daa57747115376760da","FullPilot","2","45","0","2","70","41","0","1","413","601","0","1","24","31","0.38","0.82","62","38","FFEnemyShipNocolors3","FFEnemyShipNocolors1","1","1518","2024-04-30 09:24:47"
"650ee274aa4447ac435b7830","FullPilot","2","27","1","2","59","36","0","1","618","750","0","1","36","8","0.5","0.27","72","28","FFEnemyShipNoColors12","FFEnemyShipNocolors8","0","915","2024-04-30 09:24:49"
"5cfb82a12bcca70018252f81","FullPilot","2","37","1","2","61","18","1","0","386","718","1","0","45","25","0.62","0.88","72","28","FFEnemyShipNoColors12","FFEnemyShipNocolors8","1","1206","2024-04-30 09:24:49"
"63316daa57747115376760da","FullPilot","2","46","0","1","70","66","0","0","352","511","0","1","51","14","0.82","0.38","62","38","FFEnemyShipNocolors3","FFEnemyShipNocolors1","1","1588","2024-04-30 09:24:49"
"650ee274aa4447ac435b7830","FullPilot","2","28","1","1","70","27","0","0","701","861","0","1","27","8","0.38","0.27","72","28","FFEnemyShipNoColors12","FFEnemyShipNocolors8","1","985","2024-04-30 09:24:52"
"63316daa57747115376760da","FullPilot","2","47","0","2","79","53","0","1","398","566","0","1","31","33","0.5","0.88","62","38","FFEnemyShipNocolors3","FFEnemyShipNocolors1","1","1641","2024-04-30 09:24:52"
"5cfb82a12bcca70018252f81","FullPilot","2","38","1","1","83","1","0","0","318","564","0","1","63","5","0.88","0.18","72","28","FFEnemyShipNoColors12","FFEnemyShipNocolors8","0","1206","2024-04-30 09:24:52"
"63316daa57747115376760da","FullPilot","2","48","1","2","42","14","1","0","365","533","1","0","9","25","0.12","0.88","72","28","FFEnemyShipNocolors8","FFEnemyShipNoColors12","1","1655","2024-04-30 09:24:55"
"650ee274aa4447ac435b7830","FullPilot","2","29","1","2","61","27","1","0","902","1103","1","0","36","23","0.5","0.82","72","28","FFEnemyShipNoColors12","FFEnemyShipNocolors8","1","1012","2024-04-30 09:24:55"
"5cfb82a12bcca70018252f81","FullPilot","2","39","1","2","91","15","1","0","483","702","1","0","27","14","0.38","0.5","72","28","FFEnemyShipNoColors12","FFEnemyShipNocolors8","0","1206","2024-04-30 09:24:55"
"650ee274aa4447ac435b7830","FullPilot","2","30","1","2","58","31","0","1","562","729","0","1","19","25","0.27","0.88","72","28","FFEnemyShipNoColors12","FFEnemyShipNocolors8","1","1043","2024-04-30 09:24:57"
"63316daa57747115376760da","FullPilot","2","49","0","2","76","14","0","1","332","501","0","1","45","31","0.73","0.82","62","38","FFEnemyShipNocolors3","FFEnemyShipNocolors1","1","1669","2024-04-30 09:24:57"
"5cfb82a12bcca70018252f81","FullPilot","2","40","1","1","58","48","1","1","399","566","1","0","53","11","0.73","0.38","72","28","FFEnemyShipNoColors12","FFEnemyShipNocolors8","1","1264","2024-04-30 09:24:58"
"63316daa57747115376760da","FullPilot","2","50","1","2","57","45","1","0","365","533","1","0","27","17","0.38","0.62","72","28","FFEnemyShipNocolors8","FFEnemyShipNoColors12","1","1714","2024-04-30 09:25:00"
"5cfb82a12bcca70018252f81","FullPilot","2","41","1","1","48","35","1","1","400","586","1","0","63","17","0.88","0.62","72","28","FFEnemyShipNoColors12","FFEnemyShipNocolors8","1","1312","2024-04-30 09:25:00"
"650ee274aa4447ac435b7830","FullPilot","2","31","1","2","68","46","0","1","1305","1478","0","1","13","23","0.18","0.82","72","28","FFEnemyShipNoColors12","FFEnemyShipNocolors8","1","1089","2024-04-30 09:25:01"
"5cfb82a12bcca70018252f81","FullPilot","2","42","0","1","90","43","0","0","550","718","0","1","38","14","0.62","0.38","62","38","FFEnemyShipNocolors3","FFEnemyShipNocolors1","1","1402","2024-04-30 09:25:03"
"63316daa57747115376760da","FullPilot","2","51","1","2","67","27","1","0","366","515","1","0","36","23","0.5","0.82","72","28","FFEnemyShipNocolors8","FFEnemyShipNoColors12","1","1741","2024-04-30 09:25:03"
"650ee274aa4447ac435b7830","FullPilot","2","32","1","1","60","46","1","1","396","569","1","0","45","8","0.62","0.27","72","28","FFEnemyShipNoColors12","FFEnemyShipNocolors8","1","1149","2024-04-30 09:25:03"
"5cfb82a12bcca70018252f81","FullPilot","2","43","0","2","61","21","1","0","465","632","1","0","17","33","0.27","0.88","62","38","FFEnemyShipNocolors3","FFEnemyShipNocolors1","1","1423","2024-04-30 09:25:05"
"63316daa57747115376760da","FullPilot","2","52","1","2","69","18","1","0","282","434","1","0","27","20","0.38","0.73","72","28","FFEnemyShipNocolors8","FFEnemyShipNoColors12","1","1759","2024-04-30 09:25:06"
"650ee274aa4447ac435b7830","FullPilot","2","33","0","1","69","43","0","0","562","736","0","1","55","7","0.88","0.18","62","38","FFEnemyShipNocolors3","FFEnemyShipNocolors1","1","1218","2024-04-30 09:25:06"
"5cfb82a12bcca70018252f81","FullPilot","2","44","0","1","91","41","1","1","350","500","1","0","51","19","0.82","0.5","62","38","FFEnemyShipNocolors3","FFEnemyShipNocolors1","1","1514","2024-04-30 09:25:08"
"63316daa57747115376760da","FullPilot","2","53","0","2","79","39","0","1","483","618","0","1","7","19","0.12","0.5","62","38","FFEnemyShipNocolors3","FFEnemyShipNocolors1","1","1798","2024-04-30 09:25:08"
"650ee274aa4447ac435b7830","FullPilot","2","34","1","2","58","56","1","0","680","999","1","0","45","20","0.62","0.73","72","28","FFEnemyShipNoColors12","FFEnemyShipNocolors8","0","1218","2024-04-30 09:25:09"
"5cfb82a12bcca70018252f81","FullPilot","2","45","0","1","79","60","1","1","432","599","1","0","55","28","0.88","0.73","62","38","FFEnemyShipNocolors3","FFEnemyShipNocolors1","1","1593","2024-04-30 09:25:11"
"63316daa57747115376760da","FullPilot","2","54","1","1","85","11","0","0","349","517","0","1","59","5","0.82","0.18","72","28","FFEnemyShipNocolors8","FFEnemyShipNoColors12","1","1883","2024-04-30 09:25:11"
"650ee274aa4447ac435b7830","FullPilot","2","35","1","1","44","70","1","1","499","715","1","0","63","14","0.88","0.5","72","28","FFEnemyShipNoColors12","FFEnemyShipNocolors8","0","1218","2024-04-30 09:25:11"
"5cfb82a12bcca70018252f81","FullPilot","2","46","1","2","58","31","0","1","333","550","0","1","19","25","0.27","0.88","72","28","FFEnemyShipNoColors12","FFEnemyShipNocolors8","1","1624","2024-04-30 09:25:13"
"63316daa57747115376760da","FullPilot","2","55","1","2","88","64","1","0","365","500","1","0","36","17","0.5","0.62","72","28","FFEnemyShipNocolors8","FFEnemyShipNoColors12","0","1883","2024-04-30 09:25:14"
"650ee274aa4447ac435b7830","FullPilot","2","36","1","2","73","19","1","0","479","667","1","0","13","20","0.18","0.73","72","28","FFEnemyShipNoColors12","FFEnemyShipNocolors8","1","1237","2024-04-30 09:25:14"
"5cfb82a12bcca70018252f81","FullPilot","2","47","1","1","52","42","1","1","314","436","1","0","53","3","0.73","0.12","72","28","FFEnemyShipNoColors12","FFEnemyShipNocolors8","1","1676","2024-04-30 09:25:16"
"63316daa57747115376760da","FullPilot","2","56","1","2","67","5","1","0","300","434","1","0","19","23","0.27","0.82","72","28","FFEnemyShipNocolors8","FFEnemyShipNoColors12","1","1888","2024-04-30 09:25:16"
"650ee274aa4447ac435b7830","FullPilot","2","37","1","2","58","17","1","0","840","1042","1","0","9","11","0.12","0.38","72","28","FFEnemyShipNoColors12","FFEnemyShipNocolors8","0","1237","2024-04-30 09:25:17"
"5cfb82a12bcca70018252f81","FullPilot","2","48","1","1","48","21","0","0","399","582","0","1","59","17","0.82","0.62","72","28","FFEnemyShipNoColors12","FFEnemyShipNocolors8","1","1724","2024-04-30 09:25:18"
"63316daa57747115376760da","FullPilot","2","57","1","1","53","15","1","1","316","450","1","0","59","14","0.82","0.5","72","28","FFEnemyShipNocolors8","FFEnemyShipNoColors12","0","1888","2024-04-30 09:25:19"
"650ee274aa4447ac435b7830","FullPilot","2","38","0","2","40","30","1","0","1437","1660","1","0","11","10","0.18","0.27","62","38","FFEnemyShipNocolors3","FFEnemyShipNocolors1","0","1237","2024-04-30 09:25:21"
"5cfb82a12bcca70018252f81","FullPilot","2","49","0","1","63","63","1","1","449","617","1","0","45","10","0.73","0.27","62","38","FFEnemyShipNocolors3","FFEnemyShipNocolors1","1","1787","2024-04-30 09:25:21"
"63316daa57747115376760da","FullPilot","2","58","1","1","60","16","1","1","349","483","1","0","53","3","0.73","0.12","72","28","FFEnemyShipNocolors8","FFEnemyShipNoColors12","0","1888","2024-04-30 09:25:22"
"5cfb82a12bcca70018252f81","FullPilot","2","50","1","1","87","51","1","1","414","582","1","0","53","17","0.73","0.62","72","28","FFEnemyShipNoColors12","FFEnemyShipNocolors8","1","1874","2024-04-30 09:25:24"
"650ee274aa4447ac435b7830","FullPilot","2","39","0","2","74","23","0","1","458","659","0","1","31","5","0.5","0.12","62","38","FFEnemyShipNocolors3","FFEnemyShipNocolors1","0","1237","2024-04-30 09:25:24"
"63316daa57747115376760da","FullPilot","2","59","0","1","50","9","0","0","416","1150","1","1","38","19","0.62","0.5","62","38","FFEnemyShipNocolors3","FFEnemyShipNocolors1","0","1888","2024-04-30 09:25:26"
"5cfb82a12bcca70018252f81","FullPilot","2","51","0","2","27","39","0","1","431","587","0","1","7","31","0.12","0.82","62","38","FFEnemyShipNocolors3","FFEnemyShipNocolors1","1","1913","2024-04-30 09:25:26"
"650ee274aa4447ac435b7830","FullPilot","2","40","1","1","36","30","0","0","798","972","0","1","36","5","0.5","0.18","72","28","FFEnemyShipNoColors12","FFEnemyShipNocolors8","1","1273","2024-04-30 09:25:27"
"63316daa57747115376760da","FullPilot","2","60","0","2","64","53","0","1","582","734","0","1","7","10","0.12","0.27","62","38","FFEnemyShipNocolors3","FFEnemyShipNocolors1","0","1888","2024-04-30 09:25:29"
"5cfb82a12bcca70018252f81","FullPilot","2","52","0","1","52","46","1","1","417","634","1","0","38","7","0.62","0.18","62","38","FFEnemyShipNocolors3","FFEnemyShipNocolors1","0","1913","2024-04-30 09:25:29"
"650ee274aa4447ac435b7830","FullPilot","2","41","0","1","56","45","1","1","798","965","1","0","45","14","0.73","0.38","62","38","FFEnemyShipNocolors3","FFEnemyShipNocolors1","0","1273","2024-04-30 09:25:30"
"5cfb82a12bcca70018252f81","FullPilot","2","53","1","2","56","34","0","1","365","582","0","1","19","23","0.27","0.82","72","28","FFEnemyShipNoColors12","FFEnemyShipNocolors8","1","1947","2024-04-30 09:25:32"
"63316daa57747115376760da","FullPilot","2","61","0","1","72","28","1","1","1032","1183","1","0","38","7","0.62","0.18","62","38","FFEnemyShipNocolors3","FFEnemyShipNocolors1","1","1960","2024-04-30 09:25:32"
"650ee274aa4447ac435b7830","FullPilot","2","42","0","2","47","64","0","1","722","1353","1","1","24","31","0.38","0.82","62","38","FFEnemyShipNocolors3","FFEnemyShipNocolors1","1","1337","2024-04-30 09:25:33"
"5cfb82a12bcca70018252f81","FullPilot","2","54","0","2","25","40","1","0","414","699","1","0","7","10","0.12","0.27","62","38","FFEnemyShipNocolors3","FFEnemyShipNocolors1","0","1947","2024-04-30 09:25:34"
"63316daa57747115376760da","FullPilot","2","62","1","2","75","36","1","0","1167","1302","1","0","9","8","0.12","0.27","72","28","FFEnemyShipNocolors8","FFEnemyShipNoColors12","0","1960","2024-04-30 09:25:35"
"650ee274aa4447ac435b7830","FullPilot","2","43","0","1","43","44","1","1","499","701","1","0","51","19","0.82","0.5","62","38","FFEnemyShipNocolors3","FFEnemyShipNocolors1","1","1380","2024-04-30 09:25:35"
"5cfb82a12bcca70018252f81","FullPilot","2","55","1","1","42","42","0","0","517","683","0","1","45","14","0.62","0.5","72","28","FFEnemyShipNoColors12","FFEnemyShipNocolors8","1","1989","2024-04-30 09:25:37"
"650ee274aa4447ac435b7830","FullPilot","2","44","0","2","57","55","0","1","638","881","0","1","11","24","0.18","0.62","62","38","FFEnemyShipNocolors3","FFEnemyShipNocolors1","1","1435","2024-04-30 09:25:38"
"63316daa57747115376760da","FullPilot","2","63","1","1","63","0","1","1","931","1082","1","0","27","8","0.38","0.27","72","28","FFEnemyShipNocolors8","FFEnemyShipNoColors12","1","2023","2024-04-30 09:25:38"
"5cfb82a12bcca70018252f81","FullPilot","2","56","1","2","77","31","1","0","531","700","1","0","9","8","0.12","0.27","72","28","FFEnemyShipNoColors12","FFEnemyShipNocolors8","1","2020","2024-04-30 09:25:40"
"650ee274aa4447ac435b7830","FullPilot","2","45","0","1","65","8","1","1","499","666","1","0","51","5","0.82","0.12","62","38","FFEnemyShipNocolors3","FFEnemyShipNocolors1","1","1500","2024-04-30 09:25:41"
"63316daa57747115376760da","FullPilot","2","64","0","1","90","16","0","0","1049","1251","0","1","51","28","0.82","0.73","62","38","FFEnemyShipNocolors3","FFEnemyShipNocolors1","1","2113","2024-04-30 09:25:42"
"5cfb82a12bcca70018252f81","FullPilot","2","57","1","1","74","31","0","0","317","533","0","1","63","3","0.88","0.12","72","28","FFEnemyShipNoColors12","FFEnemyShipNocolors8","1","2094","2024-04-30 09:25:42"
"650ee274aa4447ac435b7830","FullPilot","2","46","0","1","79","55","0","0","638","860","0","1","38","7","0.62","0.18","62","38","FFEnemyShipNocolors3","FFEnemyShipNocolors1","1","1579","2024-04-30 09:25:43"
"63316daa57747115376760da","FullPilot","2","65","0","1","66","77","0","0","949","1116","0","1","55","31","0.88","0.82","62","38","FFEnemyShipNocolors3","FFEnemyShipNocolors1","1","2179","2024-04-30 09:25:45"
"5cfb82a12bcca70018252f81","FullPilot","2","58","1","2","55","46","0","1","283","451","0","1","13","23","0.18","0.82","72","28","FFEnemyShipNoColors12","FFEnemyShipNocolors8","1","2140","2024-04-30 09:25:45"
"650ee274aa4447ac435b7830","FullPilot","2","47","0","1","51","46","0","0","1194","1409","0","1","24","10","0.38","0.27","62","38","FFEnemyShipNocolors3","FFEnemyShipNocolors1","1","1630","2024-04-30 09:25:46"
"5cfb82a12bcca70018252f81","FullPilot","2","59","1","2","67","43","0","1","350","550","0","1","19","23","0.27","0.82","72","28","FFEnemyShipNoColors12","FFEnemyShipNocolors8","1","2183","2024-04-30 09:25:48"
"63316daa57747115376760da","FullPilot","2","66","1","1","97","3","0","0","1033","1284","0","1","63","14","0.88","0.5","72","28","FFEnemyShipNocolors8","FFEnemyShipNoColors12","1","2276","2024-04-30 09:25:48"
"650ee274aa4447ac435b7830","FullPilot","2","48","1","1","65","27","1","1","840","1090","1","0","53","17","0.73","0.62","72","28","FFEnemyShipNoColors12","FFEnemyShipNocolors8","1","1695","2024-04-30 09:25:49"
"5cfb82a12bcca70018252f81","FullPilot","2","60","0","1","62","34","0","0","432","716","0","1","45","7","0.73","0.18","62","38","FFEnemyShipNocolors3","FFEnemyShipNocolors1","1","2245","2024-04-30 09:25:50"
"63316daa57747115376760da","FullPilot","2","67","1","1","86","39","0","0","872","1040","0","1","53","23","0.73","0.82","72","28","FFEnemyShipNocolors8","FFEnemyShipNoColors12","0","2276","2024-04-30 09:25:51"
"650ee274aa4447ac435b7830","FullPilot","2","49","1","2","69","24","1","0","875","1056","1","0","9","5","0.12","0.18","72","28","FFEnemyShipNoColors12","FFEnemyShipNocolors8","0","1695","2024-04-30 09:25:52"
"5cfb82a12bcca70018252f81","FullPilot","2","61","1","1","73","40","0","0","316","534","0","1","63","5","0.88","0.18","72","28","FFEnemyShipNoColors12","FFEnemyShipNocolors8","1","2318","2024-04-30 09:25:53"
"63316daa57747115376760da","FullPilot","2","68","0","1","50","45","1","1","515","682","1","0","38","5","0.62","0.12","62","38","FFEnemyShipNocolors3","FFEnemyShipNocolors1","1","2326","2024-04-30 09:25:54"
"650ee274aa4447ac435b7830","FullPilot","2","50","0","2","95","63","1","0","902","1097","1","0","31","31","0.5","0.82","62","38","FFEnemyShipNocolors3","FFEnemyShipNocolors1","1","1758","2024-04-30 09:25:55"
"5cfb82a12bcca70018252f81","FullPilot","2","62","0","2","10","33","1","0","584","918","1","0","17","14","0.27","0.38","62","38","FFEnemyShipNocolors3","FFEnemyShipNocolors1","1","2351","2024-04-30 09:25:56"
"63316daa57747115376760da","FullPilot","2","69","1","2","55","57","0","1","543","900","0","1","27","23","0.38","0.82","72","28","FFEnemyShipNocolors8","FFEnemyShipNoColors12","1","2383","2024-04-30 09:25:57"
"5cfb82a12bcca70018252f81","FullPilot","2","63","0","1","57","91","0","0","467","734","0","1","51","14","0.82","0.38","62","38","FFEnemyShipNocolors3","FFEnemyShipNocolors1","1","2408","2024-04-30 09:25:58"
"650ee274aa4447ac435b7830","FullPilot","2","51","1","1","39","35","0","0","1298","1457","0","1","27","5","0.38","0.18","72","28","FFEnemyShipNoColors12","FFEnemyShipNocolors8","0","1758","2024-04-30 09:25:59"
"63316daa57747115376760da","FullPilot","2","70","0","1","66","37","1","1","417","1034","1","0","45","24","0.73","0.62","62","38","FFEnemyShipNocolors3","FFEnemyShipNocolors1","1","2449","2024-04-30 09:26:00"
"5cfb82a12bcca70018252f81","FullPilot","2","64","0","2","68","29","1","0","549","800","1","0","17","5","0.27","0.12","62","38","FFEnemyShipNocolors3","FFEnemyShipNocolors1","0","2408","2024-04-30 09:26:01"
"650ee274aa4447ac435b7830","FullPilot","2","52","0","2","72","50","1","0","680","972","1","0","45","31","0.73","0.82","62","38","FFEnemyShipNocolors3","FFEnemyShipNocolors1","1","1808","2024-04-30 09:26:02"
"63316daa57747115376760da","FullPilot","2","71","0","2","72","74","0","1","466","750","0","1","17","28","0.27","0.73","62","38","FFEnemyShipNocolors3","FFEnemyShipNocolors1","1","2523","2024-04-30 09:26:03"
"5cfb82a12bcca70018252f81","FullPilot","2","65","1","2","42","30","1","0","498","717","1","0","13","20","0.18","0.73","72","28","FFEnemyShipNoColors12","FFEnemyShipNocolors8","1","2438","2024-04-30 09:26:04"
"650ee274aa4447ac435b7830","FullPilot","2","53","0","1","81","1","1","1","882","1118","1","0","24","5","0.38","0.12","62","38","FFEnemyShipNocolors3","FFEnemyShipNocolors1","1","1889","2024-04-30 09:26:05"
"63316daa57747115376760da","FullPilot","2","72","0","2","37","32","0","1","632","869","0","1","7","31","0.12","0.82","62","38","FFEnemyShipNocolors3","FFEnemyShipNocolors1","0","2523","2024-04-30 09:26:06"
"5cfb82a12bcca70018252f81","FullPilot","2","66","1","1","34","38","0","0","447","668","0","1","63","17","0.88","0.62","72","28","FFEnemyShipNoColors12","FFEnemyShipNocolors8","0","2438","2024-04-30 09:26:07"
"650ee274aa4447ac435b7830","FullPilot","2","54","1","1","72","19","0","0","520","736","0","1","59","14","0.82","0.5","72","28","FFEnemyShipNoColors12","FFEnemyShipNocolors8","1","1961","2024-04-30 09:26:07"
"63316daa57747115376760da","FullPilot","2","73","0","1","52","43","0","0","1003","1745","1","1","45","33","0.73","0.88","62","38","FFEnemyShipNocolors3","FFEnemyShipNocolors1","1","2575","2024-04-30 09:26:09"
"650ee274aa4447ac435b7830","FullPilot","2","55","0","1","89","22","1","1","555","826","1","0","55","10","0.88","0.27","62","38","FFEnemyShipNocolors3","FFEnemyShipNocolors1","1","2050","2024-04-30 09:26:10"
"5cfb82a12bcca70018252f81","FullPilot","2","67","1","2","71","26","0","1","582","1535","1","1","53","23","0.73","0.82","72","28","FFEnemyShipNoColors12","FFEnemyShipNocolors8","1","2464","2024-04-30 09:26:10"
"650ee274aa4447ac435b7830","FullPilot","2","56","0","2","37","32","0","1","638","833","0","1","7","14","0.12","0.38","62","38","FFEnemyShipNocolors3","FFEnemyShipNocolors1","0","2050","2024-04-30 09:26:12"
"63316daa57747115376760da","FullPilot","2","74","1","1","95","19","1","1","933","1066","1","0","53","5","0.73","0.18","72","28","FFEnemyShipNocolors8","FFEnemyShipNoColors12","0","2575","2024-04-30 09:26:13"
"5cfb82a12bcca70018252f81","FullPilot","2","68","0","2","55","38","1","0","451","633","1","0","7","19","0.12","0.5","62","38","FFEnemyShipNocolors3","FFEnemyShipNocolors1","0","2464","2024-04-30 09:26:13"
"5cfb82a12bcca70018252f81","FullPilot","2","69","1","2","77","35","1","0","500","671","1","0","53","25","0.73","0.88","72","28","FFEnemyShipNoColors12","FFEnemyShipNocolors8","1","2499","2024-04-30 09:26:16"
"650ee274aa4447ac435b7830","FullPilot","2","57","0","2","52","51","0","1","798","1055","0","1","17","28","0.27","0.73","62","38","FFEnemyShipNocolors3","FFEnemyShipNocolors1","1","2101","2024-04-30 09:26:16"
"63316daa57747115376760da","FullPilot","2","75","1","2","78","44","0","1","617","868","0","1","45","23","0.62","0.82","72","28","FFEnemyShipNocolors8","FFEnemyShipNoColors12","1","2619","2024-04-30 09:26:16"
"650ee274aa4447ac435b7830","FullPilot","2","58","1","1","74","20","0","0","798","1388","0","1","59","8","0.82","0.27","72","28","FFEnemyShipNoColors12","FFEnemyShipNocolors8","0","2101","2024-04-30 09:26:19"
"5cfb82a12bcca70018252f81","FullPilot","2","70","1","1","82","25","1","1","699","883","1","0","63","20","0.88","0.73","72","28","FFEnemyShipNoColors12","FFEnemyShipNocolors8","1","2581","2024-04-30 09:26:19"
"63316daa57747115376760da","FullPilot","2","76","1","2","85","28","0","1","366","918","0","1","45","25","0.62","0.88","72","28","FFEnemyShipNocolors8","FFEnemyShipNoColors12","1","2647","2024-04-30 09:26:19"
"5cfb82a12bcca70018252f81","FullPilot","2","71","1","1","66","37","1","1","965","1234","1","0","19","5","0.27","0.18","72","28","FFEnemyShipNoColors12","FFEnemyShipNocolors8","0","2581","2024-04-30 09:26:22"
"63316daa57747115376760da","FullPilot","2","77","0","1","72","15","0","0","1167","1300","0","1","7","7","0.12","0.18","62","38","FFEnemyShipNocolors3","FFEnemyShipNocolors1","0","2647","2024-04-30 09:26:23"
"650ee274aa4447ac435b7830","FullPilot","2","59","1","2","81","13","1","0","2242","2416","1","0","19","3","0.27","0.12","72","28","FFEnemyShipNoColors12","FFEnemyShipNocolors8","0","2101","2024-04-30 09:26:23"
"5cfb82a12bcca70018252f81","FullPilot","2","72","0","2","58","52","1","0","453","617","1","0","7","24","0.12","0.62","62","38","FFEnemyShipNocolors3","FFEnemyShipNocolors1","0","2581","2024-04-30 09:26:25"
"63316daa57747115376760da","FullPilot","2","78","1","1","48","8","0","0","1032","1217","0","1","27","3","0.38","0.12","72","28","FFEnemyShipNocolors8","FFEnemyShipNoColors12","0","2647","2024-04-30 09:26:26"
"650ee274aa4447ac435b7830","FullPilot","2","60","1","2","80","46","0","1","1721","1847","0","1","13","14","0.18","0.5","72","28","FFEnemyShipNoColors12","FFEnemyShipNocolors8","0","2101","2024-04-30 09:26:27"
"5cfb82a12bcca70018252f81","FullPilot","2","73","1","1","82","21","0","0","412","548","0","1","53","14","0.73","0.5","72","28","FFEnemyShipNoColors12","FFEnemyShipNocolors8","1","2663","2024-04-30 09:26:27"
"63316daa57747115376760da","FullPilot","2","79","0","1","59","52","0","0","516","717","0","1","45","14","0.73","0.38","62","38","FFEnemyShipNocolors3","FFEnemyShipNocolors1","1","2706","2024-04-30 09:26:29"
"650ee274aa4447ac435b7830","FullPilot","2","61","1","2","64","29","1","0","520","701","1","0","53","25","0.73","0.88","72","28","FFEnemyShipNoColors12","FFEnemyShipNocolors8","1","2130","2024-04-30 09:26:29"
"5cfb82a12bcca70018252f81","FullPilot","2","74","1","2","81","30","0","1","466","614","0","1","27","14","0.38","0.5","72","28","FFEnemyShipNoColors12","FFEnemyShipNocolors8","1","2693","2024-04-30 09:26:30"
"63316daa57747115376760da","FullPilot","2","80","1","2","65","19","1","0","1217","1340","1","0","9","17","0.12","0.62","72","28","FFEnemyShipNocolors8","FFEnemyShipNoColors12","1","2725","2024-04-30 09:26:32"
"650ee274aa4447ac435b7830","FullPilot","2","62","1","1","77","18","0","0","680","923","0","1","45","5","0.62","0.18","72","28","FFEnemyShipNoColors12","FFEnemyShipNocolors8","1","2207","2024-04-30 09:26:32"
"5cfb82a12bcca70018252f81","FullPilot","2","75","1","2","93","28","1","0","383","533","1","0","27","25","0.38","0.88","72","28","FFEnemyShipNoColors12","FFEnemyShipNocolors8","1","2721","2024-04-30 09:26:33"
"63316daa57747115376760da","FullPilot","2","81","0","2","57","42","1","0","699","1016","1","0","11","24","0.18","0.62","62","38","FFEnemyShipNocolors3","FFEnemyShipNocolors1","1","2767","2024-04-30 09:26:35"
"650ee274aa4447ac435b7830","FullPilot","2","63","0","2","65","6","0","1","680","923","0","1","17","33","0.27","0.88","62","38","FFEnemyShipNocolors3","FFEnemyShipNocolors1","0","2207","2024-04-30 09:26:35"
"5cfb82a12bcca70018252f81","FullPilot","2","76","1","1","71","39","1","1","400","618","1","0","45","3","0.62","0.12","72","28","FFEnemyShipNoColors12","FFEnemyShipNocolors8","0","2721","2024-04-30 09:26:35"
"650ee274aa4447ac435b7830","FullPilot","2","64","0","2","88","53","1","0","562","764","1","0","55","10","0.88","0.27","62","38","FFEnemyShipNocolors3","FFEnemyShipNocolors1","0","2207","2024-04-30 09:26:38"
"5cfb82a12bcca70018252f81","FullPilot","2","77","0","2","51","56","0","1","399","534","0","1","17","28","0.27","0.73","62","38","FFEnemyShipNocolors3","FFEnemyShipNocolors1","1","2777","2024-04-30 09:26:38"
"63316daa57747115376760da","FullPilot","2","82","0","1","71","28","0","0","631","800","0","1","17","5","0.27","0.12","62","38","FFEnemyShipNocolors3","FFEnemyShipNocolors1","0","2767","2024-04-30 09:26:38"
"5cfb82a12bcca70018252f81","FullPilot","2","78","1","1","82","35","1","1","399","568","1","0","45","11","0.62","0.38","72","28","FFEnemyShipNoColors12","FFEnemyShipNocolors8","1","2859","2024-04-30 09:26:41"
"63316daa57747115376760da","FullPilot","2","83","0","1","66","50","1","1","651","785","1","0","17","7","0.27","0.18","62","38","FFEnemyShipNocolors3","FFEnemyShipNocolors1","0","2767","2024-04-30 09:26:41"
"650ee274aa4447ac435b7830","FullPilot","2","65","1","1","60","49","0","0","694","881","0","1","45","8","0.62","0.27","72","28","FFEnemyShipNoColors12","FFEnemyShipNocolors8","1","2267","2024-04-30 09:26:41"
"5cfb82a12bcca70018252f81","FullPilot","2","79","1","2","81","11","0","1","348","483","0","1","13","14","0.18","0.5","72","28","FFEnemyShipNoColors12","FFEnemyShipNocolors8","0","2859","2024-04-30 09:26:43"
"63316daa57747115376760da","FullPilot","2","84","0","1","94","66","1","1","515","667","1","0","55","7","0.88","0.18","62","38","FFEnemyShipNocolors3","FFEnemyShipNocolors1","1","2861","2024-04-30 09:26:43"
"650ee274aa4447ac435b7830","FullPilot","2","66","1","2","53","6","0","1","597","798","0","1","45","20","0.62","0.73","72","28","FFEnemyShipNoColors12","FFEnemyShipNocolors8","1","2273","2024-04-30 09:26:44"
"63316daa57747115376760da","FullPilot","2","85","1","1","74","2","1","1","429","594","1","0","36","5","0.5","0.18","72","28","FFEnemyShipNocolors8","FFEnemyShipNoColors12","1","2935","2024-04-30 09:26:46"
"5cfb82a12bcca70018252f81","FullPilot","2","80","0","1","48","88","1","1","481","634","1","0","24","10","0.38","0.27","62","38","FFEnemyShipNocolors3","FFEnemyShipNocolors1","0","2859","2024-04-30 09:26:46"
"650ee274aa4447ac435b7830","FullPilot","2","67","0","1","30","51","0","0","860","1076","0","1","24","7","0.38","0.18","62","38","FFEnemyShipNocolors3","FFEnemyShipNocolors1","1","2303","2024-04-30 09:26:47"
"63316daa57747115376760da","FullPilot","2","86","0","2","71","36","1","0","466","587","1","0","7","19","0.12","0.5","62","38","FFEnemyShipNocolors3","FFEnemyShipNocolors1","1","2971","2024-04-30 09:26:49"
"5cfb82a12bcca70018252f81","FullPilot","2","81","0","2","60","15","0","1","481","615","0","1","45","33","0.73","0.88","62","38","FFEnemyShipNocolors3","FFEnemyShipNocolors1","1","2874","2024-04-30 09:26:49"
"650ee274aa4447ac435b7830","FullPilot","2","68","1","2","75","40","1","0","881","1069","1","0","19","14","0.27","0.5","72","28","FFEnemyShipNoColors12","FFEnemyShipNocolors8","1","2343","2024-04-30 09:26:50"
"5cfb82a12bcca70018252f81","FullPilot","2","82","0","2","83","56","0","1","567","699","0","1","51","33","0.82","0.88","62","38","FFEnemyShipNocolors3","FFEnemyShipNocolors1","1","2930","2024-04-30 09:26:52"
"63316daa57747115376760da","FullPilot","2","87","1","1","89","60","0","0","467","584","0","1","53","14","0.73","0.5","72","28","FFEnemyShipNocolors8","FFEnemyShipNoColors12","0","2971","2024-04-30 09:26:52"
"650ee274aa4447ac435b7830","FullPilot","2","69","0","2","75","67","1","0","756","979","1","0","7","31","0.12","0.82","62","38","FFEnemyShipNocolors3","FFEnemyShipNocolors1","1","2410","2024-04-30 09:26:53"
"5cfb82a12bcca70018252f81","FullPilot","2","83","1","2","59","26","0","1","433","550","0","1","9","20","0.12","0.73","72","28","FFEnemyShipNoColors12","FFEnemyShipNocolors8","0","2930","2024-04-30 09:26:54"
"63316daa57747115376760da","FullPilot","2","88","0","1","67","38","1","1","450","533","1","0","17","5","0.27","0.12","62","38","FFEnemyShipNocolors3","FFEnemyShipNocolors1","0","2971","2024-04-30 09:26:55"
"650ee274aa4447ac435b7830","FullPilot","2","70","1","2","76","29","0","1","798","1013","0","1","13","17","0.18","0.62","72","28","FFEnemyShipNoColors12","FFEnemyShipNocolors8","1","2439","2024-04-30 09:26:56"
"5cfb82a12bcca70018252f81","FullPilot","2","84","0","1","56","31","0","0","432","566","0","1","51","19","0.82","0.5","62","38","FFEnemyShipNocolors3","FFEnemyShipNocolors1","1","2986","2024-04-30 09:26:57"
"63316daa57747115376760da","FullPilot","2","89","0","1","57","16","1","1","446","562","1","0","51","5","0.82","0.12","62","38","FFEnemyShipNocolors3","FFEnemyShipNocolors1","1","3028","2024-04-30 09:26:57"
"650ee274aa4447ac435b7830","FullPilot","2","71","1","1","94","43","0","0","756","1000","0","1","27","3","0.38","0.12","72","28","FFEnemyShipNoColors12","FFEnemyShipNocolors8","0","2439","2024-04-30 09:26:59"
"5cfb82a12bcca70018252f81","FullPilot","2","85","0","1","62","56","1","1","483","617","1","0","45","5","0.73","0.12","62","38","FFEnemyShipNocolors3","FFEnemyShipNocolors1","1","3048","2024-04-30 09:27:00"
"63316daa57747115376760da","FullPilot","2","90","1","1","69","26","1","1","316","450","1","0","63","8","0.88","0.27","72","28","FFEnemyShipNocolors8","FFEnemyShipNoColors12","1","3097","2024-04-30 09:27:00"
"650ee274aa4447ac435b7830","FullPilot","2","72","1","2","100","40","1","0","478","652","1","0","9","20","0.12","0.73","72","28","FFEnemyShipNoColors12","FFEnemyShipNocolors8","1","2479","2024-04-30 09:27:01"
"5cfb82a12bcca70018252f81","FullPilot","2","86","1","1","70","18","0","0","281","398","0","1","63","11","0.88","0.38","72","28","FFEnemyShipNoColors12","FFEnemyShipNocolors8","1","3118","2024-04-30 09:27:02"
"63316daa57747115376760da","FullPilot","2","91","1","1","81","22","0","0","366","483","0","1","63","3","0.88","0.12","72","28","FFEnemyShipNocolors8","FFEnemyShipNoColors12","1","3178","2024-04-30 09:27:03"
"650ee274aa4447ac435b7830","FullPilot","2","73","0","1","91","58","1","1","680","881","1","0","55","31","0.88","0.82","62","38","FFEnemyShipNocolors3","FFEnemyShipNocolors1","1","2570","2024-04-30 09:27:04"
"5cfb82a12bcca70018252f81","FullPilot","2","87","0","2","78","55","0","1","532","685","0","1","38","31","0.62","0.82","62","38","FFEnemyShipNocolors3","FFEnemyShipNocolors1","1","3173","2024-04-30 09:27:05"
"63316daa57747115376760da","FullPilot","2","92","0","1","38","44","1","1","431","549","1","0","38","10","0.62","0.27","62","38","FFEnemyShipNocolors3","FFEnemyShipNocolors1","1","3216","2024-04-30 09:27:05"
"650ee274aa4447ac435b7830","FullPilot","2","74","0","2","61","33","1","0","638","1215","1","0","7","10","0.12","0.27","62","38","FFEnemyShipNocolors3","FFEnemyShipNocolors1","1","2603","2024-04-30 09:27:07"
"5cfb82a12bcca70018252f81","FullPilot","2","88","1","1","38","25","1","1","349","483","1","0","59","5","0.82","0.18","72","28","FFEnemyShipNoColors12","FFEnemyShipNocolors8","1","3211","2024-04-30 09:27:07"
"63316daa57747115376760da","FullPilot","2","93","0","2","58","18","0","1","449","585","0","1","24","19","0.38","0.5","62","38","FFEnemyShipNocolors3","FFEnemyShipNocolors1","1","3234","2024-04-30 09:27:08"
"5cfb82a12bcca70018252f81","FullPilot","2","89","0","1","76","45","1","1","849","1019","1","0","55","31","0.88","0.82","62","38","FFEnemyShipNocolors3","FFEnemyShipNocolors1","0","3211","2024-04-30 09:27:11"
"650ee274aa4447ac435b7830","FullPilot","2","75","1","1","53","24","0","0","944","1541","0","1","53","11","0.73","0.38","72","28","FFEnemyShipNoColors12","FFEnemyShipNocolors8","0","2603","2024-04-30 09:27:11"
"63316daa57747115376760da","FullPilot","2","94","0","2","79","42","0","1","517","637","0","1","11","14","0.18","0.38","62","38","FFEnemyShipNocolors3","FFEnemyShipNocolors1","1","3276","2024-04-30 09:27:11"
"5cfb82a12bcca70018252f81","FullPilot","2","90","0","1","37","10","0","0","484","631","0","1","38","19","0.62","0.5","62","38","FFEnemyShipNocolors3","FFEnemyShipNocolors1","1","3248","2024-04-30 09:27:13"
"650ee274aa4447ac435b7830","FullPilot","2","76","0","2","88","64","0","1","680","819","0","1","17","24","0.27","0.62","62","38","FFEnemyShipNocolors3","FFEnemyShipNocolors1","0","2603","2024-04-30 09:27:13"
"63316daa57747115376760da","FullPilot","2","95","1","2","48","4","1","0","342","449","1","0","9","25","0.12","0.88","72","28","FFEnemyShipNocolors8","FFEnemyShipNoColors12","1","3280","2024-04-30 09:27:13"
"650ee274aa4447ac435b7830","FullPilot","2","77","0","2","84","31","1","0","638","770","1","0","7","7","0.12","0.18","62","38","FFEnemyShipNocolors3","FFEnemyShipNocolors1","0","2603","2024-04-30 09:27:16"
"5cfb82a12bcca70018252f81","FullPilot","2","91","1","1","74","47","1","1","317","485","1","0","59","8","0.82","0.27","72","28","FFEnemyShipNoColors12","FFEnemyShipNocolors8","0","3248","2024-04-30 09:27:16"
"63316daa57747115376760da","FullPilot","2","96","1","1","91","13","1","1","372","471","1","0","59","3","0.82","0.12","72","28","FFEnemyShipNocolors8","FFEnemyShipNoColors12","0","3280","2024-04-30 09:27:16"
"650ee274aa4447ac435b7830","FullPilot","2","78","0","1","82","64","0","0","541","735","0","1","55","14","0.88","0.38","62","38","FFEnemyShipNocolors3","FFEnemyShipNocolors1","1","2685","2024-04-30 09:27:18"
"5cfb82a12bcca70018252f81","FullPilot","2","92","0","2","49","43","1","0","382","500","1","0","7","33","0.12","0.88","62","38","FFEnemyShipNocolors3","FFEnemyShipNocolors1","0","3248","2024-04-30 09:27:19"
"63316daa57747115376760da","FullPilot","2","97","1","1","65","13","1","1","306","430","1","0","59","5","0.82","0.18","72","28","FFEnemyShipNocolors8","FFEnemyShipNoColors12","1","3345","2024-04-30 09:27:19"
"650ee274aa4447ac435b7830","FullPilot","2","79","1","2","84","12","0","1","541","673","0","1","27","25","0.38","0.88","72","28","FFEnemyShipNoColors12","FFEnemyShipNocolors8","1","2697","2024-04-30 09:27:21"
"5cfb82a12bcca70018252f81","FullPilot","2","93","0","1","48","20","1","1","467","517","1","0","51","24","0.82","0.62","62","38","FFEnemyShipNocolors3","FFEnemyShipNocolors1","0","3248","2024-04-30 09:27:22"
"63316daa57747115376760da","FullPilot","2","98","0","1","69","58","1","1","464","596","1","0","45","7","0.73","0.18","62","38","FFEnemyShipNocolors3","FFEnemyShipNocolors1","1","3414","2024-04-30 09:27:22"
"650ee274aa4447ac435b7830","FullPilot","2","80","0","2","72","26","1","0","638","868","1","0","31","33","0.5","0.88","62","38","FFEnemyShipNocolors3","FFEnemyShipNocolors1","1","2723","2024-04-30 09:27:23"
"63316daa57747115376760da","FullPilot","2","99","1","2","89","40","0","1","299","419","0","1","13","20","0.18","0.73","72","28","FFEnemyShipNocolors8","FFEnemyShipNoColors12","1","3454","2024-04-30 09:27:24"
"5cfb82a12bcca70018252f81","FullPilot","2","94","0","2","28","5","0","1","450","1101","1","1","11","14","0.18","0.38","62","38","FFEnemyShipNocolors3","FFEnemyShipNocolors1","0","3248","2024-04-30 09:27:25"
"650ee274aa4447ac435b7830","FullPilot","2","81","1","1","93","15","0","0","1103","1312","0","1","36","5","0.5","0.18","72","28","FFEnemyShipNoColors12","FFEnemyShipNocolors8","1","2816","2024-04-30 09:27:26"
"63316daa57747115376760da","FullPilot","2","100","0","2","53","74","0","1","449","567","0","1","31","31","0.5","0.82","62","38","FFEnemyShipNocolors3","FFEnemyShipNocolors1","1","3528","2024-04-30 09:27:27"
"5cfb82a12bcca70018252f81","FullPilot","2","95","1","2","58","36","0","1","750","867","0","1","53","23","0.73","0.82","72","28","FFEnemyShipNoColors12","FFEnemyShipNocolors8","1","3284","2024-04-30 09:27:28"
"650ee274aa4447ac435b7830","FullPilot","2","82","1","2","73","43","1","0","499","659","1","0","36","25","0.5","0.88","72","28","FFEnemyShipNoColors12","FFEnemyShipNocolors8","1","2859","2024-04-30 09:27:29"
"63316daa57747115376760da","FullPilot","2","101","0","2","86","53","1","0","399","504","1","0","24","33","0.38","0.88","62","38","FFEnemyShipNocolors3","FFEnemyShipNocolors1","1","3581","2024-04-30 09:27:30"
"5cfb82a12bcca70018252f81","FullPilot","2","96","1","1","89","59","1","1","481","683","1","0","36","5","0.5","0.18","72","28","FFEnemyShipNoColors12","FFEnemyShipNocolors8","1","3373","2024-04-30 09:27:30"
"650ee274aa4447ac435b7830","FullPilot","2","83","0","2","80","61","1","0","582","742","1","0","17","28","0.27","0.73","62","38","FFEnemyShipNocolors3","FFEnemyShipNocolors1","0","2859","2024-04-30 09:27:31"
"63316daa57747115376760da","FullPilot","2","102","1","1","76","33","1","1","299","421","1","0","63","11","0.88","0.38","72","28","FFEnemyShipNocolors8","FFEnemyShipNoColors12","1","3657","2024-04-30 09:27:33"
"5cfb82a12bcca70018252f81","FullPilot","2","97","0","2","86","61","0","1","483","702","0","1","11","31","0.18","0.82","62","38","FFEnemyShipNocolors3","FFEnemyShipNocolors1","0","3373","2024-04-30 09:27:33"
"650ee274aa4447ac435b7830","FullPilot","2","84","1","2","92","29","1","0","458","631","1","0","27","14","0.38","0.5","72","28","FFEnemyShipNoColors12","FFEnemyShipNocolors8","0","2859","2024-04-30 09:27:34"
"63316daa57747115376760da","FullPilot","2","103","1","1","76","26","1","1","349","469","1","0","63","3","0.88","0.12","72","28","FFEnemyShipNocolors8","FFEnemyShipNoColors12","1","3733","2024-04-30 09:27:35"
"5cfb82a12bcca70018252f81","FullPilot","2","98","0","2","93","28","1","0","481","631","1","0","11","28","0.18","0.73","62","38","FFEnemyShipNocolors3","FFEnemyShipNocolors1","1","3401","2024-04-30 09:27:36"
"650ee274aa4447ac435b7830","FullPilot","2","85","1","1","64","62","1","1","659","881","1","0","45","14","0.62","0.5","72","28","FFEnemyShipNoColors12","FFEnemyShipNocolors8","0","2859","2024-04-30 09:27:37"
"63316daa57747115376760da","FullPilot","2","104","0","2","53","55","0","1","382","534","0","1","24","24","0.38","0.62","62","38","FFEnemyShipNocolors3","FFEnemyShipNocolors1","0","3733","2024-04-30 09:27:38"
"5cfb82a12bcca70018252f81","FullPilot","2","99","0","2","56","67","1","0","534","721","1","0","11","24","0.18","0.62","62","38","FFEnemyShipNocolors3","FFEnemyShipNocolors1","0","3401","2024-04-30 09:27:38"
"650ee274aa4447ac435b7830","FullPilot","2","86","1","1","58","2","0","0","479","701","0","1","53","8","0.73","0.27","72","28","FFEnemyShipNoColors12","FFEnemyShipNocolors8","1","2917","2024-04-30 09:27:40"
"63316daa57747115376760da","FullPilot","2","105","0","1","50","32","1","1","366","500","1","0","55","28","0.88","0.73","62","38","FFEnemyShipNocolors3","FFEnemyShipNocolors1","1","3783","2024-04-30 09:27:41"
"5cfb82a12bcca70018252f81","FullPilot","2","100","1","2","77","19","0","1","317","500","0","1","36","20","0.5","0.73","72","28","FFEnemyShipNoColors12","FFEnemyShipNocolors8","1","3420","2024-04-30 09:27:41"
"650ee274aa4447ac435b7830","FullPilot","2","87","0","1","68","53","0","0","645","805","0","1","51","7","0.82","0.18","62","38","FFEnemyShipNocolors3","FFEnemyShipNocolors1","0","2917","2024-04-30 09:27:42"
"63316daa57747115376760da","FullPilot","2","106","1","2","84","39","1","0","365","485","1","0","45","25","0.62","0.88","72","28","FFEnemyShipNocolors8","FFEnemyShipNoColors12","1","3822","2024-04-30 09:27:43"
"5cfb82a12bcca70018252f81","FullPilot","2","101","0","2","47","30","1","0","334","499","1","0","7","33","0.12","0.88","62","38","FFEnemyShipNocolors3","FFEnemyShipNocolors1","1","3450","2024-04-30 09:27:44"
"650ee274aa4447ac435b7830","FullPilot","2","88","0","1","38","20","0","0","638","853","0","1","51","28","0.82","0.73","62","38","FFEnemyShipNocolors3","FFEnemyShipNocolors1","0","2917","2024-04-30 09:27:45"
"63316daa57747115376760da","FullPilot","2","107","0","2","52","19","1","0","381","533","1","0","11","33","0.18","0.88","62","38","FFEnemyShipNocolors3","FFEnemyShipNocolors1","1","3841","2024-04-30 09:27:46"
"5cfb82a12bcca70018252f81","FullPilot","2","102","0","2","48","31","0","1","497","667","0","1","11","19","0.18","0.5","62","38","FFEnemyShipNocolors3","FFEnemyShipNocolors1","0","3450","2024-04-30 09:27:47"
"650ee274aa4447ac435b7830","FullPilot","2","89","1","2","73","59","0","1","499","652","0","1","27","20","0.38","0.73","72","28","FFEnemyShipNoColors12","FFEnemyShipNocolors8","0","2917","2024-04-30 09:27:48"
"63316daa57747115376760da","FullPilot","2","108","1","1","51","43","0","0","383","501","0","1","45","11","0.62","0.38","72","28","FFEnemyShipNocolors8","FFEnemyShipNoColors12","0","3841","2024-04-30 09:27:49"
"5cfb82a12bcca70018252f81","FullPilot","2","103","0","2","88","57","0","1","437","585","0","1","31","28","0.5","0.73","62","38","FFEnemyShipNocolors3","FFEnemyShipNocolors1","0","3450","2024-04-30 09:27:49"
"650ee274aa4447ac435b7830","FullPilot","2","90","0","1","40","46","1","1","1082","1284","1","0","17","5","0.27","0.12","62","38","FFEnemyShipNocolors3","FFEnemyShipNocolors1","1","2957","2024-04-30 09:27:51"
"63316daa57747115376760da","FullPilot","2","109","0","2","49","34","1","0","360","492","1","0","11","14","0.18","0.38","62","38","FFEnemyShipNocolors3","FFEnemyShipNocolors1","0","3841","2024-04-30 09:27:52"
"5cfb82a12bcca70018252f81","FullPilot","2","104","1","1","94","0","0","0","367","534","0","1","36","8","0.5","0.27","72","28","FFEnemyShipNoColors12","FFEnemyShipNocolors8","0","3450","2024-04-30 09:27:52"
"650ee274aa4447ac435b7830","FullPilot","2","91","1","1","84","29","0","0","576","777","0","1","36","8","0.5","0.27","72","28","FFEnemyShipNoColors12","FFEnemyShipNocolors8","0","2957","2024-04-30 09:27:53"
"63316daa57747115376760da","FullPilot","2","110","1","1","87","21","1","1","299","416","1","0","63","17","0.88","0.62","72","28","FFEnemyShipNocolors8","FFEnemyShipNoColors12","0","3841","2024-04-30 09:27:55"
"5cfb82a12bcca70018252f81","FullPilot","2","105","0","1","65","45","0","0","533","669","0","1","24","5","0.38","0.12","62","38","FFEnemyShipNocolors3","FFEnemyShipNocolors1","1","3515","2024-04-30 09:27:55"
"650ee274aa4447ac435b7830","FullPilot","2","92","0","1","98","48","1","1","597","722","1","0","51","5","0.82","0.12","62","38","FFEnemyShipNocolors3","FFEnemyShipNocolors1","1","3055","2024-04-30 09:27:56"
"5cfb82a12bcca70018252f81","FullPilot","2","106","0","2","63","39","0","1","531","717","0","1","31","31","0.5","0.82","62","38","FFEnemyShipNocolors3","FFEnemyShipNocolors1","1","3554","2024-04-30 09:27:57"
"63316daa57747115376760da","FullPilot","2","111","1","2","98","13","0","1","333","467","0","1","19","25","0.27","0.88","72","28","FFEnemyShipNocolors8","FFEnemyShipNoColors12","1","3854","2024-04-30 09:27:58"
"650ee274aa4447ac435b7830","FullPilot","2","93","1","2","77","26","0","1","1159","1305","0","1","13","25","0.18","0.88","72","28","FFEnemyShipNoColors12","FFEnemyShipNocolors8","1","3081","2024-04-30 09:27:59"
"5cfb82a12bcca70018252f81","FullPilot","2","107","0","1","56","33","0","0","400","551","0","1","55","10","0.88","0.27","62","38","FFEnemyShipNocolors3","FFEnemyShipNocolors1","1","3610","2024-04-30 09:28:00"
"63316daa57747115376760da","FullPilot","2","112","1","1","97","35","1","1","308","435","1","0","63","14","0.88","0.5","72","28","FFEnemyShipNocolors8","FFEnemyShipNoColors12","0","3854","2024-04-30 09:28:01"
"650ee274aa4447ac435b7830","FullPilot","2","94","1","2","48","16","1","0","485","763","1","0","9","17","0.12","0.62","72","28","FFEnemyShipNoColors12","FFEnemyShipNocolors8","1","3097","2024-04-30 09:28:01"
"5cfb82a12bcca70018252f81","FullPilot","2","108","1","1","76","10","0","0","299","466","0","1","63","14","0.88","0.5","72","28","FFEnemyShipNoColors12","FFEnemyShipNocolors8","1","3686","2024-04-30 09:28:03"
"63316daa57747115376760da","FullPilot","2","113","0","1","15","48","0","0","332","484","0","1","45","10","0.73","0.27","62","38","FFEnemyShipNocolors3","FFEnemyShipNocolors1","0","3854","2024-04-30 09:28:03"
"650ee274aa4447ac435b7830","FullPilot","2","95","1","1","87","29","1","1","555","784","1","0","63","3","0.88","0.12","72","28","FFEnemyShipNoColors12","FFEnemyShipNocolors8","0","3097","2024-04-30 09:28:04"
"5cfb82a12bcca70018252f81","FullPilot","2","109","0","2","74","50","0","1","365","532","0","1","31","33","0.5","0.88","62","38","FFEnemyShipNocolors3","FFEnemyShipNocolors1","1","3736","2024-04-30 09:28:05"
"63316daa57747115376760da","FullPilot","2","114","1","2","77","48","0","1","499","884","1","1","27","14","0.38","0.5","72","28","FFEnemyShipNocolors8","FFEnemyShipNoColors12","1","3902","2024-04-30 09:28:07"
"650ee274aa4447ac435b7830","FullPilot","2","96","1","1","31","47","1","1","979","1215","1","0","19","5","0.27","0.18","72","28","FFEnemyShipNoColors12","FFEnemyShipNocolors8","0","3097","2024-04-30 09:28:07"
"5cfb82a12bcca70018252f81","FullPilot","2","110","0","1","36","18","0","0","498","817","0","1","31","7","0.5","0.18","62","38","FFEnemyShipNocolors3","FFEnemyShipNocolors1","1","3772","2024-04-30 09:28:08"
"63316daa57747115376760da","FullPilot","2","115","0","1","64","41","0","0","432","582","0","1","45","10","0.73","0.27","62","38","FFEnemyShipNocolors3","FFEnemyShipNocolors1","1","3966","2024-04-30 09:28:09"
"650ee274aa4447ac435b7830","FullPilot","2","97","1","2","58","40","0","1","576","778","0","1","45","23","0.62","0.82","72","28","FFEnemyShipNoColors12","FFEnemyShipNocolors8","1","3137","2024-04-30 09:28:10"
"5cfb82a12bcca70018252f81","FullPilot","2","111","0","1","54","23","1","1","481","667","1","0","51","5","0.82","0.12","62","38","FFEnemyShipNocolors3","FFEnemyShipNocolors1","1","3826","2024-04-30 09:28:10"
"63316daa57747115376760da","FullPilot","2","116","1","2","85","23","1","0","688","791","1","0","13","8","0.18","0.27","72","28","FFEnemyShipNocolors8","FFEnemyShipNoColors12","0","3966","2024-04-30 09:28:12"
"650ee274aa4447ac435b7830","FullPilot","2","98","1","2","89","40","0","1","1159","1367","0","1","59","25","0.82","0.88","72","28","FFEnemyShipNoColors12","FFEnemyShipNocolors8","0","3137","2024-04-30 09:28:13"
"5cfb82a12bcca70018252f81","FullPilot","2","112","0","1","34","51","1","1","432","567","1","0","55","19","0.88","0.5","62","38","FFEnemyShipNocolors3","FFEnemyShipNocolors1","0","3826","2024-04-30 09:28:13"
"63316daa57747115376760da","FullPilot","2","117","1","1","86","32","1","1","299","451","1","0","59","11","0.82","0.38","72","28","FFEnemyShipNocolors8","FFEnemyShipNoColors12","1","4052","2024-04-30 09:28:15"
"650ee274aa4447ac435b7830","FullPilot","2","99","0","2","71","16","1","0","499","694","1","0","7","33","0.12","0.88","62","38","FFEnemyShipNocolors3","FFEnemyShipNocolors1","1","3153","2024-04-30 09:28:15"
"5cfb82a12bcca70018252f81","FullPilot","2","113","1","1","57","46","0","0","918","1037","0","1","9","5","0.12","0.18","72","28","FFEnemyShipNoColors12","FFEnemyShipNocolors8","0","3826","2024-04-30 09:28:17"
"63316daa57747115376760da","FullPilot","2","118","0","1","93","42","1","1","420","569","1","0","55","14","0.88","0.38","62","38","FFEnemyShipNocolors3","FFEnemyShipNocolors1","1","4145","2024-04-30 09:28:18"
"650ee274aa4447ac435b7830","FullPilot","2","100","0","2","93","79","0","1","638","833","0","1","24","24","0.38","0.62","62","38","FFEnemyShipNocolors3","FFEnemyShipNocolors1","0","3153","2024-04-30 09:28:18"
"5cfb82a12bcca70018252f81","FullPilot","2","114","0","2","54","24","1","0","498","649","1","0","17","24","0.27","0.62","62","38","FFEnemyShipNocolors3","FFEnemyShipNocolors1","1","3850","2024-04-30 09:28:19"
"63316daa57747115376760da","FullPilot","2","119","1","1","86","27","0","0","282","449","0","1","59","17","0.82","0.62","72","28","FFEnemyShipNocolors8","FFEnemyShipNoColors12","1","4231","2024-04-30 09:28:20"
"650ee274aa4447ac435b7830","FullPilot","2","101","0","2","88","51","1","0","520","715","1","0","38","31","0.62","0.82","62","38","FFEnemyShipNocolors3","FFEnemyShipNocolors1","1","3204","2024-04-30 09:28:21"
"5cfb82a12bcca70018252f81","FullPilot","2","115","0","2","69","35","1","0","498","650","1","0","11","14","0.18","0.38","62","38","FFEnemyShipNocolors3","FFEnemyShipNocolors1","0","3850","2024-04-30 09:28:22"
"63316daa57747115376760da","FullPilot","2","120","1","2","88","65","1","0","433","600","1","0","19","11","0.27","0.38","72","28","FFEnemyShipNocolors8","FFEnemyShipNoColors12","0","4231","2024-04-30 09:28:23"
"650ee274aa4447ac435b7830","FullPilot","2","102","1","1","93","32","1","1","1201","1465","1","0","36","3","0.5","0.12","72","28","FFEnemyShipNoColors12","FFEnemyShipNocolors8","1","3297","2024-04-30 09:28:24"
"5cfb82a12bcca70018252f81","FullPilot","2","116","0","2","50","45","1","0","501","799","1","0","11","24","0.18","0.62","62","38","FFEnemyShipNocolors3","FFEnemyShipNocolors1","1","3895","2024-04-30 09:28:25"
"63316daa57747115376760da","FullPilot","2","121","0","2","65","43","0","1","365","533","0","1","45","24","0.73","0.62","62","38","FFEnemyShipNocolors3","FFEnemyShipNocolors1","1","4274","2024-04-30 09:28:26"
"650ee274aa4447ac435b7830","FullPilot","2","103","1","1","58","19","1","1","597","791","1","0","53","14","0.73","0.5","72","28","FFEnemyShipNoColors12","FFEnemyShipNocolors8","1","3355","2024-04-30 09:28:27"
"5cfb82a12bcca70018252f81","FullPilot","2","117","0","2","78","20","0","1","551","884","0","1","17","19","0.27","0.5","62","38","FFEnemyShipNocolors3","FFEnemyShipNocolors1","1","3915","2024-04-30 09:28:27"
"63316daa57747115376760da","FullPilot","2","122","0","2","76","76","1","0","549","722","1","0","17","24","0.27","0.62","62","38","FFEnemyShipNocolors3","FFEnemyShipNocolors1","0","4274","2024-04-30 09:28:29"
"650ee274aa4447ac435b7830","FullPilot","2","104","0","2","85","24","0","1","680","854","0","1","31","28","0.5","0.73","62","38","FFEnemyShipNocolors3","FFEnemyShipNocolors1","0","3355","2024-04-30 09:28:29"
"5cfb82a12bcca70018252f81","FullPilot","2","118","1","2","99","45","1","0","315","464","1","0","9","20","0.12","0.73","72","28","FFEnemyShipNoColors12","FFEnemyShipNocolors8","1","3960","2024-04-30 09:28:30"
"63316daa57747115376760da","FullPilot","2","123","1","1","42","38","0","0","480","635","0","1","36","8","0.5","0.27","72","28","FFEnemyShipNocolors8","FFEnemyShipNoColors12","0","4274","2024-04-30 09:28:32"
"650ee274aa4447ac435b7830","FullPilot","2","105","1","2","59","38","1","0","436","603","1","0","45","25","0.62","0.88","72","28","FFEnemyShipNoColors12","FFEnemyShipNocolors8","1","3393","2024-04-30 09:28:32"
"5cfb82a12bcca70018252f81","FullPilot","2","119","0","2","55","52","1","0","785","901","1","0","11","10","0.18","0.27","62","38","FFEnemyShipNocolors3","FFEnemyShipNocolors1","0","3960","2024-04-30 09:28:33"
"63316daa57747115376760da","FullPilot","2","124","1","1","42","8","0","0","416","567","0","1","36","11","0.5","0.38","72","28","FFEnemyShipNocolors8","FFEnemyShipNoColors12","0","4274","2024-04-30 09:28:34"
"650ee274aa4447ac435b7830","FullPilot","2","106","0","1","64","56","1","1","916","1083","1","0","11","5","0.18","0.12","62","38","FFEnemyShipNocolors3","FFEnemyShipNocolors1","0","3393","2024-04-30 09:28:35"
"5cfb82a12bcca70018252f81","FullPilot","2","120","0","2","66","69","1","0","549","700","1","0","7","14","0.12","0.38","62","38","FFEnemyShipNocolors3","FFEnemyShipNocolors1","0","3960","2024-04-30 09:28:36"
"63316daa57747115376760da","FullPilot","2","125","0","2","66","66","0","1","532","650","0","1","11","24","0.18","0.62","62","38","FFEnemyShipNocolors3","FFEnemyShipNocolors1","1","4340","2024-04-30 09:28:37"
"650ee274aa4447ac435b7830","FullPilot","2","107","0","1","61","32","0","0","360","589","0","1","55","28","0.88","0.73","62","38","FFEnemyShipNocolors3","FFEnemyShipNocolors1","1","3454","2024-04-30 09:28:37"
"5cfb82a12bcca70018252f81","FullPilot","2","121","1","1","73","35","0","0","415","1435","1","1","59","20","0.82","0.73","72","28","FFEnemyShipNoColors12","FFEnemyShipNocolors8","1","4033","2024-04-30 09:28:39"
"63316daa57747115376760da","FullPilot","2","126","0","2","72","7","0","1","499","733","0","1","17","24","0.27","0.62","62","38","FFEnemyShipNocolors3","FFEnemyShipNocolors1","1","4347","2024-04-30 09:28:40"
"650ee274aa4447ac435b7830","FullPilot","2","108","1","2","43","51","0","1","979","1166","0","1","36","17","0.5","0.62","72","28","FFEnemyShipNoColors12","FFEnemyShipNocolors8","1","3505","2024-04-30 09:28:40"
"5cfb82a12bcca70018252f81","FullPilot","2","122","1","1","44","16","1","1","434","567","1","0","63","8","0.88","0.27","72","28","FFEnemyShipNoColors12","FFEnemyShipNocolors8","1","4077","2024-04-30 09:28:42"
"63316daa57747115376760da","FullPilot","2","127","0","2","98","67","1","0","799","934","1","0","38","28","0.62","0.73","62","38","FFEnemyShipNocolors3","FFEnemyShipNocolors1","1","4414","2024-04-30 09:28:43"
"650ee274aa4447ac435b7830","FullPilot","2","109","1","1","47","29","1","1","1180","1389","1","0","53","14","0.73","0.5","72","28","FFEnemyShipNoColors12","FFEnemyShipNocolors8","1","3552","2024-04-30 09:28:43"
"5cfb82a12bcca70018252f81","FullPilot","2","123","0","2","58","33","1","0","516","684","1","0","7","14","0.12","0.38","62","38","FFEnemyShipNocolors3","FFEnemyShipNocolors1","1","4110","2024-04-30 09:28:45"
"63316daa57747115376760da","FullPilot","2","128","1","2","84","11","0","1","314","452","0","1","9","23","0.12","0.82","72","28","FFEnemyShipNocolors8","FFEnemyShipNoColors12","1","4425","2024-04-30 09:28:45"
"650ee274aa4447ac435b7830","FullPilot","2","110","1","2","11","30","0","1","520","645","0","1","19","23","0.27","0.82","72","28","FFEnemyShipNoColors12","FFEnemyShipNocolors8","1","3582","2024-04-30 09:28:46"
"5cfb82a12bcca70018252f81","FullPilot","2","124","1","1","67","44","0","0","383","551","0","1","59","5","0.82","0.18","72","28","FFEnemyShipNoColors12","FFEnemyShipNocolors8","1","4177","2024-04-30 09:28:47"
"63316daa57747115376760da","FullPilot","2","129","1","2","64","5","0","1","433","585","0","1","13","20","0.18","0.73","72","28","FFEnemyShipNocolors8","FFEnemyShipNoColors12","1","4430","2024-04-30 09:28:48"
"650ee274aa4447ac435b7830","FullPilot","2","111","0","2","61","78","0","1","937","1090","0","1","45","33","0.73","0.88","62","38","FFEnemyShipNocolors3","FFEnemyShipNocolors1","1","3660","2024-04-30 09:28:49"
"5cfb82a12bcca70018252f81","FullPilot","2","125","0","2","65","39","1","0","532","666","1","0","24","28","0.38","0.73","62","38","FFEnemyShipNocolors3","FFEnemyShipNocolors1","0","4177","2024-04-30 09:28:50"
"63316daa57747115376760da","FullPilot","2","130","1","1","92","35","0","0","599","1033","0","1","63","23","0.88","0.82","72","28","FFEnemyShipNocolors8","FFEnemyShipNoColors12","1","4522","2024-04-30 09:28:51"
"650ee274aa4447ac435b7830","FullPilot","2","112","1","2","91","20","0","1","499","707","0","1","13","23","0.18","0.82","72","28","FFEnemyShipNoColors12","FFEnemyShipNocolors8","1","3680","2024-04-30 09:28:51"
"5cfb82a12bcca70018252f81","FullPilot","2","126","1","1","57","42","0","0","565","700","0","1","63","23","0.88","0.82","72","28","FFEnemyShipNoColors12","FFEnemyShipNocolors8","1","4234","2024-04-30 09:28:53"
"63316daa57747115376760da","FullPilot","2","131","0","2","53","16","0","1","466","650","0","1","17","33","0.27","0.88","62","38","FFEnemyShipNocolors3","FFEnemyShipNocolors1","1","4538","2024-04-30 09:28:54"
"650ee274aa4447ac435b7830","FullPilot","2","113","1","1","82","20","1","1","1374","1555","1","0","19","5","0.27","0.18","72","28","FFEnemyShipNoColors12","FFEnemyShipNocolors8","1","3762","2024-04-30 09:28:55"
"5cfb82a12bcca70018252f81","FullPilot","2","127","1","2","88","43","1","0","382","567","1","0","9","5","0.12","0.18","72","28","FFEnemyShipNoColors12","FFEnemyShipNocolors8","0","4234","2024-04-30 09:28:55"
"63316daa57747115376760da","FullPilot","2","132","1","1","49","58","0","0","1015","1118","0","1","13","3","0.18","0.12","72","28","FFEnemyShipNocolors8","FFEnemyShipNoColors12","0","4538","2024-04-30 09:28:57"
"650ee274aa4447ac435b7830","FullPilot","2","114","0","2","72","51","0","1","1242","1451","0","1","24","24","0.38","0.62","62","38","FFEnemyShipNocolors3","FFEnemyShipNocolors1","1","3813","2024-04-30 09:28:58"
"5cfb82a12bcca70018252f81","FullPilot","2","128","1","2","84","2","0","1","316","466","0","1","36","17","0.5","0.62","72","28","FFEnemyShipNoColors12","FFEnemyShipNocolors8","1","4236","2024-04-30 09:28:58"
"63316daa57747115376760da","FullPilot","2","133","1","2","99","29","1","0","448","582","1","0","13","25","0.18","0.88","72","28","FFEnemyShipNocolors8","FFEnemyShipNoColors12","1","4567","2024-04-30 09:29:00"
"5cfb82a12bcca70018252f81","FullPilot","2","129","0","1","52","34","1","1","465","565","1","0","38","10","0.62","0.27","62","38","FFEnemyShipNocolors3","FFEnemyShipNocolors1","1","4288","2024-04-30 09:29:01"
"650ee274aa4447ac435b7830","FullPilot","2","115","0","2","55","61","1","0","763","1187","1","0","31","24","0.5","0.62","62","38","FFEnemyShipNocolors3","FFEnemyShipNocolors1","0","3813","2024-04-30 09:29:01"
"63316daa57747115376760da","FullPilot","2","134","1","2","88","47","1","0","368","519","1","0","19","14","0.27","0.5","72","28","FFEnemyShipNocolors8","FFEnemyShipNoColors12","1","4614","2024-04-30 09:29:02"
"650ee274aa4447ac435b7830","FullPilot","2","116","1","1","69","39","0","0","576","742","0","1","63","11","0.88","0.38","72","28","FFEnemyShipNoColors12","FFEnemyShipNocolors8","0","3813","2024-04-30 09:29:03"
"5cfb82a12bcca70018252f81","FullPilot","2","130","1","2","75","45","0","1","382","501","0","1","9","17","0.12","0.62","72","28","FFEnemyShipNoColors12","FFEnemyShipNocolors8","0","4288","2024-04-30 09:29:04"
"63316daa57747115376760da","FullPilot","2","135","0","1","55","19","1","1","414","533","1","0","31","7","0.5","0.18","62","38","FFEnemyShipNocolors3","FFEnemyShipNocolors1","0","4614","2024-04-30 09:29:05"
"5cfb82a12bcca70018252f81","FullPilot","2","131","0","1","76","47","0","0","381","515","0","1","55","14","0.88","0.38","62","38","FFEnemyShipNocolors3","FFEnemyShipNocolors1","1","4364","2024-04-30 09:29:06"
"650ee274aa4447ac435b7830","FullPilot","2","117","1","2","32","53","1","0","1083","1298","1","0","9","14","0.12","0.5","72","28","FFEnemyShipNoColors12","FFEnemyShipNocolors8","0","3813","2024-04-30 09:29:07"
"63316daa57747115376760da","FullPilot","2","136","0","2","36","21","1","0","549","667","1","0","7","28","0.12","0.73","62","38","FFEnemyShipNocolors3","FFEnemyShipNocolors1","1","4635","2024-04-30 09:29:08"
"5cfb82a12bcca70018252f81","FullPilot","2","132","0","1","44","58","0","0","466","601","0","1","55","5","0.88","0.12","62","38","FFEnemyShipNocolors3","FFEnemyShipNocolors1","0","4364","2024-04-30 09:29:09"
"650ee274aa4447ac435b7830","FullPilot","2","118","0","2","65","41","1","0","576","771","1","0","51","28","0.82","0.73","62","38","FFEnemyShipNocolors3","FFEnemyShipNocolors1","1","3854","2024-04-30 09:29:09"
"63316daa57747115376760da","FullPilot","2","137","1","1","35","55","1","1","366","501","1","0","45","14","0.62","0.5","72","28","FFEnemyShipNocolors8","FFEnemyShipNoColors12","0","4635","2024-04-30 09:29:11"
"650ee274aa4447ac435b7830","FullPilot","2","119","0","1","85","55","0","0","617","798","0","1","55","24","0.88","0.62","62","38","FFEnemyShipNocolors3","FFEnemyShipNocolors1","1","3939","2024-04-30 09:29:12"
"5cfb82a12bcca70018252f81","FullPilot","2","133","1","2","84","45","0","1","349","467","0","1","27","17","0.38","0.62","72","28","FFEnemyShipNoColors12","FFEnemyShipNocolors8","0","4364","2024-04-30 09:29:12"
"63316daa57747115376760da","FullPilot","2","138","0","1","82","60","1","1","533","650","1","0","31","14","0.5","0.38","62","38","FFEnemyShipNocolors3","FFEnemyShipNocolors1","0","4635","2024-04-30 09:29:14"
"650ee274aa4447ac435b7830","FullPilot","2","120","1","2","63","18","1","0","520","743","1","0","9","17","0.12","0.62","72","28","FFEnemyShipNoColors12","FFEnemyShipNocolors8","1","3957","2024-04-30 09:29:14"
"5cfb82a12bcca70018252f81","FullPilot","2","134","0","2","68","17","1","0","466","650","1","0","24","28","0.38","0.73","62","38","FFEnemyShipNocolors3","FFEnemyShipNocolors1","1","4381","2024-04-30 09:29:14"
"63316daa57747115376760da","FullPilot","2","139","0","2","48","46","0","1","532","668","0","1","7","28","0.12","0.73","62","38","FFEnemyShipNocolors3","FFEnemyShipNocolors1","1","4681","2024-04-30 09:29:17"
"650ee274aa4447ac435b7830","FullPilot","2","121","0","1","44","50","1","1","680","888","1","0","45","5","0.73","0.12","62","38","FFEnemyShipNocolors3","FFEnemyShipNocolors1","1","4001","2024-04-30 09:29:17"
"5cfb82a12bcca70018252f81","FullPilot","2","135","1","1","69","37","0","0","431","582","0","1","13","3","0.18","0.12","72","28","FFEnemyShipNoColors12","FFEnemyShipNocolors8","0","4381","2024-04-30 09:29:17"
"63316daa57747115376760da","FullPilot","2","140","1","1","57","47","1","1","383","502","1","0","45","8","0.62","0.27","72","28","FFEnemyShipNocolors8","FFEnemyShipNoColors12","1","4738","2024-04-30 09:29:19"
"650ee274aa4447ac435b7830","FullPilot","2","122","0","1","45","59","1","1","902","1159","1","0","11","5","0.18","0.12","62","38","FFEnemyShipNocolors3","FFEnemyShipNocolors1","0","4001","2024-04-30 09:29:20"
"5cfb82a12bcca70018252f81","FullPilot","2","136","0","1","19","50","1","1","499","716","1","0","24","5","0.38","0.12","62","38","FFEnemyShipNocolors3","FFEnemyShipNocolors1","0","4381","2024-04-30 09:29:20"
"63316daa57747115376760da","FullPilot","2","141","1","1","72","31","0","0","298","449","0","1","63","8","0.88","0.27","72","28","FFEnemyShipNocolors8","FFEnemyShipNoColors12","1","4810","2024-04-30 09:29:22"
"650ee274aa4447ac435b7830","FullPilot","2","123","0","1","90","52","1","1","638","861","1","0","45","5","0.73","0.12","62","38","FFEnemyShipNocolors3","FFEnemyShipNocolors1","1","4091","2024-04-30 09:29:22"
"5cfb82a12bcca70018252f81","FullPilot","2","137","1","1","89","23","0","0","400","566","0","1","27","5","0.38","0.18","72","28","FFEnemyShipNoColors12","FFEnemyShipNocolors8","0","4381","2024-04-30 09:29:23"
"63316daa57747115376760da","FullPilot","2","142","1","2","87","38","0","1","351","500","0","1","19","23","0.27","0.82","72","28","FFEnemyShipNocolors8","FFEnemyShipNoColors12","1","4848","2024-04-30 09:29:24"
"650ee274aa4447ac435b7830","FullPilot","2","124","0","2","50","55","0","1","722","923","0","1","24","28","0.38","0.73","62","38","FFEnemyShipNocolors3","FFEnemyShipNocolors1","1","4146","2024-04-30 09:29:25"
"5cfb82a12bcca70018252f81","FullPilot","2","138","1","2","90","9","1","0","333","434","1","0","19","17","0.27","0.62","72","28","FFEnemyShipNoColors12","FFEnemyShipNocolors8","0","4381","2024-04-30 09:29:26"
"63316daa57747115376760da","FullPilot","2","143","0","1","68","1","1","1","450","601","1","0","17","7","0.27","0.18","62","38","FFEnemyShipNocolors3","FFEnemyShipNocolors1","0","4848","2024-04-30 09:29:27"
"650ee274aa4447ac435b7830","FullPilot","2","125","1","2","95","46","0","1","638","819","0","1","19","14","0.27","0.5","72","28","FFEnemyShipNoColors12","FFEnemyShipNocolors8","0","4146","2024-04-30 09:29:28"
"5cfb82a12bcca70018252f81","FullPilot","2","139","0","2","61","31","1","0","534","702","1","0","24","31","0.38","0.82","62","38","FFEnemyShipNocolors3","FFEnemyShipNocolors1","1","4412","2024-04-30 09:29:28"
"650ee274aa4447ac435b7830","FullPilot","2","126","0","1","52","36","1","1","499","694","1","0","55","31","0.88","0.82","62","38","FFEnemyShipNocolors3","FFEnemyShipNocolors1","1","4198","2024-04-30 09:29:30"
"5cfb82a12bcca70018252f81","FullPilot","2","140","0","1","44","45","0","0","599","767","0","1","17","5","0.27","0.12","62","38","FFEnemyShipNocolors3","FFEnemyShipNocolors1","0","4412","2024-04-30 09:29:31"
"650ee274aa4447ac435b7830","FullPilot","2","127","0","2","91","26","1","0","999","1180","1","0","17","14","0.27","0.38","62","38","FFEnemyShipNocolors3","FFEnemyShipNocolors1","1","4224","2024-04-30 09:29:33"
"5cfb82a12bcca70018252f81","FullPilot","2","141","1","1","59","54","0","0","416","600","0","1","45","3","0.62","0.12","72","28","FFEnemyShipNoColors12","FFEnemyShipNocolors8","1","4471","2024-04-30 09:29:34"
"650ee274aa4447ac435b7830","FullPilot","2","128","0","1","88","30","1","1","499","687","1","0","55","24","0.88","0.62","62","38","FFEnemyShipNocolors3","FFEnemyShipNocolors1","1","4312","2024-04-30 09:29:36"
"5cfb82a12bcca70018252f81","FullPilot","2","142","0","1","50","35","0","0","433","599","0","1","51","5","0.82","0.12","62","38","FFEnemyShipNocolors3","FFEnemyShipNocolors1","0","4471","2024-04-30 09:29:37"
"650ee274aa4447ac435b7830","FullPilot","2","129","0","1","90","40","1","1","603","784","1","0","17","14","0.27","0.38","62","38","FFEnemyShipNocolors3","FFEnemyShipNocolors1","0","4312","2024-04-30 09:29:38"
"5cfb82a12bcca70018252f81","FullPilot","2","143","1","1","89","32","0","0","384","518","0","1","36","3","0.5","0.12","72","28","FFEnemyShipNoColors12","FFEnemyShipNocolors8","0","4471","2024-04-30 09:29:39"
"650ee274aa4447ac435b7830","FullPilot","2","130","1","2","56","31","0","1","597","1340","0","1","13","11","0.18","0.38","72","28","FFEnemyShipNoColors12","FFEnemyShipNocolors8","0","4312","2024-04-30 09:29:42"
"650ee274aa4447ac435b7830","FullPilot","2","131","1","2","50","2","0","1","1819","2465","0","1","19","17","0.27","0.62","72","28","FFEnemyShipNoColors12","FFEnemyShipNocolors8","1","4314","2024-04-30 09:29:46"
"650ee274aa4447ac435b7830","FullPilot","2","132","1","1","78","32","1","1","1999","2319","1","0","9","20","0.12","0.73","72","28","FFEnemyShipNoColors12","FFEnemyShipNocolors8","0","4314","2024-04-30 09:29:50"
"650ee274aa4447ac435b7830","FullPilot","2","133","0","2","80","42","1","0","1298","1736","1","0","11","19","0.18","0.5","62","38","FFEnemyShipNocolors3","FFEnemyShipNocolors1","1","4356","2024-04-30 09:29:53"
"650ee274aa4447ac435b7830","FullPilot","2","134","0","1","79","47","0","0","1360","1631","0","1","51","14","0.82","0.38","62","38","FFEnemyShipNocolors3","FFEnemyShipNocolors1","1","4435","2024-04-30 09:29:57"
"650ee274aa4447ac435b7830","FullPilot","2","135","1","2","23","18","0","1","416","638","0","1","45","25","0.62","0.88","72","28","FFEnemyShipNoColors12","FFEnemyShipNocolors8","1","4453","2024-04-30 09:29:59"
"650ee274aa4447ac435b7830","FullPilot","2","136","0","1","54","44","0","0","1638","1840","0","1","45","24","0.73","0.62","62","38","FFEnemyShipNocolors3","FFEnemyShipNocolors1","1","4507","2024-04-30 09:30:03"
"650ee274aa4447ac435b7830","FullPilot","2","137","0","1","89","48","0","0","562","722","0","1","38","5","0.62","0.12","62","38","FFEnemyShipNocolors3","FFEnemyShipNocolors1","0","4507","2024-04-30 09:30:05"
"650ee274aa4447ac435b7830","FullPilot","2","138","0","1","30","25","0","0","575","770","0","1","51","24","0.82","0.62","62","38","FFEnemyShipNocolors3","FFEnemyShipNocolors1","0","4507","2024-04-30 09:30:08"
"650ee274aa4447ac435b7830","FullPilot","2","139","0","1","97","12","1","1","735","951","1","0","51","24","0.82","0.62","62","38","FFEnemyShipNocolors3","FFEnemyShipNocolors1","0","4507","2024-04-30 09:30:11"
"650ee274aa4447ac435b7830","FullPilot","2","140","1","1","74","19","1","1","458","652","1","0","45","11","0.62","0.38","72","28","FFEnemyShipNoColors12","FFEnemyShipNocolors8","1","4581","2024-04-30 09:30:14"
"650ee274aa4447ac435b7830","FullPilot","2","141","0","1","47","52","0","0","735","930","0","1","55","19","0.88","0.5","62","38","FFEnemyShipNocolors3","FFEnemyShipNocolors1","0","4581","2024-04-30 09:30:17"
"5cfb82a12bcca70018252f81","FullPilot","3","0","0","1","62","24","0","0","369","553","0","1","55","28","0.88","0.73","62","38","FFEnemyShipNocolors6","FFEnemyShipNoColors11","1","62","2024-04-30 09:30:18"
"5cfb82a12bcca70018252f81","FullPilot","3","1","0","1","81","50","0","0","197","350","0","1","45","14","0.73","0.38","62","38","FFEnemyShipNocolors6","FFEnemyShipNoColors11","0","62","2024-04-30 09:30:21"
"650ee274aa4447ac435b7830","FullPilot","2","142","1","0","84","47","0","0","0","0","0","0","36","11","0.5","0.38","72","28","FFEnemyShipNoColors12","FFEnemyShipNocolors8","0","4581","2024-04-30 09:30:22"
"5cfb82a12bcca70018252f81","FullPilot","3","2","1","1","37","14","0","0","134","285","0","1","53","14","0.73","0.5","72","28","FFEnemyShipNoColors9","FFEnemyShipNocolors7","1","99","2024-04-30 09:30:24"
"650ee274aa4447ac435b7830","FullPilot","2","143","1","2","88","28","1","0","1321","1765","1","0","36","20","0.5","0.73","72","28","FFEnemyShipNoColors12","FFEnemyShipNocolors8","1","4609","2024-04-30 09:30:25"
"63316daa57747115376760da","FullPilot","3","0","0","1","82","6","1","1","161","364","1","0","38","19","0.62","0.5","62","38","FFEnemyShipNoColors11","FFEnemyShipNocolors6","1","82","2024-04-30 09:30:26"
"5cfb82a12bcca70018252f81","FullPilot","3","3","0","1","81","61","0","0","233","383","0","1","31","10","0.5","0.27","62","38","FFEnemyShipNocolors6","FFEnemyShipNoColors11","0","99","2024-04-30 09:30:26"
"63316daa57747115376760da","FullPilot","3","1","0","2","45","51","0","1","133","467","0","1","11","28","0.18","0.73","62","38","FFEnemyShipNoColors11","FFEnemyShipNocolors6","0","82","2024-04-30 09:30:29"
"5cfb82a12bcca70018252f81","FullPilot","3","4","0","1","63","37","0","0","215","366","0","1","31","10","0.5","0.27","62","38","FFEnemyShipNocolors6","FFEnemyShipNoColors11","0","99","2024-04-30 09:30:29"
"5cfb82a12bcca70018252f81","FullPilot","3","5","1","2","57","42","1","0","83","233","1","0","19","25","0.27","0.88","72","28","FFEnemyShipNoColors9","FFEnemyShipNocolors7","1","141","2024-04-30 09:30:32"
"63316daa57747115376760da","FullPilot","3","2","0","1","89","36","0","0","349","601","0","1","51","14","0.82","0.38","62","38","FFEnemyShipNoColors11","FFEnemyShipNocolors6","1","171","2024-04-30 09:30:32"
"5cfb82a12bcca70018252f81","FullPilot","3","6","1","1","66","6","0","0","85","217","0","1","59","5","0.82","0.18","72","28","FFEnemyShipNoColors9","FFEnemyShipNocolors7","1","207","2024-04-30 09:30:34"
"63316daa57747115376760da","FullPilot","3","3","0","1","69","62","1","1","329","593","1","0","24","5","0.38","0.12","62","38","FFEnemyShipNoColors11","FFEnemyShipNocolors6","0","171","2024-04-30 09:30:35"
"5cfb82a12bcca70018252f81","FullPilot","3","7","1","2","70","17","1","0","150","417","1","0","19","5","0.27","0.18","72","28","FFEnemyShipNoColors9","FFEnemyShipNocolors7","0","207","2024-04-30 09:30:37"
"63316daa57747115376760da","FullPilot","3","4","1","1","98","16","0","0","382","835","0","1","45","8","0.62","0.27","72","28","FFEnemyShipNocolors7","FFEnemyShipNoColors9","1","269","2024-04-30 09:30:38"
"5cfb82a12bcca70018252f81","FullPilot","3","8","0","2","79","36","1","0","482","615","1","0","45","31","0.73","0.82","62","38","FFEnemyShipNocolors6","FFEnemyShipNoColors11","1","243","2024-04-30 09:30:40"
"63316daa57747115376760da","FullPilot","3","5","0","1","14","60","1","1","598","834","1","0","55","28","0.88","0.73","62","38","FFEnemyShipNoColors11","FFEnemyShipNocolors6","1","283","2024-04-30 09:30:42"
"5cfb82a12bcca70018252f81","FullPilot","3","9","0","2","9","22","1","0","216","353","1","0","17","24","0.27","0.62","62","38","FFEnemyShipNocolors6","FFEnemyShipNoColors11","1","265","2024-04-30 09:30:43"
"63316daa57747115376760da","FullPilot","3","6","1","2","89","10","0","1","449","650","0","1","9","8","0.12","0.27","72","28","FFEnemyShipNocolors7","FFEnemyShipNoColors9","0","283","2024-04-30 09:30:45"
"5cfb82a12bcca70018252f81","FullPilot","3","10","1","2","75","16","0","1","118","299","0","1","9","14","0.12","0.5","72","28","FFEnemyShipNoColors9","FFEnemyShipNocolors7","0","265","2024-04-30 09:30:46"
"63316daa57747115376760da","FullPilot","3","7","0","1","46","50","1","1","200","416","1","0","55","5","0.88","0.12","62","38","FFEnemyShipNoColors11","FFEnemyShipNocolors6","1","329","2024-04-30 09:30:48"
"5cfb82a12bcca70018252f81","FullPilot","3","11","1","2","70","20","1","0","268","468","1","0","19","3","0.27","0.12","72","28","FFEnemyShipNoColors9","FFEnemyShipNocolors7","0","265","2024-04-30 09:30:48"
"63316daa57747115376760da","FullPilot","3","8","1","2","82","57","0","1","117","283","0","1","9","25","0.12","0.88","72","28","FFEnemyShipNocolors7","FFEnemyShipNoColors9","1","386","2024-04-30 09:30:50"
"5cfb82a12bcca70018252f81","FullPilot","3","12","1","2","84","38","0","1","350","519","0","1","59","25","0.82","0.88","72","28","FFEnemyShipNoColors9","FFEnemyShipNocolors7","1","303","2024-04-30 09:30:51"
"63316daa57747115376760da","FullPilot","3","9","1","2","73","3","0","1","99","267","0","1","13","23","0.18","0.82","72","28","FFEnemyShipNocolors7","FFEnemyShipNoColors9","1","389","2024-04-30 09:30:53"
"5cfb82a12bcca70018252f81","FullPilot","3","13","1","1","50","23","0","0","166","314","0","1","63","8","0.88","0.27","72","28","FFEnemyShipNoColors9","FFEnemyShipNocolors7","1","353","2024-04-30 09:30:54"
"63316daa57747115376760da","FullPilot","3","10","1","2","65","15","1","0","82","417","1","0","36","11","0.5","0.38","72","28","FFEnemyShipNocolors7","FFEnemyShipNoColors9","0","389","2024-04-30 09:30:56"
"650ee274aa4447ac435b7830","FullPilot","3","0","1","1","75","67","0","0","597","861","2","1","45","11","0.62","0.38","72","28","FFEnemyShipNocolors7","FFEnemyShipNoColors9","0","0","2024-04-30 09:30:56"
"5cfb82a12bcca70018252f81","FullPilot","3","14","0","1","87","17","0","0","233","400","0","1","51","19","0.82","0.5","62","38","FFEnemyShipNocolors6","FFEnemyShipNoColors11","1","440","2024-04-30 09:30:56"
"650ee274aa4447ac435b7830","FullPilot","3","1","0","1","69","52","0","0","263","437","0","1","38","10","0.62","0.27","62","38","FFEnemyShipNocolors6","FFEnemyShipNoColors11","1","69","2024-04-30 09:30:58"
"5cfb82a12bcca70018252f81","FullPilot","3","15","1","2","92","45","0","1","200","365","0","1","9","11","0.12","0.38","72","28","FFEnemyShipNoColors9","FFEnemyShipNocolors7","1","485","2024-04-30 09:30:59"
"63316daa57747115376760da","FullPilot","3","11","1","1","56","20","0","0","316","733","0","1","19","3","0.27","0.12","72","28","FFEnemyShipNocolors7","FFEnemyShipNoColors9","0","389","2024-04-30 09:30:59"
"650ee274aa4447ac435b7830","FullPilot","3","2","1","1","60","35","1","1","180","333","1","0","63","17","0.88","0.62","72","28","FFEnemyShipNocolors7","FFEnemyShipNoColors9","1","129","2024-04-30 09:31:01"
"5cfb82a12bcca70018252f81","FullPilot","3","16","1","2","44","28","1","0","148","300","1","0","27","25","0.38","0.88","72","28","FFEnemyShipNoColors9","FFEnemyShipNocolors7","1","513","2024-04-30 09:31:02"
"63316daa57747115376760da","FullPilot","3","12","0","1","55","53","1","1","434","583","1","0","38","19","0.62","0.5","62","38","FFEnemyShipNoColors11","FFEnemyShipNocolors6","1","444","2024-04-30 09:31:02"
"5cfb82a12bcca70018252f81","FullPilot","3","17","0","2","74","56","1","0","213","368","1","0","7","33","0.12","0.88","62","38","FFEnemyShipNocolors6","FFEnemyShipNoColors11","1","569","2024-04-30 09:31:04"
"650ee274aa4447ac435b7830","FullPilot","3","3","1","2","61","29","1","0","638","798","1","0","9","5","0.12","0.18","72","28","FFEnemyShipNocolors7","FFEnemyShipNoColors9","0","129","2024-04-30 09:31:04"
"63316daa57747115376760da","FullPilot","3","13","0","2","75","8","1","0","150","285","1","0","38","28","0.62","0.73","62","38","FFEnemyShipNoColors11","FFEnemyShipNocolors6","1","452","2024-04-30 09:31:05"
"650ee274aa4447ac435b7830","FullPilot","3","4","0","2","58","70","1","0","201","333","1","0","7","10","0.12","0.27","62","38","FFEnemyShipNocolors6","FFEnemyShipNoColors11","0","129","2024-04-30 09:31:07"
"5cfb82a12bcca70018252f81","FullPilot","3","18","1","2","48","14","1","0","183","401","1","0","13","11","0.18","0.38","72","28","FFEnemyShipNoColors9","FFEnemyShipNocolors7","0","569","2024-04-30 09:31:07"
"63316daa57747115376760da","FullPilot","3","14","0","2","46","29","1","0","148","301","1","0","7","24","0.12","0.62","62","38","FFEnemyShipNoColors11","FFEnemyShipNocolors6","0","452","2024-04-30 09:31:08"
"5cfb82a12bcca70018252f81","FullPilot","3","19","1","1","41","29","0","0","165","317","0","1","59","14","0.82","0.5","72","28","FFEnemyShipNoColors9","FFEnemyShipNocolors7","1","610","2024-04-30 09:31:09"
"650ee274aa4447ac435b7830","FullPilot","3","5","1","2","98","47","0","1","555","743","0","1","53","25","0.73","0.88","72","28","FFEnemyShipNocolors7","FFEnemyShipNoColors9","0","129","2024-04-30 09:31:10"
"63316daa57747115376760da","FullPilot","3","15","1","2","86","42","0","1","624","792","0","1","27","20","0.38","0.73","72","28","FFEnemyShipNocolors7","FFEnemyShipNoColors9","1","494","2024-04-30 09:31:11"
"5cfb82a12bcca70018252f81","FullPilot","3","20","0","1","76","70","1","1","149","300","1","0","51","5","0.82","0.12","62","38","FFEnemyShipNocolors6","FFEnemyShipNoColors11","1","686","2024-04-30 09:31:12"
"650ee274aa4447ac435b7830","FullPilot","3","6","1","2","86","25","1","0","319","513","1","0","36","11","0.5","0.38","72","28","FFEnemyShipNocolors7","FFEnemyShipNoColors9","0","129","2024-04-30 09:31:12"
"63316daa57747115376760da","FullPilot","3","16","1","1","70","58","1","1","199","366","1","0","59","14","0.82","0.5","72","28","FFEnemyShipNocolors7","FFEnemyShipNoColors9","1","564","2024-04-30 09:31:13"
"5cfb82a12bcca70018252f81","FullPilot","3","21","0","2","75","30","0","1","99","290","0","1","31","31","0.5","0.82","62","38","FFEnemyShipNocolors6","FFEnemyShipNoColors11","1","716","2024-04-30 09:31:15"
"650ee274aa4447ac435b7830","FullPilot","3","7","0","1","79","22","1","1","256","395","1","0","45","5","0.73","0.12","62","38","FFEnemyShipNocolors6","FFEnemyShipNoColors11","1","208","2024-04-30 09:31:15"
"63316daa57747115376760da","FullPilot","3","17","1","1","55","42","1","1","516","833","1","1","13","3","0.18","0.12","72","28","FFEnemyShipNocolors7","FFEnemyShipNoColors9","0","564","2024-04-30 09:31:17"
"5cfb82a12bcca70018252f81","FullPilot","3","22","1","1","98","30","0","0","131","232","0","1","63","5","0.88","0.18","72","28","FFEnemyShipNoColors9","FFEnemyShipNocolors7","1","814","2024-04-30 09:31:17"
"650ee274aa4447ac435b7830","FullPilot","3","8","0","2","54","16","1","0","1583","1743","1","0","11","10","0.18","0.27","62","38","FFEnemyShipNocolors6","FFEnemyShipNoColors11","0","208","2024-04-30 09:31:19"
"63316daa57747115376760da","FullPilot","3","18","0","2","78","65","0","1","299","418","0","1","7","14","0.12","0.38","62","38","FFEnemyShipNoColors11","FFEnemyShipNocolors6","0","564","2024-04-30 09:31:20"
"5cfb82a12bcca70018252f81","FullPilot","3","23","0","1","47","19","0","0","151","287","0","1","38","10","0.62","0.27","62","38","FFEnemyShipNocolors6","FFEnemyShipNoColors11","1","861","2024-04-30 09:31:20"
"650ee274aa4447ac435b7830","FullPilot","3","9","1","1","41","3","0","0","318","472","0","1","36","8","0.5","0.27","72","28","FFEnemyShipNocolors7","FFEnemyShipNoColors9","0","208","2024-04-30 09:31:22"
"63316daa57747115376760da","FullPilot","3","19","1","2","64","41","0","1","355","480","0","1","19","11","0.27","0.38","72","28","FFEnemyShipNocolors7","FFEnemyShipNoColors9","0","564","2024-04-30 09:31:22"
"5cfb82a12bcca70018252f81","FullPilot","3","24","0","1","59","42","1","1","183","365","1","0","38","7","0.62","0.18","62","38","FFEnemyShipNocolors6","FFEnemyShipNoColors11","0","861","2024-04-30 09:31:23"
"650ee274aa4447ac435b7830","FullPilot","3","10","0","1","46","59","1","1","180","340","1","0","51","10","0.82","0.27","62","38","FFEnemyShipNocolors6","FFEnemyShipNoColors11","0","208","2024-04-30 09:31:25"
"63316daa57747115376760da","FullPilot","3","20","1","2","77","9","1","0","116","234","1","0","13","17","0.18","0.62","72","28","FFEnemyShipNocolors7","FFEnemyShipNoColors9","0","564","2024-04-30 09:31:25"
"5cfb82a12bcca70018252f81","FullPilot","3","25","0","1","85","59","0","0","165","332","0","1","45","24","0.73","0.62","62","38","FFEnemyShipNocolors6","FFEnemyShipNoColors11","0","861","2024-04-30 09:31:26"
"650ee274aa4447ac435b7830","FullPilot","3","11","1","1","74","26","1","1","222","368","1","0","59","14","0.82","0.5","72","28","FFEnemyShipNocolors7","FFEnemyShipNoColors9","1","282","2024-04-30 09:31:27"
"63316daa57747115376760da","FullPilot","3","21","0","2","33","11","1","0","149","300","1","0","38","31","0.62","0.82","62","38","FFEnemyShipNoColors11","FFEnemyShipNocolors6","1","575","2024-04-30 09:31:28"
"5cfb82a12bcca70018252f81","FullPilot","3","26","1","1","68","11","0","0","148","250","0","1","36","5","0.5","0.18","72","28","FFEnemyShipNoColors9","FFEnemyShipNocolors7","1","929","2024-04-30 09:31:28"
"650ee274aa4447ac435b7830","FullPilot","3","12","1","2","71","74","0","1","284","479","0","1","36","23","0.5","0.82","72","28","FFEnemyShipNocolors7","FFEnemyShipNoColors9","0","282","2024-04-30 09:31:30"
"63316daa57747115376760da","FullPilot","3","22","0","2","81","40","1","0","98","249","1","0","24","24","0.38","0.62","62","38","FFEnemyShipNoColors11","FFEnemyShipNocolors6","1","615","2024-04-30 09:31:31"
"5cfb82a12bcca70018252f81","FullPilot","3","27","0","2","72","41","0","1","82","218","0","1","11","33","0.18","0.88","62","38","FFEnemyShipNocolors6","FFEnemyShipNoColors11","1","970","2024-04-30 09:31:31"
"650ee274aa4447ac435b7830","FullPilot","3","13","1","2","79","53","0","1","360","548","0","1","27","23","0.38","0.82","72","28","FFEnemyShipNocolors7","FFEnemyShipNoColors9","1","335","2024-04-30 09:31:33"
"63316daa57747115376760da","FullPilot","3","23","1","1","57","34","0","0","109","267","0","1","53","8","0.73","0.27","72","28","FFEnemyShipNocolors7","FFEnemyShipNoColors9","1","672","2024-04-30 09:31:33"
"5cfb82a12bcca70018252f81","FullPilot","3","28","1","1","65","48","0","0","550","687","0","1","9","5","0.12","0.18","72","28","FFEnemyShipNoColors9","FFEnemyShipNocolors7","0","970","2024-04-30 09:31:34"
"63316daa57747115376760da","FullPilot","3","24","0","2","92","29","0","1","80","250","0","1","24","33","0.38","0.88","62","38","FFEnemyShipNoColors11","FFEnemyShipNocolors6","1","701","2024-04-30 09:31:36"
"650ee274aa4447ac435b7830","FullPilot","3","14","1","1","76","26","0","0","701","874","0","1","27","3","0.38","0.12","72","28","FFEnemyShipNocolors7","FFEnemyShipNoColors9","0","335","2024-04-30 09:31:36"
"5cfb82a12bcca70018252f81","FullPilot","3","29","1","2","81","9","1","0","99","219","1","0","27","23","0.38","0.82","72","28","FFEnemyShipNoColors9","FFEnemyShipNocolors7","1","979","2024-04-30 09:31:37"
"63316daa57747115376760da","FullPilot","3","25","0","1","67","7","1","1","349","500","1","0","55","24","0.88","0.62","62","38","FFEnemyShipNoColors11","FFEnemyShipNocolors6","1","768","2024-04-30 09:31:38"
"650ee274aa4447ac435b7830","FullPilot","3","15","1","2","81","28","0","1","922","1061","0","1","9","23","0.12","0.82","72","28","FFEnemyShipNocolors7","FFEnemyShipNoColors9","1","363","2024-04-30 09:31:39"
"5cfb82a12bcca70018252f81","FullPilot","3","30","0","2","90","9","0","1","165","301","0","1","31","24","0.5","0.62","62","38","FFEnemyShipNocolors6","FFEnemyShipNoColors11","1","988","2024-04-30 09:31:40"
"63316daa57747115376760da","FullPilot","3","26","0","1","53","20","1","1","1000","1134","1","0","31","5","0.5","0.12","62","38","FFEnemyShipNoColors11","FFEnemyShipNocolors6","1","821","2024-04-30 09:31:42"
"5cfb82a12bcca70018252f81","FullPilot","3","31","1","2","67","47","0","1","131","282","0","1","36","20","0.5","0.73","72","28","FFEnemyShipNoColors9","FFEnemyShipNocolors7","1","1035","2024-04-30 09:31:42"
"650ee274aa4447ac435b7830","FullPilot","3","16","0","1","52","15","0","0","1235","1402","0","1","31","5","0.5","0.12","62","38","FFEnemyShipNocolors6","FFEnemyShipNoColors11","1","415","2024-04-30 09:31:43"
"5cfb82a12bcca70018252f81","FullPilot","3","32","0","2","85","16","0","1","99","232","0","1","17","31","0.27","0.82","62","38","FFEnemyShipNocolors6","FFEnemyShipNoColors11","1","1051","2024-04-30 09:31:45"
"650ee274aa4447ac435b7830","FullPilot","3","17","0","1","66","5","0","0","319","479","0","1","55","19","0.88","0.5","62","38","FFEnemyShipNocolors6","FFEnemyShipNoColors11","1","481","2024-04-30 09:31:45"
"63316daa57747115376760da","FullPilot","3","27","1","1","97","15","1","1","1299","1451","1","0","53","17","0.73","0.62","72","28","FFEnemyShipNocolors7","FFEnemyShipNoColors9","1","918","2024-04-30 09:31:46"
"5cfb82a12bcca70018252f81","FullPilot","3","33","0","2","51","23","1","0","150","350","1","0","11","19","0.18","0.5","62","38","FFEnemyShipNocolors6","FFEnemyShipNoColors11","1","1074","2024-04-30 09:31:47"
"650ee274aa4447ac435b7830","FullPilot","3","18","1","2","77","54","0","1","298","507","0","1","9","25","0.12","0.88","72","28","FFEnemyShipNocolors7","FFEnemyShipNoColors9","1","535","2024-04-30 09:31:47"
"63316daa57747115376760da","FullPilot","3","28","0","1","20","69","1","1","1199","1334","1","0","24","5","0.38","0.12","62","38","FFEnemyShipNoColors11","FFEnemyShipNocolors6","0","918","2024-04-30 09:31:50"
"5cfb82a12bcca70018252f81","FullPilot","3","34","1","1","91","26","0","0","133","282","0","1","36","11","0.5","0.38","72","28","FFEnemyShipNoColors9","FFEnemyShipNocolors7","0","1074","2024-04-30 09:31:50"
"650ee274aa4447ac435b7830","FullPilot","3","19","0","2","51","37","1","0","263","1048","1","1","45","31","0.73","0.82","62","38","FFEnemyShipNocolors6","FFEnemyShipNoColors11","0","535","2024-04-30 09:31:51"
"5cfb82a12bcca70018252f81","FullPilot","3","35","1","1","67","10","1","1","117","281","1","0","45","3","0.62","0.12","72","28","FFEnemyShipNoColors9","FFEnemyShipNocolors7","1","1141","2024-04-30 09:31:53"
"650ee274aa4447ac435b7830","FullPilot","3","20","1","2","81","58","1","0","180","354","1","0","19","25","0.27","0.88","72","28","FFEnemyShipNocolors7","FFEnemyShipNoColors9","1","593","2024-04-30 09:31:53"
"63316daa57747115376760da","FullPilot","3","29","0","1","33","2","0","0","1151","1335","0","1","51","7","0.82","0.18","62","38","FFEnemyShipNoColors11","FFEnemyShipNocolors6","1","951","2024-04-30 09:31:53"
"5cfb82a12bcca70018252f81","FullPilot","3","36","1","2","86","28","0","1","98","231","0","1","13","23","0.18","0.82","72","28","FFEnemyShipNoColors9","FFEnemyShipNocolors7","1","1169","2024-04-30 09:31:56"
"650ee274aa4447ac435b7830","FullPilot","3","21","1","1","60","5","0","0","298","479","0","1","45","3","0.62","0.12","72","28","FFEnemyShipNocolors7","FFEnemyShipNoColors9","1","653","2024-04-30 09:31:56"
"63316daa57747115376760da","FullPilot","3","30","1","1","75","56","1","1","1080","1215","1","0","63","11","0.88","0.38","72","28","FFEnemyShipNocolors7","FFEnemyShipNoColors9","1","1026","2024-04-30 09:31:57"
"650ee274aa4447ac435b7830","FullPilot","3","22","1","2","69","39","1","0","159","305","1","0","13","20","0.18","0.73","72","28","FFEnemyShipNocolors7","FFEnemyShipNoColors9","1","692","2024-04-30 09:31:58"
"5cfb82a12bcca70018252f81","FullPilot","3","37","0","2","77","16","0","1","283","400","0","1","7","7","0.12","0.18","62","38","FFEnemyShipNocolors6","FFEnemyShipNoColors11","0","1169","2024-04-30 09:31:58"
"650ee274aa4447ac435b7830","FullPilot","3","23","0","1","95","17","1","1","221","402","1","0","45","14","0.73","0.38","62","38","FFEnemyShipNocolors6","FFEnemyShipNoColors11","1","787","2024-04-30 09:32:01"
"63316daa57747115376760da","FullPilot","3","31","0","1","45","36","0","0","1082","1267","0","1","31","24","0.5","0.62","62","38","FFEnemyShipNoColors11","FFEnemyShipNocolors6","0","1026","2024-04-30 09:32:01"
"5cfb82a12bcca70018252f81","FullPilot","3","38","1","1","45","35","0","0","233","317","0","1","27","3","0.38","0.12","72","28","FFEnemyShipNoColors9","FFEnemyShipNocolors7","0","1169","2024-04-30 09:32:01"
"650ee274aa4447ac435b7830","FullPilot","3","24","0","2","71","72","0","1","382","563","0","1","17","19","0.27","0.5","62","38","FFEnemyShipNocolors6","FFEnemyShipNoColors11","1","859","2024-04-30 09:32:04"
"5cfb82a12bcca70018252f81","FullPilot","3","39","0","1","44","61","1","1","50","217","1","0","55","24","0.88","0.62","62","38","FFEnemyShipNocolors6","FFEnemyShipNoColors11","0","1169","2024-04-30 09:32:04"
"63316daa57747115376760da","FullPilot","3","32","0","1","54","9","0","0","1432","1582","0","1","45","31","0.73","0.82","62","38","FFEnemyShipNoColors11","FFEnemyShipNocolors6","1","1080","2024-04-30 09:32:05"
"650ee274aa4447ac435b7830","FullPilot","3","25","0","1","57","71","1","1","159","305","1","0","45","10","0.73","0.27","62","38","FFEnemyShipNocolors6","FFEnemyShipNoColors11","1","916","2024-04-30 09:32:06"
"5cfb82a12bcca70018252f81","FullPilot","3","40","1","1","78","6","1","1","132","267","1","0","45","14","0.62","0.5","72","28","FFEnemyShipNoColors9","FFEnemyShipNocolors7","1","1247","2024-04-30 09:32:07"
"63316daa57747115376760da","FullPilot","3","33","0","1","73","24","0","0","1319","1468","0","1","38","33","0.62","0.88","62","38","FFEnemyShipNoColors11","FFEnemyShipNocolors6","1","1153","2024-04-30 09:32:08"
"5cfb82a12bcca70018252f81","FullPilot","3","41","1","2","69","31","1","0","216","382","1","0","19","14","0.27","0.5","72","28","FFEnemyShipNoColors9","FFEnemyShipNocolors7","1","1278","2024-04-30 09:32:09"
"650ee274aa4447ac435b7830","FullPilot","3","26","0","2","67","64","0","1","478","791","0","1","7","19","0.12","0.5","62","38","FFEnemyShipNocolors6","FFEnemyShipNoColors11","0","916","2024-04-30 09:32:09"
"63316daa57747115376760da","FullPilot","3","34","0","1","61","52","0","0","1482","1608","0","1","38","7","0.62","0.18","62","38","FFEnemyShipNoColors11","FFEnemyShipNocolors6","0","1153","2024-04-30 09:32:12"
"5cfb82a12bcca70018252f81","FullPilot","3","42","0","2","51","49","0","1","381","583","0","1","38","28","0.62","0.73","62","38","FFEnemyShipNocolors6","FFEnemyShipNoColors11","1","1327","2024-04-30 09:32:12"
"650ee274aa4447ac435b7830","FullPilot","3","27","0","1","63","37","1","1","1485","1652","1","0","51","19","0.82","0.5","62","38","FFEnemyShipNocolors6","FFEnemyShipNoColors11","0","916","2024-04-30 09:32:13"
"5cfb82a12bcca70018252f81","FullPilot","3","43","0","1","83","30","0","0","199","365","0","1","51","5","0.82","0.12","62","38","FFEnemyShipNocolors6","FFEnemyShipNoColors11","1","1410","2024-04-30 09:32:15"
"63316daa57747115376760da","FullPilot","3","35","1","1","65","11","0","0","851","1052","0","1","53","5","0.73","0.18","72","28","FFEnemyShipNocolors7","FFEnemyShipNoColors9","0","1153","2024-04-30 09:32:15"
"650ee274aa4447ac435b7830","FullPilot","3","28","0","2","37","30","0","1","1444","1652","0","1","7","28","0.12","0.73","62","38","FFEnemyShipNocolors6","FFEnemyShipNoColors11","1","946","2024-04-30 09:32:16"
"5cfb82a12bcca70018252f81","FullPilot","3","44","0","2","58","16","0","1","169","319","0","1","7","19","0.12","0.5","62","38","FFEnemyShipNocolors6","FFEnemyShipNoColors11","1","1426","2024-04-30 09:32:17"
"63316daa57747115376760da","FullPilot","3","36","0","1","65","58","0","0","1050","1201","0","1","51","19","0.82","0.5","62","38","FFEnemyShipNoColors11","FFEnemyShipNocolors6","1","1218","2024-04-30 09:32:19"
"650ee274aa4447ac435b7830","FullPilot","3","29","1","2","53","28","0","1","756","1062","0","1","13","11","0.18","0.38","72","28","FFEnemyShipNocolors7","FFEnemyShipNoColors9","0","946","2024-04-30 09:32:19"
"5cfb82a12bcca70018252f81","FullPilot","3","45","1","2","62","55","1","0","318","533","1","0","53","25","0.73","0.88","72","28","FFEnemyShipNoColors9","FFEnemyShipNocolors7","1","1481","2024-04-30 09:32:20"
"650ee274aa4447ac435b7830","FullPilot","3","30","0","1","77","40","1","1","236","423","1","0","38","7","0.62","0.18","62","38","FFEnemyShipNocolors6","FFEnemyShipNoColors11","1","1023","2024-04-30 09:32:22"
"63316daa57747115376760da","FullPilot","3","37","1","1","69","57","1","1","966","1169","1","0","19","5","0.27","0.18","72","28","FFEnemyShipNocolors7","FFEnemyShipNoColors9","0","1218","2024-04-30 09:32:22"
"5cfb82a12bcca70018252f81","FullPilot","3","46","1","2","62","38","1","0","148","401","1","0","9","23","0.12","0.82","72","28","FFEnemyShipNoColors9","FFEnemyShipNocolors7","1","1519","2024-04-30 09:32:23"
"650ee274aa4447ac435b7830","FullPilot","3","31","0","1","50","44","1","1","298","520","1","0","24","19","0.38","0.5","62","38","FFEnemyShipNocolors6","FFEnemyShipNoColors11","0","1023","2024-04-30 09:32:25"
"5cfb82a12bcca70018252f81","FullPilot","3","47","0","2","56","69","1","0","150","321","1","0","17","31","0.27","0.82","62","38","FFEnemyShipNocolors6","FFEnemyShipNoColors11","1","1588","2024-04-30 09:32:25"
"63316daa57747115376760da","FullPilot","3","38","1","1","82","45","1","1","1083","1257","1","0","19","14","0.27","0.5","72","28","FFEnemyShipNocolors7","FFEnemyShipNoColors9","1","1300","2024-04-30 09:32:26"
"650ee274aa4447ac435b7830","FullPilot","3","32","0","1","75","53","1","1","541","728","1","0","17","7","0.27","0.18","62","38","FFEnemyShipNocolors6","FFEnemyShipNoColors11","1","1098","2024-04-30 09:32:28"
"5cfb82a12bcca70018252f81","FullPilot","3","48","0","1","84","23","1","1","132","334","1","0","45","7","0.73","0.18","62","38","FFEnemyShipNocolors6","FFEnemyShipNoColors11","1","1672","2024-04-30 09:32:28"
"63316daa57747115376760da","FullPilot","3","39","0","1","53","64","1","1","1099","1802","1","1","31","10","0.5","0.27","62","38","FFEnemyShipNoColors11","FFEnemyShipNocolors6","0","1300","2024-04-30 09:32:30"
"5cfb82a12bcca70018252f81","FullPilot","3","49","1","1","72","41","1","1","100","316","1","0","36","3","0.5","0.12","72","28","FFEnemyShipNoColors9","FFEnemyShipNocolors7","1","1744","2024-04-30 09:32:30"
"650ee274aa4447ac435b7830","FullPilot","3","33","1","1","86","33","0","0","1263","1437","0","1","59","3","0.82","0.12","72","28","FFEnemyShipNocolors7","FFEnemyShipNoColors9","0","1098","2024-04-30 09:32:31"
"5cfb82a12bcca70018252f81","FullPilot","3","50","0","1","56","34","1","1","153","364","1","0","24","10","0.38","0.27","62","38","FFEnemyShipNocolors6","FFEnemyShipNoColors11","0","1744","2024-04-30 09:32:33"
"63316daa57747115376760da","FullPilot","3","40","1","1","43","8","0","0","888","1037","0","1","59","25","0.82","0.88","72","28","FFEnemyShipNocolors7","FFEnemyShipNoColors9","1","1343","2024-04-30 09:32:34"
"650ee274aa4447ac435b7830","FullPilot","3","34","1","2","66","16","1","0","339","631","1","0","59","20","0.82","0.73","72","28","FFEnemyShipNocolors7","FFEnemyShipNoColors9","0","1098","2024-04-30 09:32:35"
"5cfb82a12bcca70018252f81","FullPilot","3","51","0","2","34","57","0","1","266","1166","1","1","11","10","0.18","0.27","62","38","FFEnemyShipNocolors6","FFEnemyShipNoColors11","0","1744","2024-04-30 09:32:36"
"63316daa57747115376760da","FullPilot","3","41","1","1","92","7","1","1","867","1051","1","0","9","23","0.12","0.82","72","28","FFEnemyShipNocolors7","FFEnemyShipNoColors9","0","1343","2024-04-30 09:32:37"
"650ee274aa4447ac435b7830","FullPilot","3","35","1","2","62","6","0","1","465","707","0","1","27","17","0.38","0.62","72","28","FFEnemyShipNocolors7","FFEnemyShipNoColors9","0","1098","2024-04-30 09:32:38"
"5cfb82a12bcca70018252f81","FullPilot","3","52","1","1","54","29","0","0","266","482","0","1","27","5","0.38","0.18","72","28","FFEnemyShipNoColors9","FFEnemyShipNocolors7","0","1744","2024-04-30 09:32:39"
"63316daa57747115376760da","FullPilot","3","42","1","1","62","44","1","1","982","1117","1","0","27","25","0.38","0.88","72","28","FFEnemyShipNocolors7","FFEnemyShipNoColors9","0","1343","2024-04-30 09:32:40"
"650ee274aa4447ac435b7830","FullPilot","3","36","0","1","78","8","1","1","319","555","1","0","51","28","0.82","0.73","62","38","FFEnemyShipNocolors6","FFEnemyShipNoColors11","0","1098","2024-04-30 09:32:40"
"5cfb82a12bcca70018252f81","FullPilot","3","53","1","1","48","56","0","0","150","317","0","1","63","17","0.88","0.62","72","28","FFEnemyShipNoColors9","FFEnemyShipNocolors7","1","1792","2024-04-30 09:32:42"
"63316daa57747115376760da","FullPilot","3","43","1","1","92","49","0","0","99","250","0","1","45","3","0.62","0.12","72","28","FFEnemyShipNocolors7","FFEnemyShipNoColors9","1","1435","2024-04-30 09:32:43"
"650ee274aa4447ac435b7830","FullPilot","3","37","0","1","92","37","0","0","319","472","0","1","51","7","0.82","0.18","62","38","FFEnemyShipNocolors6","FFEnemyShipNoColors11","1","1190","2024-04-30 09:32:43"
"5cfb82a12bcca70018252f81","FullPilot","3","54","1","2","73","59","1","0","167","350","1","0","13","20","0.18","0.73","72","28","FFEnemyShipNoColors9","FFEnemyShipNocolors7","1","1851","2024-04-30 09:32:44"
"650ee274aa4447ac435b7830","FullPilot","3","38","0","2","63","17","1","0","194","381","1","0","7","28","0.12","0.73","62","38","FFEnemyShipNocolors6","FFEnemyShipNoColors11","1","1207","2024-04-30 09:32:45"
"63316daa57747115376760da","FullPilot","3","44","0","2","21","17","1","0","99","202","1","0","11","28","0.18","0.73","62","38","FFEnemyShipNoColors11","FFEnemyShipNocolors6","1","1452","2024-04-30 09:32:46"
"5cfb82a12bcca70018252f81","FullPilot","3","55","0","1","79","34","1","1","133","316","1","0","45","7","0.73","0.18","62","38","FFEnemyShipNocolors6","FFEnemyShipNoColors11","1","1930","2024-04-30 09:32:47"
"650ee274aa4447ac435b7830","FullPilot","3","39","1","1","62","18","1","1","235","520","1","0","27","5","0.38","0.18","72","28","FFEnemyShipNocolors7","FFEnemyShipNoColors9","0","1207","2024-04-30 09:32:48"
"63316daa57747115376760da","FullPilot","3","45","1","2","86","38","0","1","99","235","0","1","13","14","0.18","0.5","72","28","FFEnemyShipNocolors7","FFEnemyShipNoColors9","1","1490","2024-04-30 09:32:48"
"5cfb82a12bcca70018252f81","FullPilot","3","56","0","1","75","44","1","1","248","465","1","0","38","19","0.62","0.5","62","38","FFEnemyShipNocolors6","FFEnemyShipNoColors11","1","2005","2024-04-30 09:32:50"
"650ee274aa4447ac435b7830","FullPilot","3","40","0","1","41","35","1","1","221","471","1","0","45","24","0.73","0.62","62","38","FFEnemyShipNocolors6","FFEnemyShipNoColors11","0","1207","2024-04-30 09:32:51"
"63316daa57747115376760da","FullPilot","3","46","1","1","22","8","1","1","233","386","1","0","27","8","0.38","0.27","72","28","FFEnemyShipNocolors7","FFEnemyShipNoColors9","1","1512","2024-04-30 09:32:51"
"5cfb82a12bcca70018252f81","FullPilot","3","57","1","1","74","43","1","1","150","366","1","0","63","11","0.88","0.38","72","28","FFEnemyShipNoColors9","FFEnemyShipNocolors7","1","2079","2024-04-30 09:32:52"
"63316daa57747115376760da","FullPilot","3","47","0","1","27","40","1","1","149","316","1","0","45","14","0.73","0.38","62","38","FFEnemyShipNoColors11","FFEnemyShipNocolors6","0","1512","2024-04-30 09:32:54"
"650ee274aa4447ac435b7830","FullPilot","3","41","0","2","50","61","0","1","360","610","0","1","17","24","0.27","0.62","62","38","FFEnemyShipNocolors6","FFEnemyShipNoColors11","1","1268","2024-04-30 09:32:54"
"5cfb82a12bcca70018252f81","FullPilot","3","58","1","2","62","40","0","1","168","434","0","1","27","23","0.38","0.82","72","28","FFEnemyShipNoColors9","FFEnemyShipNocolors7","1","2119","2024-04-30 09:32:55"
"63316daa57747115376760da","FullPilot","3","48","0","2","38","2","1","0","149","267","1","0","24","19","0.38","0.5","62","38","FFEnemyShipNoColors11","FFEnemyShipNocolors6","1","1514","2024-04-30 09:32:56"
"650ee274aa4447ac435b7830","FullPilot","3","42","0","2","64","23","0","1","339","624","0","1","38","28","0.62","0.73","62","38","FFEnemyShipNocolors6","FFEnemyShipNoColors11","1","1291","2024-04-30 09:32:57"
"5cfb82a12bcca70018252f81","FullPilot","3","59","1","1","32","60","0","0","200","402","0","1","59","17","0.82","0.62","72","28","FFEnemyShipNoColors9","FFEnemyShipNocolors7","1","2151","2024-04-30 09:32:57"
"63316daa57747115376760da","FullPilot","3","49","0","1","81","50","1","1","299","449","1","0","51","14","0.82","0.38","62","38","FFEnemyShipNoColors11","FFEnemyShipNocolors6","1","1595","2024-04-30 09:32:59"
"650ee274aa4447ac435b7830","FullPilot","3","43","1","2","50","55","0","1","784","1013","0","1","59","25","0.82","0.88","72","28","FFEnemyShipNocolors7","FFEnemyShipNoColors9","0","1291","2024-04-30 09:33:00"
"5cfb82a12bcca70018252f81","FullPilot","3","60","1","1","90","35","1","1","300","582","1","0","36","11","0.5","0.38","72","28","FFEnemyShipNoColors9","FFEnemyShipNocolors7","1","2241","2024-04-30 09:33:00"
"63316daa57747115376760da","FullPilot","3","50","0","2","50","57","0","1","266","399","0","1","7","19","0.12","0.5","62","38","FFEnemyShipNoColors11","FFEnemyShipNocolors6","0","1595","2024-04-30 09:33:02"
"650ee274aa4447ac435b7830","FullPilot","3","44","0","1","84","61","1","1","221","492","1","0","55","10","0.88","0.27","62","38","FFEnemyShipNocolors6","FFEnemyShipNoColors11","1","1375","2024-04-30 09:33:02"
"5cfb82a12bcca70018252f81","FullPilot","3","61","1","1","76","17","0","0","215","350","0","1","45","8","0.62","0.27","72","28","FFEnemyShipNoColors9","FFEnemyShipNocolors7","0","2241","2024-04-30 09:33:03"
"63316daa57747115376760da","FullPilot","3","51","0","1","79","44","1","1","750","1485","1","1","45","33","0.73","0.88","62","38","FFEnemyShipNoColors11","FFEnemyShipNocolors6","0","1595","2024-04-30 09:33:06"
"5cfb82a12bcca70018252f81","FullPilot","3","62","1","2","37","40","0","1","200","383","0","1","19","17","0.27","0.62","72","28","FFEnemyShipNoColors9","FFEnemyShipNocolors7","1","2281","2024-04-30 09:33:06"
"650ee274aa4447ac435b7830","FullPilot","3","45","1","1","92","8","1","1","979","1313","1","0","27","3","0.38","0.12","72","28","FFEnemyShipNocolors7","FFEnemyShipNoColors9","1","1467","2024-04-30 09:33:06"
"5cfb82a12bcca70018252f81","FullPilot","3","63","1","1","74","11","1","1","183","367","1","0","27","5","0.38","0.18","72","28","FFEnemyShipNoColors9","FFEnemyShipNocolors7","0","2281","2024-04-30 09:33:08"
"650ee274aa4447ac435b7830","FullPilot","3","46","1","1","63","32","0","0","222","430","0","1","63","5","0.88","0.18","72","28","FFEnemyShipNocolors7","FFEnemyShipNoColors9","0","1467","2024-04-30 09:33:09"
"63316daa57747115376760da","FullPilot","3","52","0","1","89","21","1","1","749","903","1","0","11","5","0.18","0.12","62","38","FFEnemyShipNoColors11","FFEnemyShipNocolors6","0","1595","2024-04-30 09:33:09"
"650ee274aa4447ac435b7830","FullPilot","3","47","0","2","50","54","1","0","139","451","1","0","7","24","0.12","0.62","62","38","FFEnemyShipNocolors6","FFEnemyShipNoColors11","1","1521","2024-04-30 09:33:11"
"5cfb82a12bcca70018252f81","FullPilot","3","64","1","2","61","4","0","1","49","233","0","1","27","14","0.38","0.5","72","28","FFEnemyShipNoColors9","FFEnemyShipNocolors7","0","2281","2024-04-30 09:33:11"
"63316daa57747115376760da","FullPilot","3","53","1","1","69","9","0","0","216","350","0","1","63","14","0.88","0.5","72","28","FFEnemyShipNocolors7","FFEnemyShipNoColors9","1","1664","2024-04-30 09:33:12"
"5cfb82a12bcca70018252f81","FullPilot","3","65","0","1","85","47","1","1","132","236","1","0","51","14","0.82","0.38","62","38","FFEnemyShipNocolors6","FFEnemyShipNoColors11","1","2366","2024-04-30 09:33:14"
"650ee274aa4447ac435b7830","FullPilot","3","48","1","2","86","45","0","1","221","548","0","1","19","17","0.27","0.62","72","28","FFEnemyShipNocolors7","FFEnemyShipNoColors9","1","1566","2024-04-30 09:33:14"
"63316daa57747115376760da","FullPilot","3","54","1","2","53","36","1","0","102","239","1","0","36","20","0.5","0.73","72","28","FFEnemyShipNocolors7","FFEnemyShipNoColors9","1","1700","2024-04-30 09:33:14"
"650ee274aa4447ac435b7830","FullPilot","3","49","1","2","77","35","1","0","97","354","1","0","13","25","0.18","0.88","72","28","FFEnemyShipNocolors7","FFEnemyShipNoColors9","1","1601","2024-04-30 09:33:16"
"5cfb82a12bcca70018252f81","FullPilot","3","66","1","2","65","43","1","0","481","665","1","0","9","8","0.12","0.27","72","28","FFEnemyShipNoColors9","FFEnemyShipNocolors7","0","2366","2024-04-30 09:33:17"
"63316daa57747115376760da","FullPilot","3","55","1","1","73","26","0","0","831","1414","1","1","9","5","0.12","0.18","72","28","FFEnemyShipNocolors7","FFEnemyShipNoColors9","0","1700","2024-04-30 09:33:18"
"650ee274aa4447ac435b7830","FullPilot","3","50","1","2","54","25","0","1","214","464","0","1","13","23","0.18","0.82","72","28","FFEnemyShipNocolors7","FFEnemyShipNoColors9","1","1626","2024-04-30 09:33:19"
"5cfb82a12bcca70018252f81","FullPilot","3","67","1","2","67","13","1","0","165","315","1","0","19","11","0.27","0.38","72","28","FFEnemyShipNoColors9","FFEnemyShipNocolors7","1","2379","2024-04-30 09:33:20"
"63316daa57747115376760da","FullPilot","3","56","0","1","23","24","1","1","251","384","1","0","55","31","0.88","0.82","62","38","FFEnemyShipNoColors11","FFEnemyShipNocolors6","0","1700","2024-04-30 09:33:21"
"650ee274aa4447ac435b7830","FullPilot","3","51","1","1","75","0","1","1","319","653","1","0","27","8","0.38","0.27","72","28","FFEnemyShipNocolors7","FFEnemyShipNoColors9","1","1701","2024-04-30 09:33:22"
"5cfb82a12bcca70018252f81","FullPilot","3","68","0","1","64","41","1","1","167","334","1","0","31","5","0.5","0.12","62","38","FFEnemyShipNocolors6","FFEnemyShipNoColors11","0","2379","2024-04-30 09:33:23"
"63316daa57747115376760da","FullPilot","3","57","1","2","59","25","1","0","97","235","1","0","27","17","0.38","0.62","72","28","FFEnemyShipNocolors7","FFEnemyShipNoColors9","1","1725","2024-04-30 09:33:24"
"650ee274aa4447ac435b7830","FullPilot","3","52","1","2","70","16","1","0","722","938","1","0","13","11","0.18","0.38","72","28","FFEnemyShipNocolors7","FFEnemyShipNoColors9","0","1701","2024-04-30 09:33:25"
"5cfb82a12bcca70018252f81","FullPilot","3","69","0","1","39","14","1","1","101","217","1","0","55","10","0.88","0.27","62","38","FFEnemyShipNocolors6","FFEnemyShipNoColors11","1","2418","2024-04-30 09:33:25"
"63316daa57747115376760da","FullPilot","3","58","1","1","67","35","0","0","199","367","0","1","45","8","0.62","0.27","72","28","FFEnemyShipNocolors7","FFEnemyShipNoColors9","1","1792","2024-04-30 09:33:26"
"650ee274aa4447ac435b7830","FullPilot","3","53","1","2","75","1","0","1","680","895","0","1","36","17","0.5","0.62","72","28","FFEnemyShipNocolors7","FFEnemyShipNoColors9","1","1702","2024-04-30 09:33:28"
"5cfb82a12bcca70018252f81","FullPilot","3","70","0","1","57","56","0","0","151","351","0","1","45","10","0.73","0.27","62","38","FFEnemyShipNocolors6","FFEnemyShipNoColors11","0","2418","2024-04-30 09:33:28"
"63316daa57747115376760da","FullPilot","3","59","0","2","41","15","0","1","149","285","0","1","17","33","0.27","0.88","62","38","FFEnemyShipNoColors11","FFEnemyShipNocolors6","1","1807","2024-04-30 09:33:29"
"5cfb82a12bcca70018252f81","FullPilot","3","71","1","1","59","18","1","1","65","216","1","0","63","14","0.88","0.5","72","28","FFEnemyShipNoColors9","FFEnemyShipNocolors7","1","2477","2024-04-30 09:33:31"
"650ee274aa4447ac435b7830","FullPilot","3","54","0","1","88","55","0","0","680","895","0","1","45","10","0.73","0.27","62","38","FFEnemyShipNocolors6","FFEnemyShipNoColors11","0","1702","2024-04-30 09:33:31"
"63316daa57747115376760da","FullPilot","3","60","0","2","49","40","0","1","116","250","0","1","17","28","0.27","0.73","62","38","FFEnemyShipNoColors11","FFEnemyShipNocolors6","1","1847","2024-04-30 09:33:32"
"5cfb82a12bcca70018252f81","FullPilot","3","72","1","1","89","6","1","1","99","266","1","0","27","3","0.38","0.12","72","28","FFEnemyShipNoColors9","FFEnemyShipNocolors7","1","2566","2024-04-30 09:33:33"
"650ee274aa4447ac435b7830","FullPilot","3","55","1","1","69","40","0","0","222","465","0","1","45","14","0.62","0.5","72","28","FFEnemyShipNocolors7","FFEnemyShipNoColors9","1","1771","2024-04-30 09:33:34"
"63316daa57747115376760da","FullPilot","3","61","0","2","79","30","1","0","115","250","1","0","7","31","0.12","0.82","62","38","FFEnemyShipNoColors11","FFEnemyShipNocolors6","1","1877","2024-04-30 09:33:34"
"5cfb82a12bcca70018252f81","FullPilot","3","73","1","2","86","9","1","0","166","300","1","0","9","17","0.12","0.62","72","28","FFEnemyShipNoColors9","FFEnemyShipNocolors7","0","2566","2024-04-30 09:33:36"
"650ee274aa4447ac435b7830","FullPilot","3","56","1","1","65","41","1","1","214","416","1","0","53","14","0.73","0.5","72","28","FFEnemyShipNocolors7","FFEnemyShipNoColors9","1","1836","2024-04-30 09:33:36"
"63316daa57747115376760da","FullPilot","3","62","0","1","52","30","1","1","98","240","1","0","45","19","0.73","0.5","62","38","FFEnemyShipNoColors11","FFEnemyShipNocolors6","1","1929","2024-04-30 09:33:37"
"5cfb82a12bcca70018252f81","FullPilot","3","74","0","1","95","45","0","0","315","449","0","1","17","7","0.27","0.18","62","38","FFEnemyShipNocolors6","FFEnemyShipNoColors11","0","2566","2024-04-30 09:33:39"
"650ee274aa4447ac435b7830","FullPilot","3","57","1","1","65","62","1","1","617","770","1","0","63","3","0.88","0.12","72","28","FFEnemyShipNocolors7","FFEnemyShipNoColors9","1","1901","2024-04-30 09:33:39"
"63316daa57747115376760da","FullPilot","3","63","1","1","56","61","0","0","266","418","0","1","36","11","0.5","0.38","72","28","FFEnemyShipNocolors7","FFEnemyShipNoColors9","1","1985","2024-04-30 09:33:39"
"650ee274aa4447ac435b7830","FullPilot","3","58","0","2","65","23","1","0","201","374","1","0","7","33","0.12","0.88","62","38","FFEnemyShipNocolors6","FFEnemyShipNoColors11","1","1924","2024-04-30 09:33:42"
"5cfb82a12bcca70018252f81","FullPilot","3","75","0","2","82","28","1","0","549","683","1","0","45","33","0.73","0.88","62","38","FFEnemyShipNocolors6","FFEnemyShipNoColors11","1","2594","2024-04-30 09:33:42"
"63316daa57747115376760da","FullPilot","3","64","1","2","77","53","0","1","733","870","0","1","9","8","0.12","0.27","72","28","FFEnemyShipNocolors7","FFEnemyShipNoColors9","0","1985","2024-04-30 09:33:43"
"5cfb82a12bcca70018252f81","FullPilot","3","76","0","2","35","35","0","1","116","258","0","1","17","28","0.27","0.73","62","38","FFEnemyShipNocolors6","FFEnemyShipNoColors11","1","2629","2024-04-30 09:33:45"
"650ee274aa4447ac435b7830","FullPilot","3","59","1","2","55","16","1","0","284","659","1","0","9","23","0.12","0.82","72","28","FFEnemyShipNocolors7","FFEnemyShipNoColors9","1","1940","2024-04-30 09:33:45"
"63316daa57747115376760da","FullPilot","3","65","1","2","56","71","0","1","117","254","0","1","19","14","0.27","0.5","72","28","FFEnemyShipNocolors7","FFEnemyShipNoColors9","1","2056","2024-04-30 09:33:45"
"5cfb82a12bcca70018252f81","FullPilot","3","77","1","1","62","40","1","1","99","232","1","0","59","8","0.82","0.27","72","28","FFEnemyShipNoColors9","FFEnemyShipNocolors7","1","2691","2024-04-30 09:33:47"
"650ee274aa4447ac435b7830","FullPilot","3","60","0","1","41","35","0","0","145","458","0","1","38","5","0.62","0.12","62","38","FFEnemyShipNocolors6","FFEnemyShipNoColors11","0","1940","2024-04-30 09:33:47"
"63316daa57747115376760da","FullPilot","3","66","0","2","53","38","0","1","226","344","0","1","17","31","0.27","0.82","62","38","FFEnemyShipNoColors11","FFEnemyShipNocolors6","1","2094","2024-04-30 09:33:48"
"5cfb82a12bcca70018252f81","FullPilot","3","78","0","2","45","18","1","0","100","234","1","0","31","28","0.5","0.73","62","38","FFEnemyShipNocolors6","FFEnemyShipNoColors11","0","2691","2024-04-30 09:33:50"
"650ee274aa4447ac435b7830","FullPilot","3","61","0","2","51","53","1","0","160","305","1","0","17","31","0.27","0.82","62","38","FFEnemyShipNocolors6","FFEnemyShipNoColors11","0","1940","2024-04-30 09:33:50"
"63316daa57747115376760da","FullPilot","3","67","0","1","65","86","1","1","382","501","1","0","51","28","0.82","0.73","62","38","FFEnemyShipNoColors11","FFEnemyShipNocolors6","0","2094","2024-04-30 09:33:51"
"5cfb82a12bcca70018252f81","FullPilot","3","79","0","1","42","67","0","0","117","315","0","1","55","7","0.88","0.18","62","38","FFEnemyShipNocolors6","FFEnemyShipNoColors11","1","2733","2024-04-30 09:33:53"
"650ee274aa4447ac435b7830","FullPilot","3","62","0","1","61","9","1","1","201","346","1","0","38","14","0.62","0.38","62","38","FFEnemyShipNocolors6","FFEnemyShipNoColors11","0","1940","2024-04-30 09:33:53"
"63316daa57747115376760da","FullPilot","3","68","1","2","80","31","0","1","166","283","0","1","13","23","0.18","0.82","72","28","FFEnemyShipNocolors7","FFEnemyShipNoColors9","1","2125","2024-04-30 09:33:53"
"650ee274aa4447ac435b7830","FullPilot","3","63","0","2","48","46","1","0","179","798","1","1","38","28","0.62","0.73","62","38","FFEnemyShipNocolors6","FFEnemyShipNoColors11","1","1986","2024-04-30 09:33:56"
"5cfb82a12bcca70018252f81","FullPilot","3","80","1","1","97","42","1","1","466","719","1","0","45","11","0.62","0.38","72","28","FFEnemyShipNoColors9","FFEnemyShipNocolors7","1","2830","2024-04-30 09:33:56"
"63316daa57747115376760da","FullPilot","3","69","0","1","80","20","1","1","83","220","1","0","51","5","0.82","0.12","62","38","FFEnemyShipNoColors11","FFEnemyShipNocolors6","1","2205","2024-04-30 09:33:56"
"650ee274aa4447ac435b7830","FullPilot","3","64","1","2","74","30","0","1","277","437","0","1","13","14","0.18","0.5","72","28","FFEnemyShipNocolors7","FFEnemyShipNoColors9","0","1986","2024-04-30 09:33:58"
"63316daa57747115376760da","FullPilot","3","70","1","1","50","45","0","0","132","266","0","1","45","11","0.62","0.38","72","28","FFEnemyShipNocolors7","FFEnemyShipNoColors9","1","2255","2024-04-30 09:33:59"
"5cfb82a12bcca70018252f81","FullPilot","3","81","1","1","77","72","1","1","998","1182","1","0","13","8","0.18","0.27","72","28","FFEnemyShipNoColors9","FFEnemyShipNocolors7","0","2830","2024-04-30 09:34:00"
"650ee274aa4447ac435b7830","FullPilot","3","65","1","1","67","51","0","0","340","575","0","1","53","17","0.73","0.62","72","28","FFEnemyShipNocolors7","FFEnemyShipNoColors9","1","2053","2024-04-30 09:34:01"
"63316daa57747115376760da","FullPilot","3","71","0","2","77","79","0","1","149","301","0","1","31","33","0.5","0.88","62","38","FFEnemyShipNoColors11","FFEnemyShipNocolors6","1","2334","2024-04-30 09:34:01"
"5cfb82a12bcca70018252f81","FullPilot","3","82","0","1","82","55","1","1","166","320","1","0","45","10","0.73","0.27","62","38","FFEnemyShipNocolors6","FFEnemyShipNoColors11","0","2830","2024-04-30 09:34:02"
"63316daa57747115376760da","FullPilot","3","72","1","2","75","21","1","0","166","284","1","0","13","8","0.18","0.27","72","28","FFEnemyShipNocolors7","FFEnemyShipNoColors9","1","2355","2024-04-30 09:34:04"
"650ee274aa4447ac435b7830","FullPilot","3","66","0","2","83","19","1","0","243","507","1","0","38","31","0.62","0.82","62","38","FFEnemyShipNocolors6","FFEnemyShipNoColors11","0","2053","2024-04-30 09:34:04"
"5cfb82a12bcca70018252f81","FullPilot","3","83","1","1","50","23","0","0","248","532","0","1","36","5","0.5","0.18","72","28","FFEnemyShipNoColors9","FFEnemyShipNocolors7","0","2830","2024-04-30 09:34:05"
"63316daa57747115376760da","FullPilot","3","73","1","2","83","13","1","0","199","317","1","0","19","23","0.27","0.82","72","28","FFEnemyShipNocolors7","FFEnemyShipNoColors9","1","2368","2024-04-30 09:34:07"
"650ee274aa4447ac435b7830","FullPilot","3","67","1","2","66","23","0","1","159","319","0","1","27","23","0.38","0.82","72","28","FFEnemyShipNocolors7","FFEnemyShipNoColors9","0","2053","2024-04-30 09:34:07"
"5cfb82a12bcca70018252f81","FullPilot","3","84","0","1","69","9","1","1","183","466","1","0","11","5","0.18","0.12","62","38","FFEnemyShipNocolors6","FFEnemyShipNoColors11","0","2830","2024-04-30 09:34:08"
"63316daa57747115376760da","FullPilot","3","74","1","1","60","48","0","0","198","317","0","1","27","8","0.38","0.27","72","28","FFEnemyShipNocolors7","FFEnemyShipNoColors9","0","2368","2024-04-30 09:34:10"
"650ee274aa4447ac435b7830","FullPilot","3","68","0","2","66","28","1","0","138","318","1","0","24","28","0.38","0.73","62","38","FFEnemyShipNocolors6","FFEnemyShipNoColors11","1","2081","2024-04-30 09:34:10"
"5cfb82a12bcca70018252f81","FullPilot","3","85","1","2","56","2","1","0","201","483","1","0","13","20","0.18","0.73","72","28","FFEnemyShipNoColors9","FFEnemyShipNocolors7","1","2832","2024-04-30 09:34:11"
"650ee274aa4447ac435b7830","FullPilot","3","69","0","2","93","50","1","0","242","423","1","0","31","33","0.5","0.88","62","38","FFEnemyShipNocolors6","FFEnemyShipNoColors11","1","2131","2024-04-30 09:34:12"
"63316daa57747115376760da","FullPilot","3","75","0","1","63","75","1","1","148","272","1","0","55","19","0.88","0.5","62","38","FFEnemyShipNoColors11","FFEnemyShipNocolors6","1","2431","2024-04-30 09:34:12"
"5cfb82a12bcca70018252f81","FullPilot","3","86","0","2","34","28","1","0","149","300","1","0","51","33","0.82","0.88","62","38","FFEnemyShipNocolors6","FFEnemyShipNoColors11","1","2860","2024-04-30 09:34:13"
"63316daa57747115376760da","FullPilot","3","76","1","1","62","38","0","0","325","438","0","1","27","5","0.38","0.18","72","28","FFEnemyShipNocolors7","FFEnemyShipNoColors9","0","2431","2024-04-30 09:34:15"
"650ee274aa4447ac435b7830","FullPilot","3","70","0","2","77","52","0","1","319","1062","0","1","24","28","0.38","0.73","62","38","FFEnemyShipNocolors6","FFEnemyShipNoColors11","1","2183","2024-04-30 09:34:15"
"5cfb82a12bcca70018252f81","FullPilot","3","87","0","2","30","47","1","0","99","215","1","0","24","28","0.38","0.73","62","38","FFEnemyShipNocolors6","FFEnemyShipNoColors11","1","2907","2024-04-30 09:34:16"
"63316daa57747115376760da","FullPilot","3","77","1","2","48","25","1","0","107","241","1","0","27","23","0.38","0.82","72","28","FFEnemyShipNocolors7","FFEnemyShipNoColors9","0","2431","2024-04-30 09:34:18"
"650ee274aa4447ac435b7830","FullPilot","3","71","1","1","25","40","0","0","55","778","1","1","36","11","0.5","0.38","72","28","FFEnemyShipNocolors7","FFEnemyShipNoColors9","1","2208","2024-04-30 09:34:18"
"5cfb82a12bcca70018252f81","FullPilot","3","88","0","2","47","39","1","0","82","252","1","0","38","28","0.62","0.73","62","38","FFEnemyShipNocolors6","FFEnemyShipNoColors11","1","2946","2024-04-30 09:34:18"
"63316daa57747115376760da","FullPilot","3","78","1","1","97","58","1","1","100","234","1","0","36","3","0.5","0.12","72","28","FFEnemyShipNocolors7","FFEnemyShipNoColors9","1","2528","2024-04-30 09:34:20"
"5cfb82a12bcca70018252f81","FullPilot","3","89","0","1","45","40","0","0","147","334","0","1","55","5","0.88","0.12","62","38","FFEnemyShipNocolors6","FFEnemyShipNoColors11","1","2991","2024-04-30 09:34:21"
"650ee274aa4447ac435b7830","FullPilot","3","72","1","1","90","47","0","0","659","992","0","1","27","8","0.38","0.27","72","28","FFEnemyShipNocolors7","FFEnemyShipNoColors9","0","2208","2024-04-30 09:34:21"
"63316daa57747115376760da","FullPilot","3","79","1","2","46","5","0","1","100","268","0","1","9","20","0.12","0.73","72","28","FFEnemyShipNocolors7","FFEnemyShipNoColors9","1","2533","2024-04-30 09:34:23"
"650ee274aa4447ac435b7830","FullPilot","3","73","1","2","85","41","1","0","277","444","1","0","13","17","0.18","0.62","72","28","FFEnemyShipNocolors7","FFEnemyShipNoColors9","1","2249","2024-04-30 09:34:24"
"5cfb82a12bcca70018252f81","FullPilot","3","90","1","2","99","67","1","0","86","182","1","0","27","14","0.38","0.5","72","28","FFEnemyShipNoColors9","FFEnemyShipNocolors7","0","2991","2024-04-30 09:34:24"
"63316daa57747115376760da","FullPilot","3","80","1","1","68","31","0","0","133","250","0","1","59","8","0.82","0.27","72","28","FFEnemyShipNocolors7","FFEnemyShipNoColors9","0","2533","2024-04-30 09:34:26"
"650ee274aa4447ac435b7830","FullPilot","3","74","0","1","51","44","1","1","180","367","1","0","45","7","0.73","0.18","62","38","FFEnemyShipNocolors6","FFEnemyShipNoColors11","0","2249","2024-04-30 09:34:26"
"5cfb82a12bcca70018252f81","FullPilot","3","91","1","1","32","26","1","1","133","317","1","0","45","5","0.62","0.18","72","28","FFEnemyShipNoColors9","FFEnemyShipNocolors7","1","3023","2024-04-30 09:34:26"
"63316daa57747115376760da","FullPilot","3","81","1","2","56","26","0","1","201","334","0","1","59","20","0.82","0.73","72","28","FFEnemyShipNocolors7","FFEnemyShipNoColors9","1","2559","2024-04-30 09:34:29"
"5cfb82a12bcca70018252f81","FullPilot","3","92","1","2","81","39","1","0","116","267","1","0","9","17","0.12","0.62","72","28","FFEnemyShipNoColors9","FFEnemyShipNocolors7","1","3062","2024-04-30 09:34:29"
"650ee274aa4447ac435b7830","FullPilot","3","75","0","1","59","70","1","1","180","339","1","0","51","24","0.82","0.62","62","38","FFEnemyShipNocolors6","FFEnemyShipNoColors11","0","2249","2024-04-30 09:34:29"
"63316daa57747115376760da","FullPilot","3","82","0","2","55","41","0","1","98","233","0","1","24","28","0.38","0.73","62","38","FFEnemyShipNoColors11","FFEnemyShipNocolors6","1","2600","2024-04-30 09:34:31"
"650ee274aa4447ac435b7830","FullPilot","3","76","1","2","54","61","1","0","104","263","1","0","13","23","0.18","0.82","72","28","FFEnemyShipNocolors7","FFEnemyShipNoColors9","1","2310","2024-04-30 09:34:32"
"5cfb82a12bcca70018252f81","FullPilot","3","93","0","2","73","45","1","0","248","418","1","0","17","33","0.27","0.88","62","38","FFEnemyShipNocolors6","FFEnemyShipNoColors11","1","3107","2024-04-30 09:34:32"
"650ee274aa4447ac435b7830","FullPilot","3","77","1","2","83","88","1","0","180","381","1","0","59","25","0.82","0.88","72","28","FFEnemyShipNocolors7","FFEnemyShipNoColors9","1","2398","2024-04-30 09:34:34"
"5cfb82a12bcca70018252f81","FullPilot","3","94","0","2","74","19","0","1","265","449","0","1","7","28","0.12","0.73","62","38","FFEnemyShipNocolors6","FFEnemyShipNoColors11","1","3126","2024-04-30 09:34:34"
"63316daa57747115376760da","FullPilot","3","83","1","2","56","28","0","1","232","1065","1","1","13","8","0.18","0.27","72","28","FFEnemyShipNocolors7","FFEnemyShipNoColors9","0","2600","2024-04-30 09:34:34"
"650ee274aa4447ac435b7830","FullPilot","3","78","0","1","53","29","1","1","242","395","1","0","55","28","0.88","0.73","62","38","FFEnemyShipNocolors6","FFEnemyShipNoColors11","1","2451","2024-04-30 09:34:37"
"5cfb82a12bcca70018252f81","FullPilot","3","95","1","2","58","56","1","0","98","250","1","0","13","25","0.18","0.88","72","28","FFEnemyShipNoColors9","FFEnemyShipNocolors7","1","3182","2024-04-30 09:34:37"
"63316daa57747115376760da","FullPilot","3","84","1","2","77","19","0","1","183","285","0","1","36","17","0.5","0.62","72","28","FFEnemyShipNocolors7","FFEnemyShipNoColors9","0","2600","2024-04-30 09:34:37"
"650ee274aa4447ac435b7830","FullPilot","3","79","1","1","58","78","1","1","138","312","1","0","63","20","0.88","0.73","72","28","FFEnemyShipNocolors7","FFEnemyShipNoColors9","1","2509","2024-04-30 09:34:39"
"5cfb82a12bcca70018252f81","FullPilot","3","96","1","1","96","29","0","0","133","334","0","1","63","3","0.88","0.12","72","28","FFEnemyShipNoColors9","FFEnemyShipNocolors7","1","3278","2024-04-30 09:34:39"
"63316daa57747115376760da","FullPilot","3","85","1","2","92","12","0","1","150","251","0","1","9","20","0.12","0.73","72","28","FFEnemyShipNocolors7","FFEnemyShipNoColors9","1","2612","2024-04-30 09:34:40"
"650ee274aa4447ac435b7830","FullPilot","3","80","1","1","64","21","0","0","256","423","0","1","59","8","0.82","0.27","72","28","FFEnemyShipNocolors7","FFEnemyShipNoColors9","1","2573","2024-04-30 09:34:41"
"5cfb82a12bcca70018252f81","FullPilot","3","97","0","1","52","12","1","1","116","383","1","0","51","14","0.82","0.38","62","38","FFEnemyShipNocolors6","FFEnemyShipNoColors11","0","3278","2024-04-30 09:34:42"
"63316daa57747115376760da","FullPilot","3","86","0","2","53","16","0","1","135","285","0","1","7","19","0.12","0.5","62","38","FFEnemyShipNoColors11","FFEnemyShipNocolors6","0","2612","2024-04-30 09:34:43"
"650ee274aa4447ac435b7830","FullPilot","3","81","0","1","53","15","1","1","839","1006","1","0","17","7","0.27","0.18","62","38","FFEnemyShipNocolors6","FFEnemyShipNoColors11","1","2626","2024-04-30 09:34:44"
"5cfb82a12bcca70018252f81","FullPilot","3","98","1","1","89","30","0","0","49","200","0","1","45","11","0.62","0.38","72","28","FFEnemyShipNoColors9","FFEnemyShipNocolors7","1","3367","2024-04-30 09:34:45"
"63316daa57747115376760da","FullPilot","3","87","1","2","59","39","0","1","148","268","0","1","53","25","0.73","0.88","72","28","FFEnemyShipNocolors7","FFEnemyShipNoColors9","1","2651","2024-04-30 09:34:46"
"650ee274aa4447ac435b7830","FullPilot","3","82","0","2","26","37","1","0","340","465","1","0","7","14","0.12","0.38","62","38","FFEnemyShipNocolors6","FFEnemyShipNoColors11","0","2626","2024-04-30 09:34:47"
"5cfb82a12bcca70018252f81","FullPilot","3","99","0","2","50","17","0","1","50","818","1","1","7","10","0.12","0.27","62","38","FFEnemyShipNocolors6","FFEnemyShipNoColors11","0","3367","2024-04-30 09:34:48"
"63316daa57747115376760da","FullPilot","3","88","0","1","64","31","0","0","200","301","0","1","31","7","0.5","0.18","62","38","FFEnemyShipNoColors11","FFEnemyShipNocolors6","0","2651","2024-04-30 09:34:48"
"650ee274aa4447ac435b7830","FullPilot","3","83","1","2","57","25","0","1","325","396","0","1","45","25","0.62","0.88","72","28","FFEnemyShipNocolors7","FFEnemyShipNoColors9","1","2651","2024-04-30 09:34:50"
"63316daa57747115376760da","FullPilot","3","89","1","1","79","39","0","0","68","200","0","1","53","14","0.73","0.5","72","28","FFEnemyShipNocolors7","FFEnemyShipNoColors9","1","2730","2024-04-30 09:34:51"
"5cfb82a12bcca70018252f81","FullPilot","3","100","1","2","49","28","0","1","49","684","1","1","45","23","0.62","0.82","72","28","FFEnemyShipNoColors9","FFEnemyShipNocolors7","0","3367","2024-04-30 09:34:52"
"650ee274aa4447ac435b7830","FullPilot","3","84","0","1","45","52","1","1","236","424","1","0","55","31","0.88","0.82","62","38","FFEnemyShipNocolors6","FFEnemyShipNoColors11","1","2696","2024-04-30 09:34:52"
"63316daa57747115376760da","FullPilot","3","90","1","2","54","21","1","0","199","331","1","0","45","23","0.62","0.82","72","28","FFEnemyShipNocolors7","FFEnemyShipNoColors9","1","2751","2024-04-30 09:34:54"
"650ee274aa4447ac435b7830","FullPilot","3","85","0","2","63","38","0","1","257","472","0","1","11","10","0.18","0.27","62","38","FFEnemyShipNocolors6","FFEnemyShipNoColors11","0","2696","2024-04-30 09:34:55"
"5cfb82a12bcca70018252f81","FullPilot","3","101","0","1","55","45","0","0","417","901","0","1","38","5","0.62","0.12","62","38","FFEnemyShipNocolors6","FFEnemyShipNoColors11","1","3422","2024-04-30 09:34:55"
"63316daa57747115376760da","FullPilot","3","91","1","2","61","39","0","1","166","285","0","1","9","11","0.12","0.38","72","28","FFEnemyShipNocolors7","FFEnemyShipNoColors9","0","2751","2024-04-30 09:34:57"
"650ee274aa4447ac435b7830","FullPilot","3","86","0","2","96","46","1","0","180","368","1","0","17","28","0.27","0.73","62","38","FFEnemyShipNocolors6","FFEnemyShipNoColors11","0","2696","2024-04-30 09:34:57"
"5cfb82a12bcca70018252f81","FullPilot","3","102","1","2","67","21","0","1","917","1233","0","1","19","3","0.27","0.12","72","28","FFEnemyShipNoColors9","FFEnemyShipNocolors7","0","3422","2024-04-30 09:34:59"
"63316daa57747115376760da","FullPilot","3","92","1","2","49","43","0","1","109","242","0","1","36","20","0.5","0.73","72","28","FFEnemyShipNocolors7","FFEnemyShipNoColors9","0","2751","2024-04-30 09:35:00"
"650ee274aa4447ac435b7830","FullPilot","3","87","1","2","55","46","1","0","222","423","1","0","9","8","0.12","0.27","72","28","FFEnemyShipNocolors7","FFEnemyShipNoColors9","1","2742","2024-04-30 09:35:00"
"5cfb82a12bcca70018252f81","FullPilot","3","103","1","1","69","69","0","0","865","1070","0","1","45","23","0.62","0.82","72","28","FFEnemyShipNoColors9","FFEnemyShipNocolors7","1","3491","2024-04-30 09:35:02"
"63316daa57747115376760da","FullPilot","3","93","0","1","46","11","0","0","299","401","0","1","31","7","0.5","0.18","62","38","FFEnemyShipNoColors11","FFEnemyShipNocolors6","0","2751","2024-04-30 09:35:02"
"650ee274aa4447ac435b7830","FullPilot","3","88","1","2","86","31","1","0","423","645","1","0","27","14","0.38","0.5","72","28","FFEnemyShipNocolors7","FFEnemyShipNoColors9","1","2773","2024-04-30 09:35:03"
"5cfb82a12bcca70018252f81","FullPilot","3","104","0","1","66","62","0","0","987","1184","0","1","55","28","0.88","0.73","62","38","FFEnemyShipNocolors6","FFEnemyShipNoColors11","1","3557","2024-04-30 09:35:05"
"63316daa57747115376760da","FullPilot","3","94","1","2","68","54","1","0","115","235","1","0","19","20","0.27","0.73","72","28","FFEnemyShipNocolors7","FFEnemyShipNoColors9","1","2805","2024-04-30 09:35:05"
"650ee274aa4447ac435b7830","FullPilot","3","89","0","2","95","64","0","1","277","486","0","1","31","33","0.5","0.88","62","38","FFEnemyShipNocolors6","FFEnemyShipNoColors11","1","2837","2024-04-30 09:35:05"
"63316daa57747115376760da","FullPilot","3","95","0","2","91","31","0","1","465","601","0","1","17","7","0.27","0.18","62","38","FFEnemyShipNoColors11","FFEnemyShipNocolors6","1","2836","2024-04-30 09:35:08"
"650ee274aa4447ac435b7830","FullPilot","3","90","1","1","72","11","0","0","520","854","0","1","53","14","0.73","0.5","72","28","FFEnemyShipNocolors7","FFEnemyShipNoColors9","0","2837","2024-04-30 09:35:09"
"5cfb82a12bcca70018252f81","FullPilot","3","105","1","2","65","26","1","0","250","1433","1","0","19","20","0.27","0.73","72","28","FFEnemyShipNoColors9","FFEnemyShipNocolors7","0","3557","2024-04-30 09:35:09"
"650ee274aa4447ac435b7830","FullPilot","3","91","1","1","80","30","1","1","181","416","1","0","45","5","0.62","0.18","72","28","FFEnemyShipNocolors7","FFEnemyShipNoColors9","1","2917","2024-04-30 09:35:11"
"63316daa57747115376760da","FullPilot","3","96","0","2","12","74","0","1","366","484","0","1","11","14","0.18","0.38","62","38","FFEnemyShipNoColors11","FFEnemyShipNocolors6","0","2836","2024-04-30 09:35:11"
"5cfb82a12bcca70018252f81","FullPilot","3","106","0","2","48","23","1","0","247","1681","1","1","51","10","0.82","0.27","62","38","FFEnemyShipNocolors6","FFEnemyShipNoColors11","0","3557","2024-04-30 09:35:12"
"63316daa57747115376760da","FullPilot","3","97","0","2","65","30","1","0","85","189","1","0","11","33","0.18","0.88","62","38","FFEnemyShipNoColors11","FFEnemyShipNocolors6","1","2866","2024-04-30 09:35:14"
"650ee274aa4447ac435b7830","FullPilot","3","92","0","1","83","13","0","0","638","833","0","1","31","7","0.5","0.18","62","38","FFEnemyShipNocolors6","FFEnemyShipNoColors11","0","2917","2024-04-30 09:35:14"
"5cfb82a12bcca70018252f81","FullPilot","3","107","0","1","61","59","1","1","1434","1616","1","0","45","24","0.73","0.62","62","38","FFEnemyShipNocolors6","FFEnemyShipNoColors11","0","3557","2024-04-30 09:35:16"
"63316daa57747115376760da","FullPilot","3","98","0","1","99","31","1","1","117","234","1","0","55","31","0.88","0.82","62","38","FFEnemyShipNoColors11","FFEnemyShipNocolors6","1","2965","2024-04-30 09:35:16"
"650ee274aa4447ac435b7830","FullPilot","3","93","0","2","77","17","1","0","242","430","1","0","7","24","0.12","0.62","62","38","FFEnemyShipNocolors6","FFEnemyShipNoColors11","0","2917","2024-04-30 09:35:17"
"63316daa57747115376760da","FullPilot","3","99","1","1","79","26","1","1","299","416","1","0","53","23","0.73","0.82","72","28","FFEnemyShipNocolors7","FFEnemyShipNoColors9","1","3044","2024-04-30 09:35:19"
"650ee274aa4447ac435b7830","FullPilot","3","94","1","2","76","3","1","0","284","444","1","0","27","17","0.38","0.62","72","28","FFEnemyShipNocolors7","FFEnemyShipNoColors9","1","2920","2024-04-30 09:35:19"
"5cfb82a12bcca70018252f81","FullPilot","3","108","1","1","61","17","1","1","1232","1534","1","0","63","23","0.88","0.82","72","28","FFEnemyShipNoColors9","FFEnemyShipNocolors7","1","3618","2024-04-30 09:35:20"
"63316daa57747115376760da","FullPilot","3","100","1","1","47","30","0","0","66","234","0","1","53","5","0.73","0.18","72","28","FFEnemyShipNocolors7","FFEnemyShipNoColors9","1","3091","2024-04-30 09:35:22"
"650ee274aa4447ac435b7830","FullPilot","3","95","1","2","54","23","1","0","159","326","1","0","63","23","0.88","0.82","72","28","FFEnemyShipNocolors7","FFEnemyShipNoColors9","1","2943","2024-04-30 09:35:22"
"5cfb82a12bcca70018252f81","FullPilot","3","109","1","2","60","22","1","0","281","483","1","0","45","25","0.62","0.88","72","28","FFEnemyShipNoColors9","FFEnemyShipNocolors7","1","3640","2024-04-30 09:35:22"
"63316daa57747115376760da","FullPilot","3","101","0","2","97","49","1","0","109","251","1","0","17","24","0.27","0.62","62","38","FFEnemyShipNoColors11","FFEnemyShipNocolors6","1","3140","2024-04-30 09:35:24"
"650ee274aa4447ac435b7830","FullPilot","3","96","1","1","64","24","1","1","256","437","1","0","63","5","0.88","0.18","72","28","FFEnemyShipNocolors7","FFEnemyShipNoColors9","1","3007","2024-04-30 09:35:24"
"5cfb82a12bcca70018252f81","FullPilot","3","110","1","2","56","62","1","0","167","401","1","0","13","14","0.18","0.5","72","28","FFEnemyShipNoColors9","FFEnemyShipNocolors7","1","3702","2024-04-30 09:35:25"
"63316daa57747115376760da","FullPilot","3","102","0","2","42","30","0","1","113","231","0","1","11","14","0.18","0.38","62","38","FFEnemyShipNoColors11","FFEnemyShipNocolors6","0","3140","2024-04-30 09:35:27"
"650ee274aa4447ac435b7830","FullPilot","3","97","0","1","95","42","0","0","458","638","0","1","51","14","0.82","0.38","62","38","FFEnemyShipNocolors6","FFEnemyShipNoColors11","0","3007","2024-04-30 09:35:27"
"5cfb82a12bcca70018252f81","FullPilot","3","111","0","2","68","44","1","0","115","299","1","0","11","31","0.18","0.82","62","38","FFEnemyShipNocolors6","FFEnemyShipNoColors11","1","3746","2024-04-30 09:35:28"
"63316daa57747115376760da","FullPilot","3","103","0","2","47","60","0","1","100","233","0","1","17","5","0.27","0.12","62","38","FFEnemyShipNoColors11","FFEnemyShipNocolors6","0","3140","2024-04-30 09:35:30"
"650ee274aa4447ac435b7830","FullPilot","3","98","1","1","47","33","1","1","222","375","1","0","63","11","0.88","0.38","72","28","FFEnemyShipNocolors7","FFEnemyShipNoColors9","1","3054","2024-04-30 09:35:30"
"5cfb82a12bcca70018252f81","FullPilot","3","112","1","1","98","12","1","1","15","167","1","0","63","11","0.88","0.38","72","28","FFEnemyShipNoColors9","FFEnemyShipNocolors7","1","3844","2024-04-30 09:35:30"
"63316daa57747115376760da","FullPilot","3","104","0","1","89","63","0","0","166","269","0","1","38","14","0.62","0.38","62","38","FFEnemyShipNoColors11","FFEnemyShipNocolors6","1","3229","2024-04-30 09:35:33"
"5cfb82a12bcca70018252f81","FullPilot","3","113","0","2","44","60","1","0","99","268","1","0","17","19","0.27","0.5","62","38","FFEnemyShipNocolors6","FFEnemyShipNoColors11","1","3904","2024-04-30 09:35:33"
"650ee274aa4447ac435b7830","FullPilot","3","99","0","2","65","36","0","1","298","513","0","1","38","31","0.62","0.82","62","38","FFEnemyShipNocolors6","FFEnemyShipNoColors11","1","3090","2024-04-30 09:35:33"
"5cfb82a12bcca70018252f81","FullPilot","3","114","1","2","64","23","1","0","233","366","1","0","19","11","0.27","0.38","72","28","FFEnemyShipNoColors9","FFEnemyShipNocolors7","1","3927","2024-04-30 09:35:35"
"650ee274aa4447ac435b7830","FullPilot","3","100","1","1","82","60","0","0","263","479","0","1","53","11","0.73","0.38","72","28","FFEnemyShipNocolors7","FFEnemyShipNoColors9","1","3172","2024-04-30 09:35:35"
"63316daa57747115376760da","FullPilot","3","105","1","1","82","11","0","0","100","233","0","1","53","3","0.73","0.12","72","28","FFEnemyShipNocolors7","FFEnemyShipNoColors9","0","3229","2024-04-30 09:35:36"
"650ee274aa4447ac435b7830","FullPilot","3","101","1","1","67","49","0","0","236","417","0","1","63","3","0.88","0.12","72","28","FFEnemyShipNocolors7","FFEnemyShipNoColors9","1","3239","2024-04-30 09:35:38"
"63316daa57747115376760da","FullPilot","3","106","1","1","77","34","1","1","66","200","1","0","59","5","0.82","0.18","72","28","FFEnemyShipNocolors7","FFEnemyShipNoColors9","1","3306","2024-04-30 09:35:38"
"5cfb82a12bcca70018252f81","FullPilot","3","115","0","1","64","8","0","0","400","683","0","1","11","14","0.18","0.38","62","38","FFEnemyShipNocolors6","FFEnemyShipNoColors11","0","3927","2024-04-30 09:35:39"
"63316daa57747115376760da","FullPilot","3","107","0","1","88","35","1","1","131","266","1","0","55","5","0.88","0.12","62","38","FFEnemyShipNoColors11","FFEnemyShipNocolors6","1","3394","2024-04-30 09:35:41"
"650ee274aa4447ac435b7830","FullPilot","3","102","0","1","58","75","1","1","583","888","1","0","7","7","0.12","0.18","62","38","FFEnemyShipNocolors6","FFEnemyShipNoColors11","0","3239","2024-04-30 09:35:41"
"5cfb82a12bcca70018252f81","FullPilot","3","116","0","2","52","30","0","1","280","530","0","1","24","28","0.38","0.73","62","38","FFEnemyShipNocolors6","FFEnemyShipNoColors11","1","3957","2024-04-30 09:35:42"
"650ee274aa4447ac435b7830","FullPilot","3","103","0","1","57","38","0","0","201","346","0","1","55","24","0.88","0.62","62","38","FFEnemyShipNocolors6","FFEnemyShipNoColors11","1","3296","2024-04-30 09:35:44"
"63316daa57747115376760da","FullPilot","3","108","0","1","62","9","1","1","66","185","1","0","45","24","0.73","0.62","62","38","FFEnemyShipNoColors11","FFEnemyShipNocolors6","0","3394","2024-04-30 09:35:44"
"5cfb82a12bcca70018252f81","FullPilot","3","117","1","1","56","12","1","1","198","353","1","0","59","17","0.82","0.62","72","28","FFEnemyShipNoColors9","FFEnemyShipNocolors7","0","3957","2024-04-30 09:35:45"
"650ee274aa4447ac435b7830","FullPilot","3","104","0","1","57","36","1","1","193","402","1","0","55","10","0.88","0.27","62","38","FFEnemyShipNocolors6","FFEnemyShipNoColors11","1","3353","2024-04-30 09:35:46"
"63316daa57747115376760da","FullPilot","3","109","0","1","66","47","1","1","52","185","1","0","55","10","0.88","0.27","62","38","FFEnemyShipNoColors11","FFEnemyShipNocolors6","1","3460","2024-04-30 09:35:46"
"5cfb82a12bcca70018252f81","FullPilot","3","118","0","1","65","40","0","0","200","349","0","1","51","7","0.82","0.18","62","38","FFEnemyShipNocolors6","FFEnemyShipNoColors11","1","4022","2024-04-30 09:35:47"
"63316daa57747115376760da","FullPilot","3","110","1","2","85","18","1","0","115","233","1","0","45","20","0.62","0.73","72","28","FFEnemyShipNocolors7","FFEnemyShipNoColors9","1","3478","2024-04-30 09:35:49"
"650ee274aa4447ac435b7830","FullPilot","3","105","0","1","94","58","0","0","339","798","0","1","38","10","0.62","0.27","62","38","FFEnemyShipNocolors6","FFEnemyShipNoColors11","1","3447","2024-04-30 09:35:49"
"5cfb82a12bcca70018252f81","FullPilot","3","119","0","1","43","24","0","0","248","416","0","1","51","28","0.82","0.73","62","38","FFEnemyShipNocolors6","FFEnemyShipNoColors11","1","4065","2024-04-30 09:35:50"
"650ee274aa4447ac435b7830","FullPilot","3","106","1","1","89","30","1","1","339","527","1","0","59","3","0.82","0.12","72","28","FFEnemyShipNocolors7","FFEnemyShipNoColors9","1","3536","2024-04-30 09:35:51"
"63316daa57747115376760da","FullPilot","3","111","0","2","37","21","0","1","84","201","0","1","31","33","0.5","0.88","62","38","FFEnemyShipNoColors11","FFEnemyShipNocolors6","1","3499","2024-04-30 09:35:52"
"5cfb82a12bcca70018252f81","FullPilot","3","120","0","2","77","29","0","1","134","286","0","1","31","33","0.5","0.88","62","38","FFEnemyShipNocolors6","FFEnemyShipNoColors11","1","4094","2024-04-30 09:35:52"
"650ee274aa4447ac435b7830","FullPilot","3","107","1","1","81","49","0","0","242","402","0","1","36","8","0.5","0.27","72","28","FFEnemyShipNocolors7","FFEnemyShipNoColors9","1","3617","2024-04-30 09:35:54"
"63316daa57747115376760da","FullPilot","3","112","1","1","64","42","1","1","133","250","1","0","63","20","0.88","0.73","72","28","FFEnemyShipNocolors7","FFEnemyShipNoColors9","1","3563","2024-04-30 09:35:54"
"5cfb82a12bcca70018252f81","FullPilot","3","121","0","2","76","46","0","1","66","167","0","1","7","28","0.12","0.73","62","38","FFEnemyShipNocolors6","FFEnemyShipNoColors11","1","4140","2024-04-30 09:35:55"
"650ee274aa4447ac435b7830","FullPilot","3","108","0","2","40","30","0","1","201","444","0","1","11","28","0.18","0.73","62","38","FFEnemyShipNocolors6","FFEnemyShipNoColors11","1","3647","2024-04-30 09:35:56"
"63316daa57747115376760da","FullPilot","3","113","1","2","60","30","1","0","100","233","1","0","9","17","0.12","0.62","72","28","FFEnemyShipNocolors7","FFEnemyShipNoColors9","1","3593","2024-04-30 09:35:57"
"5cfb82a12bcca70018252f81","FullPilot","3","122","1","2","77","59","0","1","97","183","0","1","53","23","0.73","0.82","72","28","FFEnemyShipNoColors9","FFEnemyShipNocolors7","1","4199","2024-04-30 09:35:58"
"650ee274aa4447ac435b7830","FullPilot","3","109","0","2","47","16","0","1","236","458","0","1","17","14","0.27","0.38","62","38","FFEnemyShipNocolors6","FFEnemyShipNoColors11","0","3647","2024-04-30 09:35:59"
"63316daa57747115376760da","FullPilot","3","114","1","1","70","50","0","0","233","333","0","1","27","5","0.38","0.18","72","28","FFEnemyShipNocolors7","FFEnemyShipNoColors9","1","3663","2024-04-30 09:35:59"
"5cfb82a12bcca70018252f81","FullPilot","3","123","1","2","44","9","1","0","200","436","1","0","13","17","0.18","0.62","72","28","FFEnemyShipNoColors9","FFEnemyShipNocolors7","1","4208","2024-04-30 09:36:00"
"650ee274aa4447ac435b7830","FullPilot","3","110","0","1","48","49","0","0","340","618","0","1","51","24","0.82","0.62","62","38","FFEnemyShipNocolors6","FFEnemyShipNoColors11","1","3695","2024-04-30 09:36:02"
"63316daa57747115376760da","FullPilot","3","115","0","2","10","57","1","0","131","252","1","0","11","19","0.18","0.5","62","38","FFEnemyShipNoColors11","FFEnemyShipNocolors6","0","3663","2024-04-30 09:36:02"
"5cfb82a12bcca70018252f81","FullPilot","3","124","1","2","61","41","0","1","80","257","0","1","27","25","0.38","0.88","72","28","FFEnemyShipNoColors9","FFEnemyShipNocolors7","1","4249","2024-04-30 09:36:03"
"650ee274aa4447ac435b7830","FullPilot","3","111","1","2","74","23","0","1","298","478","0","1","45","25","0.62","0.88","72","28","FFEnemyShipNocolors7","FFEnemyShipNoColors9","1","3718","2024-04-30 09:36:05"
"63316daa57747115376760da","FullPilot","3","116","0","1","49","41","1","1","32","150","1","0","55","14","0.88","0.38","62","38","FFEnemyShipNoColors11","FFEnemyShipNocolors6","1","3712","2024-04-30 09:36:05"
"5cfb82a12bcca70018252f81","FullPilot","3","125","0","1","92","31","1","1","120","300","1","0","45","5","0.73","0.12","62","38","FFEnemyShipNocolors6","FFEnemyShipNoColors11","1","4341","2024-04-30 09:36:05"
"63316daa57747115376760da","FullPilot","3","117","1","1","62","35","1","1","65","200","1","0","63","5","0.88","0.18","72","28","FFEnemyShipNocolors7","FFEnemyShipNoColors9","1","3774","2024-04-30 09:36:08"
"5cfb82a12bcca70018252f81","FullPilot","3","126","0","2","59","34","0","1","84","250","0","1","31","24","0.5","0.62","62","38","FFEnemyShipNocolors6","FFEnemyShipNoColors11","1","4375","2024-04-30 09:36:08"
"650ee274aa4447ac435b7830","FullPilot","3","112","0","1","7","20","1","1","1881","2063","1","0","38","19","0.62","0.5","62","38","FFEnemyShipNocolors6","FFEnemyShipNoColors11","0","3718","2024-04-30 09:36:09"
"63316daa57747115376760da","FullPilot","3","118","1","1","35","23","1","1","16","134","1","0","59","8","0.82","0.27","72","28","FFEnemyShipNocolors7","FFEnemyShipNoColors9","1","3809","2024-04-30 09:36:10"
"5cfb82a12bcca70018252f81","FullPilot","3","127","0","1","44","33","1","1","215","351","1","0","24","10","0.38","0.27","62","38","FFEnemyShipNocolors6","FFEnemyShipNoColors11","1","4419","2024-04-30 09:36:10"
"63316daa57747115376760da","FullPilot","3","119","0","2","58","48","1","0","60","174","1","0","31","31","0.5","0.82","62","38","FFEnemyShipNoColors11","FFEnemyShipNocolors6","1","3857","2024-04-30 09:36:13"
"5cfb82a12bcca70018252f81","FullPilot","3","128","0","1","77","12","1","1","297","449","1","0","11","5","0.18","0.12","62","38","FFEnemyShipNocolors6","FFEnemyShipNoColors11","1","4496","2024-04-30 09:36:13"
"650ee274aa4447ac435b7830","FullPilot","3","113","0","2","37","28","1","0","2079","2357","1","0","24","33","0.38","0.88","62","38","FFEnemyShipNocolors6","FFEnemyShipNoColors11","1","3746","2024-04-30 09:36:13"
"5cfb82a12bcca70018252f81","FullPilot","3","129","0","1","78","41","1","1","98","249","1","0","45","5","0.73","0.12","62","38","FFEnemyShipNocolors6","FFEnemyShipNoColors11","1","4574","2024-04-30 09:36:16"
"650ee274aa4447ac435b7830","FullPilot","3","114","1","0","70","12","0","0","0","0","0","0","13","3","0.18","0.12","72","28","FFEnemyShipNocolors7","FFEnemyShipNoColors9","0","3746","2024-04-30 09:36:16"
"63316daa57747115376760da","FullPilot","3","120","1","1","41","20","0","0","99","216","0","1","53","8","0.73","0.27","72","28","FFEnemyShipNocolors7","FFEnemyShipNoColors9","0","3857","2024-04-30 09:36:16"
"5cfb82a12bcca70018252f81","FullPilot","3","130","1","1","77","2","0","0","165","349","0","1","53","14","0.73","0.5","72","28","FFEnemyShipNoColors9","FFEnemyShipNocolors7","1","4651","2024-04-30 09:36:18"
"63316daa57747115376760da","FullPilot","3","121","0","2","21","16","0","1","199","319","0","1","17","14","0.27","0.38","62","38","FFEnemyShipNoColors11","FFEnemyShipNocolors6","0","3857","2024-04-30 09:36:19"
"650ee274aa4447ac435b7830","FullPilot","3","115","1","2","70","30","0","1","1960","2416","0","1","19","20","0.27","0.73","72","28","FFEnemyShipNocolors7","FFEnemyShipNoColors9","0","3746","2024-04-30 09:36:20"
"5cfb82a12bcca70018252f81","FullPilot","3","131","0","2","31","41","0","1","115","251","0","1","24","24","0.38","0.62","62","38","FFEnemyShipNocolors6","FFEnemyShipNoColors11","1","4692","2024-04-30 09:36:21"
"63316daa57747115376760da","FullPilot","3","122","1","2","85","32","1","0","300","100","1","0","45","25","0.62","0.88","72","28","FFEnemyShipNocolors7","FFEnemyShipNoColors9","1","3889","2024-04-30 09:36:21"
"5cfb82a12bcca70018252f81","FullPilot","3","132","0","1","39","33","1","1","67","267","1","0","51","28","0.82","0.73","62","38","FFEnemyShipNocolors6","FFEnemyShipNoColors11","1","4731","2024-04-30 09:36:23"
"63316daa57747115376760da","FullPilot","3","123","1","1","81","59","1","1","67","200","1","0","59","3","0.82","0.12","72","28","FFEnemyShipNocolors7","FFEnemyShipNoColors9","1","3970","2024-04-30 09:36:24"
"650ee274aa4447ac435b7830","FullPilot","3","116","0","2","60","27","0","1","1000","1341","0","1","17","31","0.27","0.82","62","38","FFEnemyShipNocolors6","FFEnemyShipNoColors11","1","3773","2024-04-30 09:36:24"
"5cfb82a12bcca70018252f81","FullPilot","3","133","1","2","89","6","0","1","32","219","0","1","9","23","0.12","0.82","72","28","FFEnemyShipNoColors9","FFEnemyShipNocolors7","0","4731","2024-04-30 09:36:26"
"63316daa57747115376760da","FullPilot","3","124","0","2","21","39","1","0","16","133","1","0","24","31","0.38","0.82","62","38","FFEnemyShipNoColors11","FFEnemyShipNocolors6","1","4009","2024-04-30 09:36:26"
"650ee274aa4447ac435b7830","FullPilot","3","117","1","2","68","47","0","1","464","791","0","1","27","25","0.38","0.88","72","28","FFEnemyShipNocolors7","FFEnemyShipNoColors9","1","3820","2024-04-30 09:36:27"
"5cfb82a12bcca70018252f81","FullPilot","3","134","0","2","93","43","0","1","251","466","0","1","24","24","0.38","0.62","62","38","FFEnemyShipNocolors6","FFEnemyShipNoColors11","0","4731","2024-04-30 09:36:29"
"63316daa57747115376760da","FullPilot","3","125","0","1","84","17","1","1","182","300","1","0","55","24","0.88","0.62","62","38","FFEnemyShipNoColors11","FFEnemyShipNocolors6","1","4093","2024-04-30 09:36:29"
"650ee274aa4447ac435b7830","FullPilot","3","118","1","2","29","26","0","1","596","812","0","1","36","20","0.5","0.73","72","28","FFEnemyShipNocolors7","FFEnemyShipNoColors9","1","3846","2024-04-30 09:36:30"
"5cfb82a12bcca70018252f81","FullPilot","3","135","0","2","82","33","1","0","199","386","1","0","11","24","0.18","0.62","62","38","FFEnemyShipNocolors6","FFEnemyShipNoColors11","0","4731","2024-04-30 09:36:32"
"63316daa57747115376760da","FullPilot","3","126","0","1","57","44","1","1","99","234","1","0","31","10","0.5","0.27","62","38","FFEnemyShipNoColors11","FFEnemyShipNocolors6","1","4150","2024-04-30 09:36:32"
"650ee274aa4447ac435b7830","FullPilot","3","119","1","1","96","55","0","0","180","312","0","1","63","11","0.88","0.38","72","28","FFEnemyShipNocolors7","FFEnemyShipNoColors9","1","3942","2024-04-30 09:36:32"
"63316daa57747115376760da","FullPilot","3","127","0","1","92","42","0","0","70","186","0","1","45","14","0.73","0.38","62","38","FFEnemyShipNoColors11","FFEnemyShipNocolors6","1","4242","2024-04-30 09:36:34"
"650ee274aa4447ac435b7830","FullPilot","3","120","0","2","64","36","0","1","221","465","0","1","17","33","0.27","0.88","62","38","FFEnemyShipNocolors6","FFEnemyShipNoColors11","1","3978","2024-04-30 09:36:35"
"5cfb82a12bcca70018252f81","FullPilot","3","136","1","2","80","40","1","0","164","915","1","1","45","25","0.62","0.88","72","28","FFEnemyShipNoColors9","FFEnemyShipNocolors7","0","4731","2024-04-30 09:36:35"
"63316daa57747115376760da","FullPilot","3","128","1","2","79","4","1","0","87","193","1","0","9","5","0.12","0.18","72","28","FFEnemyShipNocolors7","FFEnemyShipNoColors9","1","4246","2024-04-30 09:36:37"
"650ee274aa4447ac435b7830","FullPilot","3","121","1","2","66","29","0","1","159","368","0","1","13","14","0.18","0.5","72","28","FFEnemyShipNocolors7","FFEnemyShipNoColors9","0","3978","2024-04-30 09:36:37"
"5cfb82a12bcca70018252f81","FullPilot","3","137","1","1","62","38","0","0","269","567","0","1","63","23","0.88","0.82","72","28","FFEnemyShipNoColors9","FFEnemyShipNocolors7","1","4793","2024-04-30 09:36:38"
"63316daa57747115376760da","FullPilot","3","129","1","1","59","9","1","1","166","285","1","0","59","17","0.82","0.62","72","28","FFEnemyShipNocolors7","FFEnemyShipNoColors9","0","4246","2024-04-30 09:36:40"
"650ee274aa4447ac435b7830","FullPilot","3","122","0","2","56","56","1","0","159","361","1","0","31","5","0.5","0.12","62","38","FFEnemyShipNocolors6","FFEnemyShipNoColors11","0","3978","2024-04-30 09:36:40"
"5cfb82a12bcca70018252f81","FullPilot","3","138","0","2","75","56","1","0","97","281","1","0","7","33","0.12","0.88","62","38","FFEnemyShipNocolors6","FFEnemyShipNoColors11","0","4793","2024-04-30 09:36:41"
"650ee274aa4447ac435b7830","FullPilot","3","123","0","1","18","16","0","0","374","548","0","1","17","5","0.27","0.12","62","38","FFEnemyShipNocolors6","FFEnemyShipNoColors11","1","3996","2024-04-30 09:36:43"
"63316daa57747115376760da","FullPilot","3","130","1","1","88","33","0","0","182","283","0","1","45","5","0.62","0.18","72","28","FFEnemyShipNocolors7","FFEnemyShipNoColors9","0","4246","2024-04-30 09:36:43"
"5cfb82a12bcca70018252f81","FullPilot","3","139","0","1","45","29","0","0","66","319","0","1","45","14","0.73","0.38","62","38","FFEnemyShipNocolors6","FFEnemyShipNoColors11","1","4838","2024-04-30 09:36:44"
"650ee274aa4447ac435b7830","FullPilot","3","124","1","2","69","30","0","1","375","562","0","1","9","11","0.12","0.38","72","28","FFEnemyShipNocolors7","FFEnemyShipNoColors9","1","4026","2024-04-30 09:36:46"
"63316daa57747115376760da","FullPilot","3","131","1","2","54","32","0","1","116","251","0","1","13","17","0.18","0.62","72","28","FFEnemyShipNocolors7","FFEnemyShipNoColors9","0","4246","2024-04-30 09:36:46"
"5cfb82a12bcca70018252f81","FullPilot","3","140","0","2","78","33","1","0","133","368","1","0","7","14","0.12","0.38","62","38","FFEnemyShipNocolors6","FFEnemyShipNoColors11","0","4838","2024-04-30 09:36:46"
"63316daa57747115376760da","FullPilot","3","132","1","1","29","37","0","0","171","321","1","1","45","3","0.62","0.12","72","28","FFEnemyShipNocolors7","FFEnemyShipNoColors9","1","4275","2024-04-30 09:36:48"
"650ee274aa4447ac435b7830","FullPilot","3","125","0","2","66","16","1","0","597","812","1","0","45","31","0.73","0.82","62","38","FFEnemyShipNocolors6","FFEnemyShipNoColors11","1","4042","2024-04-30 09:36:49"
"5cfb82a12bcca70018252f81","FullPilot","3","141","1","1","80","13","0","0","49","232","0","1","63","14","0.88","0.5","72","28","FFEnemyShipNoColors9","FFEnemyShipNocolors7","1","4918","2024-04-30 09:36:49"
"63316daa57747115376760da","FullPilot","3","133","0","2","98","88","1","0","47","163","1","0","17","33","0.27","0.88","62","38","FFEnemyShipNoColors11","FFEnemyShipNocolors6","1","4363","2024-04-30 09:36:51"
"5cfb82a12bcca70018252f81","FullPilot","3","142","1","2","89","65","0","1","149","334","0","1","36","23","0.5","0.82","72","28","FFEnemyShipNoColors9","FFEnemyShipNocolors7","1","4983","2024-04-30 09:36:51"
"650ee274aa4447ac435b7830","FullPilot","3","126","1","1","87","50","0","0","478","707","0","1","36","5","0.5","0.18","72","28","FFEnemyShipNocolors7","FFEnemyShipNoColors9","1","4129","2024-04-30 09:36:52"
"63316daa57747115376760da","FullPilot","3","134","0","2","100","48","1","0","99","217","1","0","11","33","0.18","0.88","62","38","FFEnemyShipNoColors11","FFEnemyShipNocolors6","1","4411","2024-04-30 09:36:54"
"5cfb82a12bcca70018252f81","FullPilot","3","143","0","2","16","13","0","1","65","216","0","1","31","33","0.5","0.88","62","38","FFEnemyShipNocolors6","FFEnemyShipNoColors11","1","4996","2024-04-30 09:36:54"
"650ee274aa4447ac435b7830","FullPilot","3","127","0","2","41","46","0","1","381","576","0","1","17","19","0.27","0.5","62","38","FFEnemyShipNocolors6","FFEnemyShipNoColors11","1","4175","2024-04-30 09:36:55"
"63316daa57747115376760da","FullPilot","3","135","1","2","53","63","1","0","99","183","1","0","59","25","0.82","0.88","72","28","FFEnemyShipNocolors7","FFEnemyShipNoColors9","1","4474","2024-04-30 09:36:56"
"650ee274aa4447ac435b7830","FullPilot","3","128","0","2","68","37","1","0","298","472","1","0","31","31","0.5","0.82","62","38","FFEnemyShipNocolors6","FFEnemyShipNoColors11","1","4212","2024-04-30 09:36:57"
"63316daa57747115376760da","FullPilot","3","136","0","1","20","13","1","1","63","197","1","0","55","7","0.88","0.18","62","38","FFEnemyShipNoColors11","FFEnemyShipNocolors6","1","4494","2024-04-30 09:36:59"
"650ee274aa4447ac435b7830","FullPilot","3","129","1","1","86","32","1","1","978","1319","1","0","13","3","0.18","0.12","72","28","FFEnemyShipNocolors7","FFEnemyShipNoColors9","1","4298","2024-04-30 09:37:00"
"63316daa57747115376760da","FullPilot","3","137","1","1","75","14","1","1","83","233","1","0","59","17","0.82","0.62","72","28","FFEnemyShipNocolors7","FFEnemyShipNoColors9","1","4569","2024-04-30 09:37:01"
"650ee274aa4447ac435b7830","FullPilot","3","130","0","2","73","22","0","1","437","631","0","1","7","19","0.12","0.5","62","38","FFEnemyShipNocolors6","FFEnemyShipNoColors11","0","4298","2024-04-30 09:37:04"
"63316daa57747115376760da","FullPilot","3","138","0","2","63","55","0","1","115","250","0","1","17","24","0.27","0.62","62","38","FFEnemyShipNoColors11","FFEnemyShipNocolors6","0","4569","2024-04-30 09:37:04"
"650ee274aa4447ac435b7830","FullPilot","3","131","1","1","82","44","0","0","361","583","0","1","19","3","0.27","0.12","72","28","FFEnemyShipNocolors7","FFEnemyShipNoColors9","0","4298","2024-04-30 09:37:06"
"63316daa57747115376760da","FullPilot","3","139","0","1","62","46","0","0","167","284","0","1","45","5","0.73","0.12","62","38","FFEnemyShipNoColors11","FFEnemyShipNocolors6","1","4631","2024-04-30 09:37:07"
"650ee274aa4447ac435b7830","FullPilot","3","132","1","1","90","3","0","0","256","431","0","1","53","5","0.73","0.18","72","28","FFEnemyShipNocolors7","FFEnemyShipNoColors9","1","4388","2024-04-30 09:37:09"
"63316daa57747115376760da","FullPilot","3","140","0","2","46","41","0","1","82","200","0","1","7","33","0.12","0.88","62","38","FFEnemyShipNoColors11","FFEnemyShipNocolors6","1","4672","2024-04-30 09:37:09"
"650ee274aa4447ac435b7830","FullPilot","3","133","0","1","73","22","0","0","284","548","0","1","55","19","0.88","0.5","62","38","FFEnemyShipNocolors6","FFEnemyShipNoColors11","1","4461","2024-04-30 09:37:11"
"63316daa57747115376760da","FullPilot","3","141","0","1","63","43","1","1","115","233","1","0","55","10","0.88","0.27","62","38","FFEnemyShipNoColors11","FFEnemyShipNocolors6","1","4735","2024-04-30 09:37:12"
"650ee274aa4447ac435b7830","FullPilot","3","134","0","1","66","54","0","0","166","381","0","1","51","14","0.82","0.38","62","38","FFEnemyShipNocolors6","FFEnemyShipNoColors11","0","4461","2024-04-30 09:37:14"
"63316daa57747115376760da","FullPilot","3","142","1","2","39","2","1","0","183","285","1","0","27","14","0.38","0.5","72","28","FFEnemyShipNocolors7","FFEnemyShipNoColors9","1","4737","2024-04-30 09:37:15"
"650ee274aa4447ac435b7830","FullPilot","3","135","1","2","41","61","1","0","243","576","1","0","36","17","0.5","0.62","72","28","FFEnemyShipNocolors7","FFEnemyShipNoColors9","1","4522","2024-04-30 09:37:17"
"63316daa57747115376760da","FullPilot","3","143","0","2","100","26","1","0","165","283","1","0","31","31","0.5","0.82","62","38","FFEnemyShipNoColors11","FFEnemyShipNocolors6","0","4737","2024-04-30 09:37:18"
"650ee274aa4447ac435b7830","FullPilot","3","136","0","2","35","64","0","1","396","631","0","1","45","33","0.73","0.88","62","38","FFEnemyShipNocolors6","FFEnemyShipNoColors11","1","4586","2024-04-30 09:37:20"
"650ee274aa4447ac435b7830","FullPilot","3","137","0","2","56","47","1","0","1396","1667","1","0","11","24","0.18","0.62","62","38","FFEnemyShipNocolors6","FFEnemyShipNoColors11","0","4586","2024-04-30 09:37:24"
"650ee274aa4447ac435b7830","FullPilot","3","138","1","2","91","10","1","0","416","625","1","0","19","11","0.27","0.38","72","28","FFEnemyShipNocolors7","FFEnemyShipNoColors9","1","4596","2024-04-30 09:37:27"
"650ee274aa4447ac435b7830","FullPilot","3","139","0","1","98","11","0","0","319","584","0","1","45","5","0.73","0.12","62","38","FFEnemyShipNocolors6","FFEnemyShipNoColors11","1","4694","2024-04-30 09:37:29"
"650ee274aa4447ac435b7830","FullPilot","3","140","0","2","97","47","1","0","402","576","1","0","31","28","0.5","0.73","62","38","FFEnemyShipNocolors6","FFEnemyShipNoColors11","1","4741","2024-04-30 09:37:32"
"650ee274aa4447ac435b7830","FullPilot","3","141","1","1","41","29","1","1","763","1980","1","0","27","5","0.38","0.18","72","28","FFEnemyShipNocolors7","FFEnemyShipNoColors9","1","4782","2024-04-30 09:37:36"
"650ee274aa4447ac435b7830","FullPilot","3","142","0","1","75","11","0","0","553","720","0","1","51","7","0.82","0.18","62","38","FFEnemyShipNocolors6","FFEnemyShipNoColors11","1","4857","2024-04-30 09:37:40"
"650ee274aa4447ac435b7830","FullPilot","3","143","1","2","78","74","0","1","242","402","0","1","13","25","0.18","0.88","72","28","FFEnemyShipNocolors7","FFEnemyShipNoColors9","1","4931","2024-04-30 09:37:42"
"631c8e97db06f601f81bd82f","FullPilot","0","0","-1","2","50","50","0","1","1279","2295","0","1","19","6","0.38","0.12","50","50","FFEnemyNeutral","FFEnemyNeutral","1","50","2024-04-30 12:26:03"
"631c8e97db06f601f81bd82f","FullPilot","0","1","-1","2","50","50","1","0","1266","1840","1","0","41","37","0.82","0.73","50","50","FFEnemyNeutral","FFEnemyNeutral","1","100","2024-04-30 12:26:07"
"631c8e97db06f601f81bd82f","FullPilot","0","2","-1","1","50","50","0","0","1109","1550","0","1","31","41","0.62","0.82","50","50","FFEnemyNeutral","FFEnemyNeutral","0","100","2024-04-30 12:26:10"
"631c8e97db06f601f81bd82f","FullPilot","0","3","-1","1","50","50","1","1","960","1627","1","0","9","25","0.18","0.5","50","50","FFEnemyNeutral","FFEnemyNeutral","0","100","2024-04-30 12:26:13"
"631c8e97db06f601f81bd82f","FullPilot","0","4","-1","1","50","50","0","0","1066","1771","0","1","37","25","0.73","0.5","50","50","FFEnemyNeutral","FFEnemyNeutral","0","100","2024-04-30 12:26:17"
"631c8e97db06f601f81bd82f","FullPilot","0","5","-1","2","50","50","0","1","1066","1652","0","1","44","9","0.88","0.18","50","50","FFEnemyNeutral","FFEnemyNeutral","0","100","2024-04-30 12:26:20"
"631c8e97db06f601f81bd82f","FullPilot","0","6","-1","1","50","50","1","1","746","1387","1","0","31","25","0.62","0.5","50","50","FFEnemyNeutral","FFEnemyNeutral","0","100","2024-04-30 12:26:23"
"631c8e97db06f601f81bd82f","FullPilot","0","7","-1","2","50","50","0","1","867","2441","0","1","41","9","0.82","0.18","50","50","FFEnemyNeutral","FFEnemyNeutral","0","100","2024-04-30 12:26:28"
"631c8e97db06f601f81bd82f","FullPilot","0","8","-1","2","50","50","1","0","721","1014","1","0","37","14","0.73","0.27","50","50","FFEnemyNeutral","FFEnemyNeutral","0","100","2024-04-30 12:26:31"
"631c8e97db06f601f81bd82f","FullPilot","0","9","-1","2","50","50","0","1","907","1400","0","1","31","14","0.62","0.27","50","50","FFEnemyNeutral","FFEnemyNeutral","1","150","2024-04-30 12:26:34"
"631c8e97db06f601f81bd82f","FullPilot","0","10","-1","2","50","50","0","1","986","1346","0","1","37","31","0.73","0.62","50","50","FFEnemyNeutral","FFEnemyNeutral","0","150","2024-04-30 12:26:37"
"631c8e97db06f601f81bd82f","FullPilot","0","11","-1","1","50","50","1","1","788","1202","1","0","6","37","0.12","0.73","50","50","FFEnemyNeutral","FFEnemyNeutral","0","150","2024-04-30 12:26:40"
"631c8e97db06f601f81bd82f","FullPilot","0","12","-1","1","50","50","1","1","746","1094","1","0","41","44","0.82","0.88","50","50","FFEnemyNeutral","FFEnemyNeutral","1","200","2024-04-30 12:26:43"
"631c8e97db06f601f81bd82f","FullPilot","0","13","-1","1","50","50","0","0","826","1333","0","1","25","44","0.5","0.88","50","50","FFEnemyNeutral","FFEnemyNeutral","0","200","2024-04-30 12:26:46"
"631c8e97db06f601f81bd82f","FullPilot","0","14","-1","2","50","50","1","0","700","1097","1","0","37","6","0.73","0.12","50","50","FFEnemyNeutral","FFEnemyNeutral","0","200","2024-04-30 12:26:49"
"631c8e97db06f601f81bd82f","FullPilot","0","15","-1","1","50","50","1","1","1227","1306","1","0","25","14","0.5","0.27","50","50","FFEnemyNeutral","FFEnemyNeutral","0","200","2024-04-30 12:26:52"
"631c8e97db06f601f81bd82f","FullPilot","0","16","-1","2","50","50","1","0","1020","1528","1","0","25","31","0.5","0.62","50","50","FFEnemyNeutral","FFEnemyNeutral","1","250","2024-04-30 12:26:56"
"631c8e97db06f601f81bd82f","FullPilot","0","17","-1","1","50","50","1","1","878","1532","1","0","44","25","0.88","0.5","50","50","FFEnemyNeutral","FFEnemyNeutral","1","300","2024-04-30 12:26:59"
"631c8e97db06f601f81bd82f","FullPilot","0","18","-1","1","50","50","0","0","1080","1546","0","1","25","9","0.5","0.18","50","50","FFEnemyNeutral","FFEnemyNeutral","1","350","2024-04-30 12:27:02"
"631c8e97db06f601f81bd82f","FullPilot","0","19","-1","1","50","50","1","1","866","1427","1","0","6","9","0.12","0.18","50","50","FFEnemyNeutral","FFEnemyNeutral","0","350","2024-04-30 12:27:05"
"631c8e97db06f601f81bd82f","FullPilot","0","20","-1","1","50","50","0","0","1067","1574","0","1","6","14","0.12","0.27","50","50","FFEnemyNeutral","FFEnemyNeutral","0","350","2024-04-30 12:27:09"
"631c8e97db06f601f81bd82f","FullPilot","0","21","-1","1","50","50","1","1","916","1371","1","0","6","41","0.12","0.82","50","50","FFEnemyNeutral","FFEnemyNeutral","0","350","2024-04-30 12:27:12"
"631c8e97db06f601f81bd82f","FullPilot","0","22","-1","1","50","50","1","1","879","1346","1","0","44","31","0.88","0.62","50","50","FFEnemyNeutral","FFEnemyNeutral","1","400","2024-04-30 12:27:15"
"631c8e97db06f601f81bd82f","FullPilot","0","23","-1","2","50","50","1","0","759","1040","1","0","19","41","0.38","0.82","50","50","FFEnemyNeutral","FFEnemyNeutral","1","450","2024-04-30 12:27:18"
"631c8e97db06f601f81bd82f","FullPilot","0","24","-1","1","50","50","0","0","907","1293","0","1","19","9","0.38","0.18","50","50","FFEnemyNeutral","FFEnemyNeutral","0","450","2024-04-30 12:27:21"
"631c8e97db06f601f81bd82f","FullPilot","0","25","-1","2","50","50","1","0","719","1252","1","0","9","31","0.18","0.62","50","50","FFEnemyNeutral","FFEnemyNeutral","1","500","2024-04-30 12:27:24"
"631c8e97db06f601f81bd82f","FullPilot","0","26","-1","2","50","50","1","0","839","1294","1","0","6","19","0.12","0.38","50","50","FFEnemyNeutral","FFEnemyNeutral","1","550","2024-04-30 12:27:27"
"631c8e97db06f601f81bd82f","FullPilot","0","27","-1","1","50","50","0","0","907","1309","0","1","31","6","0.62","0.12","50","50","FFEnemyNeutral","FFEnemyNeutral","1","600","2024-04-30 12:27:30"
"631c8e97db06f601f81bd82f","FullPilot","0","28","-1","1","50","50","0","0","786","1240","0","1","19","14","0.38","0.27","50","50","FFEnemyNeutral","FFEnemyNeutral","0","600","2024-04-30 12:27:33"
"631c8e97db06f601f81bd82f","FullPilot","0","29","-1","2","50","50","1","0","918","1306","1","0","9","19","0.18","0.38","50","50","FFEnemyNeutral","FFEnemyNeutral","0","600","2024-04-30 12:27:36"
"631c8e97db06f601f81bd82f","FullPilot","0","30","-1","1","50","50","0","0","799","2082","1","2","41","19","0.82","0.38","50","50","FFEnemyNeutral","FFEnemyNeutral","1","650","2024-04-30 12:27:40"
"631c8e97db06f601f81bd82f","FullPilot","0","31","-1","1","50","50","0","0","1039","1253","0","1","41","6","0.82","0.12","50","50","FFEnemyNeutral","FFEnemyNeutral","1","700","2024-04-30 12:27:43"
"631c8e97db06f601f81bd82f","FullPilot","0","32","-1","2","50","50","0","1","1066","1466","0","1","14","37","0.27","0.73","50","50","FFEnemyNeutral","FFEnemyNeutral","0","700","2024-04-30 12:27:46"
"631c8e97db06f601f81bd82f","FullPilot","0","33","-1","1","50","50","1","1","746","1147","1","0","31","19","0.62","0.38","50","50","FFEnemyNeutral","FFEnemyNeutral","0","700","2024-04-30 12:27:49"
"631c8e97db06f601f81bd82f","FullPilot","0","34","-1","1","50","50","1","1","1021","1465","1","0","37","19","0.73","0.38","50","50","FFEnemyNeutral","FFEnemyNeutral","1","750","2024-04-30 12:27:52"
"631c8e97db06f601f81bd82f","FullPilot","0","35","-1","2","50","50","0","1","1039","1493","0","1","19","44","0.38","0.88","50","50","FFEnemyNeutral","FFEnemyNeutral","1","800","2024-04-30 12:27:55"
"631c8e97db06f601f81bd82f","FullPilot","0","36","-1","2","50","50","1","0","880","1280","1","0","19","37","0.38","0.73","50","50","FFEnemyNeutral","FFEnemyNeutral","1","850","2024-04-30 12:27:58"
"631c8e97db06f601f81bd82f","FullPilot","0","37","-1","2","50","50","0","1","1120","1645","0","1","14","19","0.27","0.38","50","50","FFEnemyNeutral","FFEnemyNeutral","0","850","2024-04-30 12:28:02"
"631c8e97db06f601f81bd82f","FullPilot","0","38","-1","1","50","50","0","0","2013","2441","0","1","44","6","0.88","0.12","50","50","FFEnemyNeutral","FFEnemyNeutral","1","900","2024-04-30 12:28:06"
"631c8e97db06f601f81bd82f","FullPilot","0","39","-1","2","50","50","0","1","746","1293","0","1","9","37","0.18","0.73","50","50","FFEnemyNeutral","FFEnemyNeutral","1","950","2024-04-30 12:28:09"
"631c8e97db06f601f81bd82f","FullPilot","0","40","-1","2","50","50","1","0","867","1373","1","0","14","31","0.27","0.62","50","50","FFEnemyNeutral","FFEnemyNeutral","0","950","2024-04-30 12:28:12"
"631c8e97db06f601f81bd82f","FullPilot","0","41","-1","2","50","50","0","1","840","1374","0","1","31","44","0.62","0.88","50","50","FFEnemyNeutral","FFEnemyNeutral","1","1000","2024-04-30 12:28:15"
"5c5ac2869d974300015d81fc","FullPilot","0","0","-1","2","50","50","1","0","20","1465","3","2","19","6","0.38","0.12","50","50","FFEnemyNeutral","FFEnemyNeutral","0","0","2024-04-30 12:28:16"
"631c8e97db06f601f81bd82f","FullPilot","0","42","-1","1","50","50","0","0","960","1480","0","1","9","6","0.18","0.12","50","50","FFEnemyNeutral","FFEnemyNeutral","0","1000","2024-04-30 12:28:18"
"5c5ac2869d974300015d81fc","FullPilot","0","1","-1","1","50","50","1","1","20","1319","2","0","31","9","0.62","0.18","50","50","FFEnemyNeutral","FFEnemyNeutral","0","0","2024-04-30 12:28:19"
"631c8e97db06f601f81bd82f","FullPilot","0","43","-1","2","50","50","1","0","719","1334","1","0","14","6","0.27","0.12","50","50","FFEnemyNeutral","FFEnemyNeutral","0","1000","2024-04-30 12:28:22"
"5c5ac2869d974300015d81fc","FullPilot","0","2","-1","2","50","50","1","0","520","1604","1","1","44","41","0.88","0.82","50","50","FFEnemyNeutral","FFEnemyNeutral","1","50","2024-04-30 12:28:22"
"631c8e97db06f601f81bd82f","FullPilot","0","44","-1","2","50","50","0","1","666","1347","0","1","31","37","0.62","0.73","50","50","FFEnemyNeutral","FFEnemyNeutral","1","1050","2024-04-30 12:28:25"
"5c5ac2869d974300015d81fc","FullPilot","0","3","-1","1","50","50","1","1","659","1152","1","0","41","31","0.82","0.62","50","50","FFEnemyNeutral","FFEnemyNeutral","1","100","2024-04-30 12:28:25"
"5c5ac2869d974300015d81fc","FullPilot","0","4","-1","1","50","50","0","0","437","729","0","1","37","9","0.73","0.18","50","50","FFEnemyNeutral","FFEnemyNeutral","1","150","2024-04-30 12:28:27"
"631c8e97db06f601f81bd82f","FullPilot","0","45","-1","2","50","50","0","1","1120","1694","0","1","19","31","0.38","0.62","50","50","FFEnemyNeutral","FFEnemyNeutral","1","1100","2024-04-30 12:28:28"
"5c5ac2869d974300015d81fc","FullPilot","0","5","-1","2","50","50","0","1","520","916","0","1","19","25","0.38","0.5","50","50","FFEnemyNeutral","FFEnemyNeutral","0","150","2024-04-30 12:28:30"
"631c8e97db06f601f81bd82f","FullPilot","0","46","-1","2","50","50","1","0","800","1267","1","0","6","31","0.12","0.62","50","50","FFEnemyNeutral","FFEnemyNeutral","1","1150","2024-04-30 12:28:31"
"5c5ac2869d974300015d81fc","FullPilot","0","6","-1","2","50","50","0","1","458","639","0","1","14","44","0.27","0.88","50","50","FFEnemyNeutral","FFEnemyNeutral","1","200","2024-04-30 12:28:33"
"631c8e97db06f601f81bd82f","FullPilot","0","47","-1","2","50","50","1","0","813","1294","1","0","14","41","0.27","0.82","50","50","FFEnemyNeutral","FFEnemyNeutral","1","1200","2024-04-30 12:28:34"
"5c5ac2869d974300015d81fc","FullPilot","0","7","-1","2","50","50","1","0","576","757","1","0","31","37","0.62","0.73","50","50","FFEnemyNeutral","FFEnemyNeutral","0","200","2024-04-30 12:28:35"
"631c8e97db06f601f81bd82f","FullPilot","0","48","-1","1","50","50","0","0","1067","1520","0","1","19","25","0.38","0.5","50","50","FFEnemyNeutral","FFEnemyNeutral","1","1250","2024-04-30 12:28:37"
"5c5ac2869d974300015d81fc","FullPilot","0","8","-1","2","50","50","0","1","485","583","0","1","9","31","0.18","0.62","50","50","FFEnemyNeutral","FFEnemyNeutral","1","250","2024-04-30 12:28:38"
"631c8e97db06f601f81bd82f","FullPilot","0","49","-1","1","50","50","0","0","800","1374","0","1","44","41","0.88","0.82","50","50","FFEnemyNeutral","FFEnemyNeutral","1","1300","2024-04-30 12:28:40"
"5c5ac2869d974300015d81fc","FullPilot","0","9","-1","2","50","50","1","0","520","618","1","0","9","19","0.18","0.38","50","50","FFEnemyNeutral","FFEnemyNeutral","0","250","2024-04-30 12:28:40"
"5c5ac2869d974300015d81fc","FullPilot","0","10","-1","1","50","50","1","1","416","555","1","0","41","9","0.82","0.18","50","50","FFEnemyNeutral","FFEnemyNeutral","1","300","2024-04-30 12:28:43"
"631c8e97db06f601f81bd82f","FullPilot","0","50","-1","1","50","50","1","1","762","1227","1","0","44","37","0.88","0.73","50","50","FFEnemyNeutral","FFEnemyNeutral","1","1350","2024-04-30 12:28:43"
"5c5ac2869d974300015d81fc","FullPilot","0","11","-1","2","50","50","0","1","381","500","0","1","9","44","0.18","0.88","50","50","FFEnemyNeutral","FFEnemyNeutral","1","350","2024-04-30 12:28:45"
"631c8e97db06f601f81bd82f","FullPilot","0","51","-1","1","50","50","1","1","827","1373","1","0","9","14","0.18","0.27","50","50","FFEnemyNeutral","FFEnemyNeutral","0","1350","2024-04-30 12:28:46"
"5c5ac2869d974300015d81fc","FullPilot","0","12","-1","2","50","50","0","1","423","513","0","1","37","41","0.73","0.82","50","50","FFEnemyNeutral","FFEnemyNeutral","0","350","2024-04-30 12:28:47"
"631c8e97db06f601f81bd82f","FullPilot","0","52","-1","1","50","50","0","0","693","1439","0","1","25","6","0.5","0.12","50","50","FFEnemyNeutral","FFEnemyNeutral","1","1400","2024-04-30 12:28:49"
"5c5ac2869d974300015d81fc","FullPilot","0","13","-1","1","50","50","0","0","423","555","0","1","19","9","0.38","0.18","50","50","FFEnemyNeutral","FFEnemyNeutral","0","350","2024-04-30 12:28:50"
"631c8e97db06f601f81bd82f","FullPilot","0","53","-1","2","50","50","0","1","680","1123","0","1","25","41","0.5","0.82","50","50","FFEnemyNeutral","FFEnemyNeutral","1","1450","2024-04-30 12:28:52"
"5c5ac2869d974300015d81fc","FullPilot","0","14","-1","2","50","50","1","0","381","513","1","0","6","44","0.12","0.88","50","50","FFEnemyNeutral","FFEnemyNeutral","1","400","2024-04-30 12:28:52"
"5c5ac2869d974300015d81fc","FullPilot","0","15","-1","1","50","50","0","0","437","576","0","1","31","25","0.62","0.5","50","50","FFEnemyNeutral","FFEnemyNeutral","1","450","2024-04-30 12:28:55"
"631c8e97db06f601f81bd82f","FullPilot","0","54","-1","2","50","50","1","0","1106","1480","1","0","37","41","0.73","0.82","50","50","FFEnemyNeutral","FFEnemyNeutral","1","1500","2024-04-30 12:28:55"
"5c5ac2869d974300015d81fc","FullPilot","0","16","-1","1","50","50","0","0","520","548","0","1","25","6","0.5","0.12","50","50","FFEnemyNeutral","FFEnemyNeutral","1","500","2024-04-30 12:28:57"
"631c8e97db06f601f81bd82f","FullPilot","0","55","-1","1","50","50","1","1","748","1230","1","0","31","9","0.62","0.18","50","50","FFEnemyNeutral","FFEnemyNeutral","0","1500","2024-04-30 12:28:58"
"5c5ac2869d974300015d81fc","FullPilot","0","17","-1","2","50","50","0","1","395","500","0","1","19","41","0.38","0.82","50","50","FFEnemyNeutral","FFEnemyNeutral","1","550","2024-04-30 12:28:59"
"631c8e97db06f601f81bd82f","FullPilot","0","56","-1","1","50","50","0","0","680","1192","0","1","41","25","0.82","0.5","50","50","FFEnemyNeutral","FFEnemyNeutral","1","1550","2024-04-30 12:29:01"
"5c5ac2869d974300015d81fc","FullPilot","0","18","-1","1","50","50","1","1","340","465","1","0","41","25","0.82","0.5","50","50","FFEnemyNeutral","FFEnemyNeutral","1","600","2024-04-30 12:29:02"
"5c5ac2869d974300015d81fc","FullPilot","0","19","-1","1","50","50","0","0","381","458","0","1","44","25","0.88","0.5","50","50","FFEnemyNeutral","FFEnemyNeutral","1","650","2024-04-30 12:29:04"
"631c8e97db06f601f81bd82f","FullPilot","0","57","-1","2","50","50","0","1","635","1062","0","1","6","44","0.12","0.88","50","50","FFEnemyNeutral","FFEnemyNeutral","1","1600","2024-04-30 12:29:04"
"5c5ac2869d974300015d81fc","FullPilot","0","20","-1","2","50","50","1","0","402","527","1","0","9","37","0.18","0.73","50","50","FFEnemyNeutral","FFEnemyNeutral","1","700","2024-04-30 12:29:06"
"631c8e97db06f601f81bd82f","FullPilot","0","58","-1","2","50","50","0","1","719","1267","0","1","6","25","0.12","0.5","50","50","FFEnemyNeutral","FFEnemyNeutral","0","1600","2024-04-30 12:29:07"
"5c5ac2869d974300015d81fc","FullPilot","0","21","-1","1","50","50","0","0","437","534","0","1","31","19","0.62","0.38","50","50","FFEnemyNeutral","FFEnemyNeutral","1","750","2024-04-30 12:29:08"
"631c8e97db06f601f81bd82f","FullPilot","0","59","-1","1","50","50","1","1","681","1133","1","0","44","19","0.88","0.38","50","50","FFEnemyNeutral","FFEnemyNeutral","1","1650","2024-04-30 12:29:10"
"5c5ac2869d974300015d81fc","FullPilot","0","22","-1","1","50","50","0","0","437","548","0","1","25","14","0.5","0.27","50","50","FFEnemyNeutral","FFEnemyNeutral","0","750","2024-04-30 12:29:11"
"631c8e97db06f601f81bd82f","FullPilot","0","60","-1","1","50","50","0","0","653","1094","0","1","41","14","0.82","0.27","50","50","FFEnemyNeutral","FFEnemyNeutral","1","1700","2024-04-30 12:29:13"
"5c5ac2869d974300015d81fc","FullPilot","0","23","-1","1","50","50","1","1","402","506","1","0","44","19","0.88","0.38","50","50","FFEnemyNeutral","FFEnemyNeutral","1","800","2024-04-30 12:29:13"
"5c5ac2869d974300015d81fc","FullPilot","0","24","-1","1","50","50","1","1","465","562","1","0","41","19","0.82","0.38","50","50","FFEnemyNeutral","FFEnemyNeutral","0","800","2024-04-30 12:29:16"
"631c8e97db06f601f81bd82f","FullPilot","0","61","-1","2","50","50","1","0","599","1053","1","0","25","37","0.5","0.73","50","50","FFEnemyNeutral","FFEnemyNeutral","1","1750","2024-04-30 12:29:16"
"5c5ac2869d974300015d81fc","FullPilot","0","25","-1","2","50","50","0","1","319","388","0","1","14","37","0.27","0.73","50","50","FFEnemyNeutral","FFEnemyNeutral","1","850","2024-04-30 12:29:18"
"631c8e97db06f601f81bd82f","FullPilot","0","62","-1","1","50","50","0","0","626","1080","0","1","44","14","0.88","0.27","50","50","FFEnemyNeutral","FFEnemyNeutral","1","1800","2024-04-30 12:29:18"
"5c5ac2869d974300015d81fc","FullPilot","0","26","-1","1","50","50","1","1","478","562","1","0","14","9","0.27","0.18","50","50","FFEnemyNeutral","FFEnemyNeutral","1","900","2024-04-30 12:29:20"
"631c8e97db06f601f81bd82f","FullPilot","0","63","-1","1","50","50","0","0","813","1293","0","1","41","31","0.82","0.62","50","50","FFEnemyNeutral","FFEnemyNeutral","1","1850","2024-04-30 12:29:21"
"5c5ac2869d974300015d81fc","FullPilot","0","27","-1","2","50","50","1","0","520","639","1","0","14","25","0.27","0.5","50","50","FFEnemyNeutral","FFEnemyNeutral","1","950","2024-04-30 12:29:23"
"631c8e97db06f601f81bd82f","FullPilot","0","64","-1","2","50","50","0","1","985","1492","0","1","14","44","0.27","0.88","50","50","FFEnemyNeutral","FFEnemyNeutral","1","1900","2024-04-30 12:29:25"
"5c5ac2869d974300015d81fc","FullPilot","0","28","-1","1","50","50","0","0","361","479","0","1","6","9","0.12","0.18","50","50","FFEnemyNeutral","FFEnemyNeutral","1","1000","2024-04-30 12:29:25"
"5c5ac2869d974300015d81fc","FullPilot","0","29","-1","2","50","50","1","0","423","493","1","0","19","44","0.38","0.88","50","50","FFEnemyNeutral","FFEnemyNeutral","0","1000","2024-04-30 12:29:27"
"631c8e97db06f601f81bd82f","FullPilot","0","65","-1","2","50","50","1","0","720","1587","1","0","9","44","0.18","0.88","50","50","FFEnemyNeutral","FFEnemyNeutral","1","1950","2024-04-30 12:29:28"
"5c5ac2869d974300015d81fc","FullPilot","0","30","-1","2","50","50","0","1","319","389","0","1","25","44","0.5","0.88","50","50","FFEnemyNeutral","FFEnemyNeutral","1","1050","2024-04-30 12:29:30"
"631c8e97db06f601f81bd82f","FullPilot","0","66","-1","2","50","50","1","0","906","1433","1","0","14","9","0.27","0.18","50","50","FFEnemyNeutral","FFEnemyNeutral","0","1950","2024-04-30 12:29:31"
"5c5ac2869d974300015d81fc","FullPilot","0","31","-1","2","50","50","0","1","458","604","0","1","19","37","0.38","0.73","50","50","FFEnemyNeutral","FFEnemyNeutral","0","1050","2024-04-30 12:29:32"
"631c8e97db06f601f81bd82f","FullPilot","0","67","-1","2","50","50","0","1","826","1315","0","1","14","25","0.27","0.5","50","50","FFEnemyNeutral","FFEnemyNeutral","1","2000","2024-04-30 12:29:34"
"5c5ac2869d974300015d81fc","FullPilot","0","32","-1","2","50","50","1","0","360","625","1","0","41","37","0.82","0.73","50","50","FFEnemyNeutral","FFEnemyNeutral","1","1100","2024-04-30 12:29:35"
"631c8e97db06f601f81bd82f","FullPilot","0","68","-1","1","50","50","0","0","640","1107","0","1","37","9","0.73","0.18","50","50","FFEnemyNeutral","FFEnemyNeutral","0","2000","2024-04-30 12:29:37"
"5c5ac2869d974300015d81fc","FullPilot","0","33","-1","2","50","50","0","1","381","514","0","1","6","37","0.12","0.73","50","50","FFEnemyNeutral","FFEnemyNeutral","0","1100","2024-04-30 12:29:37"
"5c5ac2869d974300015d81fc","FullPilot","0","34","-1","2","50","50","0","1","444","597","0","1","31","41","0.62","0.82","50","50","FFEnemyNeutral","FFEnemyNeutral","1","1150","2024-04-30 12:29:40"
"631c8e97db06f601f81bd82f","FullPilot","0","69","-1","2","50","50","0","1","733","1201","0","1","9","41","0.18","0.82","50","50","FFEnemyNeutral","FFEnemyNeutral","0","2000","2024-04-30 12:29:40"
"5c5ac2869d974300015d81fc","FullPilot","0","35","-1","1","50","50","1","1","423","527","1","0","44","14","0.88","0.27","50","50","FFEnemyNeutral","FFEnemyNeutral","0","1150","2024-04-30 12:29:42"
"631c8e97db06f601f81bd82f","FullPilot","0","70","-1","1","50","50","0","0","746","1387","0","1","25","19","0.5","0.38","50","50","FFEnemyNeutral","FFEnemyNeutral","1","2050","2024-04-30 12:29:43"
"5c5ac2869d974300015d81fc","FullPilot","0","36","-1","1","50","50","0","0","319","506","0","1","44","37","0.88","0.73","50","50","FFEnemyNeutral","FFEnemyNeutral","1","1200","2024-04-30 12:29:44"
"631c8e97db06f601f81bd82f","FullPilot","0","71","-1","2","50","50","1","0","986","1428","1","0","37","44","0.73","0.88","50","50","FFEnemyNeutral","FFEnemyNeutral","1","2100","2024-04-30 12:29:46"
"5c5ac2869d974300015d81fc","FullPilot","0","37","-1","1","50","50","0","0","395","528","0","1","41","6","0.82","0.12","50","50","FFEnemyNeutral","FFEnemyNeutral","1","1250","2024-04-30 12:29:47"
"5c5ac2869d974300015d81fc","FullPilot","0","38","-1","1","50","50","1","1","722","820","1","0","14","6","0.27","0.12","50","50","FFEnemyNeutral","FFEnemyNeutral","0","1250","2024-04-30 12:29:49"
"5c5ac2869d974300015d81fc","FullPilot","0","39","-1","2","50","50","1","0","402","513","1","0","6","14","0.12","0.27","50","50","FFEnemyNeutral","FFEnemyNeutral","0","1250","2024-04-30 12:29:52"
"5c5ac2869d974300015d81fc","FullPilot","0","40","-1","2","50","50","0","1","541","687","0","1","37","44","0.73","0.88","50","50","FFEnemyNeutral","FFEnemyNeutral","1","1300","2024-04-30 12:29:54"
"5c5ac2869d974300015d81fc","FullPilot","0","41","-1","1","50","50","1","1","458","590","1","0","37","19","0.73","0.38","50","50","FFEnemyNeutral","FFEnemyNeutral","0","1300","2024-04-30 12:29:57"
"5c5ac2869d974300015d81fc","FullPilot","0","42","-1","1","50","50","0","0","465","597","0","1","44","9","0.88","0.18","50","50","FFEnemyNeutral","FFEnemyNeutral","1","1350","2024-04-30 12:29:59"
"5c5ac2869d974300015d81fc","FullPilot","0","43","-1","2","50","50","1","0","742","882","1","0","9","25","0.18","0.5","50","50","FFEnemyNeutral","FFEnemyNeutral","1","1400","2024-04-30 12:30:02"
"5c5ac2869d974300015d81fc","FullPilot","0","44","-1","2","50","50","1","0","603","722","1","0","6","31","0.12","0.62","50","50","FFEnemyNeutral","FFEnemyNeutral","0","1400","2024-04-30 12:30:05"
"5c5ac2869d974300015d81fc","FullPilot","0","45","-1","2","50","50","1","0","624","770","1","0","14","19","0.27","0.38","50","50","FFEnemyNeutral","FFEnemyNeutral","1","1450","2024-04-30 12:30:07"
"5c5ac2869d974300015d81fc","FullPilot","0","46","-1","1","50","50","0","0","701","791","0","1","44","6","0.88","0.12","50","50","FFEnemyNeutral","FFEnemyNeutral","1","1500","2024-04-30 12:30:10"
"5c5ac2869d974300015d81fc","FullPilot","0","47","-1","2","50","50","0","1","648","660","0","1","14","41","0.27","0.82","50","50","FFEnemyNeutral","FFEnemyNeutral","1","1550","2024-04-30 12:30:12"
"5c5ac2869d974300015d81fc","FullPilot","0","48","-1","2","50","50","1","0","722","847","1","0","19","14","0.38","0.27","50","50","FFEnemyNeutral","FFEnemyNeutral","0","1550","2024-04-30 12:30:15"
"5c5ac2869d974300015d81fc","FullPilot","0","49","-1","2","50","50","1","0","395","472","1","0","6","19","0.12","0.38","50","50","FFEnemyNeutral","FFEnemyNeutral","1","1600","2024-04-30 12:30:17"
"5c5ac2869d974300015d81fc","FullPilot","0","50","-1","1","50","50","1","1","499","632","1","0","37","25","0.73","0.5","50","50","FFEnemyNeutral","FFEnemyNeutral","1","1650","2024-04-30 12:30:20"
"5c5ac2869d974300015d81fc","FullPilot","0","51","-1","2","50","50","1","0","360","458","1","0","6","41","0.12","0.82","50","50","FFEnemyNeutral","FFEnemyNeutral","1","1700","2024-04-30 12:30:22"
"5c5ac2869d974300015d81fc","FullPilot","0","52","-1","2","50","50","0","1","881","1013","0","1","31","44","0.62","0.88","50","50","FFEnemyNeutral","FFEnemyNeutral","1","1750","2024-04-30 12:30:25"
"5c5ac2869d974300015d81fc","FullPilot","0","53","-1","1","50","50","0","0","798","916","0","1","31","6","0.62","0.12","50","50","FFEnemyNeutral","FFEnemyNeutral","1","1800","2024-04-30 12:30:27"
"5c5ac2869d974300015d81fc","FullPilot","0","54","-1","1","50","50","1","1","340","465","1","0","25","9","0.5","0.18","50","50","FFEnemyNeutral","FFEnemyNeutral","0","1800","2024-04-30 12:30:29"
"5c5ac2869d974300015d81fc","FullPilot","0","55","-1","2","50","50","0","1","659","875","0","1","19","31","0.38","0.62","50","50","FFEnemyNeutral","FFEnemyNeutral","0","1800","2024-04-30 12:30:32"
"5c5ac2869d974300015d81fc","FullPilot","0","56","-1","2","50","50","1","0","458","659","1","0","41","44","0.82","0.88","50","50","FFEnemyNeutral","FFEnemyNeutral","1","1850","2024-04-30 12:30:35"
"5c5ac2869d974300015d81fc","FullPilot","0","57","-1","2","50","50","1","0","361","534","1","0","25","37","0.5","0.73","50","50","FFEnemyNeutral","FFEnemyNeutral","0","1850","2024-04-30 12:30:37"
"5c5ac2869d974300015d81fc","FullPilot","0","58","-1","1","50","50","1","1","1222","1354","1","0","31","14","0.62","0.27","50","50","FFEnemyNeutral","FFEnemyNeutral","1","1900","2024-04-30 12:30:40"
"5c5ac2869d974300015d81fc","FullPilot","0","59","-1","2","50","50","1","0","1180","1291","1","0","14","31","0.27","0.62","50","50","FFEnemyNeutral","FFEnemyNeutral","1","1950","2024-04-30 12:30:43"
"5c5ac2869d974300015d81fc","FullPilot","0","60","-1","2","50","50","0","1","756","888","0","1","9","41","0.18","0.82","50","50","FFEnemyNeutral","FFEnemyNeutral","1","2000","2024-04-30 12:30:46"
"5c5ac2869d974300015d81fc","FullPilot","0","61","-1","2","50","50","0","1","680","1249","1","1","9","14","0.18","0.27","50","50","FFEnemyNeutral","FFEnemyNeutral","0","2000","2024-04-30 12:30:49"
"5c5ac2869d974300015d81fc","FullPilot","0","62","-1","1","50","50","1","1","784","951","1","0","37","14","0.73","0.27","50","50","FFEnemyNeutral","FFEnemyNeutral","1","2050","2024-04-30 12:30:52"
"5c5ac2869d974300015d81fc","FullPilot","0","63","-1","1","50","50","0","0","486","638","0","1","37","6","0.73","0.12","50","50","FFEnemyNeutral","FFEnemyNeutral","1","2100","2024-04-30 12:30:54"
"5c5ac2869d974300015d81fc","FullPilot","0","64","-1","2","50","50","1","0","618","819","1","0","9","6","0.18","0.12","50","50","FFEnemyNeutral","FFEnemyNeutral","0","2100","2024-04-30 12:30:57"
"5c5ac2869d974300015d81fc","FullPilot","0","65","-1","1","50","50","1","1","979","1125","1","0","44","31","0.88","0.62","50","50","FFEnemyNeutral","FFEnemyNeutral","0","2100","2024-04-30 12:31:00"
"5c5ac2869d974300015d81fc","FullPilot","0","66","-1","1","50","50","1","1","500","632","1","0","41","14","0.82","0.27","50","50","FFEnemyNeutral","FFEnemyNeutral","1","2150","2024-04-30 12:31:02"
"5c5ac2869d974300015d81fc","FullPilot","0","67","-1","1","50","50","1","1","437","576","1","0","37","31","0.73","0.62","50","50","FFEnemyNeutral","FFEnemyNeutral","1","2200","2024-04-30 12:31:05"
"5c5ac2869d974300015d81fc","FullPilot","0","68","-1","2","50","50","0","1","638","757","0","1","6","25","0.12","0.5","50","50","FFEnemyNeutral","FFEnemyNeutral","0","2200","2024-04-30 12:31:07"
"5c5ac2869d974300015d81fc","FullPilot","0","69","-1","1","50","50","0","0","381","409","0","1","25","19","0.5","0.38","50","50","FFEnemyNeutral","FFEnemyNeutral","0","2200","2024-04-30 12:31:10"
"5c5ac2869d974300015d81fc","FullPilot","0","70","-1","2","50","50","0","1","416","507","0","1","25","31","0.5","0.62","50","50","FFEnemyNeutral","FFEnemyNeutral","1","2250","2024-04-30 12:31:12"
"5c5ac2869d974300015d81fc","FullPilot","0","71","-1","2","50","50","0","1","402","500","0","1","25","41","0.5","0.82","50","50","FFEnemyNeutral","FFEnemyNeutral","1","2300","2024-04-30 12:31:14"
"5c5ac2869d974300015d81fc","FullPilot","1","0","-2","1","84","37","0","0","1159","1278","0","1","67","33","1","1","67","33","FFEnemyShipNocolors2","FFEnemyShipNocolors5","1","84","2024-04-30 12:31:52"
"5c5ac2869d974300015d81fc","FullPilot","1","1","-2","1","58","40","1","1","1055","1166","1","0","67","33","1","1","67","33","FFEnemyShipNocolors2","FFEnemyShipNocolors5","1","142","2024-04-30 12:31:55"
"631c8e97db06f601f81bd82f","FullPilot","1","0","-2","1","57","25","0","0","1307","1867","0","1","67","33","1","1","67","33","FFEnemyShipNocolors5","FFEnemyShipNocolors2","1","57","2024-04-30 12:31:56"
"5c5ac2869d974300015d81fc","FullPilot","1","2","-2","2","68","34","1","0","1083","1194","1","0","67","33","1","1","67","33","FFEnemyShipNocolors2","FFEnemyShipNocolors5","1","176","2024-04-30 12:31:58"
"631c8e97db06f601f81bd82f","FullPilot","1","1","-2","2","36","37","0","1","1822","2249","0","1","67","33","1","1","67","33","FFEnemyShipNocolors5","FFEnemyShipNocolors2","1","94","2024-04-30 12:32:00"
"5c5ac2869d974300015d81fc","FullPilot","1","3","-2","2","96","35","1","0","881","993","1","0","67","33","1","1","67","33","FFEnemyShipNocolors2","FFEnemyShipNocolors5","1","211","2024-04-30 12:32:01"
"631c8e97db06f601f81bd82f","FullPilot","1","2","-2","2","72","7","0","1","1239","1735","0","1","67","33","1","1","67","33","FFEnemyShipNocolors5","FFEnemyShipNocolors2","1","101","2024-04-30 12:32:03"
"5c5ac2869d974300015d81fc","FullPilot","1","4","-2","1","35","51","1","1","958","1034","1","0","67","33","1","1","67","33","FFEnemyShipNocolors2","FFEnemyShipNocolors5","1","246","2024-04-30 12:32:04"
"631c8e97db06f601f81bd82f","FullPilot","1","3","-2","1","72","66","1","1","1052","1466","1","0","67","33","1","1","67","33","FFEnemyShipNocolors5","FFEnemyShipNocolors2","1","173","2024-04-30 12:32:06"
"5c5ac2869d974300015d81fc","FullPilot","1","5","-2","1","66","26","0","0","840","930","0","1","67","33","1","1","67","33","FFEnemyShipNocolors2","FFEnemyShipNocolors5","1","312","2024-04-30 12:32:07"
"631c8e97db06f601f81bd82f","FullPilot","1","4","-2","1","43","42","0","0","1522","1896","0","1","67","33","1","1","67","33","FFEnemyShipNocolors5","FFEnemyShipNocolors2","1","216","2024-04-30 12:32:10"
"5c5ac2869d974300015d81fc","FullPilot","1","6","-2","1","82","46","0","0","979","1104","0","1","67","33","1","1","67","33","FFEnemyShipNocolors2","FFEnemyShipNocolors5","1","394","2024-04-30 12:32:10"
"5c5ac2869d974300015d81fc","FullPilot","1","7","-2","1","79","16","0","0","902","1042","0","1","67","33","1","1","67","33","FFEnemyShipNocolors2","FFEnemyShipNocolors5","1","473","2024-04-30 12:32:13"
"631c8e97db06f601f81bd82f","FullPilot","1","5","-2","1","42","8","1","1","1427","1801","1","0","67","33","1","1","67","33","FFEnemyShipNocolors5","FFEnemyShipNocolors2","1","258","2024-04-30 12:32:13"
"5c5ac2869d974300015d81fc","FullPilot","1","8","-2","2","95","17","0","1","881","986","0","1","67","33","1","1","67","33","FFEnemyShipNocolors2","FFEnemyShipNocolors5","1","490","2024-04-30 12:32:16"
"631c8e97db06f601f81bd82f","FullPilot","1","6","-2","2","62","55","1","0","1387","1747","1","0","67","33","1","1","67","33","FFEnemyShipNocolors5","FFEnemyShipNocolors2","1","313","2024-04-30 12:32:17"
"5c5ac2869d974300015d81fc","FullPilot","1","9","-2","1","68","56","1","1","860","944","1","0","67","33","1","1","67","33","FFEnemyShipNocolors2","FFEnemyShipNocolors5","1","558","2024-04-30 12:32:19"
"631c8e97db06f601f81bd82f","FullPilot","1","7","-2","2","80","70","0","1","1347","1720","0","1","67","33","1","1","67","33","FFEnemyShipNocolors5","FFEnemyShipNocolors2","1","383","2024-04-30 12:32:20"
"5c5ac2869d974300015d81fc","FullPilot","1","10","-2","1","68","60","1","1","902","972","1","0","67","33","1","1","67","33","FFEnemyShipNocolors2","FFEnemyShipNocolors5","1","626","2024-04-30 12:32:22"
"631c8e97db06f601f81bd82f","FullPilot","1","8","-2","2","70","11","0","1","1453","1858","0","1","67","33","1","1","67","33","FFEnemyShipNocolors5","FFEnemyShipNocolors2","1","394","2024-04-30 12:32:24"
"5c5ac2869d974300015d81fc","FullPilot","1","11","-2","1","55","28","1","1","881","972","1","0","67","33","1","1","67","33","FFEnemyShipNocolors2","FFEnemyShipNocolors5","1","681","2024-04-30 12:32:25"
"631c8e97db06f601f81bd82f","FullPilot","1","9","-2","1","50","54","1","1","1358","1745","1","0","67","33","1","1","67","33","FFEnemyShipNocolors5","FFEnemyShipNocolors2","1","444","2024-04-30 12:32:27"
"5c5ac2869d974300015d81fc","FullPilot","1","12","-2","1","67","13","1","1","937","1041","1","0","67","33","1","1","67","33","FFEnemyShipNocolors2","FFEnemyShipNocolors5","1","748","2024-04-30 12:32:28"
"5c5ac2869d974300015d81fc","FullPilot","1","13","-2","1","59","33","1","1","937","1000","1","0","67","33","1","1","67","33","FFEnemyShipNocolors2","FFEnemyShipNocolors5","1","807","2024-04-30 12:32:31"
"631c8e97db06f601f81bd82f","FullPilot","1","10","-2","2","53","42","0","1","1386","1826","0","1","67","33","1","1","67","33","FFEnemyShipNocolors5","FFEnemyShipNocolors2","1","486","2024-04-30 12:32:31"
"5c5ac2869d974300015d81fc","FullPilot","1","14","-2","1","85","31","0","0","798","902","0","1","67","33","1","1","67","33","FFEnemyShipNocolors2","FFEnemyShipNocolors5","1","892","2024-04-30 12:32:34"
"631c8e97db06f601f81bd82f","FullPilot","1","11","-2","2","100","14","1","0","1361","1707","1","0","67","33","1","1","67","33","FFEnemyShipNocolors5","FFEnemyShipNocolors2","1","500","2024-04-30 12:32:34"
"5c5ac2869d974300015d81fc","FullPilot","1","15","-2","1","96","17","1","1","819","881","1","0","67","33","1","1","67","33","FFEnemyShipNocolors2","FFEnemyShipNocolors5","1","988","2024-04-30 12:32:36"
"631c8e97db06f601f81bd82f","FullPilot","1","12","-2","2","53","27","1","0","1263","1670","1","0","67","33","1","1","67","33","FFEnemyShipNocolors5","FFEnemyShipNocolors2","1","527","2024-04-30 12:32:38"
"5c5ac2869d974300015d81fc","FullPilot","1","16","-2","1","79","17","0","0","1062","1139","0","1","67","33","1","1","67","33","FFEnemyShipNocolors2","FFEnemyShipNocolors5","1","1067","2024-04-30 12:32:39"
"631c8e97db06f601f81bd82f","FullPilot","1","13","-2","2","36","80","0","1","1226","1693","0","1","67","33","1","1","67","33","FFEnemyShipNocolors5","FFEnemyShipNocolors2","1","607","2024-04-30 12:32:42"
"5c5ac2869d974300015d81fc","FullPilot","1","17","-2","1","94","29","1","1","805","868","1","0","67","33","1","1","67","33","FFEnemyShipNocolors2","FFEnemyShipNocolors5","1","1161","2024-04-30 12:32:42"
"5c5ac2869d974300015d81fc","FullPilot","1","18","-2","1","73","49","1","1","985","1034","1","0","67","33","1","1","67","33","FFEnemyShipNocolors2","FFEnemyShipNocolors5","1","1234","2024-04-30 12:32:45"
"631c8e97db06f601f81bd82f","FullPilot","1","14","-2","1","58","48","0","0","1386","1907","0","1","67","33","1","1","67","33","FFEnemyShipNocolors5","FFEnemyShipNocolors2","1","665","2024-04-30 12:32:45"
"5c5ac2869d974300015d81fc","FullPilot","1","19","-2","1","59","30","0","0","923","1083","0","1","67","33","1","1","67","33","FFEnemyShipNocolors2","FFEnemyShipNocolors5","1","1293","2024-04-30 12:32:48"
"631c8e97db06f601f81bd82f","FullPilot","1","15","-2","1","37","28","0","0","1800","2093","0","1","67","33","1","1","67","33","FFEnemyShipNocolors5","FFEnemyShipNocolors2","1","702","2024-04-30 12:32:49"
"5c5ac2869d974300015d81fc","FullPilot","1","20","-2","1","80","30","1","1","1263","1340","1","0","67","33","1","1","67","33","FFEnemyShipNocolors2","FFEnemyShipNocolors5","1","1373","2024-04-30 12:32:51"
"631c8e97db06f601f81bd82f","FullPilot","1","16","-2","2","39","23","1","0","1360","1881","1","0","67","33","1","1","67","33","FFEnemyShipNocolors5","FFEnemyShipNocolors2","1","725","2024-04-30 12:32:53"
"5c5ac2869d974300015d81fc","FullPilot","1","21","-2","1","89","4","1","1","923","1027","1","0","67","33","1","1","67","33","FFEnemyShipNocolors2","FFEnemyShipNocolors5","1","1462","2024-04-30 12:32:54"
"631c8e97db06f601f81bd82f","FullPilot","1","17","-2","1","58","41","0","0","1663","2091","0","1","67","33","1","1","67","33","FFEnemyShipNocolors5","FFEnemyShipNocolors2","1","783","2024-04-30 12:32:56"
"5c5ac2869d974300015d81fc","FullPilot","1","22","-2","1","39","53","0","0","763","861","0","1","67","33","1","1","67","33","FFEnemyShipNocolors2","FFEnemyShipNocolors5","1","1501","2024-04-30 12:32:56"
"5c5ac2869d974300015d81fc","FullPilot","1","23","-2","1","73","80","1","1","881","1007","1","0","67","33","1","1","67","33","FFEnemyShipNocolors2","FFEnemyShipNocolors5","1","1574","2024-04-30 12:32:59"
"631c8e97db06f601f81bd82f","FullPilot","1","18","-2","1","85","34","0","0","1744","1848","0","1","67","33","1","1","67","33","FFEnemyShipNocolors5","FFEnemyShipNocolors2","1","868","2024-04-30 12:33:00"
"5c5ac2869d974300015d81fc","FullPilot","1","24","-2","1","50","50","0","0","777","888","0","1","67","33","1","1","67","33","FFEnemyShipNocolors2","FFEnemyShipNocolors5","1","1624","2024-04-30 12:33:02"
"631c8e97db06f601f81bd82f","FullPilot","1","19","-2","1","74","29","0","0","1360","1761","0","1","67","33","1","1","67","33","FFEnemyShipNocolors5","FFEnemyShipNocolors2","1","942","2024-04-30 12:33:03"
"5c5ac2869d974300015d81fc","FullPilot","1","25","-2","1","88","34","1","1","777","847","1","0","67","33","1","1","67","33","FFEnemyShipNocolors2","FFEnemyShipNocolors5","1","1712","2024-04-30 12:33:05"
"631c8e97db06f601f81bd82f","FullPilot","1","20","-2","1","79","41","0","0","1346","1761","0","1","67","33","1","1","67","33","FFEnemyShipNocolors5","FFEnemyShipNocolors2","1","1021","2024-04-30 12:33:07"
"5c5ac2869d974300015d81fc","FullPilot","1","26","-2","1","93","44","1","1","937","1055","1","0","67","33","1","1","67","33","FFEnemyShipNocolors2","FFEnemyShipNocolors5","1","1805","2024-04-30 12:33:08"
"631c8e97db06f601f81bd82f","FullPilot","1","21","-2","2","95","17","0","1","1480","1870","0","1","67","33","1","1","67","33","FFEnemyShipNocolors5","FFEnemyShipNocolors2","1","1038","2024-04-30 12:33:10"
"5c5ac2869d974300015d81fc","FullPilot","1","27","-2","1","70","29","0","0","895","1021","0","1","67","33","1","1","67","33","FFEnemyShipNocolors2","FFEnemyShipNocolors5","1","1875","2024-04-30 12:33:11"
"631c8e97db06f601f81bd82f","FullPilot","1","22","-2","2","42","17","0","1","1548","1987","0","1","67","33","1","1","67","33","FFEnemyShipNocolors5","FFEnemyShipNocolors2","1","1055","2024-04-30 12:33:14"
"5c5ac2869d974300015d81fc","FullPilot","1","28","-2","1","47","41","0","0","915","1061","0","1","67","33","1","1","67","33","FFEnemyShipNocolors2","FFEnemyShipNocolors5","1","1922","2024-04-30 12:33:14"
"5c5ac2869d974300015d81fc","FullPilot","1","29","-2","1","51","38","0","0","874","1028","0","1","67","33","1","1","67","33","FFEnemyShipNocolors2","FFEnemyShipNocolors5","1","1973","2024-04-30 12:33:17"
"631c8e97db06f601f81bd82f","FullPilot","1","23","-2","2","74","3","0","1","1667","2015","0","1","67","33","1","1","67","33","FFEnemyShipNocolors5","FFEnemyShipNocolors2","1","1058","2024-04-30 12:33:17"
"5c5ac2869d974300015d81fc","FullPilot","1","30","-2","1","49","46","0","0","979","1090","0","1","67","33","1","1","67","33","FFEnemyShipNocolors2","FFEnemyShipNocolors5","1","2022","2024-04-30 12:33:20"
"631c8e97db06f601f81bd82f","FullPilot","1","24","-2","2","66","0","1","0","1421","1768","1","0","67","33","1","1","67","33","FFEnemyShipNocolors5","FFEnemyShipNocolors2","1","1058","2024-04-30 12:33:21"
"5c5ac2869d974300015d81fc","FullPilot","1","31","-2","1","91","61","0","0","881","993","0","1","67","33","1","1","67","33","FFEnemyShipNocolors2","FFEnemyShipNocolors5","1","2113","2024-04-30 12:33:23"
"631c8e97db06f601f81bd82f","FullPilot","1","25","-2","2","68","36","0","1","1227","1627","0","1","67","33","1","1","67","33","FFEnemyShipNocolors5","FFEnemyShipNocolors2","1","1094","2024-04-30 12:33:24"
"5c5ac2869d974300015d81fc","FullPilot","1","32","-2","1","84","16","0","0","902","1041","0","1","67","33","1","1","67","33","FFEnemyShipNocolors2","FFEnemyShipNocolors5","1","2197","2024-04-30 12:33:26"
"631c8e97db06f601f81bd82f","FullPilot","1","26","-2","0","89","56","0","1","2573","0","0","1","67","33","1","1","67","33","FFEnemyShipNocolors5","FFEnemyShipNocolors2","0","1094","2024-04-30 12:33:29"
"5c5ac2869d974300015d81fc","FullPilot","1","33","-2","1","59","50","1","1","1020","1152","1","0","67","33","1","1","67","33","FFEnemyShipNocolors2","FFEnemyShipNocolors5","1","2256","2024-04-30 12:33:29"
"5c5ac2869d974300015d81fc","FullPilot","1","34","-2","1","67","34","1","1","902","1007","1","0","67","33","1","1","67","33","FFEnemyShipNocolors2","FFEnemyShipNocolors5","1","2323","2024-04-30 12:33:32"
"631c8e97db06f601f81bd82f","FullPilot","1","27","-2","1","73","41","1","1","240","1627","1","0","67","33","1","1","67","33","FFEnemyShipNocolors5","FFEnemyShipNocolors2","1","1167","2024-04-30 12:33:32"
"5c5ac2869d974300015d81fc","FullPilot","1","35","-2","1","71","26","1","1","881","986","1","0","67","33","1","1","67","33","FFEnemyShipNocolors2","FFEnemyShipNocolors5","1","2394","2024-04-30 12:33:35"
"631c8e97db06f601f81bd82f","FullPilot","1","28","-2","1","55","52","0","0","1307","1774","0","1","67","33","1","1","67","33","FFEnemyShipNocolors5","FFEnemyShipNocolors2","1","1222","2024-04-30 12:33:36"
"5c5ac2869d974300015d81fc","FullPilot","1","36","-2","1","57","42","0","0","861","1034","0","1","67","33","1","1","67","33","FFEnemyShipNocolors2","FFEnemyShipNocolors5","1","2451","2024-04-30 12:33:38"
"631c8e97db06f601f81bd82f","FullPilot","1","29","-2","2","69","5","1","0","1283","1791","1","0","67","33","1","1","67","33","FFEnemyShipNocolors5","FFEnemyShipNocolors2","1","1227","2024-04-30 12:33:39"
"5c5ac2869d974300015d81fc","FullPilot","1","37","-2","1","85","26","0","0","1097","1250","0","1","67","33","1","1","67","33","FFEnemyShipNocolors2","FFEnemyShipNocolors5","1","2536","2024-04-30 12:33:41"
"631c8e97db06f601f81bd82f","FullPilot","1","30","-2","1","73","1","0","0","1280","1736","0","1","67","33","1","1","67","33","FFEnemyShipNocolors5","FFEnemyShipNocolors2","1","1300","2024-04-30 12:33:43"
"5c5ac2869d974300015d81fc","FullPilot","1","38","-2","1","65","39","1","1","937","1083","1","0","67","33","1","1","67","33","FFEnemyShipNocolors2","FFEnemyShipNocolors5","1","2601","2024-04-30 12:33:44"
"631c8e97db06f601f81bd82f","FullPilot","1","31","-2","2","46","44","1","0","1146","1588","1","0","67","33","1","1","67","33","FFEnemyShipNocolors5","FFEnemyShipNocolors2","1","1344","2024-04-30 12:33:46"
"5c5ac2869d974300015d81fc","FullPilot","1","39","-2","1","75","69","0","0","1478","1673","0","1","67","33","1","1","67","33","FFEnemyShipNocolors2","FFEnemyShipNocolors5","1","2676","2024-04-30 12:33:48"
"631c8e97db06f601f81bd82f","FullPilot","1","32","-2","1","69","38","0","0","1273","1905","0","1","67","33","1","1","67","33","FFEnemyShipNocolors5","FFEnemyShipNocolors2","1","1413","2024-04-30 12:33:50"
"5c5ac2869d974300015d81fc","FullPilot","1","40","-2","1","12","37","0","0","1215","1430","0","1","67","33","1","1","67","33","FFEnemyShipNocolors2","FFEnemyShipNocolors5","1","2688","2024-04-30 12:33:51"
"631c8e97db06f601f81bd82f","FullPilot","1","33","-2","2","30","37","1","0","1119","1508","1","0","67","33","1","1","67","33","FFEnemyShipNocolors5","FFEnemyShipNocolors2","1","1450","2024-04-30 12:33:53"
"5c5ac2869d974300015d81fc","FullPilot","1","41","-2","1","41","41","0","0","1555","1749","0","1","67","33","1","1","67","33","FFEnemyShipNocolors2","FFEnemyShipNocolors5","1","2729","2024-04-30 12:33:54"
"631c8e97db06f601f81bd82f","FullPilot","1","34","-2","1","69","39","0","0","1187","1731","0","1","67","33","1","1","67","33","FFEnemyShipNocolors5","FFEnemyShipNocolors2","1","1519","2024-04-30 12:33:56"
"5c5ac2869d974300015d81fc","FullPilot","1","42","-2","1","94","53","1","1","1076","1229","1","0","67","33","1","1","67","33","FFEnemyShipNocolors2","FFEnemyShipNocolors5","1","2823","2024-04-30 12:33:57"
"631c8e97db06f601f81bd82f","FullPilot","1","35","-2","2","81","30","0","1","1271","1680","0","1","67","33","1","1","67","33","FFEnemyShipNocolors5","FFEnemyShipNocolors2","1","1549","2024-04-30 12:34:00"
"5c5ac2869d974300015d81fc","FullPilot","1","43","-2","1","69","52","1","1","1034","1146","1","0","67","33","1","1","67","33","FFEnemyShipNocolors2","FFEnemyShipNocolors5","1","2892","2024-04-30 12:34:00"
"631c8e97db06f601f81bd82f","FullPilot","1","36","-2","2","85","43","1","0","1159","1521","1","0","67","33","1","1","67","33","FFEnemyShipNocolors5","FFEnemyShipNocolors2","1","1592","2024-04-30 12:34:03"
"5c5ac2869d974300015d81fc","FullPilot","1","44","-2","1","90","1","0","0","861","1014","0","1","67","33","1","1","67","33","FFEnemyShipNocolors2","FFEnemyShipNocolors5","1","2982","2024-04-30 12:34:03"
"5c5ac2869d974300015d81fc","FullPilot","1","45","-2","1","67","3","1","1","881","1034","1","0","67","33","1","1","67","33","FFEnemyShipNocolors2","FFEnemyShipNocolors5","1","3049","2024-04-30 12:34:06"
"631c8e97db06f601f81bd82f","FullPilot","1","37","-2","1","55","45","0","0","1279","1719","0","1","67","33","1","1","67","33","FFEnemyShipNocolors5","FFEnemyShipNocolors2","1","1647","2024-04-30 12:34:06"
"5c5ac2869d974300015d81fc","FullPilot","1","46","-2","1","57","10","1","1","979","1145","1","0","67","33","1","1","67","33","FFEnemyShipNocolors2","FFEnemyShipNocolors5","1","3106","2024-04-30 12:34:09"
"631c8e97db06f601f81bd82f","FullPilot","1","38","-2","2","51","26","1","0","1120","1497","1","0","67","33","1","1","67","33","FFEnemyShipNocolors5","FFEnemyShipNocolors2","1","1673","2024-04-30 12:34:09"
"5c5ac2869d974300015d81fc","FullPilot","1","47","-2","1","62","51","1","1","1562","1652","1","0","67","33","1","1","67","33","FFEnemyShipNocolors2","FFEnemyShipNocolors5","1","3168","2024-04-30 12:34:13"
"631c8e97db06f601f81bd82f","FullPilot","1","39","-2","2","38","29","1","0","1243","1656","1","0","67","33","1","1","67","33","FFEnemyShipNocolors5","FFEnemyShipNocolors2","1","1702","2024-04-30 12:34:13"
"5c5ac2869d974300015d81fc","FullPilot","1","48","-2","1","64","71","1","1","1416","1555","1","0","67","33","1","1","67","33","FFEnemyShipNocolors2","FFEnemyShipNocolors5","1","3232","2024-04-30 12:34:16"
"631c8e97db06f601f81bd82f","FullPilot","1","40","-2","1","86","39","0","0","1346","1866","0","1","67","33","1","1","67","33","FFEnemyShipNocolors5","FFEnemyShipNocolors2","1","1788","2024-04-30 12:34:16"
"631c8e97db06f601f81bd82f","FullPilot","1","41","-2","1","78","32","0","0","1340","1799","0","1","67","33","1","1","67","33","FFEnemyShipNocolors5","FFEnemyShipNocolors2","1","1866","2024-04-30 12:34:20"
"5c5ac2869d974300015d81fc","FullPilot","1","49","-2","1","53","29","0","0","2236","2250","0","1","67","33","1","1","67","33","FFEnemyShipNocolors2","FFEnemyShipNocolors5","1","3285","2024-04-30 12:34:20"
"5c5ac2869d974300015d81fc","FullPilot","1","50","-2","1","57","33","0","0","916","1027","0","1","67","33","1","1","67","33","FFEnemyShipNocolors2","FFEnemyShipNocolors5","1","3342","2024-04-30 12:34:23"
"631c8e97db06f601f81bd82f","FullPilot","1","42","-2","1","34","28","0","0","1360","1708","0","1","67","33","1","1","67","33","FFEnemyShipNocolors5","FFEnemyShipNocolors2","1","1900","2024-04-30 12:34:23"
"5c5ac2869d974300015d81fc","FullPilot","1","51","-2","1","55","55","1","1","840","1028","1","0","67","33","1","1","67","33","FFEnemyShipNocolors2","FFEnemyShipNocolors5","1","3397","2024-04-30 12:34:26"
"631c8e97db06f601f81bd82f","FullPilot","1","43","-2","2","70","27","0","1","1319","1754","0","1","67","33","1","1","67","33","FFEnemyShipNocolors5","FFEnemyShipNocolors2","1","1927","2024-04-30 12:34:27"
"5c5ac2869d974300015d81fc","FullPilot","1","52","-2","1","74","50","1","1","860","951","1","0","67","33","1","1","67","33","FFEnemyShipNocolors2","FFEnemyShipNocolors5","1","3471","2024-04-30 12:34:29"
"631c8e97db06f601f81bd82f","FullPilot","1","44","-2","1","42","14","0","0","1302","1684","0","1","67","33","1","1","67","33","FFEnemyShipNocolors5","FFEnemyShipNocolors2","1","1969","2024-04-30 12:34:30"
"5c5ac2869d974300015d81fc","FullPilot","1","53","-2","1","61","36","0","0","756","867","0","1","67","33","1","1","67","33","FFEnemyShipNocolors2","FFEnemyShipNocolors5","1","3532","2024-04-30 12:34:32"
"631c8e97db06f601f81bd82f","FullPilot","1","45","-2","2","86","36","1","0","1120","1520","1","0","67","33","1","1","67","33","FFEnemyShipNocolors5","FFEnemyShipNocolors2","1","2005","2024-04-30 12:34:33"
"5c5ac2869d974300015d81fc","FullPilot","1","54","-2","1","89","10","1","1","895","972","1","0","67","33","1","1","67","33","FFEnemyShipNocolors2","FFEnemyShipNocolors5","1","3621","2024-04-30 12:34:35"
"631c8e97db06f601f81bd82f","FullPilot","1","46","-2","1","72","20","0","0","1547","1947","0","1","67","33","1","1","67","33","FFEnemyShipNocolors5","FFEnemyShipNocolors2","1","2077","2024-04-30 12:34:37"
"5c5ac2869d974300015d81fc","FullPilot","1","55","-2","1","65","3","0","0","805","923","0","1","67","33","1","1","67","33","FFEnemyShipNocolors2","FFEnemyShipNocolors5","1","3686","2024-04-30 12:34:38"
"631c8e97db06f601f81bd82f","FullPilot","1","47","-2","2","55","48","1","0","1373","1706","1","0","67","33","1","1","67","33","FFEnemyShipNocolors5","FFEnemyShipNocolors2","1","2125","2024-04-30 12:34:40"
"5c5ac2869d974300015d81fc","FullPilot","1","56","-2","1","73","73","1","1","881","986","1","0","67","33","1","1","67","33","FFEnemyShipNocolors2","FFEnemyShipNocolors5","1","3759","2024-04-30 12:34:41"
"5c5ac2869d974300015d81fc","FullPilot","1","57","-2","1","46","45","1","1","944","1055","1","0","67","33","1","1","67","33","FFEnemyShipNocolors2","FFEnemyShipNocolors5","1","3805","2024-04-30 12:34:44"
"631c8e97db06f601f81bd82f","FullPilot","1","48","-2","2","64","22","1","0","1260","1673","1","0","67","33","1","1","67","33","FFEnemyShipNocolors5","FFEnemyShipNocolors2","1","2147","2024-04-30 12:34:44"
"5c5ac2869d974300015d81fc","FullPilot","1","58","-2","1","36","16","0","0","999","1139","0","1","67","33","1","1","67","33","FFEnemyShipNocolors2","FFEnemyShipNocolors5","1","3841","2024-04-30 12:34:47"
"631c8e97db06f601f81bd82f","FullPilot","1","49","-2","2","71","25","0","1","1480","1842","0","1","67","33","1","1","67","33","FFEnemyShipNocolors5","FFEnemyShipNocolors2","1","2172","2024-04-30 12:34:48"
"5c5ac2869d974300015d81fc","FullPilot","1","59","-2","1","23","16","1","1","1041","1187","1","0","67","33","1","1","67","33","FFEnemyShipNocolors2","FFEnemyShipNocolors5","1","3864","2024-04-30 12:34:50"
"631c8e97db06f601f81bd82f","FullPilot","1","50","-2","2","31","4","0","1","1227","1683","0","1","67","33","1","1","67","33","FFEnemyShipNocolors5","FFEnemyShipNocolors2","1","2176","2024-04-30 12:34:51"
"5c5ac2869d974300015d81fc","FullPilot","1","60","-2","1","50","5","0","0","923","1062","0","1","67","33","1","1","67","33","FFEnemyShipNocolors2","FFEnemyShipNocolors5","1","3914","2024-04-30 12:34:53"
"631c8e97db06f601f81bd82f","FullPilot","1","51","-2","1","53","30","0","0","1559","1919","0","1","67","33","1","1","67","33","FFEnemyShipNocolors5","FFEnemyShipNocolors2","1","2229","2024-04-30 12:34:55"
"5c5ac2869d974300015d81fc","FullPilot","1","61","-2","1","82","60","0","0","937","1083","0","1","67","33","1","1","67","33","FFEnemyShipNocolors2","FFEnemyShipNocolors5","1","3996","2024-04-30 12:34:56"
"631c8e97db06f601f81bd82f","FullPilot","1","52","-2","1","87","33","1","1","1346","1625","1","0","67","33","1","1","67","33","FFEnemyShipNocolors5","FFEnemyShipNocolors2","1","2316","2024-04-30 12:34:58"
"5c5ac2869d974300015d81fc","FullPilot","1","62","-2","1","84","27","1","1","979","1090","1","0","67","33","1","1","67","33","FFEnemyShipNocolors2","FFEnemyShipNocolors5","1","4080","2024-04-30 12:34:59"
"631c8e97db06f601f81bd82f","FullPilot","1","53","-2","1","47","60","0","0","1186","1587","0","1","67","33","1","1","67","33","FFEnemyShipNocolors5","FFEnemyShipNocolors2","1","2363","2024-04-30 12:35:02"
"5c5ac2869d974300015d81fc","FullPilot","1","63","-2","1","58","69","0","0","881","1007","0","1","67","33","1","1","67","33","FFEnemyShipNocolors2","FFEnemyShipNocolors5","1","4138","2024-04-30 12:35:02"
"631c8e97db06f601f81bd82f","FullPilot","1","54","-2","2","52","22","0","1","1107","1520","0","1","67","33","1","1","67","33","FFEnemyShipNocolors5","FFEnemyShipNocolors2","1","2385","2024-04-30 12:35:05"
"5c5ac2869d974300015d81fc","FullPilot","1","64","-2","1","29","57","1","1","819","951","1","0","67","33","1","1","67","33","FFEnemyShipNocolors2","FFEnemyShipNocolors5","1","4167","2024-04-30 12:35:05"
"5c5ac2869d974300015d81fc","FullPilot","1","65","-2","1","46","69","0","0","937","1076","0","1","67","33","1","1","67","33","FFEnemyShipNocolors2","FFEnemyShipNocolors5","1","4213","2024-04-30 12:35:08"
"631c8e97db06f601f81bd82f","FullPilot","1","55","-2","2","71","26","0","1","1120","1535","0","1","67","33","1","1","67","33","FFEnemyShipNocolors5","FFEnemyShipNocolors2","1","2411","2024-04-30 12:35:08"
"5c5ac2869d974300015d81fc","FullPilot","1","66","-2","1","82","26","1","1","895","1042","1","0","67","33","1","1","67","33","FFEnemyShipNocolors2","FFEnemyShipNocolors5","1","4295","2024-04-30 12:35:11"
"631c8e97db06f601f81bd82f","FullPilot","1","56","-2","1","51","35","0","0","1522","1774","0","1","67","33","1","1","67","33","FFEnemyShipNocolors5","FFEnemyShipNocolors2","1","2462","2024-04-30 12:35:12"
"5c5ac2869d974300015d81fc","FullPilot","1","67","-2","1","85","42","1","1","819","979","1","0","67","33","1","1","67","33","FFEnemyShipNocolors2","FFEnemyShipNocolors5","1","4380","2024-04-30 12:35:14"
"631c8e97db06f601f81bd82f","FullPilot","1","57","-2","2","69","24","1","0","1360","1803","1","0","67","33","1","1","67","33","FFEnemyShipNocolors5","FFEnemyShipNocolors2","1","2486","2024-04-30 12:35:15"
"5c5ac2869d974300015d81fc","FullPilot","1","68","-2","1","81","21","1","1","798","944","1","0","67","33","1","1","67","33","FFEnemyShipNocolors2","FFEnemyShipNocolors5","1","4461","2024-04-30 12:35:17"
"631c8e97db06f601f81bd82f","FullPilot","1","58","-2","1","27","5","0","0","1494","1814","0","1","67","33","1","1","67","33","FFEnemyShipNocolors5","FFEnemyShipNocolors2","1","2513","2024-04-30 12:35:19"
"5c5ac2869d974300015d81fc","FullPilot","1","69","-2","1","77","30","1","1","819","944","1","0","67","33","1","1","67","33","FFEnemyShipNocolors2","FFEnemyShipNocolors5","1","4538","2024-04-30 12:35:20"
"631c8e97db06f601f81bd82f","FullPilot","1","59","-2","2","86","41","0","1","1558","2092","0","1","67","33","1","1","67","33","FFEnemyShipNocolors5","FFEnemyShipNocolors2","1","2554","2024-04-30 12:35:22"
"5c5ac2869d974300015d81fc","FullPilot","1","70","-2","1","94","7","1","1","735","888","1","0","67","33","1","1","67","33","FFEnemyShipNocolors2","FFEnemyShipNocolors5","1","4632","2024-04-30 12:35:23"
"631c8e97db06f601f81bd82f","FullPilot","1","60","-2","2","48","28","0","1","1320","1693","0","1","67","33","1","1","67","33","FFEnemyShipNocolors5","FFEnemyShipNocolors2","1","2582","2024-04-30 12:35:26"
"5c5ac2869d974300015d81fc","FullPilot","1","71","-2","1","95","8","0","0","958","1076","0","1","67","33","1","1","67","33","FFEnemyShipNocolors2","FFEnemyShipNocolors5","1","4727","2024-04-30 12:35:26"
"631c8e97db06f601f81bd82f","FullPilot","1","61","-2","1","78","9","1","1","1240","1640","1","0","67","33","1","1","67","33","FFEnemyShipNocolors5","FFEnemyShipNocolors2","1","2660","2024-04-30 12:35:29"
"631c8e97db06f601f81bd82f","FullPilot","1","62","-2","2","76","40","0","1","1400","1934","0","1","67","33","1","1","67","33","FFEnemyShipNocolors5","FFEnemyShipNocolors2","1","2700","2024-04-30 12:35:33"
"631c8e97db06f601f81bd82f","FullPilot","1","63","-2","2","50","31","1","0","1014","1468","1","0","67","33","1","1","67","33","FFEnemyShipNocolors5","FFEnemyShipNocolors2","1","2731","2024-04-30 12:35:36"
"631c8e97db06f601f81bd82f","FullPilot","1","64","-2","1","77","73","0","0","1212","1547","0","1","67","33","1","1","67","33","FFEnemyShipNocolors5","FFEnemyShipNocolors2","1","2808","2024-04-30 12:35:39"
"631c8e97db06f601f81bd82f","FullPilot","1","65","-2","2","65","44","0","1","1029","1443","0","1","67","33","1","1","67","33","FFEnemyShipNocolors5","FFEnemyShipNocolors2","1","2852","2024-04-30 12:35:42"
"631c8e97db06f601f81bd82f","FullPilot","1","66","-2","1","63","19","1","1","1292","1706","1","0","67","33","1","1","67","33","FFEnemyShipNocolors5","FFEnemyShipNocolors2","1","2915","2024-04-30 12:35:46"
"631c8e97db06f601f81bd82f","FullPilot","1","67","-2","2","78","44","0","1","987","1561","0","1","67","33","1","1","67","33","FFEnemyShipNocolors5","FFEnemyShipNocolors2","1","2959","2024-04-30 12:35:50"
"631c8e97db06f601f81bd82f","FullPilot","1","68","-2","2","58","26","1","0","1293","1653","1","0","67","33","1","1","67","33","FFEnemyShipNocolors5","FFEnemyShipNocolors2","1","2985","2024-04-30 12:35:53"
"631c8e97db06f601f81bd82f","FullPilot","1","69","-2","2","70","33","0","1","1226","1660","0","1","67","33","1","1","67","33","FFEnemyShipNocolors5","FFEnemyShipNocolors2","1","3018","2024-04-30 12:35:57"
"5c5ac2869d974300015d81fc","FullPilot","2","0","0","2","79","32","1","0","457","729","1","0","24","24","0.38","0.62","62","38","FFEnemyShipNocolors3","FFEnemyShipNocolors1","0","0","2024-04-30 12:35:59"
"631c8e97db06f601f81bd82f","FullPilot","1","70","-2","1","71","18","1","1","1251","1559","1","0","67","33","1","1","67","33","FFEnemyShipNocolors5","FFEnemyShipNocolors2","1","3089","2024-04-30 12:36:00"
"5c5ac2869d974300015d81fc","FullPilot","2","1","0","2","76","28","0","1","499","666","0","1","11","19","0.18","0.5","62","38","FFEnemyShipNocolors3","FFEnemyShipNocolors1","0","0","2024-04-30 12:36:02"
"631c8e97db06f601f81bd82f","FullPilot","1","71","-2","2","50","28","1","0","1160","1560","1","0","67","33","1","1","67","33","FFEnemyShipNocolors5","FFEnemyShipNocolors2","1","3117","2024-04-30 12:36:04"
"5c5ac2869d974300015d81fc","FullPilot","2","2","0","1","53","41","0","0","617","777","0","1","45","24","0.73","0.62","62","38","FFEnemyShipNocolors3","FFEnemyShipNocolors1","1","53","2024-04-30 12:36:04"
"5c5ac2869d974300015d81fc","FullPilot","2","3","0","2","72","34","0","1","562","694","0","1","7","33","0.12","0.88","62","38","FFEnemyShipNocolors3","FFEnemyShipNocolors1","1","87","2024-04-30 12:36:07"
"5c5ac2869d974300015d81fc","FullPilot","2","4","0","1","81","70","1","1","416","528","1","0","55","10","0.88","0.27","62","38","FFEnemyShipNocolors3","FFEnemyShipNocolors1","1","168","2024-04-30 12:36:09"
"5c5ac2869d974300015d81fc","FullPilot","2","5","0","2","59","10","0","1","437","549","0","1","17","28","0.27","0.73","62","38","FFEnemyShipNocolors3","FFEnemyShipNocolors1","0","168","2024-04-30 12:36:12"
"5c5ac2869d974300015d81fc","FullPilot","2","6","0","2","72","13","1","0","395","492","1","0","7","24","0.12","0.62","62","38","FFEnemyShipNocolors3","FFEnemyShipNocolors1","1","181","2024-04-30 12:36:15"
"5c5ac2869d974300015d81fc","FullPilot","2","7","0","1","43","59","1","1","464","583","1","0","17","33","0.27","0.88","62","38","FFEnemyShipNocolors3","FFEnemyShipNocolors1","0","181","2024-04-30 12:36:17"
"5c5ac2869d974300015d81fc","FullPilot","2","8","1","1","34","4","0","0","222","583","1","1","27","23","0.38","0.82","72","28","FFEnemyShipNocolors8","FFEnemyShipNoColors12","1","215","2024-04-30 12:36:20"
"5c5ac2869d974300015d81fc","FullPilot","2","9","0","1","59","32","0","0","402","520","0","1","24","33","0.38","0.88","62","38","FFEnemyShipNocolors3","FFEnemyShipNocolors1","1","274","2024-04-30 12:36:22"
"5c5ac2869d974300015d81fc","FullPilot","2","10","0","2","45","15","0","1","479","604","0","1","31","7","0.5","0.18","62","38","FFEnemyShipNocolors3","FFEnemyShipNocolors1","1","289","2024-04-30 12:36:25"
"5c5ac2869d974300015d81fc","FullPilot","2","11","0","1","71","19","1","1","465","833","1","0","31","24","0.5","0.62","62","38","FFEnemyShipNocolors3","FFEnemyShipNocolors1","0","289","2024-04-30 12:36:27"
"5c5ac2869d974300015d81fc","FullPilot","2","12","1","2","38","2","1","0","416","506","1","0","53","14","0.73","0.5","72","28","FFEnemyShipNocolors8","FFEnemyShipNoColors12","1","291","2024-04-30 12:36:30"
"5c5ac2869d974300015d81fc","FullPilot","2","13","0","2","66","31","0","1","423","569","0","1","31","31","0.5","0.82","62","38","FFEnemyShipNocolors3","FFEnemyShipNocolors1","1","322","2024-04-30 12:36:33"
"5c5ac2869d974300015d81fc","FullPilot","2","14","1","1","58","5","1","1","340","465","1","0","53","11","0.73","0.38","72","28","FFEnemyShipNocolors8","FFEnemyShipNoColors12","1","380","2024-04-30 12:36:35"
"5c5ac2869d974300015d81fc","FullPilot","2","15","1","1","97","34","0","0","284","465","0","1","59","11","0.82","0.38","72","28","FFEnemyShipNocolors8","FFEnemyShipNoColors12","1","477","2024-04-30 12:36:38"
"5c5ac2869d974300015d81fc","FullPilot","2","16","1","2","57","34","0","1","381","1013","1","1","9","8","0.12","0.27","72","28","FFEnemyShipNocolors8","FFEnemyShipNoColors12","1","511","2024-04-30 12:36:41"
"5c5ac2869d974300015d81fc","FullPilot","2","17","1","1","89","36","1","1","562","638","1","0","63","20","0.88","0.73","72","28","FFEnemyShipNocolors8","FFEnemyShipNoColors12","1","600","2024-04-30 12:36:43"
"5c5ac2869d974300015d81fc","FullPilot","2","18","1","2","78","29","1","0","423","534","1","0","19","11","0.27","0.38","72","28","FFEnemyShipNocolors8","FFEnemyShipNoColors12","0","600","2024-04-30 12:36:46"
"5c5ac2869d974300015d81fc","FullPilot","2","19","0","2","48","47","0","1","458","659","0","1","24","28","0.38","0.73","62","38","FFEnemyShipNocolors3","FFEnemyShipNocolors1","1","647","2024-04-30 12:36:48"
"5c5ac2869d974300015d81fc","FullPilot","2","20","1","2","76","40","0","1","402","646","0","1","19","17","0.27","0.62","72","28","FFEnemyShipNocolors8","FFEnemyShipNoColors12","0","647","2024-04-30 12:36:51"
"5c5ac2869d974300015d81fc","FullPilot","2","21","0","2","69","67","0","1","499","728","0","1","11","19","0.18","0.5","62","38","FFEnemyShipNocolors3","FFEnemyShipNocolors1","1","714","2024-04-30 12:36:54"
"5c5ac2869d974300015d81fc","FullPilot","2","22","0","2","55","6","0","1","597","1173","1","1","11","10","0.18","0.27","62","38","FFEnemyShipNocolors3","FFEnemyShipNocolors1","0","714","2024-04-30 12:36:57"
"5c5ac2869d974300015d81fc","FullPilot","2","23","0","1","64","51","0","0","402","583","0","1","38","5","0.62","0.12","62","38","FFEnemyShipNocolors3","FFEnemyShipNocolors1","1","778","2024-04-30 12:36:59"
"5c5ac2869d974300015d81fc","FullPilot","2","24","0","2","41","30","0","1","520","666","0","1","17","28","0.27","0.73","62","38","FFEnemyShipNocolors3","FFEnemyShipNocolors1","1","808","2024-04-30 12:37:02"
"5c5ac2869d974300015d81fc","FullPilot","2","25","1","2","95","25","0","1","520","687","0","1","19","14","0.27","0.5","72","28","FFEnemyShipNocolors8","FFEnemyShipNoColors12","0","808","2024-04-30 12:37:05"
"5c5ac2869d974300015d81fc","FullPilot","2","26","1","1","47","34","0","0","437","527","0","1","53","11","0.73","0.38","72","28","FFEnemyShipNocolors8","FFEnemyShipNoColors12","1","855","2024-04-30 12:37:07"
"5c5ac2869d974300015d81fc","FullPilot","2","27","0","2","63","25","0","1","402","631","0","1","51","33","0.82","0.88","62","38","FFEnemyShipNocolors3","FFEnemyShipNocolors1","1","880","2024-04-30 12:37:10"
"631c8e97db06f601f81bd82f","FullPilot","2","0","1","2","69","26","1","0","1372","1973","1","0","36","5","0.5","0.18","72","28","FFEnemyShipNocolors8","FFEnemyShipNoColors12","0","0","2024-04-30 12:37:11"
"5c5ac2869d974300015d81fc","FullPilot","2","28","1","1","90","26","1","1","416","583","1","0","63","3","0.88","0.12","72","28","FFEnemyShipNocolors8","FFEnemyShipNoColors12","0","880","2024-04-30 12:37:12"
"631c8e97db06f601f81bd82f","FullPilot","2","1","1","2","12","30","0","1","747","1200","0","1","59","3","0.82","0.12","72","28","FFEnemyShipNocolors8","FFEnemyShipNoColors12","0","0","2024-04-30 12:37:15"
"5c5ac2869d974300015d81fc","FullPilot","2","29","0","1","48","8","0","0","416","527","0","1","55","5","0.88","0.12","62","38","FFEnemyShipNocolors3","FFEnemyShipNocolors1","0","880","2024-04-30 12:37:15"
"631c8e97db06f601f81bd82f","FullPilot","2","2","0","2","54","13","1","0","667","1240","1","0","17","24","0.27","0.62","62","38","FFEnemyShipNocolors3","FFEnemyShipNocolors1","1","13","2024-04-30 12:37:18"
"5c5ac2869d974300015d81fc","FullPilot","2","30","0","1","96","19","0","0","555","666","0","1","17","7","0.27","0.18","62","38","FFEnemyShipNocolors3","FFEnemyShipNocolors1","0","880","2024-04-30 12:37:18"
"5c5ac2869d974300015d81fc","FullPilot","2","31","0","1","82","46","0","0","486","576","0","1","7","10","0.12","0.27","62","38","FFEnemyShipNocolors3","FFEnemyShipNocolors1","0","880","2024-04-30 12:37:21"
"631c8e97db06f601f81bd82f","FullPilot","2","3","0","1","35","72","0","0","1041","1401","0","1","17","7","0.27","0.18","62","38","FFEnemyShipNocolors3","FFEnemyShipNocolors1","0","13","2024-04-30 12:37:21"
"5c5ac2869d974300015d81fc","FullPilot","2","32","1","2","78","16","0","1","340","500","0","1","36","20","0.5","0.73","72","28","FFEnemyShipNocolors8","FFEnemyShipNoColors12","1","896","2024-04-30 12:37:23"
"631c8e97db06f601f81bd82f","FullPilot","2","4","0","1","61","71","1","1","1161","1774","1","0","55","31","0.88","0.82","62","38","FFEnemyShipNocolors3","FFEnemyShipNocolors1","1","74","2024-04-30 12:37:24"
"5c5ac2869d974300015d81fc","FullPilot","2","33","0","1","85","29","0","0","423","583","0","1","45","5","0.73","0.12","62","38","FFEnemyShipNocolors3","FFEnemyShipNocolors1","0","896","2024-04-30 12:37:26"
"631c8e97db06f601f81bd82f","FullPilot","2","5","1","1","66","28","0","0","706","1067","0","1","59","11","0.82","0.38","72","28","FFEnemyShipNocolors8","FFEnemyShipNoColors12","1","140","2024-04-30 12:37:28"
"5c5ac2869d974300015d81fc","FullPilot","2","34","1","2","72","40","0","1","222","409","0","1","45","23","0.62","0.82","72","28","FFEnemyShipNocolors8","FFEnemyShipNoColors12","1","936","2024-04-30 12:37:28"
"631c8e97db06f601f81bd82f","FullPilot","2","6","1","1","58","49","1","1","946","1360","1","0","36","17","0.5","0.62","72","28","FFEnemyShipNocolors8","FFEnemyShipNoColors12","0","140","2024-04-30 12:37:31"
"5c5ac2869d974300015d81fc","FullPilot","2","35","0","2","57","77","1","0","639","840","1","0","38","31","0.62","0.82","62","38","FFEnemyShipNocolors3","FFEnemyShipNocolors1","1","1013","2024-04-30 12:37:31"
"5c5ac2869d974300015d81fc","FullPilot","2","36","1","2","67","14","1","0","583","764","1","0","27","17","0.38","0.62","72","28","FFEnemyShipNocolors8","FFEnemyShipNoColors12","1","1027","2024-04-30 12:37:33"
"631c8e97db06f601f81bd82f","FullPilot","2","7","0","1","82","35","0","0","1466","1830","0","1","31","5","0.5","0.12","62","38","FFEnemyShipNocolors3","FFEnemyShipNocolors1","0","140","2024-04-30 12:37:35"
"5c5ac2869d974300015d81fc","FullPilot","2","37","1","2","91","14","0","1","402","597","0","1","19","23","0.27","0.82","72","28","FFEnemyShipNocolors8","FFEnemyShipNoColors12","1","1041","2024-04-30 12:37:36"
"631c8e97db06f601f81bd82f","FullPilot","2","8","1","1","47","27","1","1","788","1108","1","0","53","5","0.73","0.18","72","28","FFEnemyShipNocolors8","FFEnemyShipNoColors12","0","140","2024-04-30 12:37:38"
"5c5ac2869d974300015d81fc","FullPilot","2","38","0","1","54","53","0","0","520","659","0","1","24","5","0.38","0.12","62","38","FFEnemyShipNocolors3","FFEnemyShipNocolors1","1","1095","2024-04-30 12:37:38"
"631c8e97db06f601f81bd82f","FullPilot","2","9","0","2","50","56","0","1","826","1147","0","1","7","28","0.12","0.73","62","38","FFEnemyShipNocolors3","FFEnemyShipNocolors1","1","196","2024-04-30 12:37:41"
"5c5ac2869d974300015d81fc","FullPilot","2","39","0","1","26","61","1","1","541","639","1","0","45","24","0.73","0.62","62","38","FFEnemyShipNocolors3","FFEnemyShipNocolors1","1","1121","2024-04-30 12:37:41"
"5c5ac2869d974300015d81fc","FullPilot","2","40","1","1","49","63","0","0","319","423","0","1","63","5","0.88","0.18","72","28","FFEnemyShipNocolors8","FFEnemyShipNoColors12","1","1170","2024-04-30 12:37:43"
"631c8e97db06f601f81bd82f","FullPilot","2","10","0","1","64","31","1","1","986","2749","1","1","17","19","0.27","0.5","62","38","FFEnemyShipNocolors3","FFEnemyShipNocolors1","0","196","2024-04-30 12:37:45"
"5c5ac2869d974300015d81fc","FullPilot","2","41","1","1","48","21","0","0","437","527","0","1","63","20","0.88","0.73","72","28","FFEnemyShipNocolors8","FFEnemyShipNoColors12","1","1218","2024-04-30 12:37:46"
"631c8e97db06f601f81bd82f","FullPilot","2","11","1","1","84","13","1","1","1000","1387","1","0","9","5","0.12","0.18","72","28","FFEnemyShipNocolors8","FFEnemyShipNoColors12","0","196","2024-04-30 12:37:48"
"5c5ac2869d974300015d81fc","FullPilot","2","42","0","2","34","54","1","0","423","507","1","0","11","31","0.18","0.82","62","38","FFEnemyShipNocolors3","FFEnemyShipNocolors1","1","1272","2024-04-30 12:37:48"
"5c5ac2869d974300015d81fc","FullPilot","2","43","0","1","74","71","1","1","402","485","1","0","45","10","0.73","0.27","62","38","FFEnemyShipNocolors3","FFEnemyShipNocolors1","1","1346","2024-04-30 12:37:51"
"631c8e97db06f601f81bd82f","FullPilot","2","12","1","2","73","32","1","0","719","1907","1","1","9","11","0.12","0.38","72","28","FFEnemyShipNocolors8","FFEnemyShipNoColors12","1","228","2024-04-30 12:37:52"
"5c5ac2869d974300015d81fc","FullPilot","2","44","1","1","38","34","0","0","298","382","0","1","63","8","0.88","0.27","72","28","FFEnemyShipNocolors8","FFEnemyShipNoColors12","1","1384","2024-04-30 12:37:53"
"631c8e97db06f601f81bd82f","FullPilot","2","13","1","2","64","45","1","0","761","1401","1","0","27","25","0.38","0.88","72","28","FFEnemyShipNocolors8","FFEnemyShipNoColors12","1","273","2024-04-30 12:37:55"
"5c5ac2869d974300015d81fc","FullPilot","2","45","1","2","77","48","1","0","305","388","1","0","36","20","0.5","0.73","72","28","FFEnemyShipNocolors8","FFEnemyShipNoColors12","1","1432","2024-04-30 12:37:56"
"631c8e97db06f601f81bd82f","FullPilot","2","14","0","1","41","33","1","1","1040","1412","1","0","51","10","0.82","0.27","62","38","FFEnemyShipNocolors3","FFEnemyShipNocolors1","1","314","2024-04-30 12:37:58"
"5c5ac2869d974300015d81fc","FullPilot","2","46","1","2","61","20","1","0","361","430","1","0","45","25","0.62","0.88","72","28","FFEnemyShipNocolors8","FFEnemyShipNoColors12","1","1452","2024-04-30 12:37:59"
"631c8e97db06f601f81bd82f","FullPilot","2","15","1","2","82","25","1","0","1306","1373","1","0","13","17","0.18","0.62","72","28","FFEnemyShipNocolors8","FFEnemyShipNoColors12","0","314","2024-04-30 12:38:01"
"5c5ac2869d974300015d81fc","FullPilot","2","47","0","2","93","20","1","0","416","548","1","0","38","28","0.62","0.73","62","38","FFEnemyShipNocolors3","FFEnemyShipNocolors1","0","1452","2024-04-30 12:38:01"
"5c5ac2869d974300015d81fc","FullPilot","2","48","0","1","68","38","1","1","416","493","1","0","51","5","0.82","0.12","62","38","FFEnemyShipNocolors3","FFEnemyShipNocolors1","1","1520","2024-04-30 12:38:04"
"631c8e97db06f601f81bd82f","FullPilot","2","16","1","2","93","22","1","0","786","1160","1","0","36","23","0.5","0.82","72","28","FFEnemyShipNocolors8","FFEnemyShipNoColors12","1","336","2024-04-30 12:38:04"
"5c5ac2869d974300015d81fc","FullPilot","2","49","0","1","28","24","0","0","804","916","0","1","24","10","0.38","0.27","62","38","FFEnemyShipNocolors3","FFEnemyShipNocolors1","0","1520","2024-04-30 12:38:07"
"631c8e97db06f601f81bd82f","FullPilot","2","17","0","2","83","40","1","0","907","1213","1","0","7","31","0.12","0.82","62","38","FFEnemyShipNocolors3","FFEnemyShipNocolors1","1","376","2024-04-30 12:38:07"
"5c5ac2869d974300015d81fc","FullPilot","2","50","1","1","63","67","0","0","415","513","0","1","27","8","0.38","0.27","72","28","FFEnemyShipNocolors8","FFEnemyShipNoColors12","0","1520","2024-04-30 12:38:10"
"631c8e97db06f601f81bd82f","FullPilot","2","18","1","1","65","38","0","0","840","1173","0","1","45","8","0.62","0.27","72","28","FFEnemyShipNocolors8","FFEnemyShipNoColors12","0","376","2024-04-30 12:38:10"
"5c5ac2869d974300015d81fc","FullPilot","2","51","0","1","33","10","1","1","617","687","1","0","31","5","0.5","0.12","62","38","FFEnemyShipNocolors3","FFEnemyShipNocolors1","1","1553","2024-04-30 12:38:12"
"631c8e97db06f601f81bd82f","FullPilot","2","19","1","1","56","22","1","1","626","960","1","0","63","23","0.88","0.82","72","28","FFEnemyShipNocolors8","FFEnemyShipNoColors12","1","432","2024-04-30 12:38:13"
"5c5ac2869d974300015d81fc","FullPilot","2","52","1","1","71","37","1","1","701","798","1","0","13","3","0.18","0.12","72","28","FFEnemyShipNocolors8","FFEnemyShipNoColors12","0","1553","2024-04-30 12:38:15"
"5c5ac2869d974300015d81fc","FullPilot","2","53","1","1","92","31","0","0","374","520","0","1","53","5","0.73","0.18","72","28","FFEnemyShipNocolors8","FFEnemyShipNoColors12","1","1645","2024-04-30 12:38:17"
"631c8e97db06f601f81bd82f","FullPilot","2","20","0","2","85","51","1","0","1773","2228","1","0","55","5","0.88","0.12","62","38","FFEnemyShipNocolors3","FFEnemyShipNocolors1","0","432","2024-04-30 12:38:18"
"5c5ac2869d974300015d81fc","FullPilot","2","54","1","2","33","17","1","0","458","535","1","0","53","25","0.73","0.88","72","28","FFEnemyShipNocolors8","FFEnemyShipNoColors12","1","1662","2024-04-30 12:38:20"
"631c8e97db06f601f81bd82f","FullPilot","2","21","0","1","42","29","1","1","839","1214","1","0","24","10","0.38","0.27","62","38","FFEnemyShipNocolors3","FFEnemyShipNocolors1","0","432","2024-04-30 12:38:21"
"5c5ac2869d974300015d81fc","FullPilot","2","55","1","1","70","57","0","0","361","451","0","1","45","3","0.62","0.12","72","28","FFEnemyShipNocolors8","FFEnemyShipNoColors12","1","1732","2024-04-30 12:38:23"
"631c8e97db06f601f81bd82f","FullPilot","2","22","0","2","37","22","0","1","800","1254","0","1","7","33","0.12","0.88","62","38","FFEnemyShipNocolors3","FFEnemyShipNocolors1","1","454","2024-04-30 12:38:24"
"5c5ac2869d974300015d81fc","FullPilot","2","56","1","1","66","49","1","1","479","576","1","0","19","11","0.27","0.38","72","28","FFEnemyShipNocolors8","FFEnemyShipNoColors12","1","1798","2024-04-30 12:38:25"
"631c8e97db06f601f81bd82f","FullPilot","2","23","0","1","67","25","1","1","692","1344","1","0","11","33","0.18","0.88","62","38","FFEnemyShipNocolors3","FFEnemyShipNocolors1","0","454","2024-04-30 12:38:27"
"5c5ac2869d974300015d81fc","FullPilot","2","57","1","2","73","26","1","0","499","597","1","0","13","11","0.18","0.38","72","28","FFEnemyShipNocolors8","FFEnemyShipNoColors12","0","1798","2024-04-30 12:38:28"
"631c8e97db06f601f81bd82f","FullPilot","2","24","1","2","65","38","1","0","667","1095","1","0","9","8","0.12","0.27","72","28","FFEnemyShipNocolors8","FFEnemyShipNoColors12","0","454","2024-04-30 12:38:30"
"5c5ac2869d974300015d81fc","FullPilot","2","58","1","2","61","3","0","1","339","465","0","1","27","23","0.38","0.82","72","28","FFEnemyShipNocolors8","FFEnemyShipNoColors12","1","1801","2024-04-30 12:38:30"
"5c5ac2869d974300015d81fc","FullPilot","2","59","1","1","49","3","1","1","499","590","1","0","36","8","0.5","0.27","72","28","FFEnemyShipNocolors8","FFEnemyShipNoColors12","0","1801","2024-04-30 12:38:33"
"631c8e97db06f601f81bd82f","FullPilot","2","25","1","1","97","16","1","1","639","1053","1","0","53","14","0.73","0.5","72","28","FFEnemyShipNocolors8","FFEnemyShipNoColors12","1","551","2024-04-30 12:38:33"
"5c5ac2869d974300015d81fc","FullPilot","2","60","1","1","35","33","1","1","659","792","1","0","45","8","0.62","0.27","72","28","FFEnemyShipNocolors8","FFEnemyShipNoColors12","1","1836","2024-04-30 12:38:36"
"631c8e97db06f601f81bd82f","FullPilot","2","26","1","2","49","58","0","1","843","1491","0","1","9","11","0.12","0.38","72","28","FFEnemyShipNocolors8","FFEnemyShipNoColors12","0","551","2024-04-30 12:38:37"
"5c5ac2869d974300015d81fc","FullPilot","2","61","1","2","70","21","1","0","701","854","1","0","9","23","0.12","0.82","72","28","FFEnemyShipNocolors8","FFEnemyShipNoColors12","1","1857","2024-04-30 12:38:39"
"631c8e97db06f601f81bd82f","FullPilot","2","27","1","1","54","55","1","1","653","1053","1","0","27","5","0.38","0.18","72","28","FFEnemyShipNocolors8","FFEnemyShipNoColors12","0","551","2024-04-30 12:38:40"
"5c5ac2869d974300015d81fc","FullPilot","2","62","1","2","48","29","1","0","416","521","1","0","19","14","0.27","0.5","72","28","FFEnemyShipNocolors8","FFEnemyShipNoColors12","1","1886","2024-04-30 12:38:41"
"631c8e97db06f601f81bd82f","FullPilot","2","28","0","1","87","39","0","0","893","1334","0","1","45","19","0.73","0.5","62","38","FFEnemyShipNocolors3","FFEnemyShipNocolors1","0","551","2024-04-30 12:38:44"
"5c5ac2869d974300015d81fc","FullPilot","2","63","0","1","69","57","1","1","465","562","1","0","45","10","0.73","0.27","62","38","FFEnemyShipNocolors3","FFEnemyShipNocolors1","1","1955","2024-04-30 12:38:44"
"5c5ac2869d974300015d81fc","FullPilot","2","64","1","2","58","13","1","0","479","625","1","0","19","17","0.27","0.62","72","28","FFEnemyShipNocolors8","FFEnemyShipNoColors12","1","1968","2024-04-30 12:38:46"
"631c8e97db06f601f81bd82f","FullPilot","2","29","1","2","78","14","0","1","735","1188","0","1","19","20","0.27","0.73","72","28","FFEnemyShipNocolors8","FFEnemyShipNoColors12","0","551","2024-04-30 12:38:47"
"5c5ac2869d974300015d81fc","FullPilot","2","65","0","2","41","58","1","0","784","916","1","0","31","33","0.5","0.88","62","38","FFEnemyShipNocolors3","FFEnemyShipNocolors1","1","2026","2024-04-30 12:38:49"
"631c8e97db06f601f81bd82f","FullPilot","2","30","1","2","79","16","1","0","867","1027","1","0","9","17","0.12","0.62","72","28","FFEnemyShipNocolors8","FFEnemyShipNoColors12","1","567","2024-04-30 12:38:50"
"5c5ac2869d974300015d81fc","FullPilot","2","66","0","1","79","51","1","1","742","874","1","0","38","7","0.62","0.18","62","38","FFEnemyShipNocolors3","FFEnemyShipNocolors1","0","2026","2024-04-30 12:38:52"
"631c8e97db06f601f81bd82f","FullPilot","2","31","1","1","90","17","1","1","713","1047","1","0","63","20","0.88","0.73","72","28","FFEnemyShipNocolors8","FFEnemyShipNoColors12","0","567","2024-04-30 12:38:53"
"5c5ac2869d974300015d81fc","FullPilot","2","67","1","1","63","51","0","0","520","673","0","1","27","5","0.38","0.18","72","28","FFEnemyShipNocolors8","FFEnemyShipNoColors12","1","2089","2024-04-30 12:38:54"
"631c8e97db06f601f81bd82f","FullPilot","2","32","0","2","85","26","0","1","773","1215","0","1","24","19","0.38","0.5","62","38","FFEnemyShipNocolors3","FFEnemyShipNocolors1","1","593","2024-04-30 12:38:56"
"5c5ac2869d974300015d81fc","FullPilot","2","68","0","1","59","49","0","0","742","902","0","1","31","5","0.5","0.12","62","38","FFEnemyShipNocolors3","FFEnemyShipNocolors1","1","2148","2024-04-30 12:38:57"
"631c8e97db06f601f81bd82f","FullPilot","2","33","1","2","87","45","0","1","732","1214","0","1","19","23","0.27","0.82","72","28","FFEnemyShipNocolors8","FFEnemyShipNoColors12","0","593","2024-04-30 12:38:59"
"5c5ac2869d974300015d81fc","FullPilot","2","69","1","2","80","46","1","0","541","687","1","0","9","23","0.12","0.82","72","28","FFEnemyShipNocolors8","FFEnemyShipNoColors12","1","2194","2024-04-30 12:39:00"
"5c5ac2869d974300015d81fc","FullPilot","2","70","0","1","92","52","1","1","416","527","1","0","55","14","0.88","0.38","62","38","FFEnemyShipNocolors3","FFEnemyShipNocolors1","1","2286","2024-04-30 12:39:02"
"631c8e97db06f601f81bd82f","FullPilot","2","34","0","2","33","25","1","0","747","1133","1","0","24","24","0.38","0.62","62","38","FFEnemyShipNocolors3","FFEnemyShipNocolors1","1","618","2024-04-30 12:39:02"
"5c5ac2869d974300015d81fc","FullPilot","2","71","0","1","84","31","0","0","458","1097","0","1","38","19","0.62","0.5","62","38","FFEnemyShipNocolors3","FFEnemyShipNocolors1","1","2370","2024-04-30 12:39:05"
"631c8e97db06f601f81bd82f","FullPilot","2","35","1","2","63","42","0","1","706","1067","0","1","45","20","0.62","0.73","72","28","FFEnemyShipNocolors8","FFEnemyShipNoColors12","1","660","2024-04-30 12:39:05"
"5c5ac2869d974300015d81fc","FullPilot","2","72","0","1","43","77","0","0","638","972","0","1","51","24","0.82","0.62","62","38","FFEnemyShipNocolors3","FFEnemyShipNocolors1","1","2413","2024-04-30 12:39:08"
"631c8e97db06f601f81bd82f","FullPilot","2","36","1","1","47","21","1","1","840","1173","1","0","59","14","0.82","0.5","72","28","FFEnemyShipNocolors8","FFEnemyShipNoColors12","1","707","2024-04-30 12:39:08"
"5c5ac2869d974300015d81fc","FullPilot","2","73","0","1","56","29","0","0","576","763","0","1","45","7","0.73","0.18","62","38","FFEnemyShipNocolors3","FFEnemyShipNocolors1","1","2469","2024-04-30 12:39:11"
"631c8e97db06f601f81bd82f","FullPilot","2","37","0","1","85","59","0","0","746","1440","0","1","45","5","0.73","0.12","62","38","FFEnemyShipNocolors3","FFEnemyShipNocolors1","0","707","2024-04-30 12:39:11"
"5c5ac2869d974300015d81fc","FullPilot","2","74","0","2","72","20","1","0","597","763","1","0","38","33","0.62","0.88","62","38","FFEnemyShipNocolors3","FFEnemyShipNocolors1","1","2489","2024-04-30 12:39:13"
"631c8e97db06f601f81bd82f","FullPilot","2","38","0","1","78","57","1","1","746","1160","1","0","17","14","0.27","0.38","62","38","FFEnemyShipNocolors3","FFEnemyShipNocolors1","0","707","2024-04-30 12:39:15"
"5c5ac2869d974300015d81fc","FullPilot","2","75","1","1","63","46","1","1","541","666","1","0","63","17","0.88","0.62","72","28","FFEnemyShipNocolors8","FFEnemyShipNoColors12","1","2552","2024-04-30 12:39:16"
"631c8e97db06f601f81bd82f","FullPilot","2","39","0","1","49","38","0","0","840","1294","0","1","51","24","0.82","0.62","62","38","FFEnemyShipNocolors3","FFEnemyShipNocolors1","1","756","2024-04-30 12:39:18"
"5c5ac2869d974300015d81fc","FullPilot","2","76","1","1","43","49","1","1","402","520","1","0","63","5","0.88","0.18","72","28","FFEnemyShipNocolors8","FFEnemyShipNoColors12","1","2595","2024-04-30 12:39:18"
"631c8e97db06f601f81bd82f","FullPilot","2","40","0","1","74","25","1","1","746","1133","1","0","31","10","0.5","0.27","62","38","FFEnemyShipNocolors3","FFEnemyShipNocolors1","0","756","2024-04-30 12:39:21"
"5c5ac2869d974300015d81fc","FullPilot","2","77","0","1","40","26","0","0","485","604","0","1","31","14","0.5","0.38","62","38","FFEnemyShipNocolors3","FFEnemyShipNocolors1","0","2595","2024-04-30 12:39:21"
"5c5ac2869d974300015d81fc","FullPilot","2","78","1","1","84","30","0","0","360","569","0","1","59","3","0.82","0.12","72","28","FFEnemyShipNocolors8","FFEnemyShipNoColors12","1","2679","2024-04-30 12:39:24"
"631c8e97db06f601f81bd82f","FullPilot","2","41","1","2","50","29","1","0","586","893","1","0","36","11","0.5","0.38","72","28","FFEnemyShipNocolors8","FFEnemyShipNoColors12","0","756","2024-04-30 12:39:24"
"5c5ac2869d974300015d81fc","FullPilot","2","79","1","1","95","7","0","0","478","777","0","1","59","14","0.82","0.5","72","28","FFEnemyShipNocolors8","FFEnemyShipNoColors12","1","2774","2024-04-30 12:39:26"
"631c8e97db06f601f81bd82f","FullPilot","2","42","1","1","85","1","1","1","920","974","1","0","59","20","0.82","0.73","72","28","FFEnemyShipNocolors8","FFEnemyShipNoColors12","0","756","2024-04-30 12:39:28"
"5c5ac2869d974300015d81fc","FullPilot","2","80","1","1","79","61","0","0","354","486","0","1","36","5","0.5","0.18","72","28","FFEnemyShipNocolors8","FFEnemyShipNoColors12","0","2774","2024-04-30 12:39:29"
"631c8e97db06f601f81bd82f","FullPilot","2","43","1","2","64","22","0","1","626","1654","0","1","36","23","0.5","0.82","72","28","FFEnemyShipNocolors8","FFEnemyShipNoColors12","1","778","2024-04-30 12:39:31"
"5c5ac2869d974300015d81fc","FullPilot","2","81","0","2","56","40","0","1","340","722","0","1","51","33","0.82","0.88","62","38","FFEnemyShipNocolors3","FFEnemyShipNocolors1","1","2814","2024-04-30 12:39:31"
"5c5ac2869d974300015d81fc","FullPilot","2","82","1","1","65","14","0","0","659","812","0","1","36","11","0.5","0.38","72","28","FFEnemyShipNocolors8","FFEnemyShipNoColors12","0","2814","2024-04-30 12:39:34"
"631c8e97db06f601f81bd82f","FullPilot","2","44","1","1","53","35","1","1","641","1015","1","0","63","14","0.88","0.5","72","28","FFEnemyShipNocolors8","FFEnemyShipNoColors12","1","831","2024-04-30 12:39:34"
"5c5ac2869d974300015d81fc","FullPilot","2","83","0","1","17","44","0","0","479","604","0","1","51","28","0.82","0.73","62","38","FFEnemyShipNocolors3","FFEnemyShipNocolors1","1","2831","2024-04-30 12:39:37"
"631c8e97db06f601f81bd82f","FullPilot","2","45","1","2","76","29","1","0","612","1000","1","0","19","17","0.27","0.62","72","28","FFEnemyShipNocolors8","FFEnemyShipNoColors12","1","860","2024-04-30 12:39:37"
"5c5ac2869d974300015d81fc","FullPilot","2","84","1","2","75","28","1","0","465","590","1","0","9","14","0.12","0.5","72","28","FFEnemyShipNocolors8","FFEnemyShipNoColors12","0","2831","2024-04-30 12:39:39"
"631c8e97db06f601f81bd82f","FullPilot","2","46","1","2","78","59","1","0","639","1093","1","0","59","5","0.82","0.18","72","28","FFEnemyShipNocolors8","FFEnemyShipNoColors12","1","919","2024-04-30 12:39:40"
"5c5ac2869d974300015d81fc","FullPilot","2","85","1","2","57","45","0","1","437","784","0","1","13","17","0.18","0.62","72","28","FFEnemyShipNocolors8","FFEnemyShipNoColors12","1","2876","2024-04-30 12:39:42"
"631c8e97db06f601f81bd82f","FullPilot","2","47","0","2","90","34","1","0","815","1321","1","0","7","19","0.12","0.5","62","38","FFEnemyShipNocolors3","FFEnemyShipNocolors1","1","953","2024-04-30 12:39:43"
"5c5ac2869d974300015d81fc","FullPilot","2","86","0","2","60","48","0","1","985","1438","0","1","7","24","0.12","0.62","62","38","FFEnemyShipNocolors3","FFEnemyShipNocolors1","1","2924","2024-04-30 12:39:45"
"631c8e97db06f601f81bd82f","FullPilot","2","48","0","2","93","49","0","1","801","1187","0","1","11","33","0.18","0.88","62","38","FFEnemyShipNocolors3","FFEnemyShipNocolors1","1","1002","2024-04-30 12:39:46"
"5c5ac2869d974300015d81fc","FullPilot","2","87","1","1","92","33","0","0","416","514","0","1","63","23","0.88","0.82","72","28","FFEnemyShipNocolors8","FFEnemyShipNoColors12","1","3016","2024-04-30 12:39:47"
"631c8e97db06f601f81bd82f","FullPilot","2","49","0","2","33","61","1","0","733","1080","1","0","17","7","0.27","0.18","62","38","FFEnemyShipNocolors3","FFEnemyShipNocolors1","0","1002","2024-04-30 12:39:49"
"5c5ac2869d974300015d81fc","FullPilot","2","88","1","1","77","40","1","1","937","1042","1","0","53","14","0.73","0.5","72","28","FFEnemyShipNocolors8","FFEnemyShipNoColors12","1","3093","2024-04-30 12:39:50"
"631c8e97db06f601f81bd82f","FullPilot","2","50","0","2","81","34","1","0","25","1772","2","0","24","19","0.38","0.5","62","38","FFEnemyShipNocolors3","FFEnemyShipNocolors1","0","1002","2024-04-30 12:39:53"
"5c5ac2869d974300015d81fc","FullPilot","2","89","0","2","67","37","0","1","659","1256","1","1","11","10","0.18","0.27","62","38","FFEnemyShipNocolors3","FFEnemyShipNocolors1","0","3093","2024-04-30 12:39:54"
"631c8e97db06f601f81bd82f","FullPilot","2","51","1","1","85","11","1","1","906","1346","1","0","36","3","0.5","0.12","72","28","FFEnemyShipNocolors8","FFEnemyShipNoColors12","0","1002","2024-04-30 12:39:56"
"5c5ac2869d974300015d81fc","FullPilot","2","90","0","2","76","74","0","1","1222","1326","0","1","7","7","0.12","0.18","62","38","FFEnemyShipNocolors3","FFEnemyShipNocolors1","0","3093","2024-04-30 12:39:57"
"5c5ac2869d974300015d81fc","FullPilot","2","91","0","2","75","43","1","0","437","583","1","0","24","28","0.38","0.73","62","38","FFEnemyShipNocolors3","FFEnemyShipNocolors1","1","3136","2024-04-30 12:39:59"
"631c8e97db06f601f81bd82f","FullPilot","2","52","1","2","78","29","1","0","636","1023","1","0","27","25","0.38","0.88","72","28","FFEnemyShipNocolors8","FFEnemyShipNoColors12","0","1002","2024-04-30 12:40:00"
"5c5ac2869d974300015d81fc","FullPilot","2","92","1","1","70","30","0","0","402","548","0","1","63","14","0.88","0.5","72","28","FFEnemyShipNocolors8","FFEnemyShipNoColors12","1","3206","2024-04-30 12:40:02"
"631c8e97db06f601f81bd82f","FullPilot","2","53","0","2","48","60","0","1","746","1319","0","1","7","10","0.12","0.27","62","38","FFEnemyShipNocolors3","FFEnemyShipNocolors1","0","1002","2024-04-30 12:40:03"
"5c5ac2869d974300015d81fc","FullPilot","2","93","1","1","87","20","0","0","319","444","0","1","59","5","0.82","0.18","72","28","FFEnemyShipNocolors8","FFEnemyShipNoColors12","1","3293","2024-04-30 12:40:04"
"631c8e97db06f601f81bd82f","FullPilot","2","54","0","2","44","66","1","0","707","1105","1","0","7","28","0.12","0.73","62","38","FFEnemyShipNocolors3","FFEnemyShipNocolors1","1","1068","2024-04-30 12:40:06"
"5c5ac2869d974300015d81fc","FullPilot","2","94","0","2","77","48","0","1","798","938","0","1","31","24","0.5","0.62","62","38","FFEnemyShipNocolors3","FFEnemyShipNocolors1","0","3293","2024-04-30 12:40:08"
"631c8e97db06f601f81bd82f","FullPilot","2","55","1","1","59","44","1","1","693","1227","1","0","53","5","0.73","0.18","72","28","FFEnemyShipNocolors8","FFEnemyShipNoColors12","1","1127","2024-04-30 12:40:09"
"5c5ac2869d974300015d81fc","FullPilot","2","95","0","2","78","50","1","0","1020","1166","1","0","38","28","0.62","0.73","62","38","FFEnemyShipNocolors3","FFEnemyShipNocolors1","0","3293","2024-04-30 12:40:11"
"631c8e97db06f601f81bd82f","FullPilot","2","56","0","2","70","35","1","0","919","1253","1","0","11","14","0.18","0.38","62","38","FFEnemyShipNocolors3","FFEnemyShipNocolors1","0","1127","2024-04-30 12:40:12"
"5c5ac2869d974300015d81fc","FullPilot","2","96","1","1","59","17","0","0","499","611","0","1","45","11","0.62","0.38","72","28","FFEnemyShipNocolors8","FFEnemyShipNoColors12","0","3293","2024-04-30 12:40:14"
"631c8e97db06f601f81bd82f","FullPilot","2","57","0","2","65","34","0","1","746","1173","0","1","7","31","0.12","0.82","62","38","FFEnemyShipNocolors3","FFEnemyShipNocolors1","1","1161","2024-04-30 12:40:15"
"5c5ac2869d974300015d81fc","FullPilot","2","97","0","2","90","48","1","0","861","1000","1","0","31","31","0.5","0.82","62","38","FFEnemyShipNocolors3","FFEnemyShipNocolors1","1","3341","2024-04-30 12:40:17"
"631c8e97db06f601f81bd82f","FullPilot","2","58","1","2","44","27","1","0","680","1053","1","0","9","25","0.12","0.88","72","28","FFEnemyShipNocolors8","FFEnemyShipNoColors12","1","1188","2024-04-30 12:40:18"
"5c5ac2869d974300015d81fc","FullPilot","2","98","1","2","54","10","1","0","1041","1180","1","0","19","3","0.27","0.12","72","28","FFEnemyShipNocolors8","FFEnemyShipNoColors12","0","3341","2024-04-30 12:40:20"
"631c8e97db06f601f81bd82f","FullPilot","2","59","0","2","88","42","1","0","827","1213","1","0","38","19","0.62","0.5","62","38","FFEnemyShipNocolors3","FFEnemyShipNocolors1","1","1230","2024-04-30 12:40:21"
"5c5ac2869d974300015d81fc","FullPilot","2","99","1","1","51","15","1","1","756","854","1","0","59","8","0.82","0.27","72","28","FFEnemyShipNocolors8","FFEnemyShipNoColors12","1","3392","2024-04-30 12:40:23"
"631c8e97db06f601f81bd82f","FullPilot","2","60","1","2","60","6","1","0","719","1133","1","0","36","17","0.5","0.62","72","28","FFEnemyShipNocolors8","FFEnemyShipNoColors12","1","1236","2024-04-30 12:40:24"
"5c5ac2869d974300015d81fc","FullPilot","2","100","1","1","57","45","1","1","340","458","1","0","45","5","0.62","0.18","72","28","FFEnemyShipNocolors8","FFEnemyShipNoColors12","1","3449","2024-04-30 12:40:25"
"631c8e97db06f601f81bd82f","FullPilot","2","61","0","1","61","64","1","1","757","1209","1","0","11","14","0.18","0.38","62","38","FFEnemyShipNocolors3","FFEnemyShipNocolors1","0","1236","2024-04-30 12:40:28"
"5c5ac2869d974300015d81fc","FullPilot","2","101","0","1","53","61","1","1","444","521","1","0","51","7","0.82","0.18","62","38","FFEnemyShipNocolors3","FFEnemyShipNocolors1","1","3502","2024-04-30 12:40:28"
"631c8e97db06f601f81bd82f","FullPilot","2","62","0","1","49","54","0","0","320","880","0","1","38","28","0.62","0.73","62","38","FFEnemyShipNocolors3","FFEnemyShipNocolors1","1","1285","2024-04-30 12:40:30"
"5c5ac2869d974300015d81fc","FullPilot","2","102","0","1","55","33","0","0","423","487","0","1","38","10","0.62","0.27","62","38","FFEnemyShipNocolors3","FFEnemyShipNocolors1","1","3557","2024-04-30 12:40:31"
"631c8e97db06f601f81bd82f","FullPilot","2","63","1","2","51","1","1","0","599","973","1","0","63","5","0.88","0.18","72","28","FFEnemyShipNocolors8","FFEnemyShipNoColors12","0","1285","2024-04-30 12:40:33"
"5c5ac2869d974300015d81fc","FullPilot","2","103","1","1","78","8","1","1","319","444","1","0","13","3","0.18","0.12","72","28","FFEnemyShipNocolors8","FFEnemyShipNoColors12","0","3557","2024-04-30 12:40:33"
"5c5ac2869d974300015d81fc","FullPilot","2","104","0","2","45","9","0","1","395","534","0","1","17","33","0.27","0.88","62","38","FFEnemyShipNocolors3","FFEnemyShipNocolors1","1","3566","2024-04-30 12:40:36"
"631c8e97db06f601f81bd82f","FullPilot","2","64","0","2","86","18","1","0","613","946","1","0","55","7","0.88","0.18","62","38","FFEnemyShipNocolors3","FFEnemyShipNocolors1","0","1285","2024-04-30 12:40:37"
"5c5ac2869d974300015d81fc","FullPilot","2","105","1","2","81","21","1","0","541","708","1","0","36","25","0.5","0.88","72","28","FFEnemyShipNocolors8","FFEnemyShipNoColors12","1","3587","2024-04-30 12:40:38"
"631c8e97db06f601f81bd82f","FullPilot","2","65","0","1","92","17","0","0","840","1227","0","1","45","31","0.73","0.82","62","38","FFEnemyShipNocolors3","FFEnemyShipNocolors1","1","1377","2024-04-30 12:40:40"
"5c5ac2869d974300015d81fc","FullPilot","2","106","0","2","63","9","0","1","458","576","0","1","7","19","0.12","0.5","62","38","FFEnemyShipNocolors3","FFEnemyShipNocolors1","0","3587","2024-04-30 12:40:41"
"631c8e97db06f601f81bd82f","FullPilot","2","66","0","2","23","37","0","1","748","1148","0","1","31","7","0.5","0.18","62","38","FFEnemyShipNocolors3","FFEnemyShipNocolors1","0","1377","2024-04-30 12:40:43"
"5c5ac2869d974300015d81fc","FullPilot","2","107","0","2","87","63","1","0","333","458","1","0","7","28","0.12","0.73","62","38","FFEnemyShipNocolors3","FFEnemyShipNocolors1","0","3587","2024-04-30 12:40:44"
"631c8e97db06f601f81bd82f","FullPilot","2","67","0","2","77","35","1","0","800","1187","1","0","17","28","0.27","0.73","62","38","FFEnemyShipNocolors3","FFEnemyShipNocolors1","1","1412","2024-04-30 12:40:46"
"5c5ac2869d974300015d81fc","FullPilot","2","108","1","1","80","28","1","1","298","409","1","0","63","11","0.88","0.38","72","28","FFEnemyShipNocolors8","FFEnemyShipNoColors12","1","3667","2024-04-30 12:40:46"
"631c8e97db06f601f81bd82f","FullPilot","2","68","0","1","74","54","1","1","788","1185","1","0","11","10","0.18","0.27","62","38","FFEnemyShipNocolors3","FFEnemyShipNocolors1","1","1486","2024-04-30 12:40:49"
"5c5ac2869d974300015d81fc","FullPilot","2","109","1","1","63","30","1","1","777","847","1","0","59","8","0.82","0.27","72","28","FFEnemyShipNocolors8","FFEnemyShipNoColors12","1","3730","2024-04-30 12:40:49"
"5c5ac2869d974300015d81fc","FullPilot","2","110","0","2","80","65","0","1","381","493","0","1","11","28","0.18","0.73","62","38","FFEnemyShipNocolors3","FFEnemyShipNocolors1","1","3795","2024-04-30 12:40:52"
"631c8e97db06f601f81bd82f","FullPilot","2","69","0","1","64","49","1","1","626","1080","1","0","24","31","0.38","0.82","62","38","FFEnemyShipNocolors3","FFEnemyShipNocolors1","0","1486","2024-04-30 12:40:52"
"5c5ac2869d974300015d81fc","FullPilot","2","111","0","2","76","60","1","0","361","472","1","0","11","28","0.18","0.73","62","38","FFEnemyShipNocolors3","FFEnemyShipNocolors1","0","3795","2024-04-30 12:40:55"
"631c8e97db06f601f81bd82f","FullPilot","2","70","0","1","57","21","0","0","600","987","0","1","24","5","0.38","0.12","62","38","FFEnemyShipNocolors3","FFEnemyShipNocolors1","0","1486","2024-04-30 12:40:55"
"5c5ac2869d974300015d81fc","FullPilot","2","112","0","1","92","38","1","1","416","541","1","0","51","24","0.82","0.62","62","38","FFEnemyShipNocolors3","FFEnemyShipNocolors1","1","3887","2024-04-30 12:40:57"
"631c8e97db06f601f81bd82f","FullPilot","2","71","1","1","58","27","1","1","599","934","1","0","59","14","0.82","0.5","72","28","FFEnemyShipNocolors8","FFEnemyShipNoColors12","1","1544","2024-04-30 12:40:58"
"5c5ac2869d974300015d81fc","FullPilot","2","113","0","1","52","82","0","0","576","708","0","1","17","5","0.27","0.12","62","38","FFEnemyShipNocolors3","FFEnemyShipNocolors1","0","3887","2024-04-30 12:41:00"
"631c8e97db06f601f81bd82f","FullPilot","2","72","1","1","62","31","1","1","826","906","1","0","53","8","0.73","0.27","72","28","FFEnemyShipNocolors8","FFEnemyShipNoColors12","1","1606","2024-04-30 12:41:01"
"5c5ac2869d974300015d81fc","FullPilot","2","114","0","2","73","12","0","1","458","555","0","1","7","28","0.12","0.73","62","38","FFEnemyShipNocolors3","FFEnemyShipNocolors1","1","3899","2024-04-30 12:41:02"
"631c8e97db06f601f81bd82f","FullPilot","2","73","0","2","69","27","1","0","640","1000","1","0","38","14","0.62","0.38","62","38","FFEnemyShipNocolors3","FFEnemyShipNocolors1","0","1606","2024-04-30 12:41:05"
"5c5ac2869d974300015d81fc","FullPilot","2","115","0","2","39","62","1","0","416","506","1","0","11","33","0.18","0.88","62","38","FFEnemyShipNocolors3","FFEnemyShipNocolors1","1","3961","2024-04-30 12:41:05"
"631c8e97db06f601f81bd82f","FullPilot","2","74","1","2","63","33","1","0","599","946","1","0","53","11","0.73","0.38","72","28","FFEnemyShipNocolors8","FFEnemyShipNoColors12","1","1639","2024-04-30 12:41:08"
"5c5ac2869d974300015d81fc","FullPilot","2","116","1","2","75","52","0","1","477","616","0","1","13","11","0.18","0.38","72","28","FFEnemyShipNocolors8","FFEnemyShipNoColors12","0","3961","2024-04-30 12:41:08"
"5c5ac2869d974300015d81fc","FullPilot","2","117","1","2","78","64","0","1","402","520","0","1","27","14","0.38","0.5","72","28","FFEnemyShipNocolors8","FFEnemyShipNoColors12","1","4025","2024-04-30 12:41:10"
"631c8e97db06f601f81bd82f","FullPilot","2","75","0","1","49","25","1","1","639","1013","1","0","31","33","0.5","0.88","62","38","FFEnemyShipNocolors3","FFEnemyShipNocolors1","1","1688","2024-04-30 12:41:11"
"5c5ac2869d974300015d81fc","FullPilot","2","118","0","1","32","47","1","1","444","583","1","0","51","28","0.82","0.73","62","38","FFEnemyShipNocolors3","FFEnemyShipNocolors1","1","4057","2024-04-30 12:41:13"
"631c8e97db06f601f81bd82f","FullPilot","2","76","1","2","87","28","1","0","707","1078","1","0","53","8","0.73","0.27","72","28","FFEnemyShipNocolors8","FFEnemyShipNoColors12","1","1716","2024-04-30 12:41:14"
"5c5ac2869d974300015d81fc","FullPilot","2","119","0","2","52","19","1","0","402","541","1","0","17","7","0.27","0.18","62","38","FFEnemyShipNocolors3","FFEnemyShipNocolors1","1","4076","2024-04-30 12:41:15"
"631c8e97db06f601f81bd82f","FullPilot","2","77","0","1","45","41","1","1","666","1053","1","0","31","33","0.5","0.88","62","38","FFEnemyShipNocolors3","FFEnemyShipNocolors1","0","1716","2024-04-30 12:41:17"
"5c5ac2869d974300015d81fc","FullPilot","2","120","1","2","85","14","1","0","319","416","1","0","9","25","0.12","0.88","72","28","FFEnemyShipNocolors8","FFEnemyShipNoColors12","1","4090","2024-04-30 12:41:18"
"631c8e97db06f601f81bd82f","FullPilot","2","78","1","2","79","22","1","0","559","893","1","0","19","25","0.27","0.88","72","28","FFEnemyShipNocolors8","FFEnemyShipNoColors12","1","1738","2024-04-30 12:41:20"
"5c5ac2869d974300015d81fc","FullPilot","2","121","1","2","45","51","1","0","319","375","1","0","13","23","0.18","0.82","72","28","FFEnemyShipNocolors8","FFEnemyShipNoColors12","1","4141","2024-04-30 12:41:20"
"5c5ac2869d974300015d81fc","FullPilot","2","122","1","1","78","39","0","0","354","458","0","1","63","23","0.88","0.82","72","28","FFEnemyShipNocolors8","FFEnemyShipNoColors12","1","4219","2024-04-30 12:41:23"
"631c8e97db06f601f81bd82f","FullPilot","2","79","1","2","94","54","1","0","721","1001","1","0","27","5","0.38","0.18","72","28","FFEnemyShipNocolors8","FFEnemyShipNoColors12","0","1738","2024-04-30 12:41:23"
"5c5ac2869d974300015d81fc","FullPilot","2","123","0","1","59","48","0","0","479","625","0","1","24","5","0.38","0.12","62","38","FFEnemyShipNocolors3","FFEnemyShipNocolors1","0","4219","2024-04-30 12:41:26"
"631c8e97db06f601f81bd82f","FullPilot","2","80","1","2","85","59","0","1","559","919","0","1","36","11","0.5","0.38","72","28","FFEnemyShipNocolors8","FFEnemyShipNoColors12","0","1738","2024-04-30 12:41:26"
"5c5ac2869d974300015d81fc","FullPilot","2","124","0","1","51","51","0","0","743","923","0","1","24","7","0.38","0.18","62","38","FFEnemyShipNocolors3","FFEnemyShipNocolors1","0","4219","2024-04-30 12:41:29"
"631c8e97db06f601f81bd82f","FullPilot","2","81","1","1","77","8","1","1","626","961","1","0","63","8","0.88","0.27","72","28","FFEnemyShipNocolors8","FFEnemyShipNoColors12","1","1815","2024-04-30 12:41:29"
"5c5ac2869d974300015d81fc","FullPilot","2","125","1","2","88","42","0","1","604","924","0","1","53","25","0.73","0.88","72","28","FFEnemyShipNocolors8","FFEnemyShipNoColors12","1","4261","2024-04-30 12:41:32"
"631c8e97db06f601f81bd82f","FullPilot","2","82","0","0","67","47","0","1","3307","0","1","0","45","14","0.73","0.38","62","38","FFEnemyShipNocolors3","FFEnemyShipNocolors1","0","1815","2024-04-30 12:41:34"
"5c5ac2869d974300015d81fc","FullPilot","2","126","1","2","62","24","1","0","902","1034","1","0","9","11","0.12","0.38","72","28","FFEnemyShipNocolors8","FFEnemyShipNoColors12","1","4285","2024-04-30 12:41:35"
"631c8e97db06f601f81bd82f","FullPilot","2","83","1","1","69","9","1","1","1200","1640","1","0","59","25","0.82","0.88","72","28","FFEnemyShipNocolors8","FFEnemyShipNoColors12","1","1884","2024-04-30 12:41:37"
"5c5ac2869d974300015d81fc","FullPilot","2","127","1","2","65","15","1","0","576","1285","1","0","27","25","0.38","0.88","72","28","FFEnemyShipNocolors8","FFEnemyShipNoColors12","1","4300","2024-04-30 12:41:38"
"631c8e97db06f601f81bd82f","FullPilot","2","84","0","1","67","38","1","1","720","1027","1","0","51","28","0.82","0.73","62","38","FFEnemyShipNocolors3","FFEnemyShipNocolors1","1","1951","2024-04-30 12:41:40"
"5c5ac2869d974300015d81fc","FullPilot","2","128","0","2","78","82","1","0","1222","1604","1","0","11","24","0.18","0.62","62","38","FFEnemyShipNocolors3","FFEnemyShipNocolors1","1","4382","2024-04-30 12:41:41"
"631c8e97db06f601f81bd82f","FullPilot","2","85","1","2","68","24","0","1","627","947","0","1","13","17","0.18","0.62","72","28","FFEnemyShipNocolors8","FFEnemyShipNoColors12","1","1975","2024-04-30 12:41:43"
"5c5ac2869d974300015d81fc","FullPilot","2","129","1","1","66","40","1","1","1298","1465","1","0","63","14","0.88","0.5","72","28","FFEnemyShipNocolors8","FFEnemyShipNoColors12","1","4448","2024-04-30 12:41:45"
"631c8e97db06f601f81bd82f","FullPilot","2","86","1","2","43","39","1","0","639","1039","1","0","36","20","0.5","0.73","72","28","FFEnemyShipNocolors8","FFEnemyShipNoColors12","1","2014","2024-04-30 12:41:47"
"5c5ac2869d974300015d81fc","FullPilot","2","130","0","1","89","54","0","0","478","911","1","1","45","31","0.73","0.82","62","38","FFEnemyShipNocolors3","FFEnemyShipNocolors1","1","4537","2024-04-30 12:41:48"
"631c8e97db06f601f81bd82f","FullPilot","2","87","0","1","99","43","1","1","639","973","1","0","55","24","0.88","0.62","62","38","FFEnemyShipNocolors3","FFEnemyShipNocolors1","1","2113","2024-04-30 12:41:50"
"5c5ac2869d974300015d81fc","FullPilot","2","131","0","1","67","10","1","1","340","486","1","0","51","14","0.82","0.38","62","38","FFEnemyShipNocolors3","FFEnemyShipNocolors1","1","4604","2024-04-30 12:41:50"
"631c8e97db06f601f81bd82f","FullPilot","2","88","1","2","49","61","1","0","840","1133","1","0","45","11","0.62","0.38","72","28","FFEnemyShipNocolors8","FFEnemyShipNoColors12","1","2174","2024-04-30 12:41:53"
"5c5ac2869d974300015d81fc","FullPilot","2","132","1","1","92","23","1","1","319","381","1","0","53","3","0.73","0.12","72","28","FFEnemyShipNocolors8","FFEnemyShipNoColors12","1","4696","2024-04-30 12:41:53"
"631c8e97db06f601f81bd82f","FullPilot","2","89","1","2","62","1","1","0","946","1200","1","0","13","14","0.18","0.5","72","28","FFEnemyShipNocolors8","FFEnemyShipNoColors12","1","2175","2024-04-30 12:41:56"
"5c5ac2869d974300015d81fc","FullPilot","2","133","0","2","74","30","0","1","979","1076","0","1","17","31","0.27","0.82","62","38","FFEnemyShipNocolors3","FFEnemyShipNocolors1","1","4726","2024-04-30 12:41:56"
"5c5ac2869d974300015d81fc","FullPilot","2","134","1","1","85","32","0","0","360","458","0","1","45","14","0.62","0.5","72","28","FFEnemyShipNocolors8","FFEnemyShipNoColors12","0","4726","2024-04-30 12:41:59"
"631c8e97db06f601f81bd82f","FullPilot","2","90","1","2","86","63","0","1","666","1005","0","1","63","3","0.88","0.12","72","28","FFEnemyShipNocolors8","FFEnemyShipNoColors12","0","2175","2024-04-30 12:41:59"
"5c5ac2869d974300015d81fc","FullPilot","2","135","1","2","82","1","1","0","361","465","1","0","13","25","0.18","0.88","72","28","FFEnemyShipNocolors8","FFEnemyShipNoColors12","1","4727","2024-04-30 12:42:01"
"631c8e97db06f601f81bd82f","FullPilot","2","91","0","2","35","36","1","0","267","920","1","0","51","10","0.82","0.27","62","38","FFEnemyShipNocolors3","FFEnemyShipNocolors1","0","2175","2024-04-30 12:42:01"
"5c5ac2869d974300015d81fc","FullPilot","2","136","1","2","77","36","0","1","402","527","0","1","53","23","0.73","0.82","72","28","FFEnemyShipNocolors8","FFEnemyShipNoColors12","0","4727","2024-04-30 12:42:04"
"631c8e97db06f601f81bd82f","FullPilot","2","92","0","1","50","42","1","1","932","1199","1","0","51","24","0.82","0.62","62","38","FFEnemyShipNocolors3","FFEnemyShipNocolors1","1","2225","2024-04-30 12:42:05"
"5c5ac2869d974300015d81fc","FullPilot","2","137","1","2","40","41","0","1","340","430","0","1","27","14","0.38","0.5","72","28","FFEnemyShipNocolors8","FFEnemyShipNoColors12","0","4727","2024-04-30 12:42:07"
"631c8e97db06f601f81bd82f","FullPilot","2","93","1","1","44","46","0","0","785","1120","0","1","63","17","0.88","0.62","72","28","FFEnemyShipNocolors8","FFEnemyShipNoColors12","1","2269","2024-04-30 12:42:08"
"5c5ac2869d974300015d81fc","FullPilot","2","138","1","1","71","21","1","1","680","778","1","0","36","8","0.5","0.27","72","28","FFEnemyShipNocolors8","FFEnemyShipNoColors12","1","4798","2024-04-30 12:42:09"
"631c8e97db06f601f81bd82f","FullPilot","2","94","0","1","89","10","0","0","879","1186","0","1","45","31","0.73","0.82","62","38","FFEnemyShipNocolors3","FFEnemyShipNocolors1","1","2358","2024-04-30 12:42:11"
"5c5ac2869d974300015d81fc","FullPilot","2","139","1","1","81","40","0","0","416","500","0","1","45","11","0.62","0.38","72","28","FFEnemyShipNocolors8","FFEnemyShipNoColors12","1","4879","2024-04-30 12:42:12"
"631c8e97db06f601f81bd82f","FullPilot","2","95","1","2","87","29","1","0","814","1179","1","0","19","11","0.27","0.38","72","28","FFEnemyShipNocolors8","FFEnemyShipNoColors12","1","2387","2024-04-30 12:42:14"
"5c5ac2869d974300015d81fc","FullPilot","2","140","0","1","53","9","0","0","381","457","0","1","55","24","0.88","0.62","62","38","FFEnemyShipNocolors3","FFEnemyShipNocolors1","1","4932","2024-04-30 12:42:14"
"631c8e97db06f601f81bd82f","FullPilot","2","96","1","2","84","48","0","1","774","1147","0","1","53","25","0.73","0.88","72","28","FFEnemyShipNocolors8","FFEnemyShipNoColors12","1","2435","2024-04-30 12:42:17"
"5c5ac2869d974300015d81fc","FullPilot","2","141","1","2","68","37","0","1","340","423","0","1","9","11","0.12","0.38","72","28","FFEnemyShipNocolors8","FFEnemyShipNoColors12","0","4932","2024-04-30 12:42:17"
"5c5ac2869d974300015d81fc","FullPilot","2","142","0","1","62","53","0","0","395","446","0","1","51","19","0.82","0.5","62","38","FFEnemyShipNocolors3","FFEnemyShipNocolors1","1","4994","2024-04-30 12:42:19"
"631c8e97db06f601f81bd82f","FullPilot","2","97","0","2","26","2","0","1","800","1187","0","1","17","33","0.27","0.88","62","38","FFEnemyShipNocolors3","FFEnemyShipNocolors1","1","2437","2024-04-30 12:42:20"
"5c5ac2869d974300015d81fc","FullPilot","2","143","0","2","56","42","0","1","465","555","0","1","7","7","0.12","0.18","62","38","FFEnemyShipNocolors3","FFEnemyShipNocolors1","0","4994","2024-04-30 12:42:22"
"631c8e97db06f601f81bd82f","FullPilot","2","98","1","1","70","9","1","1","893","1520","1","0","45","5","0.62","0.18","72","28","FFEnemyShipNocolors8","FFEnemyShipNoColors12","1","2507","2024-04-30 12:42:23"
"631c8e97db06f601f81bd82f","FullPilot","2","99","1","2","34","0","1","0","667","1054","1","0","27","23","0.38","0.82","72","28","FFEnemyShipNocolors8","FFEnemyShipNoColors12","1","2507","2024-04-30 12:42:26"
"631c8e97db06f601f81bd82f","FullPilot","2","100","0","2","81","40","1","0","681","1198","1","0","11","28","0.18","0.73","62","38","FFEnemyShipNocolors3","FFEnemyShipNocolors1","1","2547","2024-04-30 12:42:29"
"631c8e97db06f601f81bd82f","FullPilot","2","101","0","1","85","54","1","1","827","1266","1","0","55","14","0.88","0.38","62","38","FFEnemyShipNocolors3","FFEnemyShipNocolors1","1","2632","2024-04-30 12:42:32"
"631c8e97db06f601f81bd82f","FullPilot","2","102","1","1","62","38","1","1","679","1347","1","0","9","14","0.12","0.5","72","28","FFEnemyShipNocolors8","FFEnemyShipNoColors12","0","2632","2024-04-30 12:42:35"
"631c8e97db06f601f81bd82f","FullPilot","2","103","0","2","52","35","1","0","719","1120","1","0","38","10","0.62","0.27","62","38","FFEnemyShipNocolors3","FFEnemyShipNocolors1","1","2667","2024-04-30 12:42:38"
"631c8e97db06f601f81bd82f","FullPilot","2","104","1","2","44","17","1","0","706","1200","1","0","59","3","0.82","0.12","72","28","FFEnemyShipNocolors8","FFEnemyShipNoColors12","0","2667","2024-04-30 12:42:42"
"631c8e97db06f601f81bd82f","FullPilot","2","105","0","1","51","54","1","1","747","1097","1","0","38","5","0.62","0.12","62","38","FFEnemyShipNocolors3","FFEnemyShipNocolors1","1","2718","2024-04-30 12:42:45"
"631c8e97db06f601f81bd82f","FullPilot","2","106","1","2","72","69","1","0","841","1241","1","0","13","23","0.18","0.82","72","28","FFEnemyShipNocolors8","FFEnemyShipNoColors12","1","2787","2024-04-30 12:42:48"
"631c8e97db06f601f81bd82f","FullPilot","2","107","1","1","56","40","0","0","906","1707","1","1","45","5","0.62","0.18","72","28","FFEnemyShipNocolors8","FFEnemyShipNoColors12","1","2843","2024-04-30 12:42:51"
"631c8e97db06f601f81bd82f","FullPilot","2","108","0","2","92","30","1","0","879","1286","1","0","17","5","0.27","0.12","62","38","FFEnemyShipNocolors3","FFEnemyShipNocolors1","0","2843","2024-04-30 12:42:54"
"631c8e97db06f601f81bd82f","FullPilot","2","109","1","2","57","42","1","0","745","1159","1","0","45","25","0.62","0.88","72","28","FFEnemyShipNocolors8","FFEnemyShipNoColors12","1","2885","2024-04-30 12:42:57"
"631c8e97db06f601f81bd82f","FullPilot","2","110","1","2","47","35","1","0","861","1196","1","0","27","3","0.38","0.12","72","28","FFEnemyShipNocolors8","FFEnemyShipNoColors12","0","2885","2024-04-30 12:43:01"
"631c8e97db06f601f81bd82f","FullPilot","2","111","0","2","37","61","0","1","719","1107","0","1","11","31","0.18","0.82","62","38","FFEnemyShipNocolors3","FFEnemyShipNocolors1","1","2946","2024-04-30 12:43:04"
"631c8e97db06f601f81bd82f","FullPilot","2","112","0","1","72","34","1","1","746","1119","1","0","17","5","0.27","0.12","62","38","FFEnemyShipNocolors3","FFEnemyShipNocolors1","0","2946","2024-04-30 12:43:07"
"631c8e97db06f601f81bd82f","FullPilot","2","113","0","1","35","15","1","1","65","653","2","0","45","24","0.73","0.62","62","38","FFEnemyShipNocolors3","FFEnemyShipNocolors1","0","2946","2024-04-30 12:43:10"
"631c8e97db06f601f81bd82f","FullPilot","2","114","0","2","62","40","0","1","306","907","0","1","38","19","0.62","0.5","62","38","FFEnemyShipNocolors3","FFEnemyShipNocolors1","1","2986","2024-04-30 12:43:13"
"631c8e97db06f601f81bd82f","FullPilot","2","115","1","2","83","6","1","0","599","1055","1","0","59","25","0.82","0.88","72","28","FFEnemyShipNocolors8","FFEnemyShipNoColors12","0","2986","2024-04-30 12:43:16"
"631c8e97db06f601f81bd82f","FullPilot","2","116","1","1","57","33","1","1","680","1350","1","0","27","17","0.38","0.62","72","28","FFEnemyShipNocolors8","FFEnemyShipNoColors12","0","2986","2024-04-30 12:43:19"
"631c8e97db06f601f81bd82f","FullPilot","2","117","0","2","75","49","0","1","972","1320","0","1","11","5","0.18","0.12","62","38","FFEnemyShipNocolors3","FFEnemyShipNocolors1","0","2986","2024-04-30 12:43:22"
"631c8e97db06f601f81bd82f","FullPilot","2","118","1","2","45","28","1","0","919","1572","1","0","36","20","0.5","0.73","72","28","FFEnemyShipNocolors8","FFEnemyShipNoColors12","1","3014","2024-04-30 12:43:26"
"631c8e97db06f601f81bd82f","FullPilot","2","119","0","2","67","49","1","0","1703","2037","1","0","17","19","0.27","0.5","62","38","FFEnemyShipNocolors3","FFEnemyShipNocolors1","1","3063","2024-04-30 12:43:29"
"5c5ac2869d974300015d81fc","FullPilot","3","0","1","1","76","25","1","1","180","681","1","2","27","8","0.38","0.27","72","28","FFEnemyShipNocolors7","FFEnemyShipNoColors9","1","76","2024-04-30 12:43:32"
"631c8e97db06f601f81bd82f","FullPilot","2","120","0","2","85","28","0","1","1053","1587","0","1","45","33","0.73","0.88","62","38","FFEnemyShipNocolors3","FFEnemyShipNocolors1","1","3091","2024-04-30 12:43:33"
"5c5ac2869d974300015d81fc","FullPilot","3","1","1","2","85","39","0","1","118","208","0","1","27","25","0.38","0.88","72","28","FFEnemyShipNocolors7","FFEnemyShipNoColors9","1","115","2024-04-30 12:43:34"
"631c8e97db06f601f81bd82f","FullPilot","2","121","0","1","45","32","0","0","813","1534","0","1","38","5","0.62","0.12","62","38","FFEnemyShipNocolors3","FFEnemyShipNocolors1","1","3136","2024-04-30 12:43:36"
"5c5ac2869d974300015d81fc","FullPilot","3","2","0","2","85","19","0","1","117","208","0","1","31","31","0.5","0.82","62","38","FFEnemyShipNoColors11","FFEnemyShipNocolors6","0","115","2024-04-30 12:43:37"
"631c8e97db06f601f81bd82f","FullPilot","2","122","1","2","64","34","1","0","719","1066","1","0","27","20","0.38","0.73","72","28","FFEnemyShipNocolors8","FFEnemyShipNoColors12","1","3170","2024-04-30 12:43:39"
"5c5ac2869d974300015d81fc","FullPilot","3","3","1","2","61","31","1","0","62","159","1","0","36","25","0.5","0.88","72","28","FFEnemyShipNocolors7","FFEnemyShipNoColors9","1","146","2024-04-30 12:43:40"
"5c5ac2869d974300015d81fc","FullPilot","3","4","1","2","61","30","0","1","138","264","0","1","53","25","0.73","0.88","72","28","FFEnemyShipNocolors7","FFEnemyShipNoColors9","1","176","2024-04-30 12:43:42"
"631c8e97db06f601f81bd82f","FullPilot","2","123","1","2","44","35","0","1","960","1453","0","1","13","14","0.18","0.5","72","28","FFEnemyShipNocolors8","FFEnemyShipNoColors12","1","3205","2024-04-30 12:43:43"
"5c5ac2869d974300015d81fc","FullPilot","3","5","1","1","42","37","1","1","138","270","1","0","19","3","0.27","0.12","72","28","FFEnemyShipNocolors7","FFEnemyShipNoColors9","0","176","2024-04-30 12:43:45"
"631c8e97db06f601f81bd82f","FullPilot","2","124","0","1","41","25","1","1","1159","1666","1","0","24","10","0.38","0.27","62","38","FFEnemyShipNocolors3","FFEnemyShipNocolors1","0","3205","2024-04-30 12:43:47"
"5c5ac2869d974300015d81fc","FullPilot","3","6","1","1","97","11","0","0","340","479","0","1","45","14","0.62","0.5","72","28","FFEnemyShipNocolors7","FFEnemyShipNoColors9","0","176","2024-04-30 12:43:48"
"631c8e97db06f601f81bd82f","FullPilot","2","125","0","2","91","18","1","0","867","1261","1","0","38","31","0.62","0.82","62","38","FFEnemyShipNocolors3","FFEnemyShipNocolors1","1","3223","2024-04-30 12:43:50"
"5c5ac2869d974300015d81fc","FullPilot","3","7","0","1","58","26","1","1","180","785","1","0","55","28","0.88","0.73","62","38","FFEnemyShipNoColors11","FFEnemyShipNocolors6","1","234","2024-04-30 12:43:51"
"631c8e97db06f601f81bd82f","FullPilot","2","126","1","1","62","21","1","1","662","1213","1","0","63","11","0.88","0.38","72","28","FFEnemyShipNocolors8","FFEnemyShipNoColors12","0","3223","2024-04-30 12:43:53"
"5c5ac2869d974300015d81fc","FullPilot","3","8","1","2","83","32","1","0","256","388","1","0","9","8","0.12","0.27","72","28","FFEnemyShipNocolors7","FFEnemyShipNoColors9","0","234","2024-04-30 12:43:53"
"631c8e97db06f601f81bd82f","FullPilot","2","127","0","1","98","14","1","1","906","1293","1","0","11","10","0.18","0.27","62","38","FFEnemyShipNocolors3","FFEnemyShipNocolors1","0","3223","2024-04-30 12:43:56"
"5c5ac2869d974300015d81fc","FullPilot","3","9","0","1","37","73","0","0","215","312","0","1","24","5","0.38","0.12","62","38","FFEnemyShipNoColors11","FFEnemyShipNocolors6","0","234","2024-04-30 12:43:56"
"5c5ac2869d974300015d81fc","FullPilot","3","10","1","1","46","10","0","0","117","235","0","1","53","5","0.73","0.18","72","28","FFEnemyShipNocolors7","FFEnemyShipNoColors9","1","280","2024-04-30 12:43:59"
"631c8e97db06f601f81bd82f","FullPilot","2","128","1","2","44","22","0","1","746","1110","0","1","19","23","0.27","0.82","72","28","FFEnemyShipNocolors8","FFEnemyShipNoColors12","1","3245","2024-04-30 12:43:59"
"5c5ac2869d974300015d81fc","FullPilot","3","11","0","1","42","36","0","0","437","569","0","1","38","14","0.62","0.38","62","38","FFEnemyShipNoColors11","FFEnemyShipNocolors6","0","280","2024-04-30 12:44:02"
"631c8e97db06f601f81bd82f","FullPilot","2","129","0","1","43","26","1","1","801","1213","1","0","51","14","0.82","0.38","62","38","FFEnemyShipNocolors3","FFEnemyShipNocolors1","1","3288","2024-04-30 12:44:02"
"5c5ac2869d974300015d81fc","FullPilot","3","12","1","1","83","37","1","1","20","590","1","1","59","17","0.82","0.62","72","28","FFEnemyShipNocolors7","FFEnemyShipNoColors9","1","363","2024-04-30 12:44:05"
"631c8e97db06f601f81bd82f","FullPilot","2","130","1","2","70","31","0","1","680","1107","0","1","9","17","0.12","0.62","72","28","FFEnemyShipNocolors8","FFEnemyShipNoColors12","1","3319","2024-04-30 12:44:05"
"5c5ac2869d974300015d81fc","FullPilot","3","13","0","1","28","46","1","1","159","319","1","0","45","14","0.73","0.38","62","38","FFEnemyShipNoColors11","FFEnemyShipNocolors6","1","391","2024-04-30 12:44:07"
"631c8e97db06f601f81bd82f","FullPilot","2","131","0","1","73","16","1","1","866","1267","1","0","45","5","0.73","0.12","62","38","FFEnemyShipNocolors3","FFEnemyShipNocolors1","0","3319","2024-04-30 12:44:08"
"5c5ac2869d974300015d81fc","FullPilot","3","14","0","1","77","43","1","1","159","298","1","0","55","10","0.88","0.27","62","38","FFEnemyShipNoColors11","FFEnemyShipNocolors6","1","468","2024-04-30 12:44:10"
"631c8e97db06f601f81bd82f","FullPilot","2","132","1","2","62","31","1","0","546","907","1","0","45","23","0.62","0.82","72","28","FFEnemyShipNocolors8","FFEnemyShipNoColors12","1","3350","2024-04-30 12:44:11"
"5c5ac2869d974300015d81fc","FullPilot","3","15","1","1","89","79","1","1","777","909","1","0","59","8","0.82","0.27","72","28","FFEnemyShipNocolors7","FFEnemyShipNoColors9","0","468","2024-04-30 12:44:13"
"631c8e97db06f601f81bd82f","FullPilot","2","133","1","1","77","16","0","0","666","1159","0","1","63","14","0.88","0.5","72","28","FFEnemyShipNocolors8","FFEnemyShipNoColors12","1","3427","2024-04-30 12:44:14"
"5c5ac2869d974300015d81fc","FullPilot","3","16","0","2","68","37","1","0","360","541","1","0","17","19","0.27","0.5","62","38","FFEnemyShipNoColors11","FFEnemyShipNocolors6","1","505","2024-04-30 12:44:16"
"631c8e97db06f601f81bd82f","FullPilot","2","134","1","1","71","9","0","0","624","891","0","1","53","17","0.73","0.62","72","28","FFEnemyShipNocolors8","FFEnemyShipNoColors12","1","3498","2024-04-30 12:44:17"
"5c5ac2869d974300015d81fc","FullPilot","3","17","1","1","89","12","1","1","118","292","1","0","53","14","0.73","0.5","72","28","FFEnemyShipNocolors7","FFEnemyShipNoColors9","1","594","2024-04-30 12:44:18"
"631c8e97db06f601f81bd82f","FullPilot","2","135","0","2","58","73","1","0","694","987","1","0","11","5","0.18","0.12","62","38","FFEnemyShipNocolors3","FFEnemyShipNocolors1","0","3498","2024-04-30 12:44:21"
"5c5ac2869d974300015d81fc","FullPilot","3","18","1","1","84","16","1","1","479","625","1","0","13","3","0.18","0.12","72","28","FFEnemyShipNocolors7","FFEnemyShipNoColors9","0","594","2024-04-30 12:44:22"
"631c8e97db06f601f81bd82f","FullPilot","2","136","1","2","92","17","0","1","639","974","0","1","9","5","0.12","0.18","72","28","FFEnemyShipNocolors8","FFEnemyShipNoColors12","1","3515","2024-04-30 12:44:24"
"5c5ac2869d974300015d81fc","FullPilot","3","19","0","2","41","48","1","0","145","264","1","0","7","33","0.12","0.88","62","38","FFEnemyShipNoColors11","FFEnemyShipNocolors6","1","642","2024-04-30 12:44:24"
"5c5ac2869d974300015d81fc","FullPilot","3","20","0","1","22","33","0","0","284","493","0","1","51","24","0.82","0.62","62","38","FFEnemyShipNoColors11","FFEnemyShipNocolors6","1","664","2024-04-30 12:44:27"
"631c8e97db06f601f81bd82f","FullPilot","2","137","1","1","86","32","0","0","691","1078","0","1","36","8","0.5","0.27","72","28","FFEnemyShipNocolors8","FFEnemyShipNoColors12","0","3515","2024-04-30 12:44:27"
"5c5ac2869d974300015d81fc","FullPilot","3","21","0","2","46","30","0","1","159","271","0","1","7","31","0.12","0.82","62","38","FFEnemyShipNoColors11","FFEnemyShipNocolors6","0","664","2024-04-30 12:44:29"
"631c8e97db06f601f81bd82f","FullPilot","2","138","0","1","53","2","0","0","679","1213","0","1","51","7","0.82","0.18","62","38","FFEnemyShipNocolors3","FFEnemyShipNocolors1","1","3568","2024-04-30 12:44:30"
"5c5ac2869d974300015d81fc","FullPilot","3","22","0","1","48","25","0","0","83","249","0","1","55","19","0.88","0.5","62","38","FFEnemyShipNoColors11","FFEnemyShipNocolors6","1","712","2024-04-30 12:44:32"
"631c8e97db06f601f81bd82f","FullPilot","2","139","0","1","58","49","1","1","1241","2121","1","1","55","28","0.88","0.73","62","38","FFEnemyShipNocolors3","FFEnemyShipNocolors1","1","3626","2024-04-30 12:44:33"
"5c5ac2869d974300015d81fc","FullPilot","3","23","1","2","59","39","0","1","360","625","0","1","36","17","0.5","0.62","72","28","FFEnemyShipNocolors7","FFEnemyShipNoColors9","0","712","2024-04-30 12:44:35"
"631c8e97db06f601f81bd82f","FullPilot","2","140","0","2","43","43","1","0","720","1053","1","0","11","28","0.18","0.73","62","38","FFEnemyShipNocolors3","FFEnemyShipNocolors1","1","3669","2024-04-30 12:44:36"
"5c5ac2869d974300015d81fc","FullPilot","3","24","0","2","64","52","1","0","437","639","1","0","11","19","0.18","0.5","62","38","FFEnemyShipNoColors11","FFEnemyShipNocolors6","0","712","2024-04-30 12:44:38"
"631c8e97db06f601f81bd82f","FullPilot","2","141","0","2","77","39","1","0","839","1146","1","0","38","33","0.62","0.88","62","38","FFEnemyShipNocolors3","FFEnemyShipNocolors1","1","3708","2024-04-30 12:44:39"
"5c5ac2869d974300015d81fc","FullPilot","3","25","1","1","74","21","0","0","124","326","0","1","63","17","0.88","0.62","72","28","FFEnemyShipNocolors7","FFEnemyShipNoColors9","1","786","2024-04-30 12:44:41"
"631c8e97db06f601f81bd82f","FullPilot","2","142","0","1","84","33","0","0","679","1053","0","1","55","10","0.88","0.27","62","38","FFEnemyShipNocolors3","FFEnemyShipNocolors1","1","3792","2024-04-30 12:44:42"
"5c5ac2869d974300015d81fc","FullPilot","3","26","1","1","69","11","1","1","479","597","1","0","63","3","0.88","0.12","72","28","FFEnemyShipNocolors7","FFEnemyShipNoColors9","1","855","2024-04-30 12:44:44"
"631c8e97db06f601f81bd82f","FullPilot","2","143","0","2","46","63","1","0","800","1187","1","0","24","28","0.38","0.73","62","38","FFEnemyShipNocolors3","FFEnemyShipNocolors1","0","3792","2024-04-30 12:44:46"
"5c5ac2869d974300015d81fc","FullPilot","3","27","0","1","38","70","1","1","1340","1562","1","0","51","7","0.82","0.18","62","38","FFEnemyShipNoColors11","FFEnemyShipNocolors6","0","855","2024-04-30 12:44:48"
"5c5ac2869d974300015d81fc","FullPilot","3","28","1","1","49","26","1","1","541","701","1","0","27","8","0.38","0.27","72","28","FFEnemyShipNocolors7","FFEnemyShipNoColors9","0","855","2024-04-30 12:44:51"
"5c5ac2869d974300015d81fc","FullPilot","3","29","1","1","78","40","1","1","423","562","1","0","13","3","0.18","0.12","72","28","FFEnemyShipNocolors7","FFEnemyShipNoColors9","0","855","2024-04-30 12:44:53"
"5c5ac2869d974300015d81fc","FullPilot","3","30","0","2","61","45","1","0","1180","1305","1","0","17","33","0.27","0.88","62","38","FFEnemyShipNoColors11","FFEnemyShipNocolors6","1","900","2024-04-30 12:44:57"
"5c5ac2869d974300015d81fc","FullPilot","3","31","0","1","56","9","0","0","298","409","0","1","31","10","0.5","0.27","62","38","FFEnemyShipNoColors11","FFEnemyShipNocolors6","1","956","2024-04-30 12:44:59"
"5c5ac2869d974300015d81fc","FullPilot","3","32","0","1","75","64","1","1","41","159","1","0","55","7","0.88","0.18","62","38","FFEnemyShipNoColors11","FFEnemyShipNocolors6","1","1031","2024-04-30 12:45:02"
"5c5ac2869d974300015d81fc","FullPilot","3","33","0","1","53","18","0","0","201","326","0","1","17","7","0.27","0.18","62","38","FFEnemyShipNoColors11","FFEnemyShipNocolors6","0","1031","2024-04-30 12:45:05"
"5c5ac2869d974300015d81fc","FullPilot","3","34","0","1","72","36","0","0","117","229","0","1","38","5","0.62","0.12","62","38","FFEnemyShipNoColors11","FFEnemyShipNocolors6","0","1031","2024-04-30 12:45:07"
"5c5ac2869d974300015d81fc","FullPilot","3","35","0","2","67","31","1","0","20","159","1","0","17","24","0.27","0.62","62","38","FFEnemyShipNoColors11","FFEnemyShipNocolors6","0","1031","2024-04-30 12:45:10"
"5c5ac2869d974300015d81fc","FullPilot","3","36","1","1","95","16","1","1","159","291","1","0","63","11","0.88","0.38","72","28","FFEnemyShipNocolors7","FFEnemyShipNoColors9","1","1126","2024-04-30 12:45:13"
"5c5ac2869d974300015d81fc","FullPilot","3","37","1","2","52","40","0","1","520","632","0","1","53","25","0.73","0.88","72","28","FFEnemyShipNocolors7","FFEnemyShipNoColors9","1","1166","2024-04-30 12:45:16"
"5c5ac2869d974300015d81fc","FullPilot","3","38","1","2","88","15","1","0","777","923","1","0","9","17","0.12","0.62","72","28","FFEnemyShipNocolors7","FFEnemyShipNoColors9","1","1181","2024-04-30 12:45:19"
"5c5ac2869d974300015d81fc","FullPilot","3","39","1","1","71","34","0","0","360","485","0","1","63","17","0.88","0.62","72","28","FFEnemyShipNocolors7","FFEnemyShipNoColors9","1","1252","2024-04-30 12:45:21"
"5c5ac2869d974300015d81fc","FullPilot","3","40","0","1","15","84","1","1","222","361","1","0","45","24","0.73","0.62","62","38","FFEnemyShipNoColors11","FFEnemyShipNocolors6","1","1267","2024-04-30 12:45:24"
"5c5ac2869d974300015d81fc","FullPilot","3","41","0","2","82","17","1","0","416","590","1","0","38","28","0.62","0.73","62","38","FFEnemyShipNoColors11","FFEnemyShipNocolors6","1","1284","2024-04-30 12:45:26"
"5c5ac2869d974300015d81fc","FullPilot","3","42","0","2","39","62","0","1","236","444","0","1","24","19","0.38","0.5","62","38","FFEnemyShipNoColors11","FFEnemyShipNocolors6","1","1346","2024-04-30 12:45:29"
"5c5ac2869d974300015d81fc","FullPilot","3","43","1","2","60","53","0","1","201","319","0","1","45","23","0.62","0.82","72","28","FFEnemyShipNocolors7","FFEnemyShipNoColors9","1","1399","2024-04-30 12:45:31"
"5c5ac2869d974300015d81fc","FullPilot","3","44","1","1","60","61","0","0","138","361","0","1","36","8","0.5","0.27","72","28","FFEnemyShipNocolors7","FFEnemyShipNoColors9","1","1459","2024-04-30 12:45:34"
"5c5ac2869d974300015d81fc","FullPilot","3","45","1","2","57","34","0","1","180","354","0","1","13","23","0.18","0.82","72","28","FFEnemyShipNocolors7","FFEnemyShipNoColors9","1","1493","2024-04-30 12:45:36"
"5c5ac2869d974300015d81fc","FullPilot","3","46","1","1","66","20","0","0","354","548","0","1","63","14","0.88","0.5","72","28","FFEnemyShipNocolors7","FFEnemyShipNoColors9","1","1559","2024-04-30 12:45:39"
"5c5ac2869d974300015d81fc","FullPilot","3","47","1","2","55","10","1","0","138","271","1","0","13","23","0.18","0.82","72","28","FFEnemyShipNocolors7","FFEnemyShipNoColors9","1","1569","2024-04-30 12:45:41"
"5c5ac2869d974300015d81fc","FullPilot","3","48","1","2","53","28","1","0","256","354","1","0","13","20","0.18","0.73","72","28","FFEnemyShipNocolors7","FFEnemyShipNoColors9","1","1597","2024-04-30 12:45:44"
"5c5ac2869d974300015d81fc","FullPilot","3","49","0","2","73","34","0","1","305","465","0","1","11","19","0.18","0.5","62","38","FFEnemyShipNoColors11","FFEnemyShipNocolors6","1","1631","2024-04-30 12:45:46"
"5c5ac2869d974300015d81fc","FullPilot","3","50","0","2","89","38","0","1","166","298","0","1","24","19","0.38","0.5","62","38","FFEnemyShipNoColors11","FFEnemyShipNocolors6","1","1669","2024-04-30 12:45:49"
"5c5ac2869d974300015d81fc","FullPilot","3","51","1","2","77","21","1","0","242","361","1","0","45","25","0.62","0.88","72","28","FFEnemyShipNocolors7","FFEnemyShipNoColors9","1","1690","2024-04-30 12:45:51"
"5c5ac2869d974300015d81fc","FullPilot","3","52","0","2","90","31","1","0","166","298","1","0","11","33","0.18","0.88","62","38","FFEnemyShipNoColors11","FFEnemyShipNocolors6","1","1721","2024-04-30 12:45:54"
"5c5ac2869d974300015d81fc","FullPilot","3","53","1","2","73","55","0","1","124","208","0","1","36","23","0.5","0.82","72","28","FFEnemyShipNocolors7","FFEnemyShipNoColors9","1","1776","2024-04-30 12:45:56"
"5c5ac2869d974300015d81fc","FullPilot","3","54","1","1","49","41","1","1","62","187","1","0","45","14","0.62","0.5","72","28","FFEnemyShipNocolors7","FFEnemyShipNoColors9","0","1776","2024-04-30 12:45:59"
"5c5ac2869d974300015d81fc","FullPilot","3","55","1","2","53","26","1","0","62","194","1","0","9","8","0.12","0.27","72","28","FFEnemyShipNocolors7","FFEnemyShipNoColors9","0","1776","2024-04-30 12:46:02"
"5c5ac2869d974300015d81fc","FullPilot","3","56","1","1","70","32","1","1","55","208","1","0","63","11","0.88","0.38","72","28","FFEnemyShipNocolors7","FFEnemyShipNoColors9","1","1846","2024-04-30 12:46:04"
"5c5ac2869d974300015d81fc","FullPilot","3","57","0","1","84","15","0","0","236","375","0","1","24","7","0.38","0.18","62","38","FFEnemyShipNoColors11","FFEnemyShipNocolors6","0","1846","2024-04-30 12:46:07"
"5c5ac2869d974300015d81fc","FullPilot","3","58","1","2","88","27","0","1","138","278","0","1","36","25","0.5","0.88","72","28","FFEnemyShipNocolors7","FFEnemyShipNoColors9","1","1873","2024-04-30 12:46:10"
"5c5ac2869d974300015d81fc","FullPilot","3","59","1","2","46","37","0","1","180","298","0","1","45","23","0.62","0.82","72","28","FFEnemyShipNocolors7","FFEnemyShipNoColors9","1","1910","2024-04-30 12:46:12"
"5c5ac2869d974300015d81fc","FullPilot","3","60","1","2","94","34","0","1","180","402","0","1","59","20","0.82","0.73","72","28","FFEnemyShipNocolors7","FFEnemyShipNoColors9","0","1910","2024-04-30 12:46:15"
"5c5ac2869d974300015d81fc","FullPilot","3","61","1","2","87","30","1","0","319","826","1","1","53","23","0.73","0.82","72","28","FFEnemyShipNocolors7","FFEnemyShipNoColors9","1","1940","2024-04-30 12:46:18"
"5c5ac2869d974300015d81fc","FullPilot","3","62","1","2","45","51","0","1","180","305","0","1","19","20","0.27","0.73","72","28","FFEnemyShipNocolors7","FFEnemyShipNoColors9","1","1991","2024-04-30 12:46:20"
"5c5ac2869d974300015d81fc","FullPilot","3","63","0","1","43","57","0","0","97","284","0","1","51","5","0.82","0.12","62","38","FFEnemyShipNoColors11","FFEnemyShipNocolors6","1","2034","2024-04-30 12:46:23"
"5c5ac2869d974300015d81fc","FullPilot","3","64","0","1","69","49","1","1","235","368","1","0","45","24","0.73","0.62","62","38","FFEnemyShipNoColors11","FFEnemyShipNocolors6","1","2103","2024-04-30 12:46:25"
"5c5ac2869d974300015d81fc","FullPilot","3","65","0","1","74","39","0","0","499","722","0","1","45","10","0.73","0.27","62","38","FFEnemyShipNoColors11","FFEnemyShipNocolors6","1","2177","2024-04-30 12:46:28"
"5c5ac2869d974300015d81fc","FullPilot","3","66","1","1","82","13","0","0","860","965","0","1","36","5","0.5","0.18","72","28","FFEnemyShipNocolors7","FFEnemyShipNoColors9","0","2177","2024-04-30 12:46:32"
"5c5ac2869d974300015d81fc","FullPilot","3","67","1","2","57","56","1","0","479","597","1","0","9","20","0.12","0.73","72","28","FFEnemyShipNocolors7","FFEnemyShipNoColors9","1","2233","2024-04-30 12:46:35"
"5c5ac2869d974300015d81fc","FullPilot","3","68","1","2","62","53","0","1","62","201","0","1","19","23","0.27","0.82","72","28","FFEnemyShipNocolors7","FFEnemyShipNoColors9","1","2286","2024-04-30 12:46:37"
"5c5ac2869d974300015d81fc","FullPilot","3","69","1","1","42","40","1","1","138","243","1","0","36","11","0.5","0.38","72","28","FFEnemyShipNocolors7","FFEnemyShipNoColors9","0","2286","2024-04-30 12:46:40"
"5c5ac2869d974300015d81fc","FullPilot","3","70","0","1","76","48","1","1","235","381","1","0","45","7","0.73","0.18","62","38","FFEnemyShipNoColors11","FFEnemyShipNocolors6","1","2362","2024-04-30 12:46:42"
"5c5ac2869d974300015d81fc","FullPilot","3","71","1","1","98","3","0","0","256","465","0","1","59","3","0.82","0.12","72","28","FFEnemyShipNocolors7","FFEnemyShipNoColors9","1","2460","2024-04-30 12:46:45"
"5c5ac2869d974300015d81fc","FullPilot","3","72","1","1","75","28","1","1","298","486","1","0","27","5","0.38","0.18","72","28","FFEnemyShipNocolors7","FFEnemyShipNoColors9","1","2535","2024-04-30 12:46:47"
"5c5ac2869d974300015d81fc","FullPilot","3","73","0","1","53","42","0","0","256","479","0","1","38","7","0.62","0.18","62","38","FFEnemyShipNoColors11","FFEnemyShipNocolors6","1","2588","2024-04-30 12:46:50"
"5c5ac2869d974300015d81fc","FullPilot","3","74","0","2","65","42","0","1","305","444","0","1","17","14","0.27","0.38","62","38","FFEnemyShipNoColors11","FFEnemyShipNocolors6","1","2630","2024-04-30 12:46:52"
"5c5ac2869d974300015d81fc","FullPilot","3","75","1","1","63","10","1","1","180","277","1","0","27","3","0.38","0.12","72","28","FFEnemyShipNocolors7","FFEnemyShipNoColors9","0","2630","2024-04-30 12:46:55"
"5c5ac2869d974300015d81fc","FullPilot","3","76","0","1","83","54","0","0","138","284","0","1","31","14","0.5","0.38","62","38","FFEnemyShipNoColors11","FFEnemyShipNocolors6","1","2713","2024-04-30 12:46:58"
"5c5ac2869d974300015d81fc","FullPilot","3","77","0","2","49","43","1","0","97","201","1","0","17","24","0.27","0.62","62","38","FFEnemyShipNoColors11","FFEnemyShipNocolors6","1","2756","2024-04-30 12:47:00"
"5c5ac2869d974300015d81fc","FullPilot","3","78","1","1","54","21","0","0","76","243","0","1","53","11","0.73","0.38","72","28","FFEnemyShipNocolors7","FFEnemyShipNoColors9","0","2756","2024-04-30 12:47:03"
"5c5ac2869d974300015d81fc","FullPilot","3","79","1","2","58","14","0","1","118","270","0","1","9","14","0.12","0.5","72","28","FFEnemyShipNocolors7","FFEnemyShipNoColors9","1","2770","2024-04-30 12:47:05"
"5c5ac2869d974300015d81fc","FullPilot","3","80","1","2","80","12","0","1","437","562","0","1","19","14","0.27","0.5","72","28","FFEnemyShipNocolors7","FFEnemyShipNoColors9","0","2770","2024-04-30 12:47:09"
"5c5ac2869d974300015d81fc","FullPilot","3","81","1","1","59","29","0","0","221","395","0","1","45","3","0.62","0.12","72","28","FFEnemyShipNocolors7","FFEnemyShipNoColors9","1","2829","2024-04-30 12:47:11"
"5c5ac2869d974300015d81fc","FullPilot","3","82","0","1","63","21","0","0","381","521","0","1","51","10","0.82","0.27","62","38","FFEnemyShipNoColors11","FFEnemyShipNocolors6","1","2892","2024-04-30 12:47:14"
"5c5ac2869d974300015d81fc","FullPilot","3","83","0","2","28","48","1","0","104","229","1","0","24","33","0.38","0.88","62","38","FFEnemyShipNoColors11","FFEnemyShipNocolors6","1","2940","2024-04-30 12:47:17"
"5c5ac2869d974300015d81fc","FullPilot","3","84","0","2","84","23","0","1","402","583","0","1","31","28","0.5","0.73","62","38","FFEnemyShipNoColors11","FFEnemyShipNocolors6","1","2963","2024-04-30 12:47:19"
"5c5ac2869d974300015d81fc","FullPilot","3","85","0","1","39","53","1","1","277","812","1","1","11","10","0.18","0.27","62","38","FFEnemyShipNoColors11","FFEnemyShipNocolors6","1","3002","2024-04-30 12:47:22"
"5c5ac2869d974300015d81fc","FullPilot","3","86","0","2","69","49","0","1","201","312","0","1","7","33","0.12","0.88","62","38","FFEnemyShipNoColors11","FFEnemyShipNocolors6","1","3051","2024-04-30 12:47:25"
"5c5ac2869d974300015d81fc","FullPilot","3","87","1","1","68","43","0","0","83","229","0","1","53","8","0.73","0.27","72","28","FFEnemyShipNocolors7","FFEnemyShipNoColors9","1","3119","2024-04-30 12:47:27"
"5c5ac2869d974300015d81fc","FullPilot","3","88","1","1","69","0","1","1","180","291","1","0","59","11","0.82","0.38","72","28","FFEnemyShipNocolors7","FFEnemyShipNoColors9","1","3188","2024-04-30 12:47:30"
"5c5ac2869d974300015d81fc","FullPilot","3","89","1","2","77","16","0","1","222","312","0","1","9","5","0.12","0.18","72","28","FFEnemyShipNocolors7","FFEnemyShipNoColors9","0","3188","2024-04-30 12:47:33"
"5c5ac2869d974300015d81fc","FullPilot","3","90","1","2","81","46","0","1","222","340","0","1","19","25","0.27","0.88","72","28","FFEnemyShipNocolors7","FFEnemyShipNoColors9","1","3234","2024-04-30 12:47:35"
"5c5ac2869d974300015d81fc","FullPilot","3","91","0","2","69","60","1","0","117","236","1","0","11","24","0.18","0.62","62","38","FFEnemyShipNoColors11","FFEnemyShipNocolors6","1","3294","2024-04-30 12:47:38"
"5c5ac2869d974300015d81fc","FullPilot","3","92","0","2","52","44","1","0","395","465","1","0","7","31","0.12","0.82","62","38","FFEnemyShipNoColors11","FFEnemyShipNocolors6","1","3338","2024-04-30 12:47:40"
"5c5ac2869d974300015d81fc","FullPilot","3","93","0","1","56","37","0","0","215","465","0","1","55","28","0.88","0.73","62","38","FFEnemyShipNoColors11","FFEnemyShipNocolors6","1","3394","2024-04-30 12:47:43"
"5c5ac2869d974300015d81fc","FullPilot","3","94","1","1","68","16","1","1","256","354","1","0","19","5","0.27","0.18","72","28","FFEnemyShipNocolors7","FFEnemyShipNoColors9","0","3394","2024-04-30 12:47:45"
"5c5ac2869d974300015d81fc","FullPilot","3","95","1","2","83","35","0","1","159","326","0","1","13","11","0.18","0.38","72","28","FFEnemyShipNocolors7","FFEnemyShipNoColors9","1","3429","2024-04-30 12:47:48"
"5c5ac2869d974300015d81fc","FullPilot","3","96","0","2","76","49","0","1","104","270","0","1","7","19","0.12","0.5","62","38","FFEnemyShipNoColors11","FFEnemyShipNocolors6","0","3429","2024-04-30 12:47:51"
"5c5ac2869d974300015d81fc","FullPilot","3","97","0","1","50","15","0","0","159","319","0","1","51","19","0.82","0.5","62","38","FFEnemyShipNoColors11","FFEnemyShipNocolors6","1","3479","2024-04-30 12:47:53"
"5c5ac2869d974300015d81fc","FullPilot","3","98","0","1","68","29","1","1","242","340","1","0","31","7","0.5","0.18","62","38","FFEnemyShipNoColors11","FFEnemyShipNocolors6","0","3479","2024-04-30 12:47:56"
"5c5ac2869d974300015d81fc","FullPilot","3","99","1","2","63","35","1","0","117","243","1","0","36","17","0.5","0.62","72","28","FFEnemyShipNocolors7","FFEnemyShipNoColors9","1","3514","2024-04-30 12:47:58"
"5c5ac2869d974300015d81fc","FullPilot","3","100","0","1","87","38","1","1","97","194","1","0","55","10","0.88","0.27","62","38","FFEnemyShipNoColors11","FFEnemyShipNocolors6","1","3601","2024-04-30 12:48:01"
"5c5ac2869d974300015d81fc","FullPilot","3","101","0","2","49","8","1","0","256","389","1","0","17","14","0.27","0.38","62","38","FFEnemyShipNoColors11","FFEnemyShipNocolors6","1","3609","2024-04-30 12:48:03"
"5c5ac2869d974300015d81fc","FullPilot","3","102","1","1","33","43","0","0","138","291","0","1","36","3","0.5","0.12","72","28","FFEnemyShipNocolors7","FFEnemyShipNoColors9","0","3609","2024-04-30 12:48:06"
"5c5ac2869d974300015d81fc","FullPilot","3","103","0","1","47","30","1","1","242","347","1","0","55","31","0.88","0.82","62","38","FFEnemyShipNoColors11","FFEnemyShipNocolors6","1","3656","2024-04-30 12:48:09"
"5c5ac2869d974300015d81fc","FullPilot","3","104","0","1","36","36","0","0","263","347","0","1","38","14","0.62","0.38","62","38","FFEnemyShipNoColors11","FFEnemyShipNocolors6","1","3692","2024-04-30 12:48:11"
"5c5ac2869d974300015d81fc","FullPilot","3","105","1","2","72","17","1","0","145","236","1","0","19","23","0.27","0.82","72","28","FFEnemyShipNocolors7","FFEnemyShipNoColors9","1","3709","2024-04-30 12:48:14"
"5c5ac2869d974300015d81fc","FullPilot","3","106","1","1","41","16","0","0","125","236","0","1","53","3","0.73","0.12","72","28","FFEnemyShipNocolors7","FFEnemyShipNoColors9","1","3750","2024-04-30 12:48:16"
"5c5ac2869d974300015d81fc","FullPilot","3","107","1","1","72","26","1","1","159","340","1","0","19","3","0.27","0.12","72","28","FFEnemyShipNocolors7","FFEnemyShipNoColors9","0","3750","2024-04-30 12:48:19"
"5c5ac2869d974300015d81fc","FullPilot","3","108","0","2","92","61","0","1","83","222","0","1","51","33","0.82","0.88","62","38","FFEnemyShipNoColors11","FFEnemyShipNocolors6","1","3811","2024-04-30 12:48:22"
"5c5ac2869d974300015d81fc","FullPilot","3","109","1","2","61","54","1","0","117","284","1","0","36","20","0.5","0.73","72","28","FFEnemyShipNocolors7","FFEnemyShipNoColors9","0","3811","2024-04-30 12:48:24"
"5c5ac2869d974300015d81fc","FullPilot","3","110","0","1","40","51","0","0","97","166","0","1","45","5","0.73","0.12","62","38","FFEnemyShipNoColors11","FFEnemyShipNocolors6","1","3851","2024-04-30 12:48:27"
"5c5ac2869d974300015d81fc","FullPilot","3","111","0","1","44","49","0","0","97","229","0","1","55","31","0.88","0.82","62","38","FFEnemyShipNoColors11","FFEnemyShipNocolors6","1","3895","2024-04-30 12:48:29"
"5c5ac2869d974300015d81fc","FullPilot","3","112","1","2","75","73","0","1","194","312","0","1","13","11","0.18","0.38","72","28","FFEnemyShipNocolors7","FFEnemyShipNoColors9","1","3968","2024-04-30 12:48:32"
"5c5ac2869d974300015d81fc","FullPilot","3","113","0","1","50","27","0","0","96","208","0","1","51","14","0.82","0.38","62","38","FFEnemyShipNoColors11","FFEnemyShipNocolors6","1","4018","2024-04-30 12:48:34"
"5c5ac2869d974300015d81fc","FullPilot","3","114","1","2","97","44","0","1","159","312","0","1","9","5","0.12","0.18","72","28","FFEnemyShipNocolors7","FFEnemyShipNoColors9","0","4018","2024-04-30 12:48:37"
"5c5ac2869d974300015d81fc","FullPilot","3","115","0","2","73","47","1","0","138","555","1","1","7","14","0.12","0.38","62","38","FFEnemyShipNoColors11","FFEnemyShipNocolors6","0","4018","2024-04-30 12:48:40"
"5c5ac2869d974300015d81fc","FullPilot","3","116","0","1","59","42","0","0","83","208","0","1","38","10","0.62","0.27","62","38","FFEnemyShipNoColors11","FFEnemyShipNocolors6","0","4018","2024-04-30 12:48:43"
"5c5ac2869d974300015d81fc","FullPilot","3","117","0","1","54","89","1","1","138","215","1","0","38","7","0.62","0.18","62","38","FFEnemyShipNoColors11","FFEnemyShipNocolors6","1","4072","2024-04-30 12:48:45"
"5c5ac2869d974300015d81fc","FullPilot","3","118","1","1","96","12","0","0","319","111","0","1","63","5","0.88","0.18","72","28","FFEnemyShipNocolors7","FFEnemyShipNoColors9","0","4072","2024-04-30 12:48:48"
"5c5ac2869d974300015d81fc","FullPilot","3","119","0","2","56","19","0","1","41","118","0","1","51","33","0.82","0.88","62","38","FFEnemyShipNoColors11","FFEnemyShipNocolors6","1","4091","2024-04-30 12:48:50"
"5c5ac2869d974300015d81fc","FullPilot","3","120","0","2","49","61","1","0","76","201","1","0","24","28","0.38","0.73","62","38","FFEnemyShipNoColors11","FFEnemyShipNocolors6","1","4152","2024-04-30 12:48:53"
"5c5ac2869d974300015d81fc","FullPilot","3","121","0","2","93","60","1","0","360","493","1","0","24","24","0.38","0.62","62","38","FFEnemyShipNoColors11","FFEnemyShipNocolors6","0","4152","2024-04-30 12:48:55"
"631c8e97db06f601f81bd82f","FullPilot","3","0","0","2","48","25","0","1","549","935","0","1","38","33","0.62","0.88","62","38","FFEnemyShipNoColors11","FFEnemyShipNocolors6","1","25","2024-04-30 12:48:57"
"5c5ac2869d974300015d81fc","FullPilot","3","122","1","2","72","28","1","0","277","354","1","0","13","20","0.18","0.73","72","28","FFEnemyShipNocolors7","FFEnemyShipNoColors9","1","4180","2024-04-30 12:48:58"
"631c8e97db06f601f81bd82f","FullPilot","3","1","1","1","68","35","0","0","705","733","0","1","45","11","0.62","0.38","72","28","FFEnemyShipNocolors7","FFEnemyShipNoColors9","1","93","2024-04-30 12:49:00"
"5c5ac2869d974300015d81fc","FullPilot","3","123","0","2","52","42","0","1","117","145","0","1","11","33","0.18","0.88","62","38","FFEnemyShipNoColors11","FFEnemyShipNocolors6","1","4222","2024-04-30 12:49:01"
"631c8e97db06f601f81bd82f","FullPilot","3","2","1","2","77","44","0","1","320","667","0","1","13","20","0.18","0.73","72","28","FFEnemyShipNocolors7","FFEnemyShipNoColors9","0","93","2024-04-30 12:49:03"
"5c5ac2869d974300015d81fc","FullPilot","3","124","0","2","63","32","0","1","118","250","0","1","24","31","0.38","0.82","62","38","FFEnemyShipNoColors11","FFEnemyShipNocolors6","1","4254","2024-04-30 12:49:03"
"5c5ac2869d974300015d81fc","FullPilot","3","125","0","2","98","25","1","0","194","291","1","0","38","28","0.62","0.73","62","38","FFEnemyShipNoColors11","FFEnemyShipNocolors6","1","4279","2024-04-30 12:49:06"
"631c8e97db06f601f81bd82f","FullPilot","3","3","0","2","83","28","0","1","226","614","0","1","17","7","0.27","0.18","62","38","FFEnemyShipNoColors11","FFEnemyShipNocolors6","0","93","2024-04-30 12:49:06"
"5c5ac2869d974300015d81fc","FullPilot","3","126","1","1","30","28","1","1","173","292","1","0","59","5","0.82","0.18","72","28","FFEnemyShipNocolors7","FFEnemyShipNoColors9","1","4309","2024-04-30 12:49:08"
"631c8e97db06f601f81bd82f","FullPilot","3","4","1","1","76","10","0","0","426","800","0","1","59","3","0.82","0.12","72","28","FFEnemyShipNocolors7","FFEnemyShipNoColors9","1","169","2024-04-30 12:49:09"
"5c5ac2869d974300015d81fc","FullPilot","3","127","1","2","87","8","1","0","124","236","1","0","19","20","0.27","0.73","72","28","FFEnemyShipNocolors7","FFEnemyShipNoColors9","1","4317","2024-04-30 12:49:11"
"631c8e97db06f601f81bd82f","FullPilot","3","5","1","1","47","30","1","1","628","1549","1","1","63","20","0.88","0.73","72","28","FFEnemyShipNocolors7","FFEnemyShipNoColors9","1","216","2024-04-30 12:49:13"
"5c5ac2869d974300015d81fc","FullPilot","3","128","1","2","69","85","1","0","222","340","1","0","9","11","0.12","0.38","72","28","FFEnemyShipNocolors7","FFEnemyShipNoColors9","1","4402","2024-04-30 12:49:13"
"5c5ac2869d974300015d81fc","FullPilot","3","129","0","1","46","12","0","0","159","257","0","1","45","31","0.73","0.82","62","38","FFEnemyShipNoColors11","FFEnemyShipNocolors6","1","4448","2024-04-30 12:49:16"
"631c8e97db06f601f81bd82f","FullPilot","3","6","0","1","67","56","1","1","546","1709","1","0","24","5","0.38","0.12","62","38","FFEnemyShipNoColors11","FFEnemyShipNocolors6","0","216","2024-04-30 12:49:16"
"5c5ac2869d974300015d81fc","FullPilot","3","130","0","1","79","45","1","1","83","166","1","0","31","5","0.5","0.12","62","38","FFEnemyShipNoColors11","FFEnemyShipNocolors6","1","4527","2024-04-30 12:49:18"
"631c8e97db06f601f81bd82f","FullPilot","3","7","0","1","55","10","1","1","439","813","1","0","55","5","0.88","0.12","62","38","FFEnemyShipNoColors11","FFEnemyShipNocolors6","1","271","2024-04-30 12:49:19"
"5c5ac2869d974300015d81fc","FullPilot","3","131","1","1","27","23","1","1","41","145","1","0","59","14","0.82","0.5","72","28","FFEnemyShipNocolors7","FFEnemyShipNoColors9","1","4554","2024-04-30 12:49:21"
"631c8e97db06f601f81bd82f","FullPilot","3","8","0","1","61","16","0","0","344","745","0","1","55","10","0.88","0.27","62","38","FFEnemyShipNoColors11","FFEnemyShipNocolors6","1","332","2024-04-30 12:49:22"
"5c5ac2869d974300015d81fc","FullPilot","3","132","1","2","98","7","1","0","83","166","1","0","59","20","0.82","0.73","72","28","FFEnemyShipNocolors7","FFEnemyShipNoColors9","1","4561","2024-04-30 12:49:23"
"631c8e97db06f601f81bd82f","FullPilot","3","9","0","1","62","67","0","0","398","838","0","1","51","19","0.82","0.5","62","38","FFEnemyShipNoColors11","FFEnemyShipNocolors6","1","394","2024-04-30 12:49:25"
"5c5ac2869d974300015d81fc","FullPilot","3","133","0","1","89","34","1","1","83","187","1","0","38","10","0.62","0.27","62","38","FFEnemyShipNoColors11","FFEnemyShipNocolors6","1","4650","2024-04-30 12:49:26"
"631c8e97db06f601f81bd82f","FullPilot","3","10","0","1","56","57","1","1","426","827","1","0","45","10","0.73","0.27","62","38","FFEnemyShipNoColors11","FFEnemyShipNocolors6","1","450","2024-04-30 12:49:28"
"5c5ac2869d974300015d81fc","FullPilot","3","134","0","2","67","34","1","0","180","333","1","0","11","10","0.18","0.27","62","38","FFEnemyShipNoColors11","FFEnemyShipNocolors6","0","4650","2024-04-30 12:49:28"
"5c5ac2869d974300015d81fc","FullPilot","3","135","1","1","90","39","1","1","41","131","1","0","63","3","0.88","0.12","72","28","FFEnemyShipNocolors7","FFEnemyShipNoColors9","1","4740","2024-04-30 12:49:31"
"631c8e97db06f601f81bd82f","FullPilot","3","11","0","1","75","46","1","1","306","1013","1","0","11","14","0.18","0.38","62","38","FFEnemyShipNoColors11","FFEnemyShipNocolors6","0","450","2024-04-30 12:49:31"
"5c5ac2869d974300015d81fc","FullPilot","3","136","0","2","37","28","1","0","117","235","1","0","7","28","0.12","0.73","62","38","FFEnemyShipNoColors11","FFEnemyShipNocolors6","1","4768","2024-04-30 12:49:33"
"631c8e97db06f601f81bd82f","FullPilot","3","12","0","2","66","38","0","1","560","987","0","1","11","24","0.18","0.62","62","38","FFEnemyShipNoColors11","FFEnemyShipNocolors6","1","488","2024-04-30 12:49:35"
"5c5ac2869d974300015d81fc","FullPilot","3","137","0","2","67","24","1","0","138","236","1","0","24","28","0.38","0.73","62","38","FFEnemyShipNoColors11","FFEnemyShipNocolors6","1","4792","2024-04-30 12:49:36"
"631c8e97db06f601f81bd82f","FullPilot","3","13","1","1","91","63","1","1","360","1068","1","0","27","5","0.38","0.18","72","28","FFEnemyShipNocolors7","FFEnemyShipNoColors9","0","488","2024-04-30 12:49:38"
"5c5ac2869d974300015d81fc","FullPilot","3","138","1","2","59","49","1","0","76","152","1","0","13","17","0.18","0.62","72","28","FFEnemyShipNocolors7","FFEnemyShipNoColors9","1","4841","2024-04-30 12:49:38"
"631c8e97db06f601f81bd82f","FullPilot","3","14","1","1","53","36","0","0","439","893","0","1","53","5","0.73","0.18","72","28","FFEnemyShipNocolors7","FFEnemyShipNoColors9","1","541","2024-04-30 12:49:41"
"5c5ac2869d974300015d81fc","FullPilot","3","139","0","2","79","37","1","0","76","215","1","0","38","33","0.62","0.88","62","38","FFEnemyShipNoColors11","FFEnemyShipNocolors6","1","4878","2024-04-30 12:49:41"
"5c5ac2869d974300015d81fc","FullPilot","3","140","0","2","89","8","0","1","55","569","1","1","7","24","0.12","0.62","62","38","FFEnemyShipNoColors11","FFEnemyShipNocolors6","1","4886","2024-04-30 12:49:43"
"631c8e97db06f601f81bd82f","FullPilot","3","15","0","1","77","31","0","0","626","882","0","1","11","10","0.18","0.27","62","38","FFEnemyShipNoColors11","FFEnemyShipNocolors6","0","541","2024-04-30 12:49:44"
"5c5ac2869d974300015d81fc","FullPilot","3","141","1","1","28","50","0","0","180","312","0","1","53","14","0.73","0.5","72","28","FFEnemyShipNocolors7","FFEnemyShipNoColors9","0","4886","2024-04-30 12:49:46"
"631c8e97db06f601f81bd82f","FullPilot","3","16","1","2","96","33","0","1","546","922","0","1","13","20","0.18","0.73","72","28","FFEnemyShipNocolors7","FFEnemyShipNoColors9","1","574","2024-04-30 12:49:47"
"5c5ac2869d974300015d81fc","FullPilot","3","142","0","2","63","10","0","1","624","638","0","1","24","31","0.38","0.82","62","38","FFEnemyShipNoColors11","FFEnemyShipNocolors6","1","4896","2024-04-30 12:49:49"
"631c8e97db06f601f81bd82f","FullPilot","3","17","0","2","87","20","1","0","439","800","1","0","7","28","0.12","0.73","62","38","FFEnemyShipNoColors11","FFEnemyShipNocolors6","1","594","2024-04-30 12:49:50"
"5c5ac2869d974300015d81fc","FullPilot","3","143","0","2","66","32","1","0","62","166","1","0","24","24","0.38","0.62","62","38","FFEnemyShipNoColors11","FFEnemyShipNocolors6","0","4896","2024-04-30 12:49:52"
"631c8e97db06f601f81bd82f","FullPilot","3","18","1","1","72","33","0","0","373","867","0","1","53","5","0.73","0.18","72","28","FFEnemyShipNocolors7","FFEnemyShipNoColors9","1","666","2024-04-30 12:49:53"
"631c8e97db06f601f81bd82f","FullPilot","3","19","1","1","71","39","1","1","479","826","1","0","63","17","0.88","0.62","72","28","FFEnemyShipNocolors7","FFEnemyShipNoColors9","1","737","2024-04-30 12:49:56"
"631c8e97db06f601f81bd82f","FullPilot","3","20","0","2","66","22","1","0","439","907","1","0","31","33","0.5","0.88","62","38","FFEnemyShipNoColors11","FFEnemyShipNocolors6","1","759","2024-04-30 12:49:59"
"631c8e97db06f601f81bd82f","FullPilot","3","21","0","2","73","27","0","1","306","733","0","1","24","28","0.38","0.73","62","38","FFEnemyShipNoColors11","FFEnemyShipNocolors6","1","786","2024-04-30 12:50:02"
"631c8e97db06f601f81bd82f","FullPilot","3","22","1","2","63","27","1","0","386","707","1","0","53","25","0.73","0.88","72","28","FFEnemyShipNocolors7","FFEnemyShipNoColors9","1","813","2024-04-30 12:50:05"
"631c8e97db06f601f81bd82f","FullPilot","3","23","1","1","61","50","1","1","560","1026","1","0","45","14","0.62","0.5","72","28","FFEnemyShipNocolors7","FFEnemyShipNoColors9","0","813","2024-04-30 12:50:08"
"631c8e97db06f601f81bd82f","FullPilot","3","24","0","1","53","34","1","1","533","973","1","0","51","14","0.82","0.38","62","38","FFEnemyShipNoColors11","FFEnemyShipNocolors6","1","866","2024-04-30 12:50:11"
"631c8e97db06f601f81bd82f","FullPilot","3","25","1","1","72","73","1","1","507","854","1","0","53","23","0.73","0.82","72","28","FFEnemyShipNocolors7","FFEnemyShipNoColors9","0","866","2024-04-30 12:50:15"
"631c8e97db06f601f81bd82f","FullPilot","3","26","1","1","23","28","1","1","470","880","1","0","45","3","0.62","0.12","72","28","FFEnemyShipNocolors7","FFEnemyShipNoColors9","1","889","2024-04-30 12:50:18"
"631c8e97db06f601f81bd82f","FullPilot","3","27","0","2","16","52","1","0","452","1053","1","0","17","33","0.27","0.88","62","38","FFEnemyShipNoColors11","FFEnemyShipNocolors6","1","941","2024-04-30 12:50:21"
"631c8e97db06f601f81bd82f","FullPilot","3","28","1","1","55","55","0","0","1666","1978","0","1","27","3","0.38","0.12","72","28","FFEnemyShipNocolors7","FFEnemyShipNoColors9","0","941","2024-04-30 12:50:25"
"631c8e97db06f601f81bd82f","FullPilot","3","29","1","2","74","47","0","1","532","954","0","1","36","23","0.5","0.82","72","28","FFEnemyShipNocolors7","FFEnemyShipNoColors9","1","988","2024-04-30 12:50:28"
"631c8e97db06f601f81bd82f","FullPilot","3","30","0","2","36","69","0","1","386","747","0","1","51","33","0.82","0.88","62","38","FFEnemyShipNoColors11","FFEnemyShipNocolors6","1","1057","2024-04-30 12:50:31"
"631c8e97db06f601f81bd82f","FullPilot","3","31","0","2","51","49","1","0","426","761","1","0","11","19","0.18","0.5","62","38","FFEnemyShipNoColors11","FFEnemyShipNocolors6","0","1057","2024-04-30 12:50:34"
"631c8e97db06f601f81bd82f","FullPilot","3","32","0","1","82","41","0","0","492","1013","0","1","31","14","0.5","0.38","62","38","FFEnemyShipNoColors11","FFEnemyShipNocolors6","0","1057","2024-04-30 12:50:37"
"631c8e97db06f601f81bd82f","FullPilot","3","33","1","1","98","19","1","1","439","746","1","0","19","3","0.27","0.12","72","28","FFEnemyShipNocolors7","FFEnemyShipNoColors9","1","1155","2024-04-30 12:50:40"
"631c8e97db06f601f81bd82f","FullPilot","3","34","0","2","56","19","1","0","397","733","1","0","11","19","0.18","0.5","62","38","FFEnemyShipNoColors11","FFEnemyShipNocolors6","1","1174","2024-04-30 12:50:43"
"631c8e97db06f601f81bd82f","FullPilot","3","35","1","1","66","44","1","1","546","906","1","0","27","8","0.38","0.27","72","28","FFEnemyShipNocolors7","FFEnemyShipNoColors9","1","1240","2024-04-30 12:50:46"
"631c8e97db06f601f81bd82f","FullPilot","3","36","0","2","77","46","1","0","386","707","1","0","31","24","0.5","0.62","62","38","FFEnemyShipNoColors11","FFEnemyShipNocolors6","1","1286","2024-04-30 12:50:49"
"631c8e97db06f601f81bd82f","FullPilot","3","37","0","2","80","43","0","1","466","826","0","1","24","28","0.38","0.73","62","38","FFEnemyShipNoColors11","FFEnemyShipNocolors6","1","1329","2024-04-30 12:50:52"
"631c8e97db06f601f81bd82f","FullPilot","3","38","0","1","71","47","1","1","506","840","1","0","55","19","0.88","0.5","62","38","FFEnemyShipNoColors11","FFEnemyShipNocolors6","1","1400","2024-04-30 12:50:55"
"631c8e97db06f601f81bd82f","FullPilot","3","39","1","2","70","22","1","0","442","828","1","0","9","11","0.12","0.38","72","28","FFEnemyShipNocolors7","FFEnemyShipNoColors9","1","1422","2024-04-30 12:50:58"
"631c8e97db06f601f81bd82f","FullPilot","3","40","1","2","96","43","0","1","386","760","0","1","27","25","0.38","0.88","72","28","FFEnemyShipNocolors7","FFEnemyShipNoColors9","1","1465","2024-04-30 12:51:01"
"631c8e97db06f601f81bd82f","FullPilot","3","41","1","2","35","26","0","1","440","854","0","1","9","20","0.12","0.73","72","28","FFEnemyShipNocolors7","FFEnemyShipNoColors9","1","1491","2024-04-30 12:51:04"
"631c8e97db06f601f81bd82f","FullPilot","3","42","1","1","84","81","0","0","587","1040","0","1","13","3","0.18","0.12","72","28","FFEnemyShipNocolors7","FFEnemyShipNoColors9","1","1575","2024-04-30 12:51:07"
"631c8e97db06f601f81bd82f","FullPilot","3","43","0","1","67","44","1","1","559","1000","1","0","7","7","0.12","0.18","62","38","FFEnemyShipNoColors11","FFEnemyShipNocolors6","0","1575","2024-04-30 12:51:11"
"631c8e97db06f601f81bd82f","FullPilot","3","44","0","1","57","76","0","0","426","837","0","1","38","7","0.62","0.18","62","38","FFEnemyShipNoColors11","FFEnemyShipNocolors6","1","1632","2024-04-30 12:51:14"
"631c8e97db06f601f81bd82f","FullPilot","3","45","1","2","84","49","1","0","413","1814","1","0","13","23","0.18","0.82","72","28","FFEnemyShipNocolors7","FFEnemyShipNoColors9","1","1681","2024-04-30 12:51:18"
"631c8e97db06f601f81bd82f","FullPilot","3","46","1","1","65","46","1","1","2066","2365","1","0","59","17","0.82","0.62","72","28","FFEnemyShipNocolors7","FFEnemyShipNoColors9","1","1746","2024-04-30 12:51:22"
"631c8e97db06f601f81bd82f","FullPilot","3","47","1","1","67","56","0","0","613","947","0","1","19","5","0.27","0.18","72","28","FFEnemyShipNocolors7","FFEnemyShipNoColors9","0","1746","2024-04-30 12:51:25"
"631c8e97db06f601f81bd82f","FullPilot","3","48","0","2","82","60","1","0","494","858","1","0","7","24","0.12","0.62","62","38","FFEnemyShipNoColors11","FFEnemyShipNocolors6","1","1806","2024-04-30 12:51:28"
"631c8e97db06f601f81bd82f","FullPilot","3","49","1","1","41","22","1","1","520","840","1","0","36","8","0.5","0.27","72","28","FFEnemyShipNocolors7","FFEnemyShipNoColors9","1","1847","2024-04-30 12:51:31"
"631c8e97db06f601f81bd82f","FullPilot","3","50","1","1","88","16","1","1","279","588","1","0","63","3","0.88","0.12","72","28","FFEnemyShipNocolors7","FFEnemyShipNoColors9","1","1935","2024-04-30 12:51:33"
"631c8e97db06f601f81bd82f","FullPilot","3","51","1","2","75","45","0","1","908","934","0","1","13","11","0.18","0.38","72","28","FFEnemyShipNocolors7","FFEnemyShipNoColors9","0","1935","2024-04-30 12:51:37"
"631c8e97db06f601f81bd82f","FullPilot","3","52","1","2","91","48","0","1","426","906","0","1","19","17","0.27","0.62","72","28","FFEnemyShipNocolors7","FFEnemyShipNoColors9","1","1983","2024-04-30 12:51:40"
"631c8e97db06f601f81bd82f","FullPilot","3","53","0","2","58","50","1","0","1947","2322","1","0","24","19","0.38","0.5","62","38","FFEnemyShipNoColors11","FFEnemyShipNocolors6","0","1983","2024-04-30 12:51:44"
"631c8e97db06f601f81bd82f","FullPilot","3","54","0","2","76","52","0","1","294","720","0","1","38","31","0.62","0.82","62","38","FFEnemyShipNoColors11","FFEnemyShipNocolors6","1","2035","2024-04-30 12:51:47"
"631c8e97db06f601f81bd82f","FullPilot","3","55","0","1","78","41","1","1","597","905","1","0","51","19","0.82","0.5","62","38","FFEnemyShipNoColors11","FFEnemyShipNocolors6","1","2113","2024-04-30 12:51:50"
"631c8e97db06f601f81bd82f","FullPilot","3","56","1","2","55","23","1","0","346","666","1","0","9","23","0.12","0.82","72","28","FFEnemyShipNocolors7","FFEnemyShipNoColors9","1","2136","2024-04-30 12:51:53"
"631c8e97db06f601f81bd82f","FullPilot","3","57","1","1","37","41","1","1","426","787","1","0","45","20","0.62","0.73","72","28","FFEnemyShipNocolors7","FFEnemyShipNoColors9","0","2136","2024-04-30 12:51:56"
"631c8e97db06f601f81bd82f","FullPilot","3","58","0","2","64","18","1","0","360","987","1","0","17","33","0.27","0.88","62","38","FFEnemyShipNoColors11","FFEnemyShipNocolors6","1","2154","2024-04-30 12:51:59"
"631c8e97db06f601f81bd82f","FullPilot","3","59","1","2","51","48","1","0","505","853","1","0","9","5","0.12","0.18","72","28","FFEnemyShipNocolors7","FFEnemyShipNoColors9","0","2154","2024-04-30 12:52:03"
"631c8e97db06f601f81bd82f","FullPilot","3","60","0","1","85","28","1","1","532","841","1","0","17","14","0.27","0.38","62","38","FFEnemyShipNoColors11","FFEnemyShipNocolors6","0","2154","2024-04-30 12:52:06"
"631c8e97db06f601f81bd82f","FullPilot","3","61","0","1","67","23","1","1","453","813","1","0","24","7","0.38","0.18","62","38","FFEnemyShipNoColors11","FFEnemyShipNocolors6","0","2154","2024-04-30 12:52:09"
"631c8e97db06f601f81bd82f","FullPilot","3","62","1","1","50","50","1","1","559","906","1","0","53","11","0.73","0.38","72","28","FFEnemyShipNocolors7","FFEnemyShipNoColors9","1","2204","2024-04-30 12:52:12"
"631c8e97db06f601f81bd82f","FullPilot","3","63","0","2","33","33","1","0","400","761","1","0","11","31","0.18","0.82","62","38","FFEnemyShipNoColors11","FFEnemyShipNocolors6","1","2237","2024-04-30 12:52:15"
"5d350282cec7150015d16494","FullPilot","0","0","-1","0","50","50","0","1","2332","0","1","0","37","6","0.73","0.12","50","50","FFEnemyNeutral","FFEnemyNeutral","0","0","2024-04-30 13:17:28"
"5d350282cec7150015d16494","FullPilot","0","1","-1","2","50","50","0","1","2166","2633","0","1","25","44","0.5","0.88","50","50","FFEnemyNeutral","FFEnemyNeutral","1","50","2024-04-30 13:17:32"
"5d350282cec7150015d16494","FullPilot","0","2","-1","2","50","50","1","0","566","982","1","0","9","19","0.18","0.38","50","50","FFEnemyNeutral","FFEnemyNeutral","0","50","2024-04-30 13:17:35"
"5d350282cec7150015d16494","FullPilot","0","3","-1","1","50","50","0","0","583","883","0","1","19","25","0.38","0.5","50","50","FFEnemyNeutral","FFEnemyNeutral","0","50","2024-04-30 13:17:38"
"5d350282cec7150015d16494","FullPilot","0","4","-1","2","50","50","0","1","500","833","0","1","31","14","0.62","0.27","50","50","FFEnemyNeutral","FFEnemyNeutral","0","50","2024-04-30 13:17:41"
"5d350282cec7150015d16494","FullPilot","0","5","-1","2","50","50","1","0","1517","1816","1","0","14","31","0.27","0.62","50","50","FFEnemyNeutral","FFEnemyNeutral","1","100","2024-04-30 13:17:44"
"5d350282cec7150015d16494","FullPilot","0","6","-1","2","50","50","0","1","1799","2068","0","1","6","44","0.12","0.88","50","50","FFEnemyNeutral","FFEnemyNeutral","0","100","2024-04-30 13:17:49"
"5d350282cec7150015d16494","FullPilot","0","7","-1","2","50","50","0","1","1285","1583","0","1","14","41","0.27","0.82","50","50","FFEnemyNeutral","FFEnemyNeutral","1","150","2024-04-30 13:17:52"
"5d350282cec7150015d16494","FullPilot","0","8","-1","1","50","50","0","0","1449","1683","0","1","19","9","0.38","0.18","50","50","FFEnemyNeutral","FFEnemyNeutral","0","150","2024-04-30 13:17:55"
"5d350282cec7150015d16494","FullPilot","0","9","-1","1","50","50","0","0","1300","1667","0","1","25","6","0.5","0.12","50","50","FFEnemyNeutral","FFEnemyNeutral","1","200","2024-04-30 13:17:59"
"5d350282cec7150015d16494","FullPilot","0","10","-1","1","50","50","0","0","500","916","0","1","31","6","0.62","0.12","50","50","FFEnemyNeutral","FFEnemyNeutral","1","250","2024-04-30 13:18:02"
"5d350282cec7150015d16494","FullPilot","0","11","-1","1","50","50","0","0","1766","2033","0","1","6","41","0.12","0.82","50","50","FFEnemyNeutral","FFEnemyNeutral","0","250","2024-04-30 13:18:06"
"5d350282cec7150015d16494","FullPilot","0","12","-1","2","50","50","0","1","950","1218","0","1","37","31","0.73","0.62","50","50","FFEnemyNeutral","FFEnemyNeutral","1","300","2024-04-30 13:18:09"
"5d350282cec7150015d16494","FullPilot","0","13","-1","2","50","50","0","1","949","1283","0","1","9","37","0.18","0.73","50","50","FFEnemyNeutral","FFEnemyNeutral","1","350","2024-04-30 13:18:12"
"5d350282cec7150015d16494","FullPilot","0","14","-1","2","50","50","0","1","1099","1466","0","1","37","25","0.73","0.5","50","50","FFEnemyNeutral","FFEnemyNeutral","1","400","2024-04-30 13:18:16"
"5d350282cec7150015d16494","FullPilot","0","15","-1","2","50","50","0","1","1001","1349","0","1","6","14","0.12","0.27","50","50","FFEnemyNeutral","FFEnemyNeutral","0","400","2024-04-30 13:18:20"
"5d350282cec7150015d16494","FullPilot","0","16","-1","2","50","50","0","1","1699","1916","0","1","9","41","0.18","0.82","50","50","FFEnemyNeutral","FFEnemyNeutral","0","400","2024-04-30 13:18:24"
"5d350282cec7150015d16494","FullPilot","0","17","-1","1","50","50","0","0","1084","1317","0","1","6","37","0.12","0.73","50","50","FFEnemyNeutral","FFEnemyNeutral","0","400","2024-04-30 13:18:27"
"5d350282cec7150015d16494","FullPilot","0","18","-1","1","50","50","0","0","448","714","0","1","14","6","0.27","0.12","50","50","FFEnemyNeutral","FFEnemyNeutral","0","400","2024-04-30 13:18:30"
"5d350282cec7150015d16494","FullPilot","0","19","-1","2","50","50","0","1","983","1300","0","1","14","19","0.27","0.38","50","50","FFEnemyNeutral","FFEnemyNeutral","0","400","2024-04-30 13:18:33"
"5d350282cec7150015d16494","FullPilot","0","20","-1","1","50","50","0","0","433","701","0","1","41","19","0.82","0.38","50","50","FFEnemyNeutral","FFEnemyNeutral","1","450","2024-04-30 13:18:36"
"5d350282cec7150015d16494","FullPilot","0","21","-1","2","50","50","0","1","281","464","0","1","6","9","0.12","0.18","50","50","FFEnemyNeutral","FFEnemyNeutral","0","450","2024-04-30 13:18:38"
"5d350282cec7150015d16494","FullPilot","0","22","-1","2","50","50","0","1","249","500","0","1","19","31","0.38","0.62","50","50","FFEnemyNeutral","FFEnemyNeutral","1","500","2024-04-30 13:18:41"
"5d350282cec7150015d16494","FullPilot","0","23","-1","2","50","50","0","1","533","900","0","1","14","44","0.27","0.88","50","50","FFEnemyNeutral","FFEnemyNeutral","1","550","2024-04-30 13:18:43"
"5d350282cec7150015d16494","FullPilot","0","24","-1","1","50","50","0","0","433","717","0","1","37","9","0.73","0.18","50","50","FFEnemyNeutral","FFEnemyNeutral","0","550","2024-04-30 13:18:46"
"5d350282cec7150015d16494","FullPilot","0","25","-1","1","50","50","0","0","883","1183","0","1","19","41","0.38","0.82","50","50","FFEnemyNeutral","FFEnemyNeutral","1","600","2024-04-30 13:18:49"
"5d350282cec7150015d16494","FullPilot","0","26","-1","1","50","50","0","0","566","883","0","1","31","37","0.62","0.73","50","50","FFEnemyNeutral","FFEnemyNeutral","0","600","2024-04-30 13:18:52"
"5d350282cec7150015d16494","FullPilot","0","27","-1","1","50","50","0","0","433","683","0","1","9","25","0.18","0.5","50","50","FFEnemyNeutral","FFEnemyNeutral","0","600","2024-04-30 13:18:55"
"5d350282cec7150015d16494","FullPilot","0","28","-1","2","50","50","0","1","416","683","0","1","44","25","0.88","0.5","50","50","FFEnemyNeutral","FFEnemyNeutral","0","600","2024-04-30 13:18:57"
"5d350282cec7150015d16494","FullPilot","0","29","-1","2","50","50","0","1","1500","1650","0","1","41","14","0.82","0.27","50","50","FFEnemyNeutral","FFEnemyNeutral","0","600","2024-04-30 13:19:01"
"5d350282cec7150015d16494","FullPilot","0","30","-1","1","50","50","0","0","417","650","0","1","44","14","0.88","0.27","50","50","FFEnemyNeutral","FFEnemyNeutral","1","650","2024-04-30 13:19:04"
"5d350282cec7150015d16494","FullPilot","0","31","-1","2","50","50","0","1","549","800","0","1","14","9","0.27","0.18","50","50","FFEnemyNeutral","FFEnemyNeutral","0","650","2024-04-30 13:19:07"
"5d350282cec7150015d16494","FullPilot","0","32","-1","1","50","50","0","0","683","950","0","1","6","19","0.12","0.38","50","50","FFEnemyNeutral","FFEnemyNeutral","0","650","2024-04-30 13:19:09"
"5d350282cec7150015d16494","FullPilot","0","33","-1","1","50","50","0","0","465","782","0","1","19","44","0.38","0.88","50","50","FFEnemyNeutral","FFEnemyNeutral","0","650","2024-04-30 13:19:12"
"5d350282cec7150015d16494","FullPilot","0","34","-1","2","50","50","0","1","66","583","0","2","31","41","0.62","0.82","50","50","FFEnemyNeutral","FFEnemyNeutral","0","650","2024-04-30 13:19:15"
"5d350282cec7150015d16494","FullPilot","0","35","-1","2","50","50","0","1","366","650","0","1","44","6","0.88","0.12","50","50","FFEnemyNeutral","FFEnemyNeutral","0","650","2024-04-30 13:19:18"
"5d350282cec7150015d16494","FullPilot","0","36","-1","1","50","50","0","0","2293","2510","0","1","37","19","0.73","0.38","50","50","FFEnemyNeutral","FFEnemyNeutral","1","700","2024-04-30 13:19:25"
"5d350282cec7150015d16494","FullPilot","0","37","-1","1","50","50","0","0","316","633","0","1","19","37","0.38","0.73","50","50","FFEnemyNeutral","FFEnemyNeutral","0","700","2024-04-30 13:19:28"
"5d350282cec7150015d16494","FullPilot","0","38","-1","1","50","50","0","0","449","716","0","1","41","44","0.82","0.88","50","50","FFEnemyNeutral","FFEnemyNeutral","1","750","2024-04-30 13:19:30"
"5d350282cec7150015d16494","FullPilot","0","39","-1","1","50","50","0","0","416","783","0","1","25","31","0.5","0.62","50","50","FFEnemyNeutral","FFEnemyNeutral","1","800","2024-04-30 13:19:33"
"5d350282cec7150015d16494","FullPilot","0","40","-1","2","50","50","0","1","349","633","0","1","14","25","0.27","0.5","50","50","FFEnemyNeutral","FFEnemyNeutral","1","850","2024-04-30 13:19:36"
"5d350282cec7150015d16494","FullPilot","0","41","-1","2","50","50","0","1","416","716","0","1","31","25","0.62","0.5","50","50","FFEnemyNeutral","FFEnemyNeutral","0","850","2024-04-30 13:19:38"
"5d350282cec7150015d16494","FullPilot","0","42","-1","2","50","50","0","1","16","366","0","2","41","6","0.82","0.12","50","50","FFEnemyNeutral","FFEnemyNeutral","0","850","2024-04-30 13:19:41"
"5d350282cec7150015d16494","FullPilot","0","43","-1","2","50","50","0","1","16","550","0","2","44","31","0.88","0.62","50","50","FFEnemyNeutral","FFEnemyNeutral","1","900","2024-04-30 13:19:43"
"5d350282cec7150015d16494","FullPilot","0","44","-1","2","50","50","0","1","299","533","0","1","6","25","0.12","0.5","50","50","FFEnemyNeutral","FFEnemyNeutral","0","900","2024-04-30 13:19:47"
"5d350282cec7150015d16494","FullPilot","0","45","-1","2","50","50","0","1","349","616","0","1","25","14","0.5","0.27","50","50","FFEnemyNeutral","FFEnemyNeutral","1","950","2024-04-30 13:19:49"
"5d350282cec7150015d16494","FullPilot","0","46","-1","1","50","50","0","0","349","633","0","1","31","19","0.62","0.38","50","50","FFEnemyNeutral","FFEnemyNeutral","1","1000","2024-04-30 13:19:52"
"5d350282cec7150015d16494","FullPilot","0","47","-1","1","50","50","0","0","399","666","0","1","37","14","0.73","0.27","50","50","FFEnemyNeutral","FFEnemyNeutral","1","1050","2024-04-30 13:19:55"
"5d350282cec7150015d16494","FullPilot","0","48","-1","1","50","50","0","0","399","616","0","1","6","31","0.12","0.62","50","50","FFEnemyNeutral","FFEnemyNeutral","1","1100","2024-04-30 13:19:57"
"5d350282cec7150015d16494","FullPilot","0","49","-1","1","50","50","0","0","399","666","0","1","44","19","0.88","0.38","50","50","FFEnemyNeutral","FFEnemyNeutral","1","1150","2024-04-30 13:20:00"
"5d350282cec7150015d16494","FullPilot","0","50","-1","2","50","50","0","1","383","633","0","1","44","41","0.88","0.82","50","50","FFEnemyNeutral","FFEnemyNeutral","1","1200","2024-04-30 13:20:03"
"5d350282cec7150015d16494","FullPilot","0","51","-1","2","50","50","0","1","366","666","0","1","41","31","0.82","0.62","50","50","FFEnemyNeutral","FFEnemyNeutral","1","1250","2024-04-30 13:20:05"
"5d350282cec7150015d16494","FullPilot","0","52","-1","2","50","50","0","1","549","916","0","1","31","9","0.62","0.18","50","50","FFEnemyNeutral","FFEnemyNeutral","0","1250","2024-04-30 13:20:08"
"5d350282cec7150015d16494","FullPilot","0","53","-1","1","50","50","0","0","349","666","0","1","44","37","0.88","0.73","50","50","FFEnemyNeutral","FFEnemyNeutral","0","1250","2024-04-30 13:20:11"
"5d350282cec7150015d16494","FullPilot","0","54","-1","1","50","50","0","0","399","633","0","1","41","25","0.82","0.5","50","50","FFEnemyNeutral","FFEnemyNeutral","1","1300","2024-04-30 13:20:13"
"5d350282cec7150015d16494","FullPilot","0","55","-1","2","50","50","0","1","449","733","0","1","9","6","0.18","0.12","50","50","FFEnemyNeutral","FFEnemyNeutral","0","1300","2024-04-30 13:20:16"
"5d350282cec7150015d16494","FullPilot","0","56","-1","2","50","50","0","1","400","666","0","1","41","37","0.82","0.73","50","50","FFEnemyNeutral","FFEnemyNeutral","1","1350","2024-04-30 13:20:19"
"5d350282cec7150015d16494","FullPilot","0","57","-1","1","50","50","0","0","266","533","0","1","41","9","0.82","0.18","50","50","FFEnemyNeutral","FFEnemyNeutral","1","1400","2024-04-30 13:20:21"
"5d350282cec7150015d16494","FullPilot","0","58","-1","2","50","50","0","1","499","766","0","1","14","37","0.27","0.73","50","50","FFEnemyNeutral","FFEnemyNeutral","1","1450","2024-04-30 13:20:24"
"5d350282cec7150015d16494","FullPilot","0","59","-1","2","50","50","0","1","350","650","0","1","9","31","0.18","0.62","50","50","FFEnemyNeutral","FFEnemyNeutral","0","1450","2024-04-30 13:20:27"
"5d350282cec7150015d16494","FullPilot","0","60","-1","1","50","50","0","0","399","667","0","1","25","41","0.5","0.82","50","50","FFEnemyNeutral","FFEnemyNeutral","1","1500","2024-04-30 13:20:30"
"5d350282cec7150015d16494","FullPilot","0","61","-1","2","50","50","0","1","333","600","0","1","37","41","0.73","0.82","50","50","FFEnemyNeutral","FFEnemyNeutral","1","1550","2024-04-30 13:20:33"
"5d350282cec7150015d16494","FullPilot","0","62","-1","2","50","50","0","1","349","616","0","1","37","44","0.73","0.88","50","50","FFEnemyNeutral","FFEnemyNeutral","1","1600","2024-04-30 13:20:35"
"5d350282cec7150015d16494","FullPilot","0","63","-1","1","50","50","0","0","316","600","0","1","9","44","0.18","0.88","50","50","FFEnemyNeutral","FFEnemyNeutral","1","1650","2024-04-30 13:20:38"
"5d350282cec7150015d16494","FullPilot","0","64","-1","2","50","50","0","1","349","650","0","1","25","9","0.5","0.18","50","50","FFEnemyNeutral","FFEnemyNeutral","0","1650","2024-04-30 13:20:41"
"5d350282cec7150015d16494","FullPilot","0","65","-1","2","50","50","0","1","349","616","0","1","25","19","0.5","0.38","50","50","FFEnemyNeutral","FFEnemyNeutral","0","1650","2024-04-30 13:20:43"
"5d350282cec7150015d16494","FullPilot","0","66","-1","1","50","50","0","0","283","616","0","1","25","37","0.5","0.73","50","50","FFEnemyNeutral","FFEnemyNeutral","0","1650","2024-04-30 13:20:46"
"5d350282cec7150015d16494","FullPilot","0","67","-1","1","50","50","0","0","349","666","0","1","9","14","0.18","0.27","50","50","FFEnemyNeutral","FFEnemyNeutral","0","1650","2024-04-30 13:20:49"
"5d350282cec7150015d16494","FullPilot","0","68","-1","2","50","50","0","1","766","1033","0","1","19","14","0.38","0.27","50","50","FFEnemyNeutral","FFEnemyNeutral","0","1650","2024-04-30 13:20:52"
"5d350282cec7150015d16494","FullPilot","0","69","-1","2","50","50","0","1","1449","1716","0","1","19","6","0.38","0.12","50","50","FFEnemyNeutral","FFEnemyNeutral","1","1700","2024-04-30 13:20:55"
"5d350282cec7150015d16494","FullPilot","0","70","-1","2","50","50","0","1","833","1049","0","1","31","44","0.62","0.88","50","50","FFEnemyNeutral","FFEnemyNeutral","1","1750","2024-04-30 13:20:58"
"5d350282cec7150015d16494","FullPilot","0","71","-1","1","50","50","0","0","966","1150","0","1","44","9","0.88","0.18","50","50","FFEnemyNeutral","FFEnemyNeutral","0","1750","2024-04-30 13:21:01"
"5d350282cec7150015d16494","FullPilot","1","0","-2","0","76","55","0","1","0","0","0","0","67","33","1","1","67","33","FFEnemyShipNocolors5","FFEnemyShipNocolors2","0","0","2024-04-30 13:36:52"
"5d350282cec7150015d16494","FullPilot","1","1","-2","1","52","78","1","1","600","1316","1","0","67","33","1","1","67","33","FFEnemyShipNocolors5","FFEnemyShipNocolors2","1","52","2024-04-30 13:36:55"
"5d350282cec7150015d16494","FullPilot","1","2","-2","1","43","40","1","1","1849","2166","1","0","67","33","1","1","67","33","FFEnemyShipNocolors5","FFEnemyShipNocolors2","1","95","2024-04-30 13:36:59"
"5d350282cec7150015d16494","FullPilot","1","3","-2","2","73","35","1","0","999","1283","1","0","67","33","1","1","67","33","FFEnemyShipNocolors5","FFEnemyShipNocolors2","1","130","2024-04-30 13:37:02"
"5d350282cec7150015d16494","FullPilot","1","4","-2","2","66","64","1","0","1299","1683","1","0","67","33","1","1","67","33","FFEnemyShipNocolors5","FFEnemyShipNocolors2","1","194","2024-04-30 13:37:06"
"5d350282cec7150015d16494","FullPilot","1","5","-2","1","43","19","1","1","833","1116","1","0","67","33","1","1","67","33","FFEnemyShipNocolors5","FFEnemyShipNocolors2","1","237","2024-04-30 13:37:09"
"5d350282cec7150015d16494","FullPilot","1","6","-2","2","54","33","1","0","1049","1250","1","0","67","33","1","1","67","33","FFEnemyShipNocolors5","FFEnemyShipNocolors2","1","270","2024-04-30 13:37:13"
"5d350282cec7150015d16494","FullPilot","1","7","-2","2","83","19","1","0","2233","2533","1","0","67","33","1","1","67","33","FFEnemyShipNocolors5","FFEnemyShipNocolors2","1","289","2024-04-30 13:37:17"
"5d350282cec7150015d16494","FullPilot","1","8","-2","1","41","24","1","1","2349","2550","1","0","67","33","1","1","67","33","FFEnemyShipNocolors5","FFEnemyShipNocolors2","1","330","2024-04-30 13:37:21"
"5d350282cec7150015d16494","FullPilot","1","9","-2","1","44","21","1","1","1549","1800","1","0","67","33","1","1","67","33","FFEnemyShipNocolors5","FFEnemyShipNocolors2","1","374","2024-04-30 13:37:25"
"5d350282cec7150015d16494","FullPilot","1","10","-2","1","58","39","1","1","916","1183","1","0","67","33","1","1","67","33","FFEnemyShipNocolors5","FFEnemyShipNocolors2","1","432","2024-04-30 13:37:28"
"5d350282cec7150015d16494","FullPilot","1","11","-2","2","85","38","1","0","699","1233","1","0","67","33","1","1","67","33","FFEnemyShipNocolors5","FFEnemyShipNocolors2","1","470","2024-04-30 13:37:32"
"5d350282cec7150015d16494","FullPilot","1","12","-2","1","41","17","1","1","899","1216","1","0","67","33","1","1","67","33","FFEnemyShipNocolors5","FFEnemyShipNocolors2","1","511","2024-04-30 13:37:35"
"5d350282cec7150015d16494","FullPilot","1","13","-2","0","90","45","0","0","4783","0","1","0","67","33","1","1","67","33","FFEnemyShipNocolors5","FFEnemyShipNocolors2","0","511","2024-04-30 13:37:42"
"5d350282cec7150015d16494","FullPilot","1","14","-2","1","85","46","1","1","916","1200","1","0","67","33","1","1","67","33","FFEnemyShipNocolors5","FFEnemyShipNocolors2","1","596","2024-04-30 13:37:46"
"5d350282cec7150015d16494","FullPilot","1","15","-2","0","82","64","0","1","2953","0","1","0","67","33","1","1","67","33","FFEnemyShipNocolors5","FFEnemyShipNocolors2","0","596","2024-04-30 13:37:51"
"5d350282cec7150015d16494","FullPilot","1","16","-2","2","91","10","1","0","533","983","1","0","67","33","1","1","67","33","FFEnemyShipNocolors5","FFEnemyShipNocolors2","1","606","2024-04-30 13:37:54"
"5d350282cec7150015d16494","FullPilot","1","17","-2","2","36","51","1","0","1183","1566","1","0","67","33","1","1","67","33","FFEnemyShipNocolors5","FFEnemyShipNocolors2","1","657","2024-04-30 13:37:58"
"5d350282cec7150015d16494","FullPilot","1","18","-2","1","78","9","1","1","933","1233","1","0","67","33","1","1","67","33","FFEnemyShipNocolors5","FFEnemyShipNocolors2","1","735","2024-04-30 13:38:01"
"5d350282cec7150015d16494","FullPilot","1","19","-2","2","86","61","1","0","999","1233","1","0","67","33","1","1","67","33","FFEnemyShipNocolors5","FFEnemyShipNocolors2","1","796","2024-04-30 13:38:04"
"5d350282cec7150015d16494","FullPilot","1","20","-2","1","83","51","1","1","816","1083","1","0","67","33","1","1","67","33","FFEnemyShipNocolors5","FFEnemyShipNocolors2","1","879","2024-04-30 13:38:08"
"5d350282cec7150015d16494","FullPilot","1","21","-2","1","79","10","1","1","883","1200","1","0","67","33","1","1","67","33","FFEnemyShipNocolors5","FFEnemyShipNocolors2","1","958","2024-04-30 13:38:11"
"5d350282cec7150015d16494","FullPilot","1","22","-2","1","53","31","1","1","1099","1400","1","0","67","33","1","1","67","33","FFEnemyShipNocolors5","FFEnemyShipNocolors2","1","1011","2024-04-30 13:38:14"
"5d350282cec7150015d16494","FullPilot","1","23","-2","2","71","32","1","0","1016","1267","1","0","67","33","1","1","67","33","FFEnemyShipNocolors5","FFEnemyShipNocolors2","1","1043","2024-04-30 13:38:17"
"5d350282cec7150015d16494","FullPilot","1","24","-2","1","60","23","1","1","1033","1433","1","0","67","33","1","1","67","33","FFEnemyShipNocolors5","FFEnemyShipNocolors2","1","1103","2024-04-30 13:38:21"
"5d350282cec7150015d16494","FullPilot","1","25","-2","2","52","41","1","0","366","866","1","0","67","33","1","1","67","33","FFEnemyShipNocolors5","FFEnemyShipNocolors2","1","1144","2024-04-30 13:38:23"
"5d350282cec7150015d16494","FullPilot","1","26","-2","0","59","34","0","1","0","0","0","0","67","33","1","1","67","33","FFEnemyShipNocolors5","FFEnemyShipNocolors2","0","1144","2024-04-30 13:38:28"
"5d350282cec7150015d16494","FullPilot","1","27","-2","0","80","51","0","0","3149","0","1","0","67","33","1","1","67","33","FFEnemyShipNocolors5","FFEnemyShipNocolors2","0","1144","2024-04-30 13:38:33"
"5d350282cec7150015d16494","FullPilot","1","28","-2","1","42","53","1","1","633","1166","1","0","67","33","1","1","67","33","FFEnemyShipNocolors5","FFEnemyShipNocolors2","1","1186","2024-04-30 13:38:36"
"5d350282cec7150015d16494","FullPilot","1","29","-2","2","61","6","1","0","1283","1516","1","0","67","33","1","1","67","33","FFEnemyShipNocolors5","FFEnemyShipNocolors2","1","1192","2024-04-30 13:38:39"
"5d350282cec7150015d16494","FullPilot","1","30","-2","2","60","22","1","0","1166","1366","1","0","67","33","1","1","67","33","FFEnemyShipNocolors5","FFEnemyShipNocolors2","1","1214","2024-04-30 13:38:42"
"5d350282cec7150015d16494","FullPilot","1","31","-2","1","67","47","0","0","1766","2116","0","1","67","33","1","1","67","33","FFEnemyShipNocolors5","FFEnemyShipNocolors2","1","1281","2024-04-30 13:38:46"
"5d350282cec7150015d16494","FullPilot","1","32","-2","1","32","39","0","0","966","1199","0","1","67","33","1","1","67","33","FFEnemyShipNocolors5","FFEnemyShipNocolors2","1","1313","2024-04-30 13:38:50"
"5d350282cec7150015d16494","FullPilot","1","33","-2","1","65","75","0","0","883","1167","0","1","67","33","1","1","67","33","FFEnemyShipNocolors5","FFEnemyShipNocolors2","1","1378","2024-04-30 13:38:53"
"5d350282cec7150015d16494","FullPilot","1","34","-2","1","37","47","0","0","933","1350","0","1","67","33","1","1","67","33","FFEnemyShipNocolors5","FFEnemyShipNocolors2","1","1415","2024-04-30 13:38:57"
"5d350282cec7150015d16494","FullPilot","1","35","-2","1","79","6","0","0","966","1249","0","1","67","33","1","1","67","33","FFEnemyShipNocolors5","FFEnemyShipNocolors2","1","1494","2024-04-30 13:39:00"
"5d350282cec7150015d16494","FullPilot","1","36","-2","2","65","64","0","1","1999","2266","0","1","67","33","1","1","67","33","FFEnemyShipNocolors5","FFEnemyShipNocolors2","1","1558","2024-04-30 13:39:04"
"5d350282cec7150015d16494","FullPilot","1","37","-2","1","67","56","0","0","1233","1483","0","1","67","33","1","1","67","33","FFEnemyShipNocolors5","FFEnemyShipNocolors2","1","1625","2024-04-30 13:39:07"
"5d350282cec7150015d16494","FullPilot","1","38","-2","1","48","68","0","0","999","1233","0","1","67","33","1","1","67","33","FFEnemyShipNocolors5","FFEnemyShipNocolors2","1","1673","2024-04-30 13:39:11"
"5d350282cec7150015d16494","FullPilot","1","39","-2","2","81","10","0","1","716","1016","0","1","67","33","1","1","67","33","FFEnemyShipNocolors5","FFEnemyShipNocolors2","1","1683","2024-04-30 13:39:14"
"5d350282cec7150015d16494","FullPilot","1","40","-2","2","81","37","0","1","1082","1433","0","1","67","33","1","1","67","33","FFEnemyShipNocolors5","FFEnemyShipNocolors2","1","1720","2024-04-30 13:39:17"
"5d350282cec7150015d16494","FullPilot","1","41","-2","1","50","35","0","0","866","1133","0","1","67","33","1","1","67","33","FFEnemyShipNocolors5","FFEnemyShipNocolors2","1","1770","2024-04-30 13:39:20"
"5d350282cec7150015d16494","FullPilot","1","42","-2","1","77","52","0","0","849","1116","0","1","67","33","1","1","67","33","FFEnemyShipNocolors5","FFEnemyShipNocolors2","1","1847","2024-04-30 13:39:23"
"5d350282cec7150015d16494","FullPilot","1","43","-2","1","70","16","0","0","833","1150","0","1","67","33","1","1","67","33","FFEnemyShipNocolors5","FFEnemyShipNocolors2","1","1917","2024-04-30 13:39:27"
"5d350282cec7150015d16494","FullPilot","1","44","-2","1","83","58","0","0","1149","1449","0","1","67","33","1","1","67","33","FFEnemyShipNocolors5","FFEnemyShipNocolors2","1","2000","2024-04-30 13:39:30"
"5d350282cec7150015d16494","FullPilot","1","45","-2","1","77","37","0","0","1049","1333","0","1","67","33","1","1","67","33","FFEnemyShipNocolors5","FFEnemyShipNocolors2","1","2077","2024-04-30 13:39:33"
"5d350282cec7150015d16494","FullPilot","1","46","-2","1","82","19","0","0","999","1283","0","1","67","33","1","1","67","33","FFEnemyShipNocolors5","FFEnemyShipNocolors2","1","2159","2024-04-30 13:39:36"
"5d350282cec7150015d16494","FullPilot","1","47","-2","0","59","10","0","1","0","0","0","0","67","33","1","1","67","33","FFEnemyShipNocolors5","FFEnemyShipNocolors2","0","2159","2024-04-30 13:39:41"
"5d350282cec7150015d16494","FullPilot","1","48","-2","0","53","25","0","1","0","0","0","0","67","33","1","1","67","33","FFEnemyShipNocolors5","FFEnemyShipNocolors2","0","2159","2024-04-30 13:39:46"
"5d350282cec7150015d16494","FullPilot","1","49","-2","0","89","11","0","1","1183","0","0","1","67","33","1","1","67","33","FFEnemyShipNocolors5","FFEnemyShipNocolors2","0","2159","2024-04-30 13:39:51"
"5d350282cec7150015d16494","FullPilot","1","50","-2","1","42","26","0","0","2316","2549","0","1","67","33","1","1","67","33","FFEnemyShipNocolors5","FFEnemyShipNocolors2","1","2201","2024-04-30 13:39:55"
"5d350282cec7150015d16494","FullPilot","1","51","-2","2","74","19","0","1","1782","1966","0","1","67","33","1","1","67","33","FFEnemyShipNocolors5","FFEnemyShipNocolors2","1","2220","2024-04-30 13:39:59"
"5d350282cec7150015d16494","FullPilot","1","52","-2","1","91","24","0","0","1533","1783","0","1","67","33","1","1","67","33","FFEnemyShipNocolors5","FFEnemyShipNocolors2","1","2311","2024-04-30 13:40:03"
"5d350282cec7150015d16494","FullPilot","1","53","-2","1","100","5","0","0","1399","1666","0","1","67","33","1","1","67","33","FFEnemyShipNocolors5","FFEnemyShipNocolors2","1","2411","2024-04-30 13:40:06"
"5d350282cec7150015d16494","FullPilot","1","54","-2","1","63","21","0","0","1149","1383","0","1","67","33","1","1","67","33","FFEnemyShipNocolors5","FFEnemyShipNocolors2","1","2474","2024-04-30 13:40:10"
"5d350282cec7150015d16494","FullPilot","1","55","-2","0","59","34","0","1","2966","0","0","1","67","33","1","1","67","33","FFEnemyShipNocolors5","FFEnemyShipNocolors2","0","2474","2024-04-30 13:40:14"
"5d350282cec7150015d16494","FullPilot","1","56","-2","0","87","20","0","1","0","0","0","0","67","33","1","1","67","33","FFEnemyShipNocolors5","FFEnemyShipNocolors2","0","2474","2024-04-30 13:40:23"
"5d350282cec7150015d16494","FullPilot","1","57","-2","2","87","23","0","1","949","1599","0","1","67","33","1","1","67","33","FFEnemyShipNocolors5","FFEnemyShipNocolors2","1","2497","2024-04-30 13:40:26"
"5d350282cec7150015d16494","FullPilot","1","58","-2","2","32","29","0","1","949","1283","0","1","67","33","1","1","67","33","FFEnemyShipNocolors5","FFEnemyShipNocolors2","1","2526","2024-04-30 13:40:30"
"5d350282cec7150015d16494","FullPilot","1","59","-2","2","67","0","0","1","833","1133","0","1","67","33","1","1","67","33","FFEnemyShipNocolors5","FFEnemyShipNocolors2","1","2526","2024-04-30 13:40:33"
"5d350282cec7150015d16494","FullPilot","1","60","-2","1","68","20","0","0","1099","1366","0","1","67","33","1","1","67","33","FFEnemyShipNocolors5","FFEnemyShipNocolors2","1","2594","2024-04-30 13:40:36"
"5d350282cec7150015d16494","FullPilot","1","61","-2","2","64","49","0","1","832","1399","0","1","67","33","1","1","67","33","FFEnemyShipNocolors5","FFEnemyShipNocolors2","1","2643","2024-04-30 13:40:39"
"5d350282cec7150015d16494","FullPilot","1","62","-2","0","34","47","0","0","2667","0","0","1","67","33","1","1","67","33","FFEnemyShipNocolors5","FFEnemyShipNocolors2","0","2643","2024-04-30 13:40:44"
"5d350282cec7150015d16494","FullPilot","1","63","-2","2","38","51","0","1","1064","1315","0","1","67","33","1","1","67","33","FFEnemyShipNocolors5","FFEnemyShipNocolors2","1","2694","2024-04-30 13:40:47"
"5d350282cec7150015d16494","FullPilot","1","64","-2","2","70","33","0","1","1433","1784","0","1","67","33","1","1","67","33","FFEnemyShipNocolors5","FFEnemyShipNocolors2","1","2727","2024-04-30 13:40:51"
"5d350282cec7150015d16494","FullPilot","1","65","-2","0","63","23","0","0","2600","0","0","1","67","33","1","1","67","33","FFEnemyShipNocolors5","FFEnemyShipNocolors2","0","2727","2024-04-30 13:40:59"
"5d350282cec7150015d16494","FullPilot","1","66","-2","2","51","51","1","0","1050","1365","1","0","67","33","1","1","67","33","FFEnemyShipNocolors5","FFEnemyShipNocolors2","1","2778","2024-04-30 13:41:02"
"5d350282cec7150015d16494","FullPilot","1","67","-2","1","37","21","1","1","1899","2167","1","0","67","33","1","1","67","33","FFEnemyShipNocolors5","FFEnemyShipNocolors2","1","2815","2024-04-30 13:41:06"
"5d350282cec7150015d16494","FullPilot","1","68","-2","2","59","31","1","0","1633","1933","1","0","67","33","1","1","67","33","FFEnemyShipNocolors5","FFEnemyShipNocolors2","1","2846","2024-04-30 13:41:10"
"5d350282cec7150015d16494","FullPilot","1","69","-2","2","61","58","1","0","2033","2250","1","0","67","33","1","1","67","33","FFEnemyShipNocolors5","FFEnemyShipNocolors2","1","2904","2024-04-30 13:41:14"
"5d350282cec7150015d16494","FullPilot","1","70","-2","1","71","14","1","1","949","1283","1","0","67","33","1","1","67","33","FFEnemyShipNocolors5","FFEnemyShipNocolors2","1","2975","2024-04-30 13:41:17"
"5d350282cec7150015d16494","FullPilot","1","71","-2","2","69","40","1","0","966","1216","1","0","67","33","1","1","67","33","FFEnemyShipNocolors5","FFEnemyShipNocolors2","1","3015","2024-04-30 13:41:20"
"5d350282cec7150015d16494","FullPilot","2","0","1","2","96","15","1","0","1367","1633","1","0","59","8","0.82","0.27","72","28","FFEnemyShipNocolors8","FFEnemyShipNoColors12","1","15","2024-04-30 13:55:46"
"5d350282cec7150015d16494","FullPilot","2","1","1","2","73","3","1","0","1316","1516","1","0","19","14","0.27","0.5","72","28","FFEnemyShipNocolors8","FFEnemyShipNoColors12","1","18","2024-04-30 13:55:50"
"5d350282cec7150015d16494","FullPilot","2","2","0","1","34","50","1","1","433","600","1","0","51","33","0.82","0.88","62","38","FFEnemyShipNocolors1","FFEnemyShipNocolors3","1","52","2024-04-30 13:55:52"
"5d350282cec7150015d16494","FullPilot","2","3","0","1","40","43","1","1","1366","1666","1","0","11","19","0.18","0.5","62","38","FFEnemyShipNocolors1","FFEnemyShipNocolors3","0","52","2024-04-30 13:55:56"
"5d350282cec7150015d16494","FullPilot","2","4","1","2","63","50","1","0","999","1650","1","0","13","20","0.18","0.73","72","28","FFEnemyShipNocolors8","FFEnemyShipNoColors12","1","102","2024-04-30 13:56:00"
"5d350282cec7150015d16494","FullPilot","2","5","1","2","62","22","1","0","849","1766","1","0","53","8","0.73","0.27","72","28","FFEnemyShipNocolors8","FFEnemyShipNoColors12","0","102","2024-04-30 13:56:04"
"5d350282cec7150015d16494","FullPilot","2","6","0","2","39","73","1","0","533","716","1","0","51","33","0.82","0.88","62","38","FFEnemyShipNocolors1","FFEnemyShipNocolors3","1","175","2024-04-30 13:56:07"
"5d350282cec7150015d16494","FullPilot","2","7","1","1","62","4","1","1","1266","2250","1","0","13","3","0.18","0.12","72","28","FFEnemyShipNocolors8","FFEnemyShipNoColors12","0","175","2024-04-30 13:56:11"
"5d350282cec7150015d16494","FullPilot","2","8","0","2","36","45","1","0","733","1449","1","0","38","33","0.62","0.88","62","38","FFEnemyShipNocolors1","FFEnemyShipNocolors3","1","220","2024-04-30 13:56:15"
"5d350282cec7150015d16494","FullPilot","2","9","0","1","31","26","1","1","916","1349","1","0","24","33","0.38","0.88","62","38","FFEnemyShipNocolors1","FFEnemyShipNocolors3","0","220","2024-04-30 13:56:18"
"5d350282cec7150015d16494","FullPilot","2","10","1","1","50","26","1","1","199","516","1","0","36","3","0.5","0.12","72","28","FFEnemyShipNocolors8","FFEnemyShipNoColors12","1","270","2024-04-30 13:56:21"
"5d350282cec7150015d16494","FullPilot","2","11","0","2","77","32","1","0","550","883","1","0","31","7","0.5","0.18","62","38","FFEnemyShipNocolors1","FFEnemyShipNocolors3","0","270","2024-04-30 13:56:23"
"5d350282cec7150015d16494","FullPilot","2","12","1","1","84","24","1","1","416","666","1","0","45","8","0.62","0.27","72","28","FFEnemyShipNocolors8","FFEnemyShipNoColors12","0","270","2024-04-30 13:56:26"
"5d350282cec7150015d16494","FullPilot","2","13","1","1","51","7","1","1","449","699","1","0","53","23","0.73","0.82","72","28","FFEnemyShipNocolors8","FFEnemyShipNoColors12","0","270","2024-04-30 13:56:29"
"5d350282cec7150015d16494","FullPilot","2","14","1","1","87","12","1","1","316","666","1","0","63","8","0.88","0.27","72","28","FFEnemyShipNocolors8","FFEnemyShipNoColors12","0","270","2024-04-30 13:56:32"
"5d350282cec7150015d16494","FullPilot","2","15","1","2","56","51","1","0","316","400","2","0","63","3","0.88","0.12","72","28","FFEnemyShipNocolors8","FFEnemyShipNoColors12","0","270","2024-04-30 13:56:35"
"5d350282cec7150015d16494","FullPilot","2","16","1","2","36","53","1","0","149","450","2","0","59","17","0.82","0.62","72","28","FFEnemyShipNocolors8","FFEnemyShipNoColors12","1","323","2024-04-30 13:56:38"
"5d350282cec7150015d16494","FullPilot","2","17","1","2","41","45","1","0","233","650","2","0","19","25","0.27","0.88","72","28","FFEnemyShipNocolors8","FFEnemyShipNoColors12","1","368","2024-04-30 13:56:40"
"5d350282cec7150015d16494","FullPilot","2","18","1","1","85","35","1","1","16","116","1","0","36","11","0.5","0.38","72","28","FFEnemyShipNocolors8","FFEnemyShipNoColors12","0","368","2024-04-30 13:56:43"
"5d350282cec7150015d16494","FullPilot","2","19","1","1","59","9","1","1","166","249","2","0","45","3","0.62","0.12","72","28","FFEnemyShipNocolors8","FFEnemyShipNoColors12","0","368","2024-04-30 13:56:46"
"5d350282cec7150015d16494","FullPilot","2","20","0","1","8","47","1","1","466","1066","1","0","51","19","0.82","0.5","62","38","FFEnemyShipNocolors1","FFEnemyShipNocolors3","1","376","2024-04-30 13:56:50"
"5d350282cec7150015d16494","FullPilot","2","21","0","2","32","20","1","0","33","66","1","0","17","5","0.27","0.12","62","38","FFEnemyShipNocolors1","FFEnemyShipNocolors3","0","376","2024-04-30 13:56:52"
"5d350282cec7150015d16494","FullPilot","2","22","1","2","90","46","1","0","2300","2483","1","0","63","17","0.88","0.62","72","28","FFEnemyShipNocolors8","FFEnemyShipNoColors12","0","376","2024-04-30 13:56:56"
"5d350282cec7150015d16494","FullPilot","2","23","1","1","61","22","1","1","233","533","1","0","63","14","0.88","0.5","72","28","FFEnemyShipNocolors8","FFEnemyShipNoColors12","1","437","2024-04-30 13:56:59"
"5d350282cec7150015d16494","FullPilot","2","24","0","2","66","22","1","0","16","416","2","0","31","28","0.5","0.73","62","38","FFEnemyShipNocolors1","FFEnemyShipNocolors3","1","459","2024-04-30 13:57:02"
"5d350282cec7150015d16494","FullPilot","2","25","0","1","97","75","1","1","16","666","2","0","17","33","0.27","0.88","62","38","FFEnemyShipNocolors1","FFEnemyShipNocolors3","1","556","2024-04-30 13:57:04"
"5d350282cec7150015d16494","FullPilot","2","26","1","2","63","42","1","0","166","200","2","0","9","25","0.12","0.88","72","28","FFEnemyShipNocolors8","FFEnemyShipNoColors12","1","598","2024-04-30 13:57:07"
"5d350282cec7150015d16494","FullPilot","2","27","0","1","93","13","1","1","16","49","1","0","45","31","0.73","0.82","62","38","FFEnemyShipNocolors1","FFEnemyShipNocolors3","1","691","2024-04-30 13:57:09"
"5d350282cec7150015d16494","FullPilot","2","28","0","1","60","29","1","1","16","533","2","0","17","5","0.27","0.12","62","38","FFEnemyShipNocolors1","FFEnemyShipNocolors3","0","691","2024-04-30 13:57:12"
"5d350282cec7150015d16494","FullPilot","2","29","1","1","69","75","1","1","132","433","2","0","9","20","0.12","0.73","72","28","FFEnemyShipNocolors8","FFEnemyShipNoColors12","0","691","2024-04-30 13:57:14"
"5d350282cec7150015d16494","FullPilot","2","30","1","1","76","13","1","1","166","200","2","0","27","5","0.38","0.18","72","28","FFEnemyShipNocolors8","FFEnemyShipNoColors12","1","767","2024-04-30 13:57:17"
"5d350282cec7150015d16494","FullPilot","2","31","0","2","60","48","1","0","16","333","2","0","24","19","0.38","0.5","62","38","FFEnemyShipNocolors1","FFEnemyShipNocolors3","0","767","2024-04-30 13:57:19"
"5d350282cec7150015d16494","FullPilot","2","32","1","1","92","49","1","1","149","283","2","0","19","11","0.27","0.38","72","28","FFEnemyShipNocolors8","FFEnemyShipNoColors12","0","767","2024-04-30 13:57:22"
"5d350282cec7150015d16494","FullPilot","2","33","0","1","35","24","1","1","16","216","1","0","17","28","0.27","0.73","62","38","FFEnemyShipNocolors1","FFEnemyShipNocolors3","1","802","2024-04-30 13:57:24"
"5d350282cec7150015d16494","FullPilot","2","34","0","1","69","36","1","1","982","1316","1","0","31","10","0.5","0.27","62","38","FFEnemyShipNocolors1","FFEnemyShipNocolors3","0","802","2024-04-30 13:57:27"
"5d350282cec7150015d16494","FullPilot","2","35","0","2","84","13","1","0","32","300","2","0","45","33","0.73","0.88","62","38","FFEnemyShipNocolors1","FFEnemyShipNocolors3","1","815","2024-04-30 13:57:30"
"5d350282cec7150015d16494","FullPilot","2","36","1","2","75","17","1","0","149","216","2","0","36","3","0.5","0.12","72","28","FFEnemyShipNocolors8","FFEnemyShipNoColors12","0","815","2024-04-30 13:57:32"
"5d350282cec7150015d16494","FullPilot","2","37","1","1","81","26","1","1","149","250","2","0","13","3","0.18","0.12","72","28","FFEnemyShipNocolors8","FFEnemyShipNoColors12","0","815","2024-04-30 13:57:36"
"5d350282cec7150015d16494","FullPilot","2","38","1","1","43","28","1","1","133","266","2","0","45","3","0.62","0.12","72","28","FFEnemyShipNocolors8","FFEnemyShipNoColors12","0","815","2024-04-30 13:57:39"
"5d350282cec7150015d16494","FullPilot","2","39","0","1","74","24","1","1","32","166","1","0","24","28","0.38","0.73","62","38","FFEnemyShipNocolors1","FFEnemyShipNocolors3","0","815","2024-04-30 13:57:41"
"5d350282cec7150015d16494","FullPilot","2","40","0","1","46","30","1","1","16","116","1","0","17","7","0.27","0.18","62","38","FFEnemyShipNocolors1","FFEnemyShipNocolors3","0","815","2024-04-30 13:57:43"
"5d350282cec7150015d16494","FullPilot","2","41","1","1","76","76","1","1","33","383","2","0","59","20","0.82","0.73","72","28","FFEnemyShipNocolors8","FFEnemyShipNoColors12","1","891","2024-04-30 13:57:46"
"5d350282cec7150015d16494","FullPilot","2","42","0","2","79","28","1","0","49","300","2","0","24","31","0.38","0.82","62","38","FFEnemyShipNocolors1","FFEnemyShipNocolors3","1","919","2024-04-30 13:57:49"
"5d350282cec7150015d16494","FullPilot","2","43","0","2","60","50","1","0","599","783","1","0","7","7","0.12","0.18","62","38","FFEnemyShipNocolors1","FFEnemyShipNocolors3","0","919","2024-04-30 13:57:52"
"5d350282cec7150015d16494","FullPilot","2","44","1","2","66","47","1","0","133","166","2","0","13","17","0.18","0.62","72","28","FFEnemyShipNocolors8","FFEnemyShipNoColors12","1","966","2024-04-30 13:57:54"
"5d350282cec7150015d16494","FullPilot","2","45","1","2","71","16","1","0","149","266","2","0","36","17","0.5","0.62","72","28","FFEnemyShipNocolors8","FFEnemyShipNoColors12","1","982","2024-04-30 13:57:57"
"5d350282cec7150015d16494","FullPilot","2","46","1","1","54","13","1","1","149","317","2","0","53","17","0.73","0.62","72","28","FFEnemyShipNocolors8","FFEnemyShipNoColors12","1","1036","2024-04-30 13:57:59"
"5d350282cec7150015d16494","FullPilot","2","47","0","2","57","17","1","0","16","316","2","0","7","19","0.12","0.5","62","38","FFEnemyShipNocolors1","FFEnemyShipNocolors3","1","1053","2024-04-30 13:58:02"
"5d350282cec7150015d16494","FullPilot","2","48","0","2","62","39","1","0","16","200","1","0","17","31","0.27","0.82","62","38","FFEnemyShipNocolors1","FFEnemyShipNocolors3","1","1092","2024-04-30 13:58:05"
"5d350282cec7150015d16494","FullPilot","2","49","0","2","49","52","1","0","33","116","1","0","24","28","0.38","0.73","62","38","FFEnemyShipNocolors1","FFEnemyShipNocolors3","1","1144","2024-04-30 13:58:07"
"5d350282cec7150015d16494","FullPilot","2","50","0","1","55","51","1","1","33","1250","2","0","11","10","0.18","0.27","62","38","FFEnemyShipNocolors1","FFEnemyShipNocolors3","0","1144","2024-04-30 13:58:10"
"5d350282cec7150015d16494","FullPilot","2","51","1","2","62","28","1","0","16","0","1","0","45","5","0.62","0.18","72","28","FFEnemyShipNocolors8","FFEnemyShipNoColors12","1","1172","2024-04-30 13:58:12"
"5d350282cec7150015d16494","FullPilot","2","52","0","2","86","37","1","0","33","133","1","0","45","7","0.73","0.18","62","38","FFEnemyShipNocolors1","FFEnemyShipNocolors3","1","1209","2024-04-30 13:58:15"
"5d350282cec7150015d16494","FullPilot","2","53","0","2","94","29","1","0","16","433","2","0","51","14","0.82","0.38","62","38","FFEnemyShipNocolors1","FFEnemyShipNocolors3","1","1238","2024-04-30 13:58:18"
"5d350282cec7150015d16494","FullPilot","2","54","1","1","71","34","1","1","16","116","1","0","63","11","0.88","0.38","72","28","FFEnemyShipNocolors8","FFEnemyShipNoColors12","1","1309","2024-04-30 13:58:20"
"5d350282cec7150015d16494","FullPilot","2","55","1","1","85","66","1","1","166","200","2","0","9","8","0.12","0.27","72","28","FFEnemyShipNocolors8","FFEnemyShipNoColors12","0","1309","2024-04-30 13:58:22"
"5d350282cec7150015d16494","FullPilot","2","56","1","1","56","46","1","1","49","367","2","0","53","3","0.73","0.12","72","28","FFEnemyShipNocolors8","FFEnemyShipNoColors12","1","1365","2024-04-30 13:58:25"
"5d350282cec7150015d16494","FullPilot","2","57","1","2","44","54","1","0","16","67","1","0","9","23","0.12","0.82","72","28","FFEnemyShipNocolors8","FFEnemyShipNoColors12","1","1419","2024-04-30 13:58:27"
"5d350282cec7150015d16494","FullPilot","2","58","0","2","61","4","1","0","16","1900","2","0","11","31","0.18","0.82","62","38","FFEnemyShipNocolors1","FFEnemyShipNocolors3","1","1423","2024-04-30 13:58:31"
"5d350282cec7150015d16494","FullPilot","2","59","1","2","61","5","1","0","16","50","1","0","9","17","0.12","0.62","72","28","FFEnemyShipNocolors8","FFEnemyShipNoColors12","1","1428","2024-04-30 13:58:33"
"5d350282cec7150015d16494","FullPilot","2","60","1","1","88","3","1","1","32","0","1","0","53","11","0.73","0.38","72","28","FFEnemyShipNocolors8","FFEnemyShipNoColors12","1","1516","2024-04-30 13:58:35"
"5d350282cec7150015d16494","FullPilot","2","61","1","2","87","42","1","0","16","200","2","0","9","25","0.12","0.88","72","28","FFEnemyShipNocolors8","FFEnemyShipNoColors12","1","1558","2024-04-30 13:58:38"
"5d350282cec7150015d16494","FullPilot","2","62","1","1","55","37","1","1","133","216","2","0","36","23","0.5","0.82","72","28","FFEnemyShipNocolors8","FFEnemyShipNoColors12","0","1558","2024-04-30 13:58:40"
"5d350282cec7150015d16494","FullPilot","2","63","1","1","98","37","1","1","16","16","1","0","59","5","0.82","0.18","72","28","FFEnemyShipNocolors8","FFEnemyShipNoColors12","1","1656","2024-04-30 13:58:42"
"5d350282cec7150015d16494","FullPilot","2","64","0","2","42","10","1","0","16","66","1","0","55","7","0.88","0.18","62","38","FFEnemyShipNocolors1","FFEnemyShipNocolors3","0","1656","2024-04-30 13:58:45"
"5d350282cec7150015d16494","FullPilot","2","65","0","2","69","54","1","0","666","833","1","0","55","7","0.88","0.18","62","38","FFEnemyShipNocolors1","FFEnemyShipNocolors3","0","1656","2024-04-30 13:58:48"
"5d350282cec7150015d16494","FullPilot","2","66","1","2","62","4","1","0","149","233","2","0","45","20","0.62","0.73","72","28","FFEnemyShipNocolors8","FFEnemyShipNoColors12","0","1656","2024-04-30 13:58:51"
"5d350282cec7150015d16494","FullPilot","2","67","0","2","71","42","1","0","16","50","1","0","55","24","0.88","0.62","62","38","FFEnemyShipNocolors1","FFEnemyShipNocolors3","0","1656","2024-04-30 13:58:54"
"5d350282cec7150015d16494","FullPilot","2","68","0","1","50","67","1","1","16","50","1","0","55","28","0.88","0.73","62","38","FFEnemyShipNocolors1","FFEnemyShipNocolors3","1","1706","2024-04-30 13:58:56"
"5d350282cec7150015d16494","FullPilot","2","69","0","2","85","34","1","0","16","183","1","0","7","10","0.12","0.27","62","38","FFEnemyShipNocolors1","FFEnemyShipNocolors3","0","1706","2024-04-30 13:58:59"
"5d350282cec7150015d16494","FullPilot","2","70","0","1","77","27","1","1","33","1600","2","0","24","19","0.38","0.5","62","38","FFEnemyShipNocolors1","FFEnemyShipNocolors3","0","1706","2024-04-30 13:59:02"
"5d350282cec7150015d16494","FullPilot","2","71","1","1","57","26","1","1","33","0","1","0","59","14","0.82","0.5","72","28","FFEnemyShipNocolors8","FFEnemyShipNoColors12","1","1763","2024-04-30 13:59:05"
"5d350282cec7150015d16494","FullPilot","2","72","0","1","53","4","1","1","16","266","2","0","11","28","0.18","0.73","62","38","FFEnemyShipNocolors1","FFEnemyShipNocolors3","0","1763","2024-04-30 13:59:07"
"5d350282cec7150015d16494","FullPilot","2","73","1","2","98","19","1","0","33","133","1","0","45","25","0.62","0.88","72","28","FFEnemyShipNocolors8","FFEnemyShipNoColors12","1","1782","2024-04-30 13:59:09"
"5d350282cec7150015d16494","FullPilot","2","74","1","1","64","68","1","1","16","133","1","0","59","3","0.82","0.12","72","28","FFEnemyShipNocolors8","FFEnemyShipNoColors12","0","1782","2024-04-30 13:59:12"
"5d350282cec7150015d16494","FullPilot","2","75","1","1","58","23","1","1","99","283","2","0","53","17","0.73","0.62","72","28","FFEnemyShipNocolors8","FFEnemyShipNoColors12","1","1840","2024-04-30 13:59:14"
"5d350282cec7150015d16494","FullPilot","2","76","0","1","51","4","1","1","33","183","1","0","7","14","0.12","0.38","62","38","FFEnemyShipNocolors1","FFEnemyShipNocolors3","0","1840","2024-04-30 13:59:16"
"5d350282cec7150015d16494","FullPilot","2","77","0","1","66","2","1","1","33","283","2","0","38","14","0.62","0.38","62","38","FFEnemyShipNocolors1","FFEnemyShipNocolors3","1","1906","2024-04-30 13:59:19"
"5d350282cec7150015d16494","FullPilot","2","78","1","1","57","14","1","1","216","266","2","0","36","11","0.5","0.38","72","28","FFEnemyShipNocolors8","FFEnemyShipNoColors12","0","1906","2024-04-30 13:59:22"
"5d350282cec7150015d16494","FullPilot","2","79","0","1","77","28","1","1","16","200","1","0","51","5","0.82","0.12","62","38","FFEnemyShipNocolors1","FFEnemyShipNocolors3","1","1983","2024-04-30 13:59:24"
"5d350282cec7150015d16494","FullPilot","2","80","0","1","59","57","1","1","16","316","2","0","51","10","0.82","0.27","62","38","FFEnemyShipNocolors1","FFEnemyShipNocolors3","0","1983","2024-04-30 13:59:26"
"5d350282cec7150015d16494","FullPilot","2","81","1","2","96","0","1","0","149","183","2","0","63","14","0.88","0.5","72","28","FFEnemyShipNocolors8","FFEnemyShipNoColors12","1","1983","2024-04-30 13:59:28"
"5d350282cec7150015d16494","FullPilot","2","82","1","1","85","13","1","1","149","233","2","0","36","20","0.5","0.73","72","28","FFEnemyShipNocolors8","FFEnemyShipNoColors12","1","2068","2024-04-30 13:59:31"
"5d350282cec7150015d16494","FullPilot","2","83","0","2","17","50","1","0","400","950","1","0","17","28","0.27","0.73","62","38","FFEnemyShipNocolors1","FFEnemyShipNocolors3","0","2068","2024-04-30 13:59:35"
"5d350282cec7150015d16494","FullPilot","2","84","1","2","86","4","1","0","149","283","2","0","63","20","0.88","0.73","72","28","FFEnemyShipNocolors8","FFEnemyShipNoColors12","1","2072","2024-04-30 13:59:37"
"5d350282cec7150015d16494","FullPilot","2","85","0","2","72","62","1","0","16","50","1","0","7","14","0.12","0.38","62","38","FFEnemyShipNocolors1","FFEnemyShipNocolors3","0","2072","2024-04-30 13:59:40"
"5d350282cec7150015d16494","FullPilot","2","86","0","2","49","40","1","0","33","283","2","0","45","10","0.73","0.27","62","38","FFEnemyShipNocolors1","FFEnemyShipNocolors3","1","2112","2024-04-30 13:59:42"
"5d350282cec7150015d16494","FullPilot","2","87","0","1","70","22","1","1","16","366","2","0","51","24","0.82","0.62","62","38","FFEnemyShipNocolors1","FFEnemyShipNocolors3","1","2182","2024-04-30 13:59:45"
"5d350282cec7150015d16494","FullPilot","2","88","1","1","63","20","1","1","16","50","1","0","13","11","0.18","0.38","72","28","FFEnemyShipNocolors8","FFEnemyShipNoColors12","0","2182","2024-04-30 13:59:47"
"5d350282cec7150015d16494","FullPilot","2","89","0","2","36","57","1","0","16","116","1","0","11","33","0.18","0.88","62","38","FFEnemyShipNocolors1","FFEnemyShipNocolors3","1","2239","2024-04-30 13:59:50"
"5d350282cec7150015d16494","FullPilot","2","90","0","1","44","40","1","1","16","50","1","0","31","10","0.5","0.27","62","38","FFEnemyShipNocolors1","FFEnemyShipNocolors3","0","2239","2024-04-30 13:59:52"
"5d350282cec7150015d16494","FullPilot","2","91","0","2","46","9","1","0","16","50","1","0","51","7","0.82","0.18","62","38","FFEnemyShipNocolors1","FFEnemyShipNocolors3","1","2248","2024-04-30 13:59:54"
"5d350282cec7150015d16494","FullPilot","2","92","1","1","49","26","1","1","166","200","2","0","27","3","0.38","0.12","72","28","FFEnemyShipNocolors8","FFEnemyShipNoColors12","0","2248","2024-04-30 13:59:57"
"5d350282cec7150015d16494","FullPilot","2","93","0","2","33","51","1","0","49","116","1","0","7","24","0.12","0.62","62","38","FFEnemyShipNocolors1","FFEnemyShipNocolors3","0","2248","2024-04-30 14:00:01"
"5d350282cec7150015d16494","FullPilot","2","94","0","2","76","20","1","0","33","66","1","0","7","31","0.12","0.82","62","38","FFEnemyShipNocolors1","FFEnemyShipNocolors3","1","2268","2024-04-30 14:00:03"
"5d350282cec7150015d16494","FullPilot","2","95","1","2","87","13","1","0","649","833","1","0","45","8","0.62","0.27","72","28","FFEnemyShipNocolors8","FFEnemyShipNoColors12","0","2268","2024-04-30 14:00:06"
"5d350282cec7150015d16494","FullPilot","2","96","1","1","65","17","1","1","49","299","2","0","27","8","0.38","0.27","72","28","FFEnemyShipNocolors8","FFEnemyShipNoColors12","1","2333","2024-04-30 14:00:08"
"5d350282cec7150015d16494","FullPilot","2","97","1","1","46","32","1","1","149","250","2","0","45","5","0.62","0.18","72","28","FFEnemyShipNocolors8","FFEnemyShipNoColors12","1","2379","2024-04-30 14:00:12"
"5d350282cec7150015d16494","FullPilot","2","98","0","1","47","22","1","1","16","216","1","0","45","5","0.73","0.12","62","38","FFEnemyShipNocolors1","FFEnemyShipNocolors3","0","2379","2024-04-30 14:00:14"
"5d350282cec7150015d16494","FullPilot","2","99","0","1","93","42","1","1","33","66","1","0","24","24","0.38","0.62","62","38","FFEnemyShipNocolors1","FFEnemyShipNocolors3","1","2472","2024-04-30 14:00:16"
"5d350282cec7150015d16494","FullPilot","2","100","0","1","47","18","1","1","16","250","2","0","38","19","0.62","0.5","62","38","FFEnemyShipNocolors1","FFEnemyShipNocolors3","1","2519","2024-04-30 14:00:18"
"5d350282cec7150015d16494","FullPilot","2","101","0","1","82","14","1","1","33","383","2","0","31","33","0.5","0.88","62","38","FFEnemyShipNocolors1","FFEnemyShipNocolors3","1","2601","2024-04-30 14:00:21"
"5d350282cec7150015d16494","FullPilot","2","102","0","1","56","79","1","1","33","133","1","0","55","14","0.88","0.38","62","38","FFEnemyShipNocolors1","FFEnemyShipNocolors3","1","2657","2024-04-30 14:00:23"
"5d350282cec7150015d16494","FullPilot","2","103","1","2","86","17","1","0","233","266","2","0","45","23","0.62","0.82","72","28","FFEnemyShipNocolors8","FFEnemyShipNoColors12","1","2674","2024-04-30 14:00:26"
"5d350282cec7150015d16494","FullPilot","2","104","0","2","67","67","1","0","32","266","2","0","51","28","0.82","0.73","62","38","FFEnemyShipNocolors1","FFEnemyShipNocolors3","1","2741","2024-04-30 14:00:28"
"5d350282cec7150015d16494","FullPilot","2","105","0","2","30","46","1","0","16","133","1","0","11","10","0.18","0.27","62","38","FFEnemyShipNocolors1","FFEnemyShipNocolors3","0","2741","2024-04-30 14:00:31"
"5d350282cec7150015d16494","FullPilot","2","106","1","1","93","16","1","1","149","333","2","0","19","14","0.27","0.5","72","28","FFEnemyShipNocolors8","FFEnemyShipNoColors12","0","2741","2024-04-30 14:00:33"
"5d350282cec7150015d16494","FullPilot","2","107","0","1","73","9","1","1","33","216","1","0","24","7","0.38","0.18","62","38","FFEnemyShipNocolors1","FFEnemyShipNocolors3","0","2741","2024-04-30 14:00:36"
"5d350282cec7150015d16494","FullPilot","2","108","1","1","77","38","1","1","66","316","2","0","53","11","0.73","0.38","72","28","FFEnemyShipNocolors8","FFEnemyShipNoColors12","0","2741","2024-04-30 14:00:39"
"5d350282cec7150015d16494","FullPilot","2","109","1","2","71","48","1","0","149","350","2","0","27","25","0.38","0.88","72","28","FFEnemyShipNocolors8","FFEnemyShipNoColors12","1","2789","2024-04-30 14:00:41"
"5d350282cec7150015d16494","FullPilot","2","110","1","1","71","32","1","1","232","533","2","0","45","11","0.62","0.38","72","28","FFEnemyShipNocolors8","FFEnemyShipNoColors12","1","2860","2024-04-30 14:00:44"
"5d350282cec7150015d16494","FullPilot","2","111","0","1","61","19","1","1","16","266","2","0","45","7","0.73","0.18","62","38","FFEnemyShipNocolors1","FFEnemyShipNocolors3","1","2921","2024-04-30 14:00:46"
"5d350282cec7150015d16494","FullPilot","2","112","1","1","78","21","1","1","16","100","1","0","36","25","0.5","0.88","72","28","FFEnemyShipNocolors8","FFEnemyShipNoColors12","1","2999","2024-04-30 14:00:48"
"5d350282cec7150015d16494","FullPilot","2","113","0","1","83","38","1","1","16","316","2","0","31","7","0.5","0.18","62","38","FFEnemyShipNocolors1","FFEnemyShipNocolors3","0","2999","2024-04-30 14:00:51"
"5d350282cec7150015d16494","FullPilot","2","114","0","1","42","33","1","1","16","266","2","0","24","24","0.38","0.62","62","38","FFEnemyShipNocolors1","FFEnemyShipNocolors3","0","2999","2024-04-30 14:00:53"
"5d350282cec7150015d16494","FullPilot","2","115","1","2","53","45","1","0","33","83","1","0","36","17","0.5","0.62","72","28","FFEnemyShipNocolors8","FFEnemyShipNoColors12","0","2999","2024-04-30 14:00:56"
"5d350282cec7150015d16494","FullPilot","2","116","0","2","66","44","1","0","16","133","1","0","17","31","0.27","0.82","62","38","FFEnemyShipNocolors1","FFEnemyShipNocolors3","1","3043","2024-04-30 14:00:58"
"5d350282cec7150015d16494","FullPilot","2","117","1","2","70","50","1","0","149","483","2","0","13","14","0.18","0.5","72","28","FFEnemyShipNocolors8","FFEnemyShipNoColors12","0","3043","2024-04-30 14:01:00"
"5d350282cec7150015d16494","FullPilot","2","118","1","2","30","14","1","0","150","267","2","0","45","14","0.62","0.5","72","28","FFEnemyShipNocolors8","FFEnemyShipNoColors12","1","3057","2024-04-30 14:01:04"
"5d350282cec7150015d16494","FullPilot","2","119","1","1","41","6","1","1","33","0","1","0","9","14","0.12","0.5","72","28","FFEnemyShipNocolors8","FFEnemyShipNoColors12","0","3057","2024-04-30 14:01:06"
"5d350282cec7150015d16494","FullPilot","2","120","1","2","72","29","1","0","149","266","2","0","45","23","0.62","0.82","72","28","FFEnemyShipNocolors8","FFEnemyShipNoColors12","1","3086","2024-04-30 14:01:09"
"5d350282cec7150015d16494","FullPilot","2","121","0","1","63","26","1","1","16","116","1","0","24","5","0.38","0.12","62","38","FFEnemyShipNocolors1","FFEnemyShipNocolors3","0","3086","2024-04-30 14:01:11"
"5d350282cec7150015d16494","FullPilot","2","122","1","2","78","60","1","0","149","183","2","0","13","17","0.18","0.62","72","28","FFEnemyShipNocolors8","FFEnemyShipNoColors12","0","3086","2024-04-30 14:01:13"
"5d350282cec7150015d16494","FullPilot","2","123","0","2","25","32","1","0","116","333","2","0","24","10","0.38","0.27","62","38","FFEnemyShipNocolors1","FFEnemyShipNocolors3","1","3118","2024-04-30 14:01:16"
"5d350282cec7150015d16494","FullPilot","2","124","0","2","36","61","1","0","33","133","1","0","11","33","0.18","0.88","62","38","FFEnemyShipNocolors1","FFEnemyShipNocolors3","0","3118","2024-04-30 14:01:18"
"5d350282cec7150015d16494","FullPilot","2","125","0","1","49","1","1","1","66","283","2","0","55","31","0.88","0.82","62","38","FFEnemyShipNocolors1","FFEnemyShipNocolors3","1","3167","2024-04-30 14:01:21"
"5d350282cec7150015d16494","FullPilot","2","126","0","2","62","37","1","0","266","600","1","0","17","7","0.27","0.18","62","38","FFEnemyShipNocolors1","FFEnemyShipNocolors3","0","3167","2024-04-30 14:01:23"
"5d350282cec7150015d16494","FullPilot","2","127","1","1","98","33","1","1","266","483","2","0","19","17","0.27","0.62","72","28","FFEnemyShipNocolors8","FFEnemyShipNoColors12","0","3167","2024-04-30 14:01:27"
"5d350282cec7150015d16494","FullPilot","2","128","1","2","56","39","1","0","33","83","1","0","53","14","0.73","0.5","72","28","FFEnemyShipNocolors8","FFEnemyShipNoColors12","0","3167","2024-04-30 14:01:30"
"5d350282cec7150015d16494","FullPilot","2","129","0","1","41","45","1","1","16","216","1","0","24","31","0.38","0.82","62","38","FFEnemyShipNocolors1","FFEnemyShipNocolors3","1","3208","2024-04-30 14:01:32"
"5d350282cec7150015d16494","FullPilot","2","130","0","1","47","49","1","1","16","216","1","0","11","31","0.18","0.82","62","38","FFEnemyShipNocolors1","FFEnemyShipNocolors3","0","3208","2024-04-30 14:01:34"
"5d350282cec7150015d16494","FullPilot","2","131","0","1","70","48","1","1","16","333","2","0","55","10","0.88","0.27","62","38","FFEnemyShipNocolors1","FFEnemyShipNocolors3","1","3278","2024-04-30 14:01:37"
"5d350282cec7150015d16494","FullPilot","2","132","1","1","82","15","1","1","16","283","2","0","13","11","0.18","0.38","72","28","FFEnemyShipNocolors8","FFEnemyShipNoColors12","0","3278","2024-04-30 14:01:40"
"5d350282cec7150015d16494","FullPilot","2","133","1","1","60","21","1","1","183","450","2","0","19","17","0.27","0.62","72","28","FFEnemyShipNocolors8","FFEnemyShipNoColors12","0","3278","2024-04-30 14:01:43"
"5d350282cec7150015d16494","FullPilot","2","134","1","2","75","18","1","0","883","1116","1","0","63","3","0.88","0.12","72","28","FFEnemyShipNocolors8","FFEnemyShipNoColors12","0","3278","2024-04-30 14:01:46"
"5d350282cec7150015d16494","FullPilot","2","135","0","1","63","45","1","1","16","133","1","0","55","31","0.88","0.82","62","38","FFEnemyShipNocolors1","FFEnemyShipNocolors3","1","3341","2024-04-30 14:01:48"
"5d350282cec7150015d16494","FullPilot","2","136","0","2","61","50","1","0","33","500","2","0","31","31","0.5","0.82","62","38","FFEnemyShipNocolors1","FFEnemyShipNocolors3","1","3391","2024-04-30 14:01:51"
"5d350282cec7150015d16494","FullPilot","2","137","0","1","55","59","1","1","16","50","1","0","38","28","0.62","0.73","62","38","FFEnemyShipNocolors1","FFEnemyShipNocolors3","0","3391","2024-04-30 14:01:53"
"5d350282cec7150015d16494","FullPilot","2","138","1","2","59","11","1","0","933","1166","1","0","53","25","0.73","0.88","72","28","FFEnemyShipNocolors8","FFEnemyShipNoColors12","1","3402","2024-04-30 14:01:57"
"5d350282cec7150015d16494","FullPilot","2","139","1","1","68","16","1","1","16","33","1","0","53","14","0.73","0.5","72","28","FFEnemyShipNocolors8","FFEnemyShipNoColors12","1","3470","2024-04-30 14:01:59"
"5d350282cec7150015d16494","FullPilot","2","140","0","2","32","3","1","0","16","49","1","0","7","7","0.12","0.18","62","38","FFEnemyShipNocolors1","FFEnemyShipNocolors3","1","3473","2024-04-30 14:02:01"
"5d350282cec7150015d16494","FullPilot","2","141","1","1","68","10","1","1","149","233","2","0","59","11","0.82","0.38","72","28","FFEnemyShipNocolors8","FFEnemyShipNoColors12","1","3541","2024-04-30 14:02:03"
"5d350282cec7150015d16494","FullPilot","2","142","0","2","50","20","1","0","33","116","1","0","7","28","0.12","0.73","62","38","FFEnemyShipNocolors1","FFEnemyShipNocolors3","1","3561","2024-04-30 14:02:05"
"5d350282cec7150015d16494","FullPilot","2","143","1","0","55","36","0","1","0","0","0","0","19","11","0.27","0.38","72","28","FFEnemyShipNocolors8","FFEnemyShipNoColors12","0","3561","2024-04-30 14:02:10"
"5d350282cec7150015d16494","FullPilot","3","0","0","1","45","18","1","1","299","550","1","0","51","33","0.82","0.88","62","38","FFEnemyShipNocolors6","FFEnemyShipNoColors11","1","45","2024-04-30 14:17:56"
"5d350282cec7150015d16494","FullPilot","3","1","1","1","74","14","1","1","299","566","2","0","63","23","0.88","0.82","72","28","FFEnemyShipNoColors9","FFEnemyShipNocolors7","1","119","2024-04-30 14:17:59"
"5d350282cec7150015d16494","FullPilot","3","2","1","1","82","37","1","1","16","183","2","0","27","5","0.38","0.18","72","28","FFEnemyShipNoColors9","FFEnemyShipNocolors7","0","119","2024-04-30 14:18:01"
"5d350282cec7150015d16494","FullPilot","3","3","1","2","44","48","1","0","83","316","2","0","63","17","0.88","0.62","72","28","FFEnemyShipNoColors9","FFEnemyShipNocolors7","1","167","2024-04-30 14:18:03"
"5d350282cec7150015d16494","FullPilot","3","4","1","2","50","53","1","0","16","349","2","0","13","23","0.18","0.82","72","28","FFEnemyShipNoColors9","FFEnemyShipNocolors7","1","220","2024-04-30 14:18:06"
"5d350282cec7150015d16494","FullPilot","3","5","1","1","47","47","1","1","16","183","2","0","36","17","0.5","0.62","72","28","FFEnemyShipNoColors9","FFEnemyShipNocolors7","1","267","2024-04-30 14:18:08"
"5d350282cec7150015d16494","FullPilot","3","6","0","2","46","67","1","0","16","0","2","0","45","33","0.73","0.88","62","38","FFEnemyShipNocolors6","FFEnemyShipNoColors11","1","334","2024-04-30 14:18:11"
"5d350282cec7150015d16494","FullPilot","3","7","0","2","58","19","1","0","16","266","2","0","38","33","0.62","0.88","62","38","FFEnemyShipNocolors6","FFEnemyShipNoColors11","1","353","2024-04-30 14:18:13"
"5d350282cec7150015d16494","FullPilot","3","8","1","2","62","37","1","0","16","200","2","0","59","17","0.82","0.62","72","28","FFEnemyShipNoColors9","FFEnemyShipNocolors7","1","390","2024-04-30 14:18:15"
"5d350282cec7150015d16494","FullPilot","3","9","1","1","62","31","1","1","16","133","2","0","36","5","0.5","0.18","72","28","FFEnemyShipNoColors9","FFEnemyShipNocolors7","0","390","2024-04-30 14:18:18"
"5d350282cec7150015d16494","FullPilot","3","10","1","1","70","60","1","1","16","83","2","0","63","14","0.88","0.5","72","28","FFEnemyShipNoColors9","FFEnemyShipNocolors7","1","460","2024-04-30 14:18:20"
"5d350282cec7150015d16494","FullPilot","3","11","0","2","46","17","1","0","16","150","2","0","51","24","0.82","0.62","62","38","FFEnemyShipNocolors6","FFEnemyShipNoColors11","1","477","2024-04-30 14:18:23"
"5d350282cec7150015d16494","FullPilot","3","12","0","2","96","37","1","0","16","133","1","0","55","5","0.88","0.12","62","38","FFEnemyShipNocolors6","FFEnemyShipNoColors11","0","477","2024-04-30 14:18:25"
"5d350282cec7150015d16494","FullPilot","3","13","1","2","53","18","1","0","499","683","1","0","45","20","0.62","0.73","72","28","FFEnemyShipNoColors9","FFEnemyShipNocolors7","1","495","2024-04-30 14:18:28"
"5d350282cec7150015d16494","FullPilot","3","14","0","1","46","56","1","1","33","183","2","0","24","33","0.38","0.88","62","38","FFEnemyShipNocolors6","FFEnemyShipNoColors11","0","495","2024-04-30 14:18:31"
"5d350282cec7150015d16494","FullPilot","3","15","0","1","68","31","1","1","116","399","2","0","45","14","0.73","0.38","62","38","FFEnemyShipNocolors6","FFEnemyShipNoColors11","1","563","2024-04-30 14:18:33"
"5d350282cec7150015d16494","FullPilot","3","16","0","0","61","53","0","0","0","0","0","0","11","19","0.18","0.5","62","38","FFEnemyShipNocolors6","FFEnemyShipNoColors11","0","563","2024-04-30 14:18:38"
"5d350282cec7150015d16494","FullPilot","3","17","1","2","88","12","1","0","316","483","1","0","45","3","0.62","0.12","72","28","FFEnemyShipNoColors9","FFEnemyShipNocolors7","0","563","2024-04-30 14:18:41"
"5d350282cec7150015d16494","FullPilot","3","18","1","2","55","22","1","0","16","350","2","0","36","5","0.5","0.18","72","28","FFEnemyShipNoColors9","FFEnemyShipNocolors7","0","563","2024-04-30 14:18:43"
"5d350282cec7150015d16494","FullPilot","3","19","1","1","80","47","1","1","16","50","2","0","63","20","0.88","0.73","72","28","FFEnemyShipNoColors9","FFEnemyShipNocolors7","1","643","2024-04-30 14:18:45"
"5d350282cec7150015d16494","FullPilot","3","20","0","2","32","41","1","0","16","283","2","0","51","7","0.82","0.18","62","38","FFEnemyShipNocolors6","FFEnemyShipNoColors11","0","643","2024-04-30 14:18:47"
"5d350282cec7150015d16494","FullPilot","3","21","0","1","36","50","1","1","16","233","2","0","31","24","0.5","0.62","62","38","FFEnemyShipNocolors6","FFEnemyShipNoColors11","1","679","2024-04-30 14:18:50"
"5d350282cec7150015d16494","FullPilot","3","22","1","1","93","4","1","1","16","66","2","0","36","3","0.5","0.12","72","28","FFEnemyShipNoColors9","FFEnemyShipNocolors7","0","679","2024-04-30 14:18:52"
"5d350282cec7150015d16494","FullPilot","3","23","1","2","81","57","1","0","16","133","2","0","36","11","0.5","0.38","72","28","FFEnemyShipNoColors9","FFEnemyShipNocolors7","1","736","2024-04-30 14:18:54"
"5d350282cec7150015d16494","FullPilot","3","24","0","2","45","17","1","0","16","183","2","0","7","7","0.12","0.18","62","38","FFEnemyShipNocolors6","FFEnemyShipNoColors11","1","753","2024-04-30 14:18:56"
"5d350282cec7150015d16494","FullPilot","3","25","1","1","69","19","1","1","16","66","2","0","9","20","0.12","0.73","72","28","FFEnemyShipNoColors9","FFEnemyShipNocolors7","0","753","2024-04-30 14:18:59"
"5d350282cec7150015d16494","FullPilot","3","26","1","1","54","34","1","1","32","150","2","0","45","11","0.62","0.38","72","28","FFEnemyShipNoColors9","FFEnemyShipNocolors7","1","807","2024-04-30 14:19:01"
"5d350282cec7150015d16494","FullPilot","3","27","1","1","59","37","1","1","799","966","1","0","19","11","0.27","0.38","72","28","FFEnemyShipNoColors9","FFEnemyShipNocolors7","0","807","2024-04-30 14:19:05"
"5d350282cec7150015d16494","FullPilot","3","28","0","2","25","22","1","0","16","99","2","0","24","28","0.38","0.73","62","38","FFEnemyShipNocolors6","FFEnemyShipNoColors11","1","829","2024-04-30 14:19:07"
"5d350282cec7150015d16494","FullPilot","3","29","1","1","54","25","1","1","33","133","2","0","63","8","0.88","0.27","72","28","FFEnemyShipNoColors9","FFEnemyShipNocolors7","1","883","2024-04-30 14:19:09"
"5d350282cec7150015d16494","FullPilot","3","30","0","1","49","31","1","1","16","83","2","0","45","31","0.73","0.82","62","38","FFEnemyShipNocolors6","FFEnemyShipNoColors11","0","883","2024-04-30 14:19:11"
"5d350282cec7150015d16494","FullPilot","3","31","1","0","71","49","0","1","0","0","0","0","45","14","0.62","0.5","72","28","FFEnemyShipNoColors9","FFEnemyShipNocolors7","0","883","2024-04-30 14:19:16"
"5d350282cec7150015d16494","FullPilot","3","32","1","0","63","46","0","0","0","0","0","0","19","17","0.27","0.62","72","28","FFEnemyShipNoColors9","FFEnemyShipNocolors7","0","883","2024-04-30 14:19:21"
"5d350282cec7150015d16494","FullPilot","3","33","0","0","63","49","0","0","2966","0","1","0","17","14","0.27","0.38","62","38","FFEnemyShipNocolors6","FFEnemyShipNoColors11","0","883","2024-04-30 14:19:26"
"5d350282cec7150015d16494","FullPilot","3","34","0","2","84","35","1","0","16","150","1","0","51","19","0.82","0.5","62","38","FFEnemyShipNocolors6","FFEnemyShipNoColors11","1","918","2024-04-30 14:19:28"
"5d350282cec7150015d16494","FullPilot","3","35","0","2","46","66","1","0","16","249","2","0","7","24","0.12","0.62","62","38","FFEnemyShipNocolors6","FFEnemyShipNoColors11","1","984","2024-04-30 14:19:30"
"5d350282cec7150015d16494","FullPilot","3","36","0","1","68","19","1","1","183","150","2","0","38","14","0.62","0.38","62","38","FFEnemyShipNocolors6","FFEnemyShipNoColors11","0","984","2024-04-30 14:19:33"
"5d350282cec7150015d16494","FullPilot","3","37","1","1","62","38","1","1","17","135","2","0","19","20","0.27","0.73","72","28","FFEnemyShipNoColors9","FFEnemyShipNocolors7","0","984","2024-04-30 14:19:35"
"5d350282cec7150015d16494","FullPilot","3","38","1","2","66","28","1","0","17","66","2","0","19","5","0.27","0.18","72","28","FFEnemyShipNoColors9","FFEnemyShipNocolors7","0","984","2024-04-30 14:19:38"
"5d350282cec7150015d16494","FullPilot","3","39","1","2","79","42","1","0","16","316","2","0","59","11","0.82","0.38","72","28","FFEnemyShipNoColors9","FFEnemyShipNocolors7","0","984","2024-04-30 14:19:40"
"5d350282cec7150015d16494","FullPilot","3","40","0","1","65","76","1","1","16","16","2","0","55","14","0.88","0.38","62","38","FFEnemyShipNocolors6","FFEnemyShipNoColors11","1","1049","2024-04-30 14:19:43"
"5d350282cec7150015d16494","FullPilot","3","41","0","1","78","57","1","1","18","299","2","0","11","19","0.18","0.5","62","38","FFEnemyShipNocolors6","FFEnemyShipNoColors11","0","1049","2024-04-30 14:19:45"
"5d350282cec7150015d16494","FullPilot","3","42","0","2","75","39","1","0","15","100","2","0","11","33","0.18","0.88","62","38","FFEnemyShipNocolors6","FFEnemyShipNoColors11","1","1088","2024-04-30 14:19:47"
"5d350282cec7150015d16494","FullPilot","3","43","0","2","56","35","1","0","16","116","2","0","51","14","0.82","0.38","62","38","FFEnemyShipNocolors6","FFEnemyShipNoColors11","0","1088","2024-04-30 14:19:50"
"5d350282cec7150015d16494","FullPilot","3","44","1","2","98","49","1","0","66","0","2","0","9","17","0.12","0.62","72","28","FFEnemyShipNoColors9","FFEnemyShipNocolors7","1","1137","2024-04-30 14:19:53"
"5d350282cec7150015d16494","FullPilot","3","45","0","1","36","47","1","1","17","0","2","0","17","19","0.27","0.5","62","38","FFEnemyShipNocolors6","FFEnemyShipNoColors11","0","1137","2024-04-30 14:19:56"
"5d350282cec7150015d16494","FullPilot","3","46","1","1","75","34","1","1","15","66","2","0","59","8","0.82","0.27","72","28","FFEnemyShipNoColors9","FFEnemyShipNocolors7","1","1212","2024-04-30 14:19:58"
"5d350282cec7150015d16494","FullPilot","3","47","1","2","86","9","1","0","16","100","2","0","59","3","0.82","0.12","72","28","FFEnemyShipNoColors9","FFEnemyShipNocolors7","0","1212","2024-04-30 14:20:00"
"5d350282cec7150015d16494","FullPilot","3","48","0","1","64","17","1","1","16","216","2","0","51","5","0.82","0.12","62","38","FFEnemyShipNocolors6","FFEnemyShipNoColors11","1","1276","2024-04-30 14:20:02"
"5d350282cec7150015d16494","FullPilot","3","49","1","2","52","47","1","0","16","52","2","0","63","17","0.88","0.62","72","28","FFEnemyShipNoColors9","FFEnemyShipNocolors7","1","1323","2024-04-30 14:20:05"
"5d350282cec7150015d16494","FullPilot","3","50","1","0","56","13","0","0","0","0","0","0","13","8","0.18","0.27","72","28","FFEnemyShipNoColors9","FFEnemyShipNocolors7","0","1323","2024-04-30 14:20:10"
"5d350282cec7150015d16494","FullPilot","3","51","1","0","77","84","0","1","2933","0","1","0","36","3","0.5","0.12","72","28","FFEnemyShipNoColors9","FFEnemyShipNocolors7","0","1323","2024-04-30 14:20:15"
"5d350282cec7150015d16494","FullPilot","3","52","1","1","63","47","1","1","17","51","1","0","45","8","0.62","0.27","72","28","FFEnemyShipNoColors9","FFEnemyShipNocolors7","1","1386","2024-04-30 14:20:17"
"5d350282cec7150015d16494","FullPilot","3","53","1","1","78","25","1","1","16","214","2","0","13","25","0.18","0.88","72","28","FFEnemyShipNoColors9","FFEnemyShipNocolors7","0","1386","2024-04-30 14:20:19"
"5d350282cec7150015d16494","FullPilot","3","54","1","2","85","38","1","0","33","166","2","0","9","14","0.12","0.5","72","28","FFEnemyShipNoColors9","FFEnemyShipNocolors7","0","1386","2024-04-30 14:20:22"
"5d350282cec7150015d16494","FullPilot","3","55","0","1","30","32","1","1","16","50","2","0","24","31","0.38","0.82","62","38","FFEnemyShipNocolors6","FFEnemyShipNoColors11","0","1386","2024-04-30 14:20:24"
"5d350282cec7150015d16494","FullPilot","3","56","1","2","49","40","1","0","15","99","2","0","13","20","0.18","0.73","72","28","FFEnemyShipNoColors9","FFEnemyShipNocolors7","1","1426","2024-04-30 14:20:27"
"5d350282cec7150015d16494","FullPilot","3","57","1","1","47","14","1","1","17","134","2","0","9","25","0.12","0.88","72","28","FFEnemyShipNoColors9","FFEnemyShipNocolors7","0","1426","2024-04-30 14:20:30"
"5d350282cec7150015d16494","FullPilot","3","58","1","1","63","7","1","1","16","183","2","0","36","20","0.5","0.73","72","28","FFEnemyShipNoColors9","FFEnemyShipNocolors7","0","1426","2024-04-30 14:20:33"
"5d350282cec7150015d16494","FullPilot","3","59","0","1","41","16","1","1","16","283","2","0","17","33","0.27","0.88","62","38","FFEnemyShipNocolors6","FFEnemyShipNoColors11","1","1467","2024-04-30 14:20:35"
"5d350282cec7150015d16494","FullPilot","3","60","1","2","92","4","1","0","34","232","2","0","36","11","0.5","0.38","72","28","FFEnemyShipNoColors9","FFEnemyShipNocolors7","0","1467","2024-04-30 14:20:37"
"5d350282cec7150015d16494","FullPilot","3","61","0","1","71","62","1","1","33","66","2","0","51","7","0.82","0.18","62","38","FFEnemyShipNocolors6","FFEnemyShipNoColors11","1","1538","2024-04-30 14:20:40"
"5d350282cec7150015d16494","FullPilot","3","62","0","1","63","44","1","1","16","83","2","0","38","28","0.62","0.73","62","38","FFEnemyShipNocolors6","FFEnemyShipNoColors11","1","1601","2024-04-30 14:20:42"
"5d350282cec7150015d16494","FullPilot","3","63","1","1","52","31","1","1","16","50","2","0","45","8","0.62","0.27","72","28","FFEnemyShipNoColors9","FFEnemyShipNocolors7","0","1601","2024-04-30 14:20:44"
"5d350282cec7150015d16494","FullPilot","3","64","0","2","86","48","1","0","34","67","2","0","17","31","0.27","0.82","62","38","FFEnemyShipNocolors6","FFEnemyShipNoColors11","1","1649","2024-04-30 14:20:46"
"5d350282cec7150015d16494","FullPilot","3","65","0","1","87","26","1","1","16","99","2","0","45","19","0.73","0.5","62","38","FFEnemyShipNocolors6","FFEnemyShipNoColors11","1","1736","2024-04-30 14:20:49"
"5d350282cec7150015d16494","FullPilot","3","66","1","1","96","58","1","1","16","50","2","0","45","3","0.62","0.12","72","28","FFEnemyShipNoColors9","FFEnemyShipNocolors7","1","1832","2024-04-30 14:20:51"
"5d350282cec7150015d16494","FullPilot","3","67","1","2","45","12","1","0","15","49","2","0","45","14","0.62","0.5","72","28","FFEnemyShipNoColors9","FFEnemyShipNocolors7","0","1832","2024-04-30 14:20:53"
"5d350282cec7150015d16494","FullPilot","3","68","0","1","36","25","1","1","16","49","2","0","55","19","0.88","0.5","62","38","FFEnemyShipNocolors6","FFEnemyShipNoColors11","1","1868","2024-04-30 14:20:56"
"5d350282cec7150015d16494","FullPilot","3","69","0","2","95","53","1","0","16","150","2","0","45","33","0.73","0.88","62","38","FFEnemyShipNocolors6","FFEnemyShipNoColors11","1","1921","2024-04-30 14:20:58"
"5d350282cec7150015d16494","FullPilot","3","70","0","1","31","64","1","1","16","300","2","0","17","5","0.27","0.12","62","38","FFEnemyShipNocolors6","FFEnemyShipNoColors11","1","1952","2024-04-30 14:21:00"
"5d350282cec7150015d16494","FullPilot","3","71","0","1","42","49","1","1","16","49","2","0","17","19","0.27","0.5","62","38","FFEnemyShipNocolors6","FFEnemyShipNoColors11","0","1952","2024-04-30 14:21:03"
"5d350282cec7150015d16494","FullPilot","3","72","1","1","83","22","1","1","16","83","2","0","45","5","0.62","0.18","72","28","FFEnemyShipNoColors9","FFEnemyShipNocolors7","0","1952","2024-04-30 14:21:05"
"5d350282cec7150015d16494","FullPilot","3","73","1","0","57","13","0","0","0","0","0","0","36","20","0.5","0.73","72","28","FFEnemyShipNoColors9","FFEnemyShipNocolors7","0","1952","2024-04-30 14:21:10"
"5d350282cec7150015d16494","FullPilot","3","74","0","1","82","13","1","1","399","566","1","0","55","7","0.88","0.18","62","38","FFEnemyShipNocolors6","FFEnemyShipNoColors11","1","2034","2024-04-30 14:21:13"
"5d350282cec7150015d16494","FullPilot","3","75","1","1","33","3","1","1","33","233","2","0","27","5","0.38","0.18","72","28","FFEnemyShipNoColors9","FFEnemyShipNocolors7","0","2034","2024-04-30 14:21:16"
"5d350282cec7150015d16494","FullPilot","3","76","0","2","93","76","1","0","16","100","2","0","17","28","0.27","0.73","62","38","FFEnemyShipNocolors6","FFEnemyShipNoColors11","1","2110","2024-04-30 14:21:18"
"5d350282cec7150015d16494","FullPilot","3","77","0","1","41","60","1","1","16","49","2","0","11","10","0.18","0.27","62","38","FFEnemyShipNocolors6","FFEnemyShipNoColors11","0","2110","2024-04-30 14:21:21"
"5d350282cec7150015d16494","FullPilot","3","78","0","2","98","38","1","0","16","100","2","0","51","28","0.82","0.73","62","38","FFEnemyShipNocolors6","FFEnemyShipNoColors11","1","2148","2024-04-30 14:21:23"
"5d350282cec7150015d16494","FullPilot","3","79","1","1","11","29","1","1","16","299","2","0","19","25","0.27","0.88","72","28","FFEnemyShipNoColors9","FFEnemyShipNocolors7","0","2148","2024-04-30 14:21:26"
"5d350282cec7150015d16494","FullPilot","3","80","0","1","89","14","1","1","16","166","2","0","51","10","0.82","0.27","62","38","FFEnemyShipNocolors6","FFEnemyShipNoColors11","0","2148","2024-04-30 14:21:28"
"5d350282cec7150015d16494","FullPilot","3","81","1","2","52","49","1","0","16","200","2","0","59","14","0.82","0.5","72","28","FFEnemyShipNoColors9","FFEnemyShipNocolors7","1","2197","2024-04-30 14:21:31"
"5d350282cec7150015d16494","FullPilot","3","82","1","2","78","26","1","0","16","66","2","0","27","17","0.38","0.62","72","28","FFEnemyShipNoColors9","FFEnemyShipNocolors7","0","2197","2024-04-30 14:21:34"
"5d350282cec7150015d16494","FullPilot","3","83","1","2","77","9","1","0","149","99","2","0","59","25","0.82","0.88","72","28","FFEnemyShipNoColors9","FFEnemyShipNocolors7","1","2206","2024-04-30 14:21:37"
"5d350282cec7150015d16494","FullPilot","3","84","0","1","44","96","1","1","16","233","2","0","24","33","0.38","0.88","62","38","FFEnemyShipNocolors6","FFEnemyShipNoColors11","0","2206","2024-04-30 14:21:39"
"5d350282cec7150015d16494","FullPilot","3","85","0","2","82","29","1","0","16","49","2","0","17","24","0.27","0.62","62","38","FFEnemyShipNocolors6","FFEnemyShipNoColors11","1","2235","2024-04-30 14:21:41"
"5d350282cec7150015d16494","FullPilot","3","86","0","2","65","19","1","0","16","133","2","0","11","24","0.18","0.62","62","38","FFEnemyShipNocolors6","FFEnemyShipNoColors11","1","2254","2024-04-30 14:21:43"
"5d350282cec7150015d16494","FullPilot","3","87","1","2","64","50","1","0","16","50","2","0","53","3","0.73","0.12","72","28","FFEnemyShipNoColors9","FFEnemyShipNocolors7","0","2254","2024-04-30 14:21:46"
"5d350282cec7150015d16494","FullPilot","3","88","1","1","97","6","1","1","16","233","2","0","9","11","0.12","0.38","72","28","FFEnemyShipNoColors9","FFEnemyShipNocolors7","0","2254","2024-04-30 14:21:48"
"5d350282cec7150015d16494","FullPilot","3","89","0","1","72","23","1","1","16","100","2","0","45","14","0.73","0.38","62","38","FFEnemyShipNocolors6","FFEnemyShipNoColors11","0","2254","2024-04-30 14:21:51"
"5d350282cec7150015d16494","FullPilot","3","90","1","2","78","57","1","0","32","133","2","0","53","14","0.73","0.5","72","28","FFEnemyShipNoColors9","FFEnemyShipNocolors7","0","2254","2024-04-30 14:21:53"
"5d350282cec7150015d16494","FullPilot","3","91","0","2","46","27","1","0","16","266","2","0","24","10","0.38","0.27","62","38","FFEnemyShipNocolors6","FFEnemyShipNoColors11","0","2254","2024-04-30 14:21:55"
"5d350282cec7150015d16494","FullPilot","3","92","1","2","90","34","1","0","16","366","2","0","45","5","0.62","0.18","72","28","FFEnemyShipNoColors9","FFEnemyShipNocolors7","1","2288","2024-04-30 14:21:57"
"5d350282cec7150015d16494","FullPilot","3","93","1","2","54","9","1","0","16","133","2","0","27","3","0.38","0.12","72","28","FFEnemyShipNoColors9","FFEnemyShipNocolors7","0","2288","2024-04-30 14:22:00"
"5d350282cec7150015d16494","FullPilot","3","94","0","1","67","58","1","1","16","49","2","0","55","31","0.88","0.82","62","38","FFEnemyShipNocolors6","FFEnemyShipNoColors11","1","2355","2024-04-30 14:22:02"
"5d350282cec7150015d16494","FullPilot","3","95","0","2","55","56","1","0","33","49","2","0","31","33","0.5","0.88","62","38","FFEnemyShipNocolors6","FFEnemyShipNoColors11","1","2411","2024-04-30 14:22:05"
"5d350282cec7150015d16494","FullPilot","3","96","0","1","40","17","1","1","16","133","2","0","45","24","0.73","0.62","62","38","FFEnemyShipNocolors6","FFEnemyShipNoColors11","1","2451","2024-04-30 14:22:07"
"5d350282cec7150015d16494","FullPilot","3","97","0","0","50","22","0","0","2932","0","1","0","45","24","0.73","0.62","62","38","FFEnemyShipNocolors6","FFEnemyShipNoColors11","0","2451","2024-04-30 14:22:12"
"5d350282cec7150015d16494","FullPilot","3","98","0","1","41","40","1","1","32","166","1","0","7","14","0.12","0.38","62","38","FFEnemyShipNocolors6","FFEnemyShipNoColors11","0","2451","2024-04-30 14:22:14"
"5d350282cec7150015d16494","FullPilot","3","99","0","2","62","18","1","0","49","266","2","0","24","5","0.38","0.12","62","38","FFEnemyShipNocolors6","FFEnemyShipNoColors11","0","2451","2024-04-30 14:22:17"
"5d350282cec7150015d16494","FullPilot","3","100","0","1","86","51","1","1","16","50","2","0","55","7","0.88","0.18","62","38","FFEnemyShipNocolors6","FFEnemyShipNoColors11","1","2537","2024-04-30 14:22:19"
"5d350282cec7150015d16494","FullPilot","3","101","0","1","31","49","1","1","16","83","2","0","24","28","0.38","0.73","62","38","FFEnemyShipNocolors6","FFEnemyShipNoColors11","0","2537","2024-04-30 14:22:22"
"5d350282cec7150015d16494","FullPilot","3","102","0","1","24","80","1","1","16","250","2","0","31","33","0.5","0.88","62","38","FFEnemyShipNocolors6","FFEnemyShipNoColors11","0","2537","2024-04-30 14:22:24"
"5d350282cec7150015d16494","FullPilot","3","103","0","1","53","38","1","1","16","83","2","0","7","7","0.12","0.18","62","38","FFEnemyShipNocolors6","FFEnemyShipNoColors11","0","2537","2024-04-30 14:22:27"
"5d350282cec7150015d16494","FullPilot","3","104","0","2","77","18","1","0","33","66","2","0","7","10","0.12","0.27","62","38","FFEnemyShipNocolors6","FFEnemyShipNoColors11","0","2537","2024-04-30 14:22:29"
"5d350282cec7150015d16494","FullPilot","3","105","1","2","73","12","1","0","16","250","2","0","9","8","0.12","0.27","72","28","FFEnemyShipNoColors9","FFEnemyShipNocolors7","0","2537","2024-04-30 14:22:32"
"5d350282cec7150015d16494","FullPilot","3","106","0","2","63","80","1","0","16","183","2","0","24","31","0.38","0.82","62","38","FFEnemyShipNocolors6","FFEnemyShipNoColors11","1","2617","2024-04-30 14:22:34"
"5d350282cec7150015d16494","FullPilot","3","107","0","2","73","35","1","0","33","116","2","0","31","31","0.5","0.82","62","38","FFEnemyShipNocolors6","FFEnemyShipNoColors11","1","2652","2024-04-30 14:22:37"
"5d350282cec7150015d16494","FullPilot","3","108","1","1","93","19","1","1","16","50","2","0","45","23","0.62","0.82","72","28","FFEnemyShipNoColors9","FFEnemyShipNocolors7","0","2652","2024-04-30 14:22:40"
"5d350282cec7150015d16494","FullPilot","3","109","1","1","46","54","1","1","16","83","2","0","59","20","0.82","0.73","72","28","FFEnemyShipNoColors9","FFEnemyShipNocolors7","1","2698","2024-04-30 14:22:42"
"5d350282cec7150015d16494","FullPilot","3","110","0","2","68","18","1","0","16","183","2","0","55","5","0.88","0.12","62","38","FFEnemyShipNocolors6","FFEnemyShipNoColors11","0","2698","2024-04-30 14:22:45"
"5d350282cec7150015d16494","FullPilot","3","111","1","1","93","50","1","1","16","99","2","0","19","5","0.27","0.18","72","28","FFEnemyShipNoColors9","FFEnemyShipNocolors7","0","2698","2024-04-30 14:22:47"
"5d350282cec7150015d16494","FullPilot","3","112","1","1","84","17","1","1","16","49","2","0","53","5","0.73","0.18","72","28","FFEnemyShipNoColors9","FFEnemyShipNocolors7","1","2782","2024-04-30 14:22:49"
"5d350282cec7150015d16494","FullPilot","3","113","0","2","42","18","1","0","32","66","2","0","45","31","0.73","0.82","62","38","FFEnemyShipNocolors6","FFEnemyShipNoColors11","1","2800","2024-04-30 14:22:52"
"5d350282cec7150015d16494","FullPilot","3","114","0","1","79","33","1","1","16","516","2","0","45","7","0.73","0.18","62","38","FFEnemyShipNocolors6","FFEnemyShipNoColors11","1","2879","2024-04-30 14:22:55"
"5d350282cec7150015d16494","FullPilot","3","115","1","1","76","36","1","1","16","183","2","0","63","8","0.88","0.27","72","28","FFEnemyShipNoColors9","FFEnemyShipNocolors7","1","2955","2024-04-30 14:22:57"
"5d350282cec7150015d16494","FullPilot","3","116","0","1","85","43","1","1","16","117","1","0","45","10","0.73","0.27","62","38","FFEnemyShipNocolors6","FFEnemyShipNoColors11","1","3040","2024-04-30 14:22:59"
"5d350282cec7150015d16494","FullPilot","3","117","0","2","37","4","1","0","782","1133","1","0","24","10","0.38","0.27","62","38","FFEnemyShipNocolors6","FFEnemyShipNoColors11","0","3040","2024-04-30 14:23:03"
"5d350282cec7150015d16494","FullPilot","3","118","0","2","86","35","1","0","199","350","1","0","45","5","0.73","0.12","62","38","FFEnemyShipNocolors6","FFEnemyShipNoColors11","0","3040","2024-04-30 14:23:06"
"5d350282cec7150015d16494","FullPilot","3","119","1","2","66","44","1","0","32","100","2","0","9","14","0.12","0.5","72","28","FFEnemyShipNoColors9","FFEnemyShipNocolors7","1","3084","2024-04-30 14:23:08"
"5d350282cec7150015d16494","FullPilot","3","120","0","2","81","65","1","0","32","66","2","0","31","10","0.5","0.27","62","38","FFEnemyShipNocolors6","FFEnemyShipNoColors11","0","3084","2024-04-30 14:23:11"
"5d350282cec7150015d16494","FullPilot","3","121","1","2","65","9","1","0","16","233","2","0","45","25","0.62","0.88","72","28","FFEnemyShipNoColors9","FFEnemyShipNocolors7","1","3093","2024-04-30 14:23:13"
"5d350282cec7150015d16494","FullPilot","3","122","0","2","44","61","1","0","17","233","2","0","11","5","0.18","0.12","62","38","FFEnemyShipNocolors6","FFEnemyShipNoColors11","0","3093","2024-04-30 14:23:16"
"5d350282cec7150015d16494","FullPilot","3","123","0","1","55","48","1","1","82","283","2","0","17","31","0.27","0.82","62","38","FFEnemyShipNocolors6","FFEnemyShipNoColors11","0","3093","2024-04-30 14:23:18"
"5d350282cec7150015d16494","FullPilot","3","124","1","2","88","54","1","0","16","50","2","0","13","11","0.18","0.38","72","28","FFEnemyShipNoColors9","FFEnemyShipNocolors7","1","3147","2024-04-30 14:23:20"
"5d350282cec7150015d16494","FullPilot","3","125","0","2","86","62","1","0","16","349","2","0","11","24","0.18","0.62","62","38","FFEnemyShipNocolors6","FFEnemyShipNoColors11","0","3147","2024-04-30 14:23:23"
"5d350282cec7150015d16494","FullPilot","3","126","1","2","83","22","1","0","16","216","2","0","36","8","0.5","0.27","72","28","FFEnemyShipNoColors9","FFEnemyShipNocolors7","0","3147","2024-04-30 14:23:26"
"5d350282cec7150015d16494","FullPilot","3","127","0","1","60","15","1","1","33","249","2","0","7","28","0.12","0.73","62","38","FFEnemyShipNocolors6","FFEnemyShipNoColors11","0","3147","2024-04-30 14:23:28"
"5d350282cec7150015d16494","FullPilot","3","128","1","2","61","32","1","0","32","150","2","0","53","8","0.73","0.27","72","28","FFEnemyShipNoColors9","FFEnemyShipNocolors7","0","3147","2024-04-30 14:23:30"
"5d350282cec7150015d16494","FullPilot","3","129","1","2","59","50","1","0","16","200","2","0","13","3","0.18","0.12","72","28","FFEnemyShipNoColors9","FFEnemyShipNocolors7","0","3147","2024-04-30 14:23:32"
"5d350282cec7150015d16494","FullPilot","3","130","1","1","63","21","0","0","266","516","0","1","27","17","0.38","0.62","72","28","FFEnemyShipNoColors9","FFEnemyShipNocolors7","0","3147","2024-04-30 14:23:36"
"5d350282cec7150015d16494","FullPilot","3","131","0","2","48","31","0","1","32","233","0","2","24","19","0.38","0.5","62","38","FFEnemyShipNocolors6","FFEnemyShipNoColors11","0","3147","2024-04-30 14:23:41"
"5d350282cec7150015d16494","FullPilot","3","132","1","1","75","51","0","0","16","200","0","2","63","20","0.88","0.73","72","28","FFEnemyShipNoColors9","FFEnemyShipNocolors7","1","3222","2024-04-30 14:23:43"
"5d350282cec7150015d16494","FullPilot","3","133","1","1","56","7","0","0","16","50","0","2","63","11","0.88","0.38","72","28","FFEnemyShipNoColors9","FFEnemyShipNocolors7","1","3278","2024-04-30 14:23:45"
"5d350282cec7150015d16494","FullPilot","3","134","0","2","70","53","0","1","16","83","0","2","24","19","0.38","0.5","62","38","FFEnemyShipNocolors6","FFEnemyShipNoColors11","0","3278","2024-04-30 14:23:48"
"5d350282cec7150015d16494","FullPilot","3","135","0","2","60","26","0","1","33","133","0","2","11","31","0.18","0.82","62","38","FFEnemyShipNocolors6","FFEnemyShipNoColors11","1","3304","2024-04-30 14:23:50"
"5d350282cec7150015d16494","FullPilot","3","136","1","1","54","8","0","0","32","133","0","2","9","23","0.12","0.82","72","28","FFEnemyShipNoColors9","FFEnemyShipNocolors7","0","3304","2024-04-30 14:23:52"
"5d350282cec7150015d16494","FullPilot","3","137","0","2","62","40","0","1","16","116","0","2","11","14","0.18","0.38","62","38","FFEnemyShipNocolors6","FFEnemyShipNoColors11","1","3344","2024-04-30 14:23:54"
"5d350282cec7150015d16494","FullPilot","3","138","1","2","84","25","0","1","16","283","0","2","9","23","0.12","0.82","72","28","FFEnemyShipNoColors9","FFEnemyShipNocolors7","0","3344","2024-04-30 14:23:57"
"5d350282cec7150015d16494","FullPilot","3","139","1","2","61","30","0","1","82","0","0","2","45","23","0.62","0.82","72","28","FFEnemyShipNoColors9","FFEnemyShipNocolors7","1","3374","2024-04-30 14:24:00"
"5d350282cec7150015d16494","FullPilot","3","140","1","1","36","43","0","0","16","183","0","2","9","25","0.12","0.88","72","28","FFEnemyShipNoColors9","FFEnemyShipNocolors7","1","3410","2024-04-30 14:24:02"
"5d350282cec7150015d16494","FullPilot","3","141","0","1","95","50","0","0","16","50","0","2","31","31","0.5","0.82","62","38","FFEnemyShipNocolors6","FFEnemyShipNoColors11","1","3505","2024-04-30 14:24:04"
"5d350282cec7150015d16494","FullPilot","3","142","1","1","76","45","0","0","16","100","0","2","13","20","0.18","0.73","72","28","FFEnemyShipNoColors9","FFEnemyShipNocolors7","1","3581","2024-04-30 14:24:06"
"5d350282cec7150015d16494","FullPilot","3","143","1","1","68","18","0","0","16","50","0","2","19","3","0.27","0.12","72","28","FFEnemyShipNoColors9","FFEnemyShipNocolors7","0","3581","2024-04-30 14:24:09"
